0.07 0.21155 0.211963 7.5E+8
0.08 0.206015 0.210413 7.5E+8
0.09 0.200803 0.208711 7.5E+8
0.1 0.195892 0.206861 7.5E+8
0.01 0.273796 0.238321 8.0E+8
0.02 0.265654 0.237776 8.0E+8
0.03 0.257989 0.237069 8.0E+8
0.04 0.250766 0.236201 8.0E+8
0.05 0.243955 0.235176 8.0E+8
0.06 0.237527 0.233995 8.0E+8
0.07 0.231457 0.232661 8.0E+8
0.08 0.225723 0.231178 8.0E+8
0.09 0.220303 0.229547 8.0E+8
0.1 0.215179 0.227774 8.0E+8
0.01 0.294649 0.258768 8.5E+8
0.02 0.28641 0.258247 8.5E+8
0.03 0.278627 0.257572 8.5E+8
0.04 0.271269 0.256743 8.5E+8
0.05 0.264307 0.255762 8.5E+8
0.06 0.257716 0.254632 8.5E+8
0.07 0.251473 0.253355 8.5E+8
0.08 0.245556 0.251933 8.5E+8
0.09 0.239947 0.250369 8.5E+8
0.1 0.234626 0.248667 8.5E+8
0.01 0.31552 0.279229 9.0E+8
0.02 0.307193 0.278731 9.0E+8
0.03 0.299304 0.278084 9.0E+8
0.04 0.291823 0.27729 9.0E+8
0.05 0.284724 0.276351 9.0E+8
0.06 0.277985 0.275268 9.0E+8
0.07 0.271582 0.274043 9.0E+8
0.08 0.265498 0.272679 9.0E+8
0.09 0.259713 0.271178 9.0E+8
0.1 0.254212 0.269542 9.0E+8
0.01 0.336406 0.299701 9.5E+8
0.02 0.328001 0.299224 9.5E+8
0.03 0.320014 0.298605 9.5E+8
0.04 0.312421 0.297843 9.5E+8
0.05 0.305197 0.296942 9.5E+8
0.06 0.298321 0.295902 9.5E+8
0.07 0.291773 0.294726 9.5E+8
0.08 0.285534 0.293415 9.5E+8
0.09 0.279588 0.291972 9.5E+8
0.1 0.273918 0.290399 9.5E+8
0.01 0.357306 0.320184 1.0E+9
0.02 0.348828 0.319726 1.0E+9
0.03 0.340753 0.319131 1.0E+9
0.04 0.333058 0.3184 1.0E+9
0.05 0.325719 0.317534 1.0E+9
0.06 0.318718 0.316535 1.0E+9
0.07 0.312035 0.315404 1.0E+9
0.08 0.305653 0.314143 1.0E+9
0.09 0.299557 0.312754 1.0E+9
