  0.0000E+00  0.0000E+00  2.0000E+00  0.0000E+00  0.0000E+00  5.0000E+14  6.6713E+00 -2.0000E-03   1   5
 -9.2419E-05 -1.0810E-03  3.0518E-04  6.8311E+04 -7.8203E+05  1.8037E+03  0.0000E+00 -2.0000E-03   1   5
 -7.6601E-04  1.0006E-03 -2.8207E-04  5.5316E+05  7.2430E+05  1.9796E+03  0.0000E+00 -2.0000E-03   1   5
 -8.4029E-04 -1.1035E-03 -1.6199E-03  6.0654E+05 -7.9794E+05 -7.1562E+02  0.0000E+00 -2.0000E-03   1   5
 -3.7469E-04  4.6013E-04 -1.5509E-04  2.7041E+05  3.3245E+05 -1.3924E+03  0.0000E+00 -2.0000E-03   1   5
  3.7078E-04 -1.0253E-03 -2.4318E-04 -2.6764E+05 -7.4171E+05  1.6375E+02  0.0000E+00 -2.0000E-03   1   5
 -5.6374E-04 -8.6789E-04 -6.0086E-04  4.0745E+05 -6.2716E+05  4.6775E+02  0.0000E+00 -2.0000E-03   1   5
  5.5811E-04 -1.1971E-04  7.3735E-04 -4.0520E+05 -8.7195E+04 -3.0169E+02  0.0000E+00 -2.0000E-03   1   5
  3.5476E-04 -3.2895E-04 -1.7850E-04 -2.5547E+05 -2.3833E+05 -7.0025E+02  0.0000E+00 -2.0000E-03   1   5
 -4.9001E-04  2.7308E-04 -2.1021E-04  3.5406E+05  1.9695E+05  2.1644E+03  0.0000E+00 -2.0000E-03   1   5
  1.9135E-05  4.4377E-04 -5.0478E-04 -1.4003E+04  3.1966E+05 -2.4201E+03  0.0000E+00 -2.0000E-03   1   5
  1.8555E-04  1.3159E-03 -3.9981E-04 -1.3378E+05  9.5149E+05 -2.3288E+03  0.0000E+00 -2.0000E-03   1   5
 -1.2048E-03 -3.4500E-04  8.9993E-04  8.7050E+05 -2.4940E+05  7.8106E+02  0.0000E+00 -2.0000E-03   1   5
 -8.4000E-04 -2.1385E-04  4.2019E-04  6.0734E+05 -1.5408E+05  5.0800E+02  0.0000E+00 -2.0000E-03   1   5
 -7.1573E-04  1.0444E-03  1.3329E-03  5.1653E+05  7.5641E+05  2.5394E+03  0.0000E+00 -2.0000E-03   1   5
  5.9632E-04  1.1645E-04 -2.3382E-04 -4.3117E+05  8.3035E+04 -3.4146E+03  0.0000E+00 -2.0000E-03   1   5
  8.1703E-04  2.0065E-04  7.7205E-04 -5.9136E+05  1.4427E+05  1.2866E+03  0.0000E+00 -2.0000E-03   1   5
 -8.0693E-04  9.7879E-04 -5.3570E-04  5.8466E+05  7.0830E+05 -4.9425E+02  0.0000E+00 -2.0000E-03   1   5
  2.2041E-04 -5.7476E-04  4.9312E-04 -1.5892E+05 -4.1522E+05 -1.1488E+02  0.0000E+00 -2.0000E-03   1   5
  5.7837E-04  5.7025E-05  1.1700E-03 -4.1649E+05  4.0883E+04  8.7081E+02  0.0000E+00 -2.0000E-03   1   5
  8.3402E-04 -6.7836E-04  1.0161E-03 -6.0395E+05 -4.9028E+05 -1.6577E+03  0.0000E+00 -2.0000E-03   1   5
  9.4426E-05 -6.1447E-04 -8.1881E-04 -6.8187E+04 -4.4379E+05  8.1469E+02  0.0000E+00 -2.0000E-03   1   5
 -1.4382E-03  4.2015E-04  1.8963E-03  1.0406E+06  3.0250E+05  1.0044E+03  0.0000E+00 -2.0000E-03   1   5
  4.4033E-04  6.4274E-04 -6.7973E-04 -3.1848E+05  4.6505E+05  1.1914E+03  0.0000E+00 -2.0000E-03   1   5
  3.6247E-04  7.7554E-04  1.7853E-03 -2.6117E+05  5.5973E+05 -3.7262E+02  0.0000E+00 -2.0000E-03   1   5
 -1.9098E-04  3.6447E-05 -1.1834E-03  1.3733E+05  2.5423E+04  2.2122E+03  0.0000E+00 -2.0000E-03   1   5
  4.9602E-04  9.6583E-05 -2.7607E-04 -3.5770E+05  6.9477E+04 -2.6653E+03  0.0000E+00 -2.0000E-03   1   5
 -1.1759E-04  1.9077E-04 -3.0348E-04  8.5339E+04  1.3861E+05  6.1881E+02  0.0000E+00 -2.0000E-03   1   5
 -4.8306E-04 -4.1386E-04 -5.0449E-04  3.4997E+05 -2.9900E+05 -1.9319E+02  0.0000E+00 -2.0000E-03   1   5
 -1.1430E-03 -6.5859E-04 -5.7599E-04  8.2717E+05 -4.7699E+05 -1.9847E+03  0.0000E+00 -2.0000E-03   1   5
  4.7036E-04  8.5216E-04  4.2622E-04 -3.3999E+05  6.1650E+05 -4.7450E+02  0.0000E+00 -2.0000E-03   1   5
  5.5472E-04 -7.2201E-04 -3.7101E-04 -4.0217E+05 -5.2183E+05  7.8162E+02  0.0000E+00 -2.0000E-03   1   5
  1.8600E-03 -1.1991E-03 -5.4486E-04 -1.3453E+06 -8.6688E+05  1.0375E+01  0.0000E+00 -2.0000E-03   1   5
  1.2451E-03 -7.3867E-04 -7.0712E-04 -8.9996E+05 -5.3369E+05 -6.6244E+02  0.0000E+00 -2.0000E-03   1   5
  1.5022E-04  1.8670E-05  3.0260E-04 -1.0822E+05  1.3431E+04 -8.3606E+02  0.0000E+00 -2.0000E-03   1   5
 -8.1821E-04 -3.6577E-04  7.4046E-05  5.9127E+05 -2.6519E+05  1.3924E+03  0.0000E+00 -2.0000E-03   1   5
 -3.2448E-04  2.6388E-04  1.4122E-03  2.3470E+05  1.9135E+05 -9.2456E+02  0.0000E+00 -2.0000E-03   1   5
  1.2338E-03  1.5046E-04  4.2522E-04 -8.9147E+05  1.0822E+05  2.6038E+02  0.0000E+00 -2.0000E-03   1   5
 -1.1493E-03 -2.4081E-04  7.6676E-04  8.3184E+05 -1.7332E+05 -9.5881E+02  0.0000E+00 -2.0000E-03   1   5
  1.1112E-04 -4.0874E-04 -2.4711E-05 -8.0523E+04 -2.9554E+05 -1.3044E+02  0.0000E+00 -2.0000E-03   1   5
 -5.1343E-04 -2.8277E-04 -8.6394E-04  3.7114E+05 -2.0423E+05 -3.6006E+02  0.0000E+00 -2.0000E-03   1   5
 -2.2113E-03  7.2157E-04 -9.0198E-04  1.5989E+06  5.2125E+05  8.5569E+02  0.0000E+00 -2.0000E-03   1   5
  7.0707E-04  1.9046E-04 -7.9184E-04 -5.0946E+05  1.3817E+05 -2.5781E+02  0.0000E+00 -2.0000E-03   1   5
 -1.3930E-03 -1.1513E-04  8.3778E-05  1.0083E+06 -8.4158E+04 -2.7488E+03  0.0000E+00 -2.0000E-03   1   5
 -4.4290E-05 -8.1229E-06  7.0556E-04  3.1321E+04 -5.7730E+03  7.5981E+02  0.0000E+00 -2.0000E-03   1   5
  9.5090E-04  4.1073E-05  2.0115E-04 -6.8893E+05  3.0047E+04 -2.2959E+03  0.0000E+00 -2.0000E-03   1   5
  1.3353E-03  1.3998E-03 -1.7122E-03 -9.6556E+05  1.0117E+06 -1.3365E+03  0.0000E+00 -2.0000E-03   1   5
  1.1950E-03 -2.2532E-03  1.5201E-04 -8.6561E+05 -1.6301E+06  1.6908E+03  0.0000E+00 -2.0000E-03   1   5
  1.4333E-03  2.7578E-04  3.6130E-04 -1.0370E+06  1.9932E+05 -1.8792E+03  0.0000E+00 -2.0000E-03   1   5
 -7.5790E-04 -8.4452E-04  2.9413E-04  5.4673E+05 -6.1151E+05  1.8662E+02  0.0000E+00 -2.0000E-03   1   5
 -9.0389E-05 -3.5424E-04  9.8359E-04  6.5942E+04 -2.5561E+05 -1.1232E+03  0.0000E+00 -2.0000E-03   1   5
  2.2910E-04  8.1174E-04  1.4127E-03 -1.6563E+05  5.8705E+05 -9.6550E+02  0.0000E+00 -2.0000E-03   1   5
 -1.3080E-03 -9.2197E-04  9.3605E-04  9.4570E+05 -6.6659E+05  1.9991E+03  0.0000E+00 -2.0000E-03   1   5
 -2.9500E-05  4.7371E-05 -2.2126E-04  2.2329E+04  3.3469E+04  3.3812E+02  0.0000E+00 -2.0000E-03   1   5
 -7.1618E-04 -9.1468E-04  3.4469E-04  5.1829E+05 -6.6165E+05  8.6850E+02  0.0000E+00 -2.0000E-03   1   5
  8.6167E-04  1.7088E-06 -1.0358E-03 -6.2327E+05  1.2390E+03 -1.4921E+03  0.0000E+00 -2.0000E-03   1   5
  1.8426E-03  5.9711E-04 -1.0608E-03 -1.3318E+06  4.3217E+05 -9.6562E+02  0.0000E+00 -2.0000E-03   1   5
  6.8681E-04  2.7776E-04 -8.2897E-04 -4.9718E+05  2.0117E+05 -1.6087E+03  0.0000E+00 -2.0000E-03   1   5
 -1.1367E-03  1.9161E-03 -2.7385E-04  8.2247E+05  1.3858E+06  2.2450E+03  0.0000E+00 -2.0000E-03   1   5
 -5.9598E-04  1.9731E-05  8.6171E-04  4.3041E+05  1.4387E+04 -2.5225E+02  0.0000E+00 -2.0000E-03   1   5
  4.0523E-05  6.0529E-04  1.1680E-03 -2.8974E+04  4.3765E+05 -6.4156E+02  0.0000E+00 -2.0000E-03   1   5
 -1.0973E-03 -4.2863E-04 -5.2506E-04  7.9281E+05 -3.0956E+05  3.7159E+03  0.0000E+00 -2.0000E-03   1   5
  1.9491E-04  7.7795E-04 -3.1641E-04 -1.4033E+05  5.6212E+05  1.3878E+03  0.0000E+00 -2.0000E-03   1   5
  1.9265E-04  1.4052E-04 -8.3417E-04 -1.3892E+05  1.0177E+05  1.1361E+03  0.0000E+00 -2.0000E-03   1   5
 -8.0078E-04 -1.5680E-04  4.2937E-04  5.8021E+05 -1.1391E+05 -5.6750E+01  0.0000E+00 -2.0000E-03   1   5
 -5.8894E-04  6.9444E-04 -5.9191E-04  4.2614E+05  5.0273E+05  3.0169E+02  0.0000E+00 -2.0000E-03   1   5
 -4.6601E-04 -1.8587E-04  1.3363E-05  3.3679E+05 -1.3414E+05 -7.1325E+02  0.0000E+00 -2.0000E-03   1   5
  8.2859E-04 -1.4878E-03  1.1673E-03 -5.9994E+05 -1.0753E+06  8.8038E+02  0.0000E+00 -2.0000E-03   1   5
 -6.8129E-04  1.1680E-03  1.0045E-03  4.9315E+05  8.4350E+05 -2.3312E+02  0.0000E+00 -2.0000E-03   1   5
  7.8562E-04 -4.5737E-04 -1.1354E-03 -5.6772E+05 -3.3199E+05  3.0806E+02  0.0000E+00 -2.0000E-03   1   5
  2.2622E-04  1.0120E-03  1.3537E-03 -1.6363E+05  7.3224E+05  4.6238E+02  0.0000E+00 -2.0000E-03   1   5
 -1.3141E-03  3.9099E-04 -4.7139E-04  9.5183E+05  2.8384E+05  1.6834E+03  0.0000E+00 -2.0000E-03   1   5
 -1.5437E-03  1.3242E-03 -6.8084E-04  1.1162E+06  9.5753E+05  1.7968E+03  0.0000E+00 -2.0000E-03   1   5
 -5.4633E-04 -3.1081E-04 -3.7959E-04  3.9495E+05 -2.2535E+05  1.5282E+03  0.0000E+00 -2.0000E-03   1   5
  4.0882E-04 -6.1585E-04 -8.8755E-04 -2.9732E+05 -4.4451E+05  2.2101E+03  0.0000E+00 -2.0000E-03   1   5
 -3.4541E-04 -2.9872E-04  8.9901E-04  2.5025E+05 -2.1535E+05  9.5944E+02  0.0000E+00 -2.0000E-03   1   5
  8.8278E-04  3.4595E-04 -5.3900E-04 -6.3945E+05  2.4963E+05 -3.2897E+03  0.0000E+00 -2.0000E-03   1   5
  1.1812E-04  6.1489E-05  1.8508E-03 -8.5493E+04  4.4708E+04 -1.2292E+03  0.0000E+00 -2.0000E-03   1   5
 -3.0457E-04  2.4366E-04  1.5265E-04  2.2005E+05  1.7558E+05  2.5256E+02  0.0000E+00 -2.0000E-03   1   5
  5.2746E-04  8.6444E-04 -1.2658E-03 -3.8115E+05  6.2513E+05  8.5662E+02  0.0000E+00 -2.0000E-03   1   5
  5.7556E-04  6.7157E-04 -6.2863E-04 -4.1516E+05  4.8609E+05  1.9639E+03  0.0000E+00 -2.0000E-03   1   5
 -3.5876E-04 -3.1112E-04 -1.3686E-03  2.5996E+05 -2.2561E+05  5.8475E+02  0.0000E+00 -2.0000E-03   1   5
 -1.1970E-03  2.2690E-05  8.0279E-04  8.6513E+05  1.7042E+04 -4.3219E+02  0.0000E+00 -2.0000E-03   1   5
 -9.8874E-04  9.2894E-04 -1.1321E-03  7.1550E+05  6.7175E+05 -3.6025E+02  0.0000E+00 -2.0000E-03   1   5
  3.0304E-04  3.2582E-04  4.9808E-04 -2.1929E+05  2.3595E+05  2.4403E+03  0.0000E+00 -2.0000E-03   1   5
 -4.4627E-04 -1.0732E-04 -1.3230E-04  3.2371E+05 -7.7136E+04 -1.9892E+03  0.0000E+00 -2.0000E-03   1   5
 -3.1665E-04  1.0142E-03  3.7566E-04  2.2884E+05  7.3363E+05 -1.5759E+03  0.0000E+00 -2.0000E-03   1   5
 -3.6508E-05 -8.1240E-04  5.3913E-04  2.6159E+04 -5.8641E+05 -2.6231E+03  0.0000E+00 -2.0000E-03   1   5
  8.5278E-04 -8.7369E-04  3.4702E-04 -6.1566E+05 -6.3210E+05  8.6081E+02  0.0000E+00 -2.0000E-03   1   5
  1.1982E-03  1.1875E-03 -1.6683E-05 -8.6450E+05  8.5821E+05  1.5708E+03  0.0000E+00 -2.0000E-03   1   5
  4.2162E-04 -1.3135E-03  6.7490E-04 -3.0481E+05 -9.4911E+05 -1.2344E+02  0.0000E+00 -2.0000E-03   1   5
 -4.9270E-04 -1.9163E-04  1.1005E-03  3.5568E+05 -1.3798E+05  1.3212E+03  0.0000E+00 -2.0000E-03   1   5
  3.4957E-04  1.5876E-03  3.0234E-04 -2.5291E+05  1.1472E+06 -5.0494E+02  0.0000E+00 -2.0000E-03   1   5
 -4.0679E-04 -7.2154E-04 -1.2631E-03  2.9439E+05 -5.2233E+05 -7.5006E+02  0.0000E+00 -2.0000E-03   1   5
 -6.0869E-04 -4.8661E-05  9.5489E-06  4.3959E+05 -3.4923E+04 -1.9419E+02  0.0000E+00 -2.0000E-03   1   5
 -4.1862E-05  6.3226E-04 -1.1412E-03  2.9343E+04  4.5795E+05  3.1901E+03  0.0000E+00 -2.0000E-03   1   5
  1.1671E-04  7.3424E-04  1.9488E-04 -8.4017E+04  5.3066E+05  1.2024E+03  0.0000E+00 -2.0000E-03   1   5
 -2.3774E-05 -2.2069E-03 -2.5099E-04  1.6588E+04 -1.5954E+06 -1.4550E+02  0.0000E+00 -2.0000E-03   1   5
 -2.3294E-03 -1.6678E-03 -1.5465E-03  1.6849E+06 -1.2065E+06  2.5026E+03  0.0000E+00 -2.0000E-03   1   5
 -1.1592E-03 -9.0398E-04 -1.5184E-03  8.3901E+05 -6.5315E+05 -2.1266E+03  0.0000E+00 -2.0000E-03   1   5
 -2.0352E-04 -1.3325E-03 -2.5306E-05  1.4687E+05 -9.6356E+05  1.5856E+02  0.0000E+00 -2.0000E-03   1   5
  6.5273E-04 -6.3825E-05  2.4694E-04 -4.7306E+05 -4.5884E+04 -8.1081E+02  0.0000E+00 -2.0000E-03   1   5
  8.9476E-04  5.9896E-04  3.9954E-04 -6.4667E+05  4.3333E+05  1.4721E+03  0.0000E+00 -2.0000E-03   1   5
 -3.5196E-05  5.3468E-05  8.3900E-04  2.4995E+04  3.8130E+04  2.3831E+02  0.0000E+00 -2.0000E-03   1   5
  1.4333E-03  6.3948E-06 -2.7614E-04 -1.0364E+06  5.8686E+03  5.0688E+02  0.0000E+00 -2.0000E-03   1   5
 -1.1949E-04  2.6805E-05 -4.9078E-04  8.6760E+04  1.9650E+04 -2.6212E+02  0.0000E+00 -2.0000E-03   1   5
 -1.2401E-03 -4.8786E-04 -6.3597E-04  8.9641E+05 -3.5200E+05  9.0844E+02  0.0000E+00 -2.0000E-03   1   5
  2.0204E-04  1.1898E-04  1.8791E-03 -1.4618E+05  8.7056E+04  9.5000E+02  0.0000E+00 -2.0000E-03   1   5
  1.9406E-04 -5.3460E-04 -3.1549E-04 -1.4105E+05 -3.8653E+05 -5.7225E+02  0.0000E+00 -2.0000E-03   1   5
  5.1271E-04  7.1779E-04 -5.9252E-04 -3.7045E+05  5.1881E+05  7.3669E+02  0.0000E+00 -2.0000E-03   1   5
  6.2147E-04 -1.2089E-04  1.3365E-03 -4.4906E+05 -8.8572E+04  5.8981E+02  0.0000E+00 -2.0000E-03   1   5
  5.9660E-04  1.3930E-03  1.0410E-03 -4.3210E+05  1.0075E+06  9.9219E+02  0.0000E+00 -2.0000E-03   1   5
 -3.2840E-04 -3.2943E-04 -5.3243E-04  2.3684E+05 -2.3727E+05 -6.9138E+02  0.0000E+00 -2.0000E-03   1   5
 -2.3365E-04 -1.6430E-04  6.8009E-04  1.6980E+05 -1.1932E+05  9.9606E+02  0.0000E+00 -2.0000E-03   1   5
 -1.0915E-03  4.3361E-04 -1.0692E-05  7.8908E+05  3.1316E+05  6.4662E+02  0.0000E+00 -2.0000E-03   1   5
  1.9198E-04 -1.3464E-03 -7.4972E-04 -1.3886E+05 -9.7229E+05  1.3038E+02  0.0000E+00 -2.0000E-03   1   5
  7.4382E-04 -1.0028E-03 -8.3437E-04 -5.3693E+05 -7.2605E+05 -1.0706E+03  0.0000E+00 -2.0000E-03   1   5
  9.1703E-04 -5.5953E-04  1.1887E-03 -6.6289E+05 -4.0473E+05 -2.0072E+03  0.0000E+00 -2.0000E-03   1   5
 -1.0630E-03  1.1418E-03 -8.2189E-04  7.6833E+05  8.2674E+05 -3.0164E+03  0.0000E+00 -2.0000E-03   1   5
  1.1730E-03 -9.8615E-04 -9.8095E-04 -8.4858E+05 -7.1363E+05  3.6038E+02  0.0000E+00 -2.0000E-03   1   5
  6.5951E-04  1.8279E-04 -7.0529E-04 -4.7653E+05  1.3232E+05  2.4766E+03  0.0000E+00 -2.0000E-03   1   5
 -3.8872E-04  2.6915E-04  3.1019E-04  2.8181E+05  1.9535E+05  3.9581E+02  0.0000E+00 -2.0000E-03   1   5
  3.5642E-04  4.8119E-04 -1.4851E-03 -2.5735E+05  3.4934E+05 -9.6669E+02  0.0000E+00 -2.0000E-03   1   5
 -3.2609E-04 -8.6327E-04  2.1299E-05  2.3623E+05 -6.2435E+05 -1.2310E+03  0.0000E+00 -2.0000E-03   1   5
  1.8643E-04 -1.1539E-03 -5.6292E-04 -1.3511E+05 -8.3413E+05  3.1044E+03  0.0000E+00 -2.0000E-03   1   5
 -3.1880E-04  2.6358E-04  3.7196E-04  2.3068E+05  1.8979E+05  8.7575E+02  0.0000E+00 -2.0000E-03   1   5
  1.7388E-06 -3.3359E-04 -6.7120E-04 -2.9667E+02 -2.4204E+05  2.3028E+03  0.0000E+00 -2.0000E-03   1   5
  1.7702E-04 -2.8167E-04  3.4415E-04 -1.2862E+05 -2.0384E+05  1.5094E+02  0.0000E+00 -2.0000E-03   1   5
 -2.6202E-03 -9.3270E-04  1.4476E-03  1.8942E+06 -6.7470E+05 -1.6616E+03  0.0000E+00 -2.0000E-03   1   5
  3.9173E-04 -1.8148E-04 -1.5875E-04 -2.8324E+05 -1.3167E+05 -3.2188E+01  0.0000E+00 -2.0000E-03   1   5
  1.2136E-04 -8.3413E-04  4.8940E-04 -8.7202E+04 -6.0228E+05  1.8560E+03  0.0000E+00 -2.0000E-03   1   5
  2.7495E-04  6.3757E-04 -4.2925E-04 -1.9955E+05  4.6074E+05  2.6400E+02  0.0000E+00 -2.0000E-03   1   5
  1.4183E-03  2.9916E-04 -5.5777E-04 -1.0263E+06  2.1604E+05  9.0000E+01  0.0000E+00 -2.0000E-03   1   5
 -6.7837E-04 -1.9670E-04 -8.4028E-04  4.9021E+05 -1.4252E+05 -6.5150E+02  0.0000E+00 -2.0000E-03   1   5
  8.2331E-05  5.6160E-04 -7.7011E-04 -5.9523E+04  4.0670E+05 -5.6944E+02  0.0000E+00 -2.0000E-03   1   5
 -2.8217E-04  9.9760E-04  3.4754E-04  2.0482E+05  7.2157E+05  7.6875E+01  0.0000E+00 -2.0000E-03   1   5
 -3.6084E-04 -1.2808E-04  6.6474E-04  2.6019E+05 -9.4061E+04 -2.3262E+03  0.0000E+00 -2.0000E-03   1   5
  8.7424E-04  6.5746E-04 -1.6476E-03 -6.3212E+05  4.7575E+05  1.0514E+03  0.0000E+00 -2.0000E-03   1   5
  4.3129E-05  5.0765E-04  7.8375E-07 -3.2084E+04  3.6617E+05 -9.0794E+02  0.0000E+00 -2.0000E-03   1   5
 -1.4582E-03 -6.9297E-04  1.7060E-03  1.0547E+06 -5.0127E+05 -4.1112E+02  0.0000E+00 -2.0000E-03   1   5
 -5.8209E-04  5.8071E-05  1.0686E-03  4.2087E+05  4.2162E+04 -1.9622E+03  0.0000E+00 -2.0000E-03   1   5
 -1.0015E-03  2.1990E-04  1.8931E-04  7.2378E+05  1.5978E+05 -2.0141E+03  0.0000E+00 -2.0000E-03   1   5
 -1.2999E-03 -2.5361E-04  8.4973E-04  9.4025E+05 -1.8403E+05 -1.1687E+03  0.0000E+00 -2.0000E-03   1   5
  4.5102E-05 -1.1110E-03 -3.0278E-04 -3.2820E+04 -8.0363E+05  1.5564E+03  0.0000E+00 -2.0000E-03   1   5
  1.6942E-04 -8.0086E-04 -9.6712E-04 -1.2293E+05 -5.8025E+05 -1.2449E+03  0.0000E+00 -2.0000E-03   1   5
 -1.0869E-03  7.8833E-04 -1.6439E-04  7.8658E+05  5.6988E+05 -1.8636E+03  0.0000E+00 -2.0000E-03   1   5
 -1.3000E-03 -7.4573E-04  6.0756E-04  9.3892E+05 -5.3954E+05 -6.1469E+02  0.0000E+00 -2.0000E-03   1   5
 -8.0614E-04  8.6569E-04 -1.1980E-03  5.8359E+05  6.2573E+05 -1.1821E+03  0.0000E+00 -2.0000E-03   1   5
 -5.5864E-04 -1.5240E-04  1.0272E-03  4.0542E+05 -1.0982E+05 -2.6476E+03  0.0000E+00 -2.0000E-03   1   5
 -3.6623E-04  1.1999E-03  5.0324E-04  2.6380E+05  8.6734E+05 -1.0379E+03  0.0000E+00 -2.0000E-03   1   5
 -1.1113E-03 -4.0098E-04 -4.7513E-04  8.0363E+05 -2.9057E+05 -6.4762E+02  0.0000E+00 -2.0000E-03   1   5
 -1.4162E-03 -3.2949E-04 -5.9953E-04  1.0249E+06 -2.3980E+05 -1.1759E+03  0.0000E+00 -2.0000E-03   1   5
  1.5187E-04  1.6435E-04  8.8575E-04 -1.0975E+05  1.1915E+05 -2.5685E+03  0.0000E+00 -2.0000E-03   1   5
  4.5125E-04  4.3468E-05  4.2187E-04 -3.2619E+05  3.0747E+04 -4.9362E+02  0.0000E+00 -2.0000E-03   1   5
  4.2141E-04 -8.7014E-05  1.1271E-03 -3.0538E+05 -6.3555E+04  2.0482E+03  0.0000E+00 -2.0000E-03   1   5
  1.9436E-04  3.5325E-04  1.1415E-04 -1.3995E+05  2.5581E+05  9.8488E+02  0.0000E+00 -2.0000E-03   1   5
 -2.6833E-04 -3.2292E-04 -1.0962E-03  1.9285E+05 -2.3304E+05  1.8037E+03  0.0000E+00 -2.0000E-03   1   5
 -9.3832E-05  1.8523E-04 -2.1450E-04  6.8002E+04  1.3421E+05  1.5388E+02  0.0000E+00 -2.0000E-03   1   5
 -1.4870E-04 -1.0892E-03  5.5226E-05  1.0814E+05 -7.8786E+05 -6.6412E+02  0.0000E+00 -2.0000E-03   1   5
  6.8704E-04  1.5287E-03 -1.5681E-03 -4.9633E+05  1.1052E+06  5.1925E+02  0.0000E+00 -2.0000E-03   1   5
  1.1657E-03  5.4074E-04 -5.6314E-04 -8.4267E+05  3.9133E+05  1.7501E+03  0.0000E+00 -2.0000E-03   1   5
 -1.0659E-03  7.0339E-04  1.1394E-03  7.7113E+05  5.0957E+05  2.2594E+02  0.0000E+00 -2.0000E-03   1   5
 -3.6103E-04  9.5245E-04  9.0055E-04  2.6247E+05  6.8927E+05  1.5775E+02  0.0000E+00 -2.0000E-03   1   5
 -4.8214E-04  1.2683E-03 -1.2056E-03  3.4993E+05  9.1713E+05 -2.0182E+03  0.0000E+00 -2.0000E-03   1   5
  5.6573E-04 -1.2611E-04  1.9061E-04 -4.0946E+05 -9.1047E+04 -1.3404E+03  0.0000E+00 -2.0000E-03   1   5
  4.0921E-04  1.5170E-03  1.5274E-04 -2.9648E+05  1.0967E+06 -1.1174E+03  0.0000E+00 -2.0000E-03   1   5
  2.2997E-04 -5.2349E-04 -3.6864E-04 -1.6688E+05 -3.7784E+05 -2.5813E+03  0.0000E+00 -2.0000E-03   1   5
  6.9168E-05 -6.2972E-04 -2.7331E-05 -5.0071E+04 -4.5474E+05  5.1775E+02  0.0000E+00 -2.0000E-03   1   5
  3.3678E-04  1.9618E-04 -7.8047E-04 -2.4320E+05  1.4180E+05  1.0844E+03  0.0000E+00 -2.0000E-03   1   5
 -6.1763E-04  1.8267E-03  4.6232E-04  4.4664E+05  1.3210E+06 -2.2384E+03  0.0000E+00 -2.0000E-03   1   5
  2.7148E-04  8.2462E-04 -1.0924E-03 -1.9653E+05  5.9676E+05  1.4225E+02  0.0000E+00 -2.0000E-03   1   5
 -1.0446E-03  3.1957E-04  1.7690E-03  7.5626E+05  2.3161E+05 -2.7851E+03  0.0000E+00 -2.0000E-03   1   5
  2.0330E-05  3.7548E-04  3.0143E-04 -1.5150E+04  2.7218E+05 -1.5987E+03  0.0000E+00 -2.0000E-03   1   5
  2.6072E-04  1.4866E-03  1.1594E-03 -1.8905E+05  1.0745E+06  7.1956E+02  0.0000E+00 -2.0000E-03   1   5
 -1.5156E-05  1.7828E-04  4.9703E-04  1.0131E+04  1.2945E+05 -1.2715E+03  0.0000E+00 -2.0000E-03   1   5
 -1.0021E-04 -1.5063E-03  9.3878E-04  7.1632E+04 -1.0886E+06  7.3812E+02  0.0000E+00 -2.0000E-03   1   5
  5.5687E-04 -4.4602E-04  2.9663E-04 -4.0325E+05 -3.2323E+05 -3.7394E+02  0.0000E+00 -2.0000E-03   1   5
  4.4032E-04 -3.7329E-04  4.3925E-04 -3.1888E+05 -2.6920E+05  9.8431E+02  0.0000E+00 -2.0000E-03   1   5
  3.2191E-04 -9.6895E-05 -1.7516E-03 -2.3213E+05 -7.0546E+04 -2.2845E+03  0.0000E+00 -2.0000E-03   1   5
 -4.2078E-04  1.7391E-04  2.6065E-04  3.0491E+05  1.2632E+05  2.1775E+02  0.0000E+00 -2.0000E-03   1   5
 -9.1925E-04  6.3788E-04 -5.2476E-04  6.6469E+05  4.5946E+05 -1.2726E+03  0.0000E+00 -2.0000E-03   1   5
  2.7738E-05  5.2907E-04  1.3433E-03 -1.9876E+04  3.8152E+05  3.8712E+02  0.0000E+00 -2.0000E-03   1   5
 -1.1287E-05 -4.1649E-05  1.9723E-03  8.1210E+03 -3.0707E+04 -1.0500E+03  0.0000E+00 -2.0000E-03   1   5
  4.3323E-05  2.2346E-04  9.6494E-04 -3.1325E+04  1.6078E+05  3.4109E+03  0.0000E+00 -2.0000E-03   1   5
  1.6807E-05 -5.1811E-04 -2.1356E-04 -1.2299E+04 -3.7565E+05 -1.0604E+03  0.0000E+00 -2.0000E-03   1   5
 -4.3228E-04 -6.3015E-04 -3.9946E-04  3.1243E+05 -4.5587E+05  1.4192E+03  0.0000E+00 -2.0000E-03   1   5
 -8.5145E-04 -1.3282E-04  9.3616E-04  6.1491E+05 -9.6061E+04 -6.1938E+02  0.0000E+00 -2.0000E-03   1   5
  3.5531E-04  1.3182E-04 -5.4435E-04 -2.5750E+05  9.5593E+04  7.6944E+02  0.0000E+00 -2.0000E-03   1   5
  1.3390E-03 -1.6973E-03 -3.6616E-04 -9.6868E+05 -1.2264E+06  1.8741E+03  0.0000E+00 -2.0000E-03   1   5
  2.3828E-04 -6.3816E-04  6.7833E-04 -1.7126E+05 -4.6080E+05 -1.1369E+02  0.0000E+00 -2.0000E-03   1   5
 -8.2476E-04  1.2465E-04  3.1131E-04  5.9619E+05  9.0610E+04 -3.2450E+02  0.0000E+00 -2.0000E-03   1   5
  7.8444E-05  1.5780E-03  3.7642E-04 -5.6747E+04  1.1412E+06 -1.2818E+03  0.0000E+00 -2.0000E-03   1   5
  1.1850E-05  8.1374E-04  3.7047E-04 -8.3385E+03  5.8792E+05  5.6594E+02  0.0000E+00 -2.0000E-03   1   5
  1.2837E-03 -6.4750E-05 -1.0517E-03 -9.2789E+05 -4.5636E+04 -4.6306E+02  0.0000E+00 -2.0000E-03   1   5
 -7.1384E-04  8.1779E-04  1.0633E-03  5.1478E+05  5.9192E+05  2.4914E+03  0.0000E+00 -2.0000E-03   1   5
  3.8432E-04  4.1782E-05 -9.0281E-04 -2.7782E+05  3.0558E+04 -1.1291E+03  0.0000E+00 -2.0000E-03   1   5
  6.3543E-04 -1.7268E-04 -1.0696E-03 -4.5832E+05 -1.2527E+05 -3.3412E+02  0.0000E+00 -2.0000E-03   1   5
  8.9403E-05  2.1786E-04 -3.1982E-04 -6.4004E+04  1.5792E+05 -7.6019E+02  0.0000E+00 -2.0000E-03   1   5
 -7.6536E-04 -5.3405E-04 -9.6514E-05  5.5308E+05 -3.8528E+05  8.3250E+02  0.0000E+00 -2.0000E-03   1   5
  8.0819E-04  3.8999E-04 -7.1585E-04 -5.8400E+05  2.8105E+05  1.7614E+03  0.0000E+00 -2.0000E-03   1   5
 -2.1136E-06 -1.9256E-03  5.5573E-04  1.2464E+03 -1.3918E+06  5.0644E+02  0.0000E+00 -2.0000E-03   1   5
 -3.2253E-04 -3.0299E-04 -2.5103E-04  2.3265E+05 -2.1917E+05  1.5618E+03  0.0000E+00 -2.0000E-03   1   5
 -3.1306E-04  3.9789E-04 -8.9131E-05  2.2563E+05  2.8624E+05  4.3738E+02  0.0000E+00 -2.0000E-03   1   5
 -9.4978E-04 -6.7602E-04 -1.2786E-03  6.8699E+05 -4.8962E+05  2.7396E+03  0.0000E+00 -2.0000E-03   1   5
  1.7080E-04 -1.1823E-04  6.8846E-04 -1.2177E+05 -8.6678E+04  5.0381E+02  0.0000E+00 -2.0000E-03   1   5
 -3.0379E-04 -5.6277E-04  5.8817E-04  2.1922E+05 -4.0594E+05 -9.6138E+02  0.0000E+00 -2.0000E-03   1   5
 -1.9905E-04  1.0041E-03 -9.7981E-04  1.4358E+05  7.2622E+05 -1.0490E+03  0.0000E+00 -2.0000E-03   1   5
 -2.8673E-04 -3.1126E-04  5.3798E-04  2.0767E+05 -2.2473E+05  1.0544E+02  0.0000E+00 -2.0000E-03   1   5
 -8.1120E-05  1.0905E-03 -1.7735E-03  5.8471E+04  7.8948E+05 -8.2994E+02  0.0000E+00 -2.0000E-03   1   5
 -5.9306E-04  1.2964E-03  2.5822E-05  4.2906E+05  9.3643E+05  1.2334E+03  0.0000E+00 -2.0000E-03   1   5
  8.8666E-04 -8.4987E-04  5.7854E-04 -6.4116E+05 -6.1458E+05 -8.8969E+02  0.0000E+00 -2.0000E-03   1   5
  1.0008E-03 -8.4371E-04 -5.4207E-04 -7.2373E+05 -6.1022E+05 -1.0562E+03  0.0000E+00 -2.0000E-03   1   5
 -6.7558E-04 -7.8460E-04  3.1156E-04  4.8975E+05 -5.6713E+05 -2.2869E+02  0.0000E+00 -2.0000E-03   1   5
 -2.2431E-04 -7.5581E-04  2.7086E-04  1.6286E+05 -5.4589E+05 -2.2254E+03  0.0000E+00 -2.0000E-03   1   5
  7.9424E-04  4.6614E-04  1.5445E-04 -5.7434E+05  3.3636E+05 -6.4281E+02  0.0000E+00 -2.0000E-03   1   5
  6.8714E-06 -1.1775E-03 -1.0603E-03 -5.8250E+03 -8.5274E+05  2.2071E+03  0.0000E+00 -2.0000E-03   1   5
  5.5931E-04  1.0641E-04  2.7278E-04 -4.0500E+05  7.7020E+04 -2.3139E+03  0.0000E+00 -2.0000E-03   1   5
 -1.3098E-04 -6.3563E-04 -5.4182E-04  9.5304E+04 -4.5932E+05  1.6719E+02  0.0000E+00 -2.0000E-03   1   5
  4.2423E-04 -4.2040E-04  6.7366E-04 -3.0736E+05 -3.0430E+05  2.1051E+03  0.0000E+00 -2.0000E-03   1   5
  7.9185E-04 -4.3399E-04 -5.9473E-04 -5.7300E+05 -3.1386E+05  6.3362E+02  0.0000E+00 -2.0000E-03   1   5
 -1.9207E-04 -1.0905E-03  2.4621E-04  1.3875E+05 -7.8875E+05 -1.7269E+03  0.0000E+00 -2.0000E-03   1   5
  2.4090E-04  1.7715E-04 -1.0352E-03 -1.7279E+05  1.2810E+05 -1.2375E+03  0.0000E+00 -2.0000E-03   1   5
 -7.1073E-04 -1.5703E-04 -1.6346E-03  5.1310E+05 -1.1266E+05  7.1631E+02  0.0000E+00 -2.0000E-03   1   5
 -5.3559E-04  4.1498E-05 -6.4521E-04  3.8735E+05  3.0092E+04 -1.6056E+03  0.0000E+00 -2.0000E-03   1   5
  1.3956E-04 -5.3645E-04 -1.7713E-03 -1.0124E+05 -3.8764E+05 -9.1306E+02  0.0000E+00 -2.0000E-03   1   5
  1.4546E-04  2.1569E-03  2.2046E-04 -1.0438E+05  1.5596E+06 -1.1275E+03  0.0000E+00 -2.0000E-03   1   5
 -1.9540E-04 -1.0747E-03 -1.7019E-03  1.4115E+05 -7.7835E+05  6.3781E+02  0.0000E+00 -2.0000E-03   1   5
 -1.3947E-04  4.6070E-05  1.0910E-03  1.0259E+05  3.3266E+04  1.2668E+03  0.0000E+00 -2.0000E-03   1   5
 -1.6747E-04  4.8028E-04  5.8590E-04  1.2037E+05  3.4725E+05  1.3581E+03  0.0000E+00 -2.0000E-03   1   5
 -7.9690E-04 -9.6784E-04  1.4657E-04  5.7649E+05 -7.0033E+05 -3.3775E+02  0.0000E+00 -2.0000E-03   1   5
 -1.2390E-03  4.7974E-04  1.1231E-03  8.9600E+05  3.4531E+05  1.1850E+03  0.0000E+00 -2.0000E-03   1   5
  4.2293E-04 -1.4411E-03  1.2746E-03 -3.0606E+05 -1.0429E+06 -1.2069E+02  0.0000E+00 -2.0000E-03   1   5
  6.1328E-04  5.6915E-04 -7.4786E-04 -4.4466E+05  4.1077E+05  1.7019E+02  0.0000E+00 -2.0000E-03   1   5
  6.4942E-04  2.2322E-04 -1.0021E-03 -4.6958E+05  1.6157E+05  4.7194E+02  0.0000E+00 -2.0000E-03   1   5
  8.9988E-04  2.1451E-05  1.0710E-04 -6.5129E+05  1.7409E+04 -4.0014E+03  0.0000E+00 -2.0000E-03   1   5
  2.5716E-04 -7.7883E-04 -1.0015E-03 -1.8562E+05 -5.6402E+05  2.0269E+02  0.0000E+00 -2.0000E-03   1   5
  2.4873E-05  3.8727E-04  2.0028E-03 -1.9025E+04  2.8003E+05  6.9206E+02  0.0000E+00 -2.0000E-03   1   5
 -5.9609E-04 -9.9096E-04 -2.7183E-04  4.3169E+05 -7.1715E+05  7.6750E+02  0.0000E+00 -2.0000E-03   1   5
  5.1811E-04  9.3766E-04 -3.5187E-04 -3.7445E+05  6.7943E+05 -1.9479E+03  0.0000E+00 -2.0000E-03   1   5
  2.1910E-04  3.6881E-04 -1.9125E-04 -1.5869E+05  2.6600E+05  1.2667E+03  0.0000E+00 -2.0000E-03   1   5
  2.1421E-04 -3.2437E-04  8.8959E-04 -1.5351E+05 -2.3384E+05 -3.6844E+03  0.0000E+00 -2.0000E-03   1   5
 -3.5420E-04  1.6137E-04 -2.4611E-04  2.5572E+05  1.1727E+05 -7.4688E+02  0.0000E+00 -2.0000E-03   1   5
 -2.8881E-04  3.0634E-04  1.0633E-04  2.0772E+05  2.2219E+05  2.8511E+03  0.0000E+00 -2.0000E-03   1   5
 -1.2840E-03  4.0077E-04 -1.3073E-03  9.2865E+05  2.8938E+05 -2.3887E+03  0.0000E+00 -2.0000E-03   1   5
 -6.2330E-04  1.4748E-04  7.1035E-04  4.5172E+05  1.0612E+05  4.6538E+02  0.0000E+00 -2.0000E-03   1   5
 -1.1511E-03 -6.7425E-04  2.2823E-04  8.3177E+05 -4.8743E+05 -1.3577E+03  0.0000E+00 -2.0000E-03   1   5
 -1.1764E-04 -1.3919E-05 -6.4218E-04  8.6305E+04 -9.8159E+03 -9.9481E+02  0.0000E+00 -2.0000E-03   1   5
 -6.1991E-04 -1.0835E-03  1.8645E-03  4.4867E+05 -7.8228E+05 -6.8325E+02  0.0000E+00 -2.0000E-03   1   5
 -7.5810E-04 -6.4047E-04 -3.6214E-05  5.4925E+05 -4.6338E+05  1.8730E+03  0.0000E+00 -2.0000E-03   1   5
 -1.4173E-04 -3.0033E-04 -3.7088E-04  1.0237E+05 -2.1706E+05 -1.0137E+03  0.0000E+00 -2.0000E-03   1   5
  8.9252E-04 -1.3819E-04 -1.2413E-03 -6.4668E+05 -9.9749E+04  5.9500E+02  0.0000E+00 -2.0000E-03   1   5
  1.0543E-03 -2.7600E-04 -1.4497E-03 -7.6259E+05 -1.9899E+05 -6.3694E+02  0.0000E+00 -2.0000E-03   1   5
  1.6041E-03  6.4612E-05 -1.1577E-03 -1.1594E+06  4.6020E+04  1.8796E+03  0.0000E+00 -2.0000E-03   1   5
  2.4661E-04  1.5890E-04  3.2462E-04 -1.7725E+05  1.1538E+05  8.7306E+02  0.0000E+00 -2.0000E-03   1   5
  1.9579E-04  2.4819E-04  3.0772E-04 -1.4242E+05  1.7874E+05  1.3034E+03  0.0000E+00 -2.0000E-03   1   5
 -2.3685E-04  1.7474E-03 -1.0594E-04  1.7148E+05  1.2630E+06  5.8406E+02  0.0000E+00 -2.0000E-03   1   5
  1.9694E-04 -6.4325E-05  1.3982E-03 -1.4279E+05 -4.6821E+04 -1.0076E+03  0.0000E+00 -2.0000E-03   1   5
  1.3491E-03 -3.6621E-04  1.5798E-04 -9.7543E+05 -2.6499E+05 -2.7247E+03  0.0000E+00 -2.0000E-03   1   5
  4.3625E-04 -1.1879E-05  4.7639E-04 -3.1693E+05 -8.5731E+03  7.2225E+02  0.0000E+00 -2.0000E-03   1   5
 -1.9942E-03  5.5752E-04 -6.8102E-04  1.4420E+06  4.0398E+05 -1.2168E+03  0.0000E+00 -2.0000E-03   1   5
 -6.4852E-05 -3.4500E-04  4.8270E-05  4.6833E+04 -2.4797E+05 -1.4995E+03  0.0000E+00 -2.0000E-03   1   5
  1.1270E-06  9.1684E-04  5.8983E-04 -1.8597E+03  6.6290E+05  2.1035E+03  0.0000E+00 -2.0000E-03   1   5
  3.3287E-04 -3.6115E-04 -7.6479E-04 -2.4125E+05 -2.6127E+05 -1.6650E+02  0.0000E+00 -2.0000E-03   1   5
  5.0932E-04 -9.3968E-04 -7.9208E-05 -3.6892E+05 -6.8015E+05 -4.8088E+02  0.0000E+00 -2.0000E-03   1   5
  5.0912E-04 -2.5576E-04  7.5834E-04 -3.6800E+05 -1.8525E+05 -6.3556E+02  0.0000E+00 -2.0000E-03   1   5
 -6.4410E-04 -2.4357E-04  3.9652E-04  4.6547E+05 -1.7657E+05  1.8011E+03  0.0000E+00 -2.0000E-03   1   5
 -1.4173E-03 -7.2008E-05 -4.8676E-04  1.0253E+06 -5.1599E+04  1.7412E+03  0.0000E+00 -2.0000E-03   1   5
 -7.9046E-04  3.5200E-04 -8.5559E-04  5.7121E+05  2.5528E+05 -6.1231E+02  0.0000E+00 -2.0000E-03   1   5
 -5.9719E-04  3.8178E-04  1.3012E-03  4.3244E+05  2.7518E+05  2.4793E+03  0.0000E+00 -2.0000E-03   1   5
 -3.9333E-04  8.5279E-04  1.2219E-03  2.8509E+05  6.1710E+05  6.2100E+02  0.0000E+00 -2.0000E-03   1   5
 -7.0484E-05 -2.9929E-04  3.3087E-04  5.0007E+04 -2.1687E+05 -1.0812E+03  0.0000E+00 -2.0000E-03   1   5
  6.8173E-04  9.7075E-04 -1.1249E-03 -4.9309E+05  7.0274E+05  5.1494E+02  0.0000E+00 -2.0000E-03   1   5
  4.4776E-04  5.3265E-04 -8.3054E-04 -3.2327E+05  3.8520E+05  1.5695E+03  0.0000E+00 -2.0000E-03   1   5
  1.0492E-04  7.0347E-04  1.5980E-03 -7.4810E+04  5.0872E+05  6.6456E+02  0.0000E+00 -2.0000E-03   1   5
  1.2601E-03  2.5261E-04  1.2095E-03 -9.1139E+05  1.8241E+05 -1.3510E+03  0.0000E+00 -2.0000E-03   1   5
 -1.4306E-03  4.1178E-05  6.5716E-04  1.0346E+06  2.8823E+04  1.2505E+03  0.0000E+00 -2.0000E-03   1   5
  1.9414E-04 -1.1819E-04 -8.0099E-04 -1.3951E+05 -8.5801E+04  2.7681E+03  0.0000E+00 -2.0000E-03   1   5
  9.6730E-06  2.7821E-04 -5.8608E-04 -8.0023E+03  2.0247E+05 -2.6577E+03  0.0000E+00 -2.0000E-03   1   5
 -4.9959E-04 -2.3754E-04 -1.5484E-03  3.5950E+05 -1.7066E+05  7.1694E+02  0.0000E+00 -2.0000E-03   1   5
 -3.7790E-07 -3.6723E-04  7.3100E-04  6.6310E+02 -2.6461E+05  3.4003E+03  0.0000E+00 -2.0000E-03   1   5
  8.4020E-04  1.3712E-03  1.6392E-03 -6.0798E+05  9.9063E+05  1.5099E+03  0.0000E+00 -2.0000E-03   1   5
 -1.0786E-03  3.4319E-04  9.9106E-04  7.8030E+05  2.4772E+05  1.9994E+02  0.0000E+00 -2.0000E-03   1   5
  3.4291E-04  7.5570E-05  1.1989E-03 -2.4839E+05  5.4292E+04  1.3804E+03  0.0000E+00 -2.0000E-03   1   5
 -2.1663E-04 -7.0695E-04 -5.4652E-04  1.5607E+05 -5.1079E+05  3.0576E+03  0.0000E+00 -2.0000E-03   1   5
  6.4408E-05 -9.4969E-04 -2.3788E-04 -4.5962E+04 -6.8723E+05 -2.4206E+02  0.0000E+00 -2.0000E-03   1   5
 -4.3092E-04  3.1082E-05  1.5109E-03  3.1225E+05  2.3570E+04 -1.0579E+03  0.0000E+00 -2.0000E-03   1   5
  7.9072E-04 -4.4922E-04  2.8530E-04 -5.7183E+05 -3.2560E+05  2.1796E+03  0.0000E+00 -2.0000E-03   1   5
  1.5632E-03  1.0805E-03 -4.4827E-04 -1.1303E+06  7.8171E+05  9.6356E+02  0.0000E+00 -2.0000E-03   1   5
  2.7743E-04  1.2293E-03 -3.7105E-04 -2.0011E+05  8.8991E+05 -7.2794E+02  0.0000E+00 -2.0000E-03   1   5
 -8.1943E-04  6.0990E-04 -1.6827E-03  5.9343E+05  4.3977E+05 -1.5235E+03  0.0000E+00 -2.0000E-03   1   5
 -5.7264E-04 -7.9137E-04 -4.6830E-04  4.1501E+05 -5.7204E+05 -1.0600E+02  0.0000E+00 -2.0000E-03   1   5
  7.9154E-04 -1.9360E-04 -1.0288E-05 -5.7241E+05 -1.3986E+05  2.2212E+02  0.0000E+00 -2.0000E-03   1   5
  3.8363E-04 -9.5596E-04  9.7927E-04 -2.7739E+05 -6.9086E+05  9.6312E+01  0.0000E+00 -2.0000E-03   1   5
 -9.1624E-04 -7.7531E-04  3.3549E-04  6.6246E+05 -5.6117E+05  8.2500E+01  0.0000E+00 -2.0000E-03   1   5
  6.8264E-04 -1.0595E-03 -3.0404E-06 -4.9423E+05 -7.6584E+05 -2.7651E+03  0.0000E+00 -2.0000E-03   1   5
  5.6081E-04 -7.5824E-04 -5.4640E-04 -4.0459E+05 -5.4757E+05 -9.2081E+02  0.0000E+00 -2.0000E-03   1   5
 -1.1242E-03  7.6125E-04  9.5978E-06  8.1272E+05  5.4925E+05  1.2950E+02  0.0000E+00 -2.0000E-03   1   5
 -2.3713E-04 -5.6060E-04 -9.4249E-04  1.7158E+05 -4.0618E+05 -1.9232E+03  0.0000E+00 -2.0000E-03   1   5
 -6.5324E-04 -7.0151E-04 -5.2722E-04  4.7197E+05 -5.0661E+05  1.5081E+03  0.0000E+00 -2.0000E-03   1   5
  4.5496E-04  2.2467E-04 -4.6280E-04 -3.2880E+05  1.6294E+05 -1.7061E+03  0.0000E+00 -2.0000E-03   1   5
 -5.8804E-04  7.5260E-04 -1.6899E-03  4.2477E+05  5.4500E+05 -5.5412E+02  0.0000E+00 -2.0000E-03   1   5
 -4.8954E-04  3.8396E-04  1.0951E-03  3.5314E+05  2.7592E+05 -1.4840E+03  0.0000E+00 -2.0000E-03   1   5
 -1.0762E-03  5.6444E-04 -1.4306E-04  7.7767E+05  4.0731E+05  9.7150E+02  0.0000E+00 -2.0000E-03   1   5
  8.8457E-04  2.3941E-04  4.7599E-04 -6.3972E+05  1.7429E+05 -8.5062E+02  0.0000E+00 -2.0000E-03   1   5
  8.4918E-04  1.0361E-03  1.0471E-03 -6.1451E+05  7.4949E+05  2.3919E+02  0.0000E+00 -2.0000E-03   1   5
  7.7966E-04  1.8163E-03  4.0007E-04 -5.6308E+05  1.3129E+06  2.7281E+03  0.0000E+00 -2.0000E-03   1   5
 -2.2816E-04  3.2738E-04  3.5650E-04  1.6615E+05  2.3558E+05 -1.3631E+03  0.0000E+00 -2.0000E-03   1   5
 -3.3816E-04 -5.9952E-06 -1.2339E-03  2.4421E+05 -3.6543E+03  1.9803E+03  0.0000E+00 -2.0000E-03   1   5
 -2.9054E-04 -1.3665E-03 -2.5700E-04  2.1011E+05 -9.8821E+05  6.8062E+01  0.0000E+00 -2.0000E-03   1   5
 -1.4658E-03  8.6023E-04  3.1373E-04  1.0594E+06  6.2219E+05  2.0482E+03  0.0000E+00 -2.0000E-03   1   5
 -1.1463E-03  4.0850E-04  3.5234E-04  8.2895E+05  2.9571E+05 -1.8762E+02  0.0000E+00 -2.0000E-03   1   5
 -2.3813E-04  9.7546E-04 -9.2109E-04  1.7236E+05  7.0536E+05 -3.2472E+03  0.0000E+00 -2.0000E-03   1   5
 -5.2542E-04  8.7685E-04  1.2552E-03  3.7951E+05  6.3339E+05 -6.4569E+02  0.0000E+00 -2.0000E-03   1   5
  6.8641E-04  3.8779E-04 -1.1271E-03 -4.9540E+05  2.8032E+05 -1.1414E+03  0.0000E+00 -2.0000E-03   1   5
  5.3270E-05  1.1190E-04  9.1505E-04 -3.8993E+04  8.1814E+04 -8.5369E+02  0.0000E+00 -2.0000E-03   1   5
 -3.0228E-04 -3.2799E-04  9.6964E-04  2.1987E+05 -2.3687E+05 -1.2849E+03  0.0000E+00 -2.0000E-03   1   5
 -5.9980E-04  2.0876E-04  1.8339E-04  4.3440E+05  1.5202E+05  1.1341E+03  0.0000E+00 -2.0000E-03   1   5
 -2.0787E-03 -2.5102E-04 -7.9485E-04  1.5036E+06 -1.7893E+05 -2.7472E+03  0.0000E+00 -2.0000E-03   1   5
 -5.6522E-04  6.5672E-04 -4.1671E-04  4.0908E+05  4.7606E+05 -2.7086E+03  0.0000E+00 -2.0000E-03   1   5
 -9.1675E-04  7.6119E-05  6.9746E-04  6.6372E+05  5.5325E+04  2.3516E+03  0.0000E+00 -2.0000E-03   1   5
  1.4656E-03 -6.5719E-05  5.0829E-05 -1.0608E+06 -4.7455E+04 -2.1821E+03  0.0000E+00 -2.0000E-03   1   5
  4.5340E-04 -7.8391E-04 -6.0132E-04 -3.2790E+05 -5.6708E+05 -1.5039E+03  0.0000E+00 -2.0000E-03   1   5
  1.8237E-04  4.4360E-04 -1.0781E-03 -1.3303E+05  3.2148E+05 -1.0169E+03  0.0000E+00 -2.0000E-03   1   5
  4.6407E-04  1.0938E-03 -1.8068E-03 -3.3561E+05  7.9120E+05  1.8450E+02  0.0000E+00 -2.0000E-03   1   5
  2.6615E-04  6.0360E-04 -6.1591E-04 -1.9197E+05  4.3640E+05 -5.4181E+02  0.0000E+00 -2.0000E-03   1   5
 -8.6944E-04  1.1312E-03  1.1638E-03  6.2862E+05  8.1782E+05  1.7308E+03  0.0000E+00 -2.0000E-03   1   5
 -1.8119E-04 -3.1961E-04  1.1609E-03  1.3164E+05 -2.3188E+05  5.7994E+02  0.0000E+00 -2.0000E-03   1   5
  6.6361E-04 -1.6424E-03 -2.4477E-05 -4.8026E+05 -1.1869E+06 -1.5598E+03  0.0000E+00 -2.0000E-03   1   5
  1.4522E-04 -1.0048E-03  6.9016E-04 -1.0539E+05 -7.2685E+05  9.4350E+02  0.0000E+00 -2.0000E-03   1   5
  8.3947E-04  1.2188E-03 -9.7751E-05 -6.0571E+05  8.8241E+05 -5.2781E+02  0.0000E+00 -2.0000E-03   1   5
 -3.2258E-04  2.3653E-04 -1.5836E-03  2.3330E+05  1.7220E+05 -2.0881E+02  0.0000E+00 -2.0000E-03   1   5
 -8.5673E-04 -4.9103E-04  2.1172E-04  6.1928E+05 -3.5573E+05  1.8831E+02  0.0000E+00 -2.0000E-03   1   5
 -1.2557E-03 -7.6411E-04  8.5086E-04  9.0809E+05 -5.5285E+05  2.9396E+03  0.0000E+00 -2.0000E-03   1   5
 -2.7163E-04 -1.9815E-04  5.9735E-04  1.9689E+05 -1.4421E+05 -2.5269E+03  0.0000E+00 -2.0000E-03   1   5
 -8.3586E-04 -7.8985E-04 -1.5193E-03  6.0389E+05 -5.7123E+05  1.9291E+03  0.0000E+00 -2.0000E-03   1   5
  2.1732E-04  2.8078E-04  1.2406E-03 -1.5746E+05  2.0223E+05 -5.0406E+02  0.0000E+00 -2.0000E-03   1   5
 -1.3116E-04  1.7915E-03  2.0547E-03  9.3574E+04  1.2953E+06  4.5194E+03  0.0000E+00 -2.0000E-03   1   5
 -4.9471E-04 -2.0511E-04  1.5034E-03  3.5757E+05 -1.4893E+05 -5.2050E+02  0.0000E+00 -2.0000E-03   1   5
  1.0557E-04  2.0343E-04 -9.5349E-04 -7.6737E+04  1.4623E+05  4.4862E+03  0.0000E+00 -2.0000E-03   1   5
 -1.1826E-03 -1.0669E-04  1.2158E-03  8.5451E+05 -7.7095E+04 -1.6796E+03  0.0000E+00 -2.0000E-03   1   5
  8.9955E-04  9.4820E-04  7.6563E-04 -6.4993E+05  6.8571E+05  5.4156E+02  0.0000E+00 -2.0000E-03   1   5
 -7.8447E-04 -2.3000E-06  1.9591E-03  5.6599E+05 -1.0793E+03  7.6675E+02  0.0000E+00 -2.0000E-03   1   5
  1.3007E-03  4.3372E-04  1.5108E-03 -9.4085E+05  3.1355E+05  8.7488E+02  0.0000E+00 -2.0000E-03   1   5
  2.4577E-03  5.5930E-04  1.0466E-03 -1.7775E+06  4.0529E+05  3.4875E+01  0.0000E+00 -2.0000E-03   1   5
 -2.6589E-04 -6.2369E-04 -1.0606E-03  1.9084E+05 -4.5076E+05  1.9060E+03  0.0000E+00 -2.0000E-03   1   5
  3.1266E-04  3.9267E-04  9.4122E-04 -2.2547E+05  2.8424E+05  2.7343E+03  0.0000E+00 -2.0000E-03   1   5
  1.0412E-04  8.7849E-04 -1.2225E-03 -7.5605E+04  6.3584E+05  2.3539E+03  0.0000E+00 -2.0000E-03   1   5
 -3.6428E-04 -1.4039E-03  1.8723E-04  2.6236E+05 -1.0156E+06  1.2829E+03  0.0000E+00 -2.0000E-03   1   5
  9.3849E-04 -6.0150E-04  6.6941E-04 -6.7795E+05 -4.3417E+05  3.2731E+02  0.0000E+00 -2.0000E-03   1   5
  3.9654E-04  1.0122E-03 -1.1512E-03 -2.8677E+05  7.3182E+05  2.2712E+03  0.0000E+00 -2.0000E-03   1   5
  8.7995E-04 -1.9866E-05  3.0309E-04 -6.3531E+05 -1.4218E+04 -1.4534E+03  0.0000E+00 -2.0000E-03   1   5
  1.6881E-03  2.8289E-04 -1.5886E-03 -1.2209E+06  2.0375E+05  1.3111E+03  0.0000E+00 -2.0000E-03   1   5
  1.4263E-03 -9.8823E-04  1.0302E-03 -1.0307E+06 -7.1448E+05 -2.0664E+03  0.0000E+00 -2.0000E-03   1   5
  3.8218E-04  1.4661E-03 -8.8671E-04 -2.7665E+05  1.0613E+06 -1.3601E+03  0.0000E+00 -2.0000E-03   1   5
  4.7784E-04 -5.3836E-04  1.2110E-03 -3.4628E+05 -3.8978E+05  2.4012E+02  0.0000E+00 -2.0000E-03   1   5
  9.2543E-04  1.0185E-04  5.7496E-04 -6.6821E+05  7.3163E+04 -1.6604E+03  0.0000E+00 -2.0000E-03   1   5
  3.6053E-04  1.0568E-03 -4.5340E-04 -2.6052E+05  7.6295E+05  2.5048E+03  0.0000E+00 -2.0000E-03   1   5
  5.5936E-04  6.6423E-04  1.5903E-03 -4.0397E+05  4.7982E+05  4.3350E+02  0.0000E+00 -2.0000E-03   1   5
  7.3539E-04  4.3325E-04 -5.9633E-05 -5.3207E+05  3.1405E+05 -3.0699E+03  0.0000E+00 -2.0000E-03   1   5
 -6.7417E-04  5.6312E-05  1.2345E-03  4.8706E+05  4.0078E+04  5.1775E+02  0.0000E+00 -2.0000E-03   1   5
  2.2232E-04 -7.2442E-04  1.1204E-03 -1.5926E+05 -5.2342E+05 -4.8900E+02  0.0000E+00 -2.0000E-03   1   5
 -7.3039E-04  1.0007E-03  9.8352E-04  5.2808E+05  7.2320E+05 -1.5589E+03  0.0000E+00 -2.0000E-03   1   5
  2.5531E-03 -1.0890E-03  9.3987E-04 -1.8447E+06 -7.8690E+05  2.3638E+02  0.0000E+00 -2.0000E-03   1   5
  4.2736E-04 -1.9945E-04  4.3051E-04 -3.0887E+05 -1.4423E+05  2.7750E+02  0.0000E+00 -2.0000E-03   1   5
 -1.4681E-04 -5.9574E-04 -1.2504E-03  1.0611E+05 -4.3133E+05  1.6425E+02  0.0000E+00 -2.0000E-03   1   5
 -4.2912E-05 -5.3910E-04  5.4474E-04  3.0466E+04 -3.9033E+05 -1.2969E+03  0.0000E+00 -2.0000E-03   1   5
  8.7254E-04  4.7256E-04  7.8588E-04 -6.3073E+05  3.4184E+05 -6.1262E+02  0.0000E+00 -2.0000E-03   1   5
 -1.3425E-04 -5.7853E-04 -6.0564E-04  9.8571E+04 -4.1778E+05  7.4800E+02  0.0000E+00 -2.0000E-03   1   5
  2.9779E-04  3.9994E-04  4.3150E-04 -2.1533E+05  2.8981E+05  4.7012E+02  0.0000E+00 -2.0000E-03   1   5
 -1.5384E-03  1.9046E-04 -2.9849E-05  1.1128E+06  1.3742E+05  2.2375E+02  0.0000E+00 -2.0000E-03   1   5
  8.1643E-04  4.3820E-04  6.3045E-04 -5.9043E+05  3.1695E+05  1.9669E+03  0.0000E+00 -2.0000E-03   1   5
 -1.4959E-04 -7.8016E-04  2.0659E-05  1.0784E+05 -5.6298E+05 -1.2344E+03  0.0000E+00 -2.0000E-03   1   5
  1.0310E-03 -1.6439E-03 -2.1752E-04 -7.4560E+05 -1.1886E+06  2.0358E+03  0.0000E+00 -2.0000E-03   1   5
  2.4906E-04 -6.6769E-05 -4.7512E-04 -1.8059E+05 -4.8736E+04  7.1075E+02  0.0000E+00 -2.0000E-03   1   5
 -9.4785E-04 -4.7965E-04 -1.2843E-03  6.8538E+05 -3.4662E+05 -1.0826E+03  0.0000E+00 -2.0000E-03   1   5
  9.2898E-04 -2.2562E-04  1.8399E-03 -6.7093E+05 -1.6356E+05 -2.1875E+02  0.0000E+00 -2.0000E-03   1   5
 -1.0982E-03 -1.3764E-04 -5.0338E-04  7.9326E+05 -9.9163E+04 -1.1604E+03  0.0000E+00 -2.0000E-03   1   5
 -8.6183E-04 -2.0086E-05 -6.3828E-04  6.2201E+05 -1.4922E+04 -6.8450E+02  0.0000E+00 -2.0000E-03   1   5
  7.5458E-04  1.6761E-04  4.3352E-05 -5.4503E+05  1.2141E+05  3.0069E+02  0.0000E+00 -2.0000E-03   1   5
 -5.3025E-04  1.2852E-03 -1.8020E-03  3.8392E+05  9.2978E+05  2.2511E+03  0.0000E+00 -2.0000E-03   1   5
 -1.5398E-03 -7.2008E-04  2.3454E-04  1.1123E+06 -5.2135E+05  4.7044E+02  0.0000E+00 -2.0000E-03   1   5
  2.0642E-04  4.5055E-04 -7.8688E-05 -1.4867E+05  3.2509E+05 -4.5619E+02  0.0000E+00 -2.0000E-03   1   5
 -8.4985E-04 -9.6223E-04 -2.9651E-04  6.1394E+05 -6.9667E+05 -4.6369E+02  0.0000E+00 -2.0000E-03   1   5
  6.3556E-04  2.2711E-04 -3.0967E-04 -4.5866E+05  1.6383E+05 -3.3656E+02  0.0000E+00 -2.0000E-03   1   5
 -2.1977E-04 -5.7915E-04 -7.8007E-04  1.5850E+05 -4.1858E+05  4.9919E+02  0.0000E+00 -2.0000E-03   1   5
  1.3897E-04 -1.1978E-03 -6.3878E-04 -1.0129E+05 -8.6519E+05  2.9214E+03  0.0000E+00 -2.0000E-03   1   5
 -1.0847E-03 -8.9573E-04 -1.4153E-03  7.8396E+05 -6.4724E+05 -2.4419E+03  0.0000E+00 -2.0000E-03   1   5
 -1.1523E-04 -3.4452E-04 -9.9214E-04  8.2396E+04 -2.4788E+05  8.5938E+01  0.0000E+00 -2.0000E-03   1   5
  1.5097E-05  4.0380E-04 -6.1389E-04 -9.9319E+03  2.9070E+05  1.2418E+03  0.0000E+00 -2.0000E-03   1   5
 -1.3740E-04 -2.2837E-04  6.6429E-04  9.9610E+04 -1.6440E+05 -2.7348E+03  0.0000E+00 -2.0000E-03   1   5
  1.5012E-04 -7.5178E-04 -1.2807E-03 -1.0886E+05 -5.4216E+05 -1.0884E+03  0.0000E+00 -2.0000E-03   1   5
 -5.6062E-04 -7.9152E-04  9.1819E-04  4.0546E+05 -5.7170E+05  3.1603E+03  0.0000E+00 -2.0000E-03   1   5
 -7.2712E-04 -1.0186E-03 -3.7021E-05  5.2664E+05 -7.3654E+05 -7.5988E+02  0.0000E+00 -2.0000E-03   1   5
 -2.1748E-04  9.7273E-05 -1.1181E-03  1.5717E+05  7.1161E+04 -2.0388E+02  0.0000E+00 -2.0000E-03   1   5
  3.2234E-05  1.8518E-04 -8.7659E-04 -2.3710E+04  1.3499E+05 -1.2068E+03  0.0000E+00 -2.0000E-03   1   5
  1.0178E-03 -5.7225E-04 -1.6834E-04 -7.3562E+05 -4.1323E+05 -2.9138E+02  0.0000E+00 -2.0000E-03   1   5
  7.2811E-04  1.3590E-04  1.4537E-03 -5.2693E+05  9.8834E+04  1.1179E+03  0.0000E+00 -2.0000E-03   1   5
  6.2512E-04  5.7437E-04 -1.5559E-04 -4.5234E+05  4.1549E+05 -1.3488E+02  0.0000E+00 -2.0000E-03   1   5
  9.0800E-04 -4.3510E-04 -4.6995E-04 -6.5673E+05 -3.1593E+05  7.3162E+02  0.0000E+00 -2.0000E-03   1   5
  9.7359E-04 -7.4021E-04  4.4668E-04 -7.0438E+05 -5.3455E+05  3.7700E+02  0.0000E+00 -2.0000E-03   1   5
 -1.8688E-04 -2.8977E-05 -9.3987E-04  1.3641E+05 -2.0727E+04  1.4688E+02  0.0000E+00 -2.0000E-03   1   5
  1.0657E-03  8.1530E-05  1.2102E-03 -7.7022E+05  5.9383E+04 -6.2650E+02  0.0000E+00 -2.0000E-03   1   5
 -5.4018E-04 -5.2601E-04  2.3756E-04  3.9002E+05 -3.8059E+05 -1.8758E+03  0.0000E+00 -2.0000E-03   1   5
 -6.5931E-04  1.5487E-03  4.0747E-04  4.7658E+05  1.1204E+06  5.2425E+02  0.0000E+00 -2.0000E-03   1   5
  5.5144E-04  1.1468E-03 -1.8173E-03 -3.9991E+05  8.2890E+05  2.0135E+03  0.0000E+00 -2.0000E-03   1   5
  3.4799E-04 -5.3327E-04  3.3294E-04 -2.5239E+05 -3.8558E+05  3.1768E+03  0.0000E+00 -2.0000E-03   1   5
 -1.0552E-04  9.7766E-04 -1.6417E-03  7.5645E+04  7.0694E+05  8.8812E+01  0.0000E+00 -2.0000E-03   1   5
  2.5411E-05 -7.6335E-04  4.9655E-04 -1.8350E+04 -5.5298E+05 -2.1268E+03  0.0000E+00 -2.0000E-03   1   5
  4.5554E-04 -2.7948E-04 -3.4096E-04 -3.2951E+05 -2.0299E+05  3.2388E+03  0.0000E+00 -2.0000E-03   1   5
 -6.8235E-05 -5.3226E-04 -1.2196E-04  4.8294E+04 -3.8569E+05 -4.5438E+02  0.0000E+00 -2.0000E-03   1   5
 -4.3066E-04 -7.6462E-04  4.9749E-06  3.1155E+05 -5.5272E+05 -2.7980E+03  0.0000E+00 -2.0000E-03   1   5
 -3.7047E-05  5.8077E-04 -5.8964E-04  2.7870E+04  4.1952E+05  1.2052E+03  0.0000E+00 -2.0000E-03   1   5
  9.7342E-04  6.0341E-04 -7.4454E-04 -7.0428E+05  4.3590E+05 -9.8700E+02  0.0000E+00 -2.0000E-03   1   5
  1.8121E-04  5.3373E-04 -1.8120E-03 -1.3112E+05  3.8632E+05  1.4566E+03  0.0000E+00 -2.0000E-03   1   5
 -8.1006E-04 -7.3037E-04 -8.1746E-04  5.8571E+05 -5.2790E+05  8.3312E+02  0.0000E+00 -2.0000E-03   1   5
  1.9440E-04 -1.4423E-04  1.2291E-03 -1.4041E+05 -1.0473E+05 -9.7738E+02  0.0000E+00 -2.0000E-03   1   5
  6.9535E-04  7.1824E-04 -1.1252E-03 -5.0279E+05  5.1888E+05 -7.8506E+02  0.0000E+00 -2.0000E-03   1   5
 -6.3201E-04 -3.6468E-04  1.1750E-03  4.5724E+05 -2.6435E+05 -1.9516E+03  0.0000E+00 -2.0000E-03   1   5
  1.2016E-03 -1.5582E-03 -5.1603E-04 -8.6827E+05 -1.1281E+06 -1.9935E+03  0.0000E+00 -2.0000E-03   1   5
  2.1522E-05  1.9281E-03  1.2370E-03 -1.5472E+04  1.3936E+06 -1.4950E+03  0.0000E+00 -2.0000E-03   1   5
  7.7496E-04 -5.1907E-04  1.6653E-03 -5.6005E+05 -3.7590E+05 -3.4011E+03  0.0000E+00 -2.0000E-03   1   5
  3.4279E-04  6.3637E-05  4.0943E-04 -2.4828E+05  4.5101E+04 -1.9834E+03  0.0000E+00 -2.0000E-03   1   5
 -2.8786E-04 -3.0842E-04 -6.3097E-04  2.0808E+05 -2.2445E+05 -4.2980E+03  0.0000E+00 -2.0000E-03   1   5
  1.2538E-03 -5.0146E-04 -1.0686E-03 -9.0612E+05 -3.6288E+05  7.7488E+02  0.0000E+00 -2.0000E-03   1   5
  7.9266E-04 -4.4712E-04  2.1345E-05 -5.7325E+05 -3.2234E+05  1.1155E+03  0.0000E+00 -2.0000E-03   1   5
  1.2004E-03 -5.2316E-04 -1.1198E-03 -8.6785E+05 -3.7801E+05 -1.4406E+03  0.0000E+00 -2.0000E-03   1   5
 -6.2549E-04 -7.4460E-04 -9.5438E-04  4.5238E+05 -5.3768E+05 -1.4776E+03  0.0000E+00 -2.0000E-03   1   5
  6.3867E-04  2.0419E-04  1.6797E-03 -4.6205E+05  1.4878E+05  1.9866E+03  0.0000E+00 -2.0000E-03   1   5
 -1.0080E-03  7.1178E-04 -1.7370E-03  7.2922E+05  5.1633E+05 -1.6018E+03  0.0000E+00 -2.0000E-03   1   5
  6.7676E-04 -4.4307E-04  9.6932E-04 -4.9000E+05 -3.2035E+05 -1.3249E+03  0.0000E+00 -2.0000E-03   1   5
 -7.8303E-04  2.7615E-04  3.2865E-04  5.6767E+05  1.9953E+05  5.3694E+02  0.0000E+00 -2.0000E-03   1   5
  2.3363E-05 -8.4663E-04  7.3391E-04 -1.7639E+04 -6.1241E+05  4.0281E+02  0.0000E+00 -2.0000E-03   1   5
 -7.5770E-04  1.2978E-04 -4.6118E-04  5.4698E+05  9.3358E+04  4.6581E+02  0.0000E+00 -2.0000E-03   1   5
 -1.0029E-03 -5.7830E-04  4.9099E-04  7.2496E+05 -4.1895E+05  1.7094E+03  0.0000E+00 -2.0000E-03   1   5
  4.0867E-04 -1.6803E-04 -1.1511E-03 -2.9437E+05 -1.2125E+05 -4.1087E+03  0.0000E+00 -2.0000E-03   1   5
  9.1458E-04  7.2058E-04 -1.0759E-03 -6.6230E+05  5.2072E+05 -4.3925E+02  0.0000E+00 -2.0000E-03   1   5
  7.0764E-04 -1.1064E-03 -4.0560E-05 -5.1153E+05 -8.0076E+05 -1.3524E+03  0.0000E+00 -2.0000E-03   1   5
  8.8035E-04  6.6590E-04 -4.4167E-04 -6.3641E+05  4.8140E+05 -5.3119E+02  0.0000E+00 -2.0000E-03   1   5
  9.0956E-04 -1.0582E-03 -6.4068E-04 -6.5707E+05 -7.6445E+05 -2.4732E+03  0.0000E+00 -2.0000E-03   1   5
  7.2668E-04  1.7671E-04  9.1685E-04 -5.2475E+05  1.2796E+05  5.9394E+02  0.0000E+00 -2.0000E-03   1   5
  8.2166E-04 -7.9674E-04 -1.2988E-03 -5.9494E+05 -5.7452E+05 -5.0812E+01  0.0000E+00 -2.0000E-03   1   5
 -5.6169E-04 -5.3713E-04  1.9146E-03  4.0695E+05 -3.8733E+05  6.0788E+02  0.0000E+00 -2.0000E-03   1   5
  1.9908E-04  2.6964E-04 -1.4899E-03 -1.4438E+05  1.9529E+05  1.8730E+03  0.0000E+00 -2.0000E-03   1   5
 -5.5387E-05  2.8060E-04 -1.1684E-03  4.0224E+04  2.0094E+05  9.5488E+02  0.0000E+00 -2.0000E-03   1   5
  2.6416E-04 -9.6141E-04  1.0467E-03 -1.9098E+05 -6.9477E+05  1.1291E+03  0.0000E+00 -2.0000E-03   1   5
 -2.5270E-04  3.4477E-04  1.9602E-03  1.8429E+05  2.4858E+05  1.6875E+02  0.0000E+00 -2.0000E-03   1   5
  2.8205E-04  9.6407E-04 -1.3618E-03 -2.0391E+05  6.9751E+05  7.8125E+02  0.0000E+00 -2.0000E-03   1   5
  7.3121E-04 -9.4294E-04  1.0479E-04 -5.2821E+05 -6.8071E+05  6.1862E+02  0.0000E+00 -2.0000E-03   1   5
 -7.0258E-04  1.5909E-03 -4.5134E-04  5.0748E+05  1.1502E+06 -1.6646E+03  0.0000E+00 -2.0000E-03   1   5
 -4.0801E-04  3.4406E-04  8.2466E-04  2.9405E+05  2.4814E+05 -3.5331E+02  0.0000E+00 -2.0000E-03   1   5
  2.5368E-04 -1.0489E-03 -1.8062E-03 -1.8312E+05 -7.5881E+05  1.0918E+03  0.0000E+00 -2.0000E-03   1   5
  1.1249E-03 -1.6244E-04  1.1637E-03 -8.1306E+05 -1.1658E+05 -2.4672E+03  0.0000E+00 -2.0000E-03   1   5
  2.2878E-04  1.1579E-03  2.6049E-04 -1.6431E+05  8.3647E+05 -3.5026E+03  0.0000E+00 -2.0000E-03   1   5
 -1.4013E-03 -4.3260E-04 -6.7979E-04  1.0136E+06 -3.1350E+05 -6.1425E+02  0.0000E+00 -2.0000E-03   1   5
 -6.2911E-06  1.0691E-03  1.0052E-03  3.1565E+03  7.7308E+05  1.4308E+03  0.0000E+00 -2.0000E-03   1   5
  2.0319E-04 -2.1760E-04 -1.1542E-03 -1.4762E+05 -1.5839E+05  2.3163E+03  0.0000E+00 -2.0000E-03   1   5
 -2.1525E-04 -7.8608E-05  1.8009E-04  1.5644E+05 -5.7969E+04 -5.5094E+02  0.0000E+00 -2.0000E-03   1   5
  2.6198E-06 -4.0397E-05 -6.4261E-05 -2.4353E+03 -2.9065E+04  1.6550E+02  0.0000E+00 -2.0000E-03   1   5
 -3.2774E-04 -1.7651E-04 -2.7044E-04  2.3512E+05 -1.2731E+05  7.8644E+02  0.0000E+00 -2.0000E-03   1   5
 -2.3924E-04 -2.3763E-05  3.9574E-04  1.7387E+05 -1.7493E+04  8.7188E+01  0.0000E+00 -2.0000E-03   1   5
 -4.6535E-04  6.4055E-04  1.0009E-03  3.3665E+05  4.6361E+05 -1.6274E+03  0.0000E+00 -2.0000E-03   1   5
  9.3468E-04  1.0191E-03  6.7943E-04 -6.7545E+05  7.3642E+05  6.5488E+02  0.0000E+00 -2.0000E-03   1   5
 -1.1823E-04  3.7788E-04  6.5744E-04  8.5041E+04  2.7208E+05 -1.4281E+02  0.0000E+00 -2.0000E-03   1   5
  1.3414E-04  6.3278E-04 -6.5762E-04 -9.6827E+04  4.5922E+05  6.1562E+01  0.0000E+00 -2.0000E-03   1   5
 -6.7216E-04  1.0520E-03  3.6961E-04  4.8661E+05  7.5968E+05 -2.0155E+03  0.0000E+00 -2.0000E-03   1   5
  1.7042E-03 -8.4643E-04  8.0227E-04 -1.2322E+06 -6.1198E+05  1.4061E+03  0.0000E+00 -2.0000E-03   1   5
  1.4078E-03  1.7292E-03  1.9343E-03 -1.0181E+06  1.2509E+06 -2.9100E+02  0.0000E+00 -2.0000E-03   1   5
 -1.3155E-03  5.4131E-04  1.4069E-03  9.5035E+05  3.9130E+05  8.9919E+02  0.0000E+00 -2.0000E-03   1   5
  9.6438E-04 -1.5050E-03 -4.3522E-04 -6.9662E+05 -1.0876E+06  8.8475E+02  0.0000E+00 -2.0000E-03   1   5
 -1.0175E-03 -2.6981E-04 -1.0473E-03  7.3519E+05 -1.9628E+05 -2.8986E+03  0.0000E+00 -2.0000E-03   1   5
  2.2399E-04  4.6860E-05 -2.7086E-04 -1.6285E+05  3.3703E+04  1.3100E+03  0.0000E+00 -2.0000E-03   1   5
 -2.8143E-04 -1.9323E-03  6.1987E-04  2.0411E+05 -1.3981E+06 -6.4412E+02  0.0000E+00 -2.0000E-03   1   5
  3.6907E-04 -1.3729E-04  1.3187E-03 -2.6768E+05 -9.9032E+04  3.4081E+02  0.0000E+00 -2.0000E-03   1   5
  1.2449E-04 -1.4414E-04 -4.0994E-04 -9.0104E+04 -1.0415E+05 -3.5850E+02  0.0000E+00 -2.0000E-03   1   5
 -3.5559E-04  3.2086E-04 -1.1866E-03  2.5809E+05  2.3202E+05  2.9431E+02  0.0000E+00 -2.0000E-03   1   5
 -1.3403E-03 -1.3666E-03  1.1734E-03  9.6953E+05 -9.8792E+05 -1.4372E+03  0.0000E+00 -2.0000E-03   1   5
  7.2257E-04 -3.2200E-04 -6.1251E-04 -5.2359E+05 -2.3261E+05  1.0962E+02  0.0000E+00 -2.0000E-03   1   5
  5.6394E-04 -3.2559E-04 -1.6455E-03 -4.0892E+05 -2.3651E+05  5.5400E+02  0.0000E+00 -2.0000E-03   1   5
  2.7912E-04 -1.3543E-03 -1.7564E-04 -2.0163E+05 -9.7849E+05 -7.5562E+01  0.0000E+00 -2.0000E-03   1   5
  4.7854E-04 -1.0250E-03  1.5609E-03 -3.4479E+05 -7.4083E+05 -1.4311E+03  0.0000E+00 -2.0000E-03   1   5
 -4.6228E-04 -6.2481E-05  4.2417E-06  3.3406E+05 -4.5133E+04  1.1011E+03  0.0000E+00 -2.0000E-03   1   5
 -6.5414E-04 -8.7858E-05 -7.1979E-04  4.7251E+05 -6.3726E+04 -7.0775E+02  0.0000E+00 -2.0000E-03   1   5
 -8.5652E-04  6.1987E-04 -1.2559E-05  6.1989E+05  4.4774E+05  8.4900E+02  0.0000E+00 -2.0000E-03   1   5
  4.9133E-04  1.0894E-03  1.1296E-03 -3.5573E+05  7.8791E+05 -4.5119E+02  0.0000E+00 -2.0000E-03   1   5
 -6.1633E-04 -6.5244E-04  1.4540E-03  4.4601E+05 -4.7361E+05  5.2344E+02  0.0000E+00 -2.0000E-03   1   5
  7.1148E-04  4.1518E-04 -3.7428E-04 -5.1506E+05  3.0059E+05  3.0112E+02  0.0000E+00 -2.0000E-03   1   5
 -1.1644E-04 -1.0145E-03 -5.8079E-04  8.4119E+04 -7.3320E+05 -5.0344E+02  0.0000E+00 -2.0000E-03   1   5
  5.4685E-05  2.1588E-04 -3.4926E-04 -3.8551E+04  1.5550E+05 -1.1058E+03  0.0000E+00 -2.0000E-03   1   5
  3.9736E-04  8.5614E-04 -5.8099E-04 -2.8813E+05  6.1860E+05 -6.2319E+02  0.0000E+00 -2.0000E-03   1   5
  3.7379E-04 -3.7447E-04  8.9939E-04 -2.7109E+05 -2.7105E+05  2.5106E+03  0.0000E+00 -2.0000E-03   1   5
 -1.8963E-04  1.0284E-03 -6.0902E-04  1.3642E+05  7.4501E+05  4.8006E+02  0.0000E+00 -2.0000E-03   1   5
  8.3318E-04  1.8666E-04 -1.4443E-03 -6.0319E+05  1.3515E+05  1.0421E+03  0.0000E+00 -2.0000E-03   1   5
  1.5817E-03  2.5043E-04  3.8079E-04 -1.1440E+06  1.8112E+05  3.4475E+02  0.0000E+00 -2.0000E-03   1   5
  1.0130E-04 -2.4431E-04 -7.3221E-04 -7.3793E+04 -1.7716E+05 -1.6741E+03  0.0000E+00 -2.0000E-03   1   5
 -1.2037E-03 -5.3947E-04  1.3743E-03  8.7007E+05 -3.8988E+05 -3.5544E+02  0.0000E+00 -2.0000E-03   1   5
  2.5530E-04  1.3951E-04 -1.4287E-04 -1.8460E+05  1.0164E+05 -1.5848E+03  0.0000E+00 -2.0000E-03   1   5
  1.3612E-04  6.0909E-04  1.6703E-04 -9.8561E+04  4.4083E+05 -1.5478E+03  0.0000E+00 -2.0000E-03   1   5
  7.9003E-04  2.1018E-03 -8.3631E-04 -5.7168E+05  1.5205E+06 -7.1419E+02  0.0000E+00 -2.0000E-03   1   5
 -1.9357E-04 -7.6475E-04 -2.8634E-04  1.3859E+05 -5.5385E+05 -2.3698E+03  0.0000E+00 -2.0000E-03   1   5
 -7.3651E-04  1.0108E-03 -6.6289E-04  5.3253E+05  7.3078E+05 -6.9938E+02  0.0000E+00 -2.0000E-03   1   5
