  0.0000E+00  0.0000E+00 -6.5647E-11  1.0000E-04  9.9878E-01  7.8277E-02  1.9336E-07
  2.0000E-03  6.6716E-03  1.4361E-07  2.0000E-03  9.9878E-01  7.8277E-02  9.9753E-01
  4.0000E-03  1.3343E-02  2.8728E-07  3.9963E-03  9.9878E-01  7.8278E-02  9.9846E-01
  6.0000E-03  2.0015E-02  4.3096E-07  5.9935E-03  9.9878E-01  7.8278E-02  9.9864E-01
  8.0000E-03  2.6686E-02  5.7463E-07  7.9908E-03  9.9878E-01  7.8278E-02  9.9870E-01
  1.0000E-02  3.3358E-02  7.1831E-07  9.9883E-03  9.9878E-01  7.8278E-02  9.9873E-01
  1.2000E-02  4.0030E-02  8.6198E-07  1.1986E-02  9.9878E-01  7.8278E-02  9.9874E-01
  1.4000E-02  4.6701E-02  1.0057E-06  1.3983E-02  9.9878E-01  7.8278E-02  9.9875E-01
  1.6000E-02  5.3373E-02  1.1493E-06  1.5981E-02  9.9878E-01  7.8278E-02  9.9876E-01
  1.8000E-02  6.0045E-02  1.2930E-06  1.7978E-02  9.9878E-01  7.8278E-02  9.9876E-01
  2.0000E-02  6.6716E-02  1.4367E-06  1.9976E-02  9.9878E-01  7.8278E-02  9.9876E-01
  2.2000E-02  7.3388E-02  1.5804E-06  2.1973E-02  9.9878E-01  7.8278E-02  9.9877E-01
  2.4000E-02  8.0059E-02  1.7240E-06  2.3971E-02  9.9878E-01  7.8278E-02  9.9877E-01
  2.6000E-02  8.6731E-02  1.8677E-06  2.5968E-02  9.9878E-01  7.8278E-02  9.9877E-01
  2.8000E-02  9.3403E-02  2.0114E-06  2.7966E-02  9.9878E-01  7.8278E-02  9.9877E-01
  3.0000E-02  1.0007E-01  2.1551E-06  2.9963E-02  9.9878E-01  7.8278E-02  9.9877E-01
  3.2000E-02  1.0675E-01  2.2987E-06  3.1961E-02  9.9878E-01  7.8278E-02  9.9877E-01
  3.4000E-02  1.1342E-01  2.4424E-06  3.3959E-02  9.9878E-01  7.8278E-02  9.9877E-01
  3.6000E-02  1.2009E-01  2.5861E-06  3.5956E-02  9.9878E-01  7.8278E-02  9.9877E-01
  3.8000E-02  1.2676E-01  2.7298E-06  3.7954E-02  9.9878E-01  7.8278E-02  9.9877E-01
  4.0000E-02  1.3343E-01  2.8734E-06  3.9951E-02  9.9878E-01  7.8278E-02  9.9877E-01
  4.2000E-02  1.4010E-01  3.0171E-06  4.1949E-02  9.9878E-01  7.8278E-02  9.9877E-01
  4.4000E-02  1.4678E-01  3.1608E-06  4.3946E-02  9.9878E-01  7.8278E-02  9.9877E-01
  4.6000E-02  1.5345E-01  3.3044E-06  4.5944E-02  9.9878E-01  7.8278E-02  9.9877E-01
  4.8000E-02  1.6012E-01  3.4481E-06  4.7941E-02  9.9878E-01  7.8278E-02  9.9877E-01
  5.0000E-02  1.6679E-01  3.5918E-06  4.9939E-02  9.9878E-01  7.8278E-02  9.9877E-01
  5.2000E-02  1.7346E-01  3.7355E-06  5.1936E-02  9.9878E-01  7.8278E-02  9.9877E-01
  5.4000E-02  1.8013E-01  3.8791E-06  5.3934E-02  9.9878E-01  7.8278E-02  9.9878E-01
  5.6000E-02  1.8681E-01  4.0228E-06  5.5932E-02  9.9878E-01  7.8278E-02  9.9878E-01
  5.8000E-02  1.9348E-01  4.1665E-06  5.7929E-02  9.9878E-01  7.8278E-02  9.9878E-01
  6.0000E-02  2.0015E-01  4.3102E-06  5.9927E-02  9.9878E-01  7.8278E-02  9.9878E-01
  6.2000E-02  2.0682E-01  4.4538E-06  6.1924E-02  9.9878E-01  7.8278E-02  9.9878E-01
  6.4000E-02  2.1349E-01  4.5975E-06  6.3922E-02  9.9878E-01  7.8278E-02  9.9878E-01
  6.6000E-02  2.2016E-01  4.7412E-06  6.5919E-02  9.9878E-01  7.8278E-02  9.9878E-01
  6.8000E-02  2.2684E-01  4.8849E-06  6.7917E-02  9.9878E-01  7.8278E-02  9.9878E-01
  7.0000E-02  2.3351E-01  5.0285E-06  6.9914E-02  9.9878E-01  7.8278E-02  9.9878E-01
  7.2000E-02  2.4018E-01  5.1722E-06  7.1912E-02  9.9878E-01  7.8279E-02  9.9878E-01
  7.4000E-02  2.4685E-01  5.3159E-06  7.3910E-02  9.9878E-01  7.8279E-02  9.9878E-01
  7.6000E-02  2.5352E-01  5.4596E-06  7.5907E-02  9.9878E-01  7.8279E-02  9.9878E-01
  7.8000E-02  2.6019E-01  5.6032E-06  7.7905E-02  9.9878E-01  7.8279E-02  9.9878E-01
  8.0000E-02  2.6686E-01  5.7469E-06  7.9902E-02  9.9878E-01  7.8279E-02  9.9878E-01
  8.2000E-02  2.7354E-01  5.8906E-06  8.1900E-02  9.9878E-01  7.8279E-02  9.9878E-01
  8.4000E-02  2.8021E-01  6.0343E-06  8.3897E-02  9.9878E-01  7.8279E-02  9.9878E-01
  8.6000E-02  2.8688E-01  6.1779E-06  8.5895E-02  9.9878E-01  7.8279E-02  9.9878E-01
  8.8000E-02  2.9355E-01  6.3216E-06  8.7892E-02  9.9878E-01  7.8279E-02  9.9878E-01
  9.0000E-02  3.0022E-01  6.4653E-06  8.9890E-02  9.9878E-01  7.8279E-02  9.9878E-01
  9.2000E-02  3.0689E-01  6.6090E-06  9.1888E-02  9.9878E-01  7.8279E-02  9.9878E-01
  9.4000E-02  3.1357E-01  6.7526E-06  9.3885E-02  9.9878E-01  7.8279E-02  9.9878E-01
  9.6000E-02  3.2024E-01  6.8963E-06  9.5883E-02  9.9878E-01  7.8279E-02  9.9878E-01
  9.8000E-02  3.2691E-01  7.0400E-06  9.7880E-02  9.9878E-01  7.8279E-02  9.9878E-01
  1.0000E-01  3.3358E-01  7.1837E-06  9.9878E-02  9.9878E-01  7.8279E-02  9.9878E-01
  1.0200E-01  3.4025E-01  7.3273E-06  1.0188E-01  9.9878E-01  7.8279E-02  9.9878E-01
  1.0400E-01  3.4692E-01  7.4710E-06  1.0387E-01  9.9878E-01  7.8279E-02  9.9878E-01
  1.0600E-01  3.5360E-01  7.6147E-06  1.0587E-01  9.9878E-01  7.8279E-02  9.9878E-01
  1.0800E-01  3.6027E-01  7.7584E-06  1.0787E-01  9.9878E-01  7.8279E-02  9.9878E-01
  1.1000E-01  3.6694E-01  7.9020E-06  1.0987E-01  9.9878E-01  7.8279E-02  9.9878E-01
  1.1200E-01  3.7361E-01  8.0457E-06  1.1186E-01  9.9878E-01  7.8279E-02  9.9878E-01
  1.1400E-01  3.8028E-01  8.1894E-06  1.1386E-01  9.9878E-01  7.8279E-02  9.9878E-01
  1.1600E-01  3.8695E-01  8.3331E-06  1.1586E-01  9.9878E-01  7.8279E-02  9.9878E-01
  1.1800E-01  3.9363E-01  8.4767E-06  1.1786E-01  9.9878E-01  7.8279E-02  9.9878E-01
  1.2000E-01  4.0030E-01  8.6204E-06  1.1985E-01  9.9878E-01  7.8279E-02  9.9878E-01
  1.2200E-01  4.0697E-01  8.7641E-06  1.2185E-01  9.9878E-01  7.8279E-02  9.9878E-01
  1.2400E-01  4.1364E-01  8.9078E-06  1.2385E-01  9.9878E-01  7.8279E-02  9.9878E-01
  1.2600E-01  4.2031E-01  9.0514E-06  1.2585E-01  9.9878E-01  7.8279E-02  9.9878E-01
  1.2800E-01  4.2698E-01  9.1951E-06  1.2784E-01  9.9878E-01  7.8279E-02  9.9878E-01
  1.3000E-01  4.3366E-01  9.3388E-06  1.2984E-01  9.9878E-01  7.8279E-02  9.9878E-01
  1.3200E-01  4.4033E-01  9.4825E-06  1.3184E-01  9.9878E-01  7.8279E-02  9.9878E-01
  1.3400E-01  4.4700E-01  9.6261E-06  1.3384E-01  9.9878E-01  7.8279E-02  9.9878E-01
  1.3600E-01  4.5367E-01  9.7698E-06  1.3583E-01  9.9878E-01  7.8280E-02  9.9878E-01
  1.3800E-01  4.6034E-01  9.9135E-06  1.3783E-01  9.9878E-01  7.8280E-02  9.9878E-01
  1.4000E-01  4.6701E-01  1.0057E-05  1.3983E-01  9.9878E-01  7.8280E-02  9.9878E-01
  1.4200E-01  4.7369E-01  1.0201E-05  1.4183E-01  9.9878E-01  7.8280E-02  9.9878E-01
  1.4400E-01  4.8036E-01  1.0345E-05  1.4382E-01  9.9878E-01  7.8280E-02  9.9878E-01
  1.4600E-01  4.8703E-01  1.0488E-05  1.4582E-01  9.9878E-01  7.8280E-02  9.9878E-01
  1.4800E-01  4.9370E-01  1.0632E-05  1.4782E-01  9.9878E-01  7.8280E-02  9.9878E-01
  1.5000E-01  5.0037E-01  1.0776E-05  1.4982E-01  9.9878E-01  7.8280E-02  9.9878E-01
  1.5200E-01  5.0704E-01  1.0919E-05  1.5181E-01  9.9878E-01  7.8280E-02  9.9878E-01
  1.5400E-01  5.1371E-01  1.1063E-05  1.5381E-01  9.9878E-01  7.8280E-02  9.9878E-01
  1.5600E-01  5.2039E-01  1.1207E-05  1.5581E-01  9.9878E-01  7.8280E-02  9.9878E-01
  1.5800E-01  5.2706E-01  1.1350E-05  1.5781E-01  9.9878E-01  7.8280E-02  9.9878E-01
  1.6000E-01  5.3373E-01  1.1494E-05  1.5980E-01  9.9878E-01  7.8280E-02  9.9878E-01
  1.6200E-01  5.4040E-01  1.1638E-05  1.6180E-01  9.9878E-01  7.8280E-02  9.9878E-01
  1.6400E-01  5.4707E-01  1.1781E-05  1.6380E-01  9.9878E-01  7.8280E-02  9.9878E-01
  1.6600E-01  5.5374E-01  1.1925E-05  1.6580E-01  9.9878E-01  7.8280E-02  9.9878E-01
  1.6800E-01  5.6042E-01  1.2069E-05  1.6779E-01  9.9878E-01  7.8280E-02  9.9878E-01
  1.7000E-01  5.6709E-01  1.2212E-05  1.6979E-01  9.9878E-01  7.8280E-02  9.9878E-01
  1.7200E-01  5.7376E-01  1.2356E-05  1.7179E-01  9.9878E-01  7.8280E-02  9.9878E-01
  1.7400E-01  5.8043E-01  1.2500E-05  1.7379E-01  9.9878E-01  7.8280E-02  9.9878E-01
  1.7600E-01  5.8710E-01  1.2643E-05  1.7578E-01  9.9878E-01  7.8280E-02  9.9878E-01
  1.7800E-01  5.9377E-01  1.2787E-05  1.7778E-01  9.9878E-01  7.8280E-02  9.9878E-01
  1.8000E-01  6.0045E-01  1.2931E-05  1.7978E-01  9.9878E-01  7.8280E-02  9.9878E-01
  1.8200E-01  6.0712E-01  1.3074E-05  1.8178E-01  9.9878E-01  7.8280E-02  9.9878E-01
  1.8400E-01  6.1379E-01  1.3218E-05  1.8377E-01  9.9878E-01  7.8280E-02  9.9878E-01
  1.8600E-01  6.2046E-01  1.3362E-05  1.8577E-01  9.9878E-01  7.8280E-02  9.9878E-01
  1.8800E-01  6.2713E-01  1.3505E-05  1.8777E-01  9.9878E-01  7.8280E-02  9.9878E-01
  1.9000E-01  6.3380E-01  1.3649E-05  1.8977E-01  9.9878E-01  7.8280E-02  9.9878E-01
  1.9200E-01  6.4048E-01  1.3793E-05  1.9177E-01  9.9878E-01  7.8280E-02  9.9878E-01
  1.9400E-01  6.4715E-01  1.3936E-05  1.9376E-01  9.9894E-01  7.8280E-02  9.9894E-01
  1.9600E-01  6.5382E-01  1.4080E-05  1.9576E-01  9.9958E-01  7.8294E-02  9.9958E-01
  1.9800E-01  6.6049E-01  1.4225E-05  1.9776E-01  1.0016E+00  7.8507E-02  1.0016E+00
  2.0000E-01  6.6716E-01  1.4372E-05  1.9977E-01  1.0075E+00  8.0448E-02  1.0075E+00
  2.0200E-01  6.7383E-01  1.4526E-05  2.0180E-01  1.0230E+00  9.1061E-02  1.0230E+00
  2.0400E-01  6.8050E-01 -2.5337E-04  2.0374E-01  1.0547E+00  1.1462E-01  1.0547E+00
  2.0600E-01  6.8718E-01 -1.7382E-05  2.0590E-01  1.1051E+00  1.3636E-01  1.1051E+00
  2.0800E-01  6.9385E-01 -4.8966E-05  2.0828E-01  1.1677E+00  1.4730E-01  1.1677E+00
  2.1000E-01  7.0052E-01 -1.5363E-04  2.1064E-01  1.2348E+00  1.4991E-01  1.2348E+00
  2.1200E-01  7.0719E-01 -3.1127E-04  2.1324E-01  1.3051E+00  1.5022E-01  1.3051E+00
  2.1400E-01  7.1386E-01 -3.7645E-04  2.1599E-01  1.3769E+00  1.4996E-01  1.3769E+00
  2.1600E-01  7.2053E-01 -6.6091E-04  2.1883E-01  1.4496E+00  1.4922E-01  1.4496E+00
  2.1800E-01  7.2720E-01 -4.6065E-04  2.2183E-01  1.5234E+00  1.4849E-01  1.5234E+00
  2.2000E-01  7.3387E-01 -3.9045E-04  2.2504E-01  1.5986E+00  1.4782E-01  1.5986E+00
  2.2200E-01  7.4054E-01 -1.4364E-04  2.2827E-01  1.6740E+00  1.4693E-01  1.6740E+00
  2.2400E-01  7.4722E-01  1.0195E-04  2.3166E-01  1.7504E+00  1.4608E-01  1.7504E+00
  2.2600E-01  7.5389E-01  1.0264E-04  2.3526E-01  1.8286E+00  1.4565E-01  1.8286E+00
  2.2800E-01  7.6056E-01  1.1574E-04  2.3905E-01  1.9081E+00  1.4553E-01  1.9081E+00
  2.3000E-01  7.6723E-01  1.7399E-04  2.4292E-01  1.9882E+00  1.4523E-01  1.9882E+00
  2.3200E-01  7.7390E-01  2.1984E-04  2.4696E-01  2.0691E+00  1.4460E-01  2.0691E+00
  2.3400E-01  7.8057E-01  2.2362E-04  2.5118E-01  2.1499E+00  1.4314E-01  2.1499E+00
  2.3600E-01  7.8724E-01  2.2755E-04  2.5556E-01  2.2276E+00  1.3964E-01  2.2276E+00
  2.3800E-01  7.9391E-01  2.3161E-04  2.6008E-01  2.2952E+00  1.3303E-01  2.2952E+00
  2.4000E-01  8.0059E-01  2.3577E-04  2.6472E-01  2.3429E+00  1.2482E-01  2.3429E+00
  2.4200E-01  8.0726E-01  2.3999E-04  2.6944E-01  2.3680E+00  1.1886E-01  2.3680E+00
  2.4400E-01  8.1393E-01  2.4424E-04  2.7418E-01  2.3782E+00  1.1603E-01  2.3782E+00
  2.4600E-01  8.2060E-01  2.4850E-04  2.7895E-01  2.3818E+00  1.1496E-01  2.3818E+00
  2.4800E-01  8.2727E-01  2.5276E-04  2.8371E-01  2.3830E+00  1.1458E-01  2.3830E+00
  2.5000E-01  8.3394E-01  2.5703E-04  2.8848E-01  2.3834E+00  1.1446E-01  2.3834E+00
  2.5200E-01  8.4061E-01  2.6129E-04  2.9324E-01  2.3834E+00  1.1446E-01  2.3834E+00
  2.5400E-01  8.4728E-01  2.6556E-04  2.9801E-01  2.3834E+00  1.1446E-01  2.3834E+00
  2.5600E-01  8.5396E-01  2.6982E-04  3.0278E-01  2.3834E+00  1.1446E-01  2.3834E+00
  2.5800E-01  8.6063E-01  2.7409E-04  3.0754E-01  2.3834E+00  1.1446E-01  2.3834E+00
  2.6000E-01  8.6730E-01  2.7835E-04  3.1231E-01  2.3834E+00  1.1446E-01  2.3834E+00
  2.6200E-01  8.7397E-01  2.8262E-04  3.1708E-01  2.3834E+00  1.1446E-01  2.3834E+00
  2.6400E-01  8.8064E-01  2.8689E-04  3.2184E-01  2.3834E+00  1.1446E-01  2.3834E+00
  2.6600E-01  8.8731E-01  2.9115E-04  3.2661E-01  2.3834E+00  1.1446E-01  2.3834E+00
  2.6800E-01  8.9398E-01  2.9542E-04  3.3138E-01  2.3834E+00  1.1446E-01  2.3834E+00
  2.7000E-01  9.0066E-01  2.9968E-04  3.3615E-01  2.3834E+00  1.1446E-01  2.3834E+00
  2.7200E-01  9.0733E-01  3.0395E-04  3.4091E-01  2.3834E+00  1.1446E-01  2.3834E+00
  2.7400E-01  9.1400E-01  3.0821E-04  3.4568E-01  2.3834E+00  1.1446E-01  2.3834E+00
  2.7600E-01  9.2067E-01  3.1248E-04  3.5045E-01  2.3834E+00  1.1446E-01  2.3834E+00
  2.7800E-01  9.2734E-01  3.1675E-04  3.5521E-01  2.3834E+00  1.1446E-01  2.3834E+00
  2.8000E-01  9.3401E-01  3.2101E-04  3.5998E-01  2.3834E+00  1.1446E-01  2.3834E+00
  2.8200E-01  9.4068E-01  3.2528E-04  3.6475E-01  2.3834E+00  1.1446E-01  2.3834E+00
  2.8400E-01  9.4735E-01  3.2954E-04  3.6951E-01  2.3834E+00  1.1445E-01  2.3834E+00
  2.8600E-01  9.5403E-01  3.3381E-04  3.7428E-01  2.3834E+00  1.1445E-01  2.3834E+00
  2.8800E-01  9.6070E-01  3.3807E-04  3.7905E-01  2.3834E+00  1.1445E-01  2.3834E+00
  2.9000E-01  9.6737E-01  3.4234E-04  3.8381E-01  2.3834E+00  1.1445E-01  2.3834E+00
  2.9200E-01  9.7404E-01  3.4661E-04  3.8858E-01  2.3834E+00  1.1445E-01  2.3834E+00
  2.9400E-01  9.8071E-01  3.5087E-04  3.9335E-01  2.3834E+00  1.1445E-01  2.3834E+00
  2.9600E-01  9.8738E-01  3.5514E-04  3.9811E-01  2.3834E+00  1.1445E-01  2.3834E+00
  2.9800E-01  9.9405E-01  3.5940E-04  4.0288E-01  2.3834E+00  1.1445E-01  2.3834E+00
  3.0000E-01  1.0007E+00  3.6367E-04  4.0765E-01  2.3834E+00  1.1445E-01  2.3834E+00
  3.0200E-01  1.0074E+00  3.6793E-04  4.1241E-01  2.3834E+00  1.1445E-01  2.3834E+00
  3.0400E-01  1.0141E+00  3.7220E-04  4.1718E-01  2.3834E+00  1.1445E-01  2.3834E+00
  3.0600E-01  1.0207E+00  3.7647E-04  4.2195E-01  2.3834E+00  1.1445E-01  2.3834E+00
  3.0800E-01  1.0274E+00  3.8073E-04  4.2671E-01  2.3834E+00  1.1445E-01  2.3834E+00
  3.1000E-01  1.0341E+00  3.8500E-04  4.3148E-01  2.3834E+00  1.1445E-01  2.3834E+00
  3.1200E-01  1.0408E+00  3.8926E-04  4.3625E-01  2.3834E+00  1.1445E-01  2.3834E+00
  3.1400E-01  1.0474E+00  3.9353E-04  4.4102E-01  2.3834E+00  1.1445E-01  2.3834E+00
  3.1600E-01  1.0541E+00  3.9779E-04  4.4578E-01  2.3834E+00  1.1445E-01  2.3834E+00
  3.1800E-01  1.0608E+00  4.0206E-04  4.5055E-01  2.3834E+00  1.1445E-01  2.3834E+00
  3.2000E-01  1.0674E+00  4.0633E-04  4.5532E-01  2.3834E+00  1.1445E-01  2.3834E+00
  3.2200E-01  1.0741E+00  4.1059E-04  4.6008E-01  2.3834E+00  1.1444E-01  2.3834E+00
  3.2400E-01  1.0808E+00  4.1486E-04  4.6485E-01  2.3834E+00  1.1444E-01  2.3834E+00
  3.2600E-01  1.0875E+00  4.1912E-04  4.6962E-01  2.3834E+00  1.1444E-01  2.3834E+00
  3.2800E-01  1.0941E+00  4.2339E-04  4.7438E-01  2.3834E+00  1.1444E-01  2.3834E+00
  3.3000E-01  1.1008E+00  4.2765E-04  4.7915E-01  2.3834E+00  1.1444E-01  2.3834E+00
  3.3200E-01  1.1075E+00  4.3192E-04  4.8392E-01  2.3834E+00  1.1444E-01  2.3834E+00
  3.3400E-01  1.1141E+00  4.3619E-04  4.8868E-01  2.3834E+00  1.1444E-01  2.3834E+00
  3.3600E-01  1.1208E+00  4.4045E-04  4.9345E-01  2.3834E+00  1.1444E-01  2.3834E+00
  3.3800E-01  1.1275E+00  4.4472E-04  4.9822E-01  2.3834E+00  1.1444E-01  2.3834E+00
  3.4000E-01  1.1342E+00  4.4898E-04  5.0298E-01  2.3834E+00  1.1444E-01  2.3834E+00
  3.4200E-01  1.1408E+00  4.5325E-04  5.0775E-01  2.3834E+00  1.1444E-01  2.3834E+00
  3.4400E-01  1.1475E+00  4.5751E-04  5.1252E-01  2.3834E+00  1.1444E-01  2.3834E+00
  3.4600E-01  1.1542E+00  4.6178E-04  5.1728E-01  2.3834E+00  1.1444E-01  2.3834E+00
  3.4800E-01  1.1608E+00  4.6605E-04  5.2205E-01  2.3834E+00  1.1444E-01  2.3834E+00
  3.5000E-01  1.1675E+00  4.7031E-04  5.2682E-01  2.3834E+00  1.1444E-01  2.3834E+00
  3.5200E-01  1.1742E+00  4.7458E-04  5.3159E-01  2.3834E+00  1.1444E-01  2.3834E+00
  3.5400E-01  1.1809E+00  4.7884E-04  5.3635E-01  2.3834E+00  1.1444E-01  2.3834E+00
  3.5600E-01  1.1875E+00  4.8311E-04  5.4112E-01  2.3834E+00  1.1444E-01  2.3834E+00
  3.5800E-01  1.1942E+00  4.8737E-04  5.4589E-01  2.3834E+00  1.1444E-01  2.3834E+00
  3.6000E-01  1.2009E+00  4.9164E-04  5.5065E-01  2.3834E+00  1.1443E-01  2.3834E+00
  3.6200E-01  1.2075E+00  4.9591E-04  5.5542E-01  2.3834E+00  1.1443E-01  2.3834E+00
  3.6400E-01  1.2142E+00  5.0017E-04  5.6019E-01  2.3834E+00  1.1443E-01  2.3834E+00
  3.6600E-01  1.2209E+00  5.0444E-04  5.6495E-01  2.3834E+00  1.1443E-01  2.3834E+00
  3.6800E-01  1.2276E+00  5.0870E-04  5.6972E-01  2.3834E+00  1.1443E-01  2.3834E+00
  3.7000E-01  1.2342E+00  5.1297E-04  5.7449E-01  2.3834E+00  1.1443E-01  2.3834E+00
  3.7200E-01  1.2409E+00  5.1723E-04  5.7925E-01  2.3834E+00  1.1443E-01  2.3834E+00
  3.7400E-01  1.2476E+00  5.2150E-04  5.8402E-01  2.3834E+00  1.1443E-01  2.3834E+00
  3.7600E-01  1.2542E+00  5.2577E-04  5.8879E-01  2.3834E+00  1.1443E-01  2.3834E+00
  3.7800E-01  1.2609E+00  5.3003E-04  5.9355E-01  2.3834E+00  1.1443E-01  2.3834E+00
  3.8000E-01  1.2676E+00  5.3430E-04  5.9832E-01  2.3834E+00  1.1443E-01  2.3834E+00
  3.8200E-01  1.2743E+00  5.3856E-04  6.0309E-01  2.3834E+00  1.1443E-01  2.3834E+00
  3.8400E-01  1.2809E+00  5.4283E-04  6.0785E-01  2.3834E+00  1.1443E-01  2.3834E+00
  3.8600E-01  1.2876E+00  5.4709E-04  6.1262E-01  2.3834E+00  1.1443E-01  2.3834E+00
  3.8800E-01  1.2943E+00  5.5136E-04  6.1739E-01  2.3834E+00  1.1443E-01  2.3834E+00
  3.9000E-01  1.3009E+00  5.5563E-04  6.2215E-01  2.3834E+00  1.1443E-01  2.3834E+00
  3.9200E-01  1.3076E+00  5.5989E-04  6.2692E-01  2.3834E+00  1.1443E-01  2.3834E+00
  3.9400E-01  1.3143E+00  5.6416E-04  6.3169E-01  2.3834E+00  1.1443E-01  2.3834E+00
  3.9600E-01  1.3209E+00  5.6842E-04  6.3646E-01  2.3834E+00  1.1443E-01  2.3834E+00
  3.9800E-01  1.3276E+00  5.7269E-04  6.4122E-01  2.3834E+00  1.1442E-01  2.3834E+00
  4.0000E-01  1.3343E+00  5.7695E-04  6.4599E-01  2.3834E+00  1.1442E-01  2.3834E+00
  4.0200E-01  1.3410E+00  5.8122E-04  6.5076E-01  2.3834E+00  1.1442E-01  2.3834E+00
  4.0400E-01  1.3476E+00  5.8549E-04  6.5552E-01  2.3834E+00  1.1442E-01  2.3834E+00
  4.0600E-01  1.3543E+00  5.8975E-04  6.6029E-01  2.3834E+00  1.1442E-01  2.3834E+00
  4.0800E-01  1.3610E+00  5.9402E-04  6.6506E-01  2.3834E+00  1.1442E-01  2.3834E+00
  4.1000E-01  1.3676E+00  5.9828E-04  6.6982E-01  2.3834E+00  1.1442E-01  2.3834E+00
  4.1200E-01  1.3743E+00  6.0255E-04  6.7459E-01  2.3834E+00  1.1442E-01  2.3834E+00
  4.1400E-01  1.3810E+00  6.0681E-04  6.7936E-01  2.3834E+00  1.1442E-01  2.3834E+00
  4.1600E-01  1.3877E+00  6.1108E-04  6.8412E-01  2.3834E+00  1.1442E-01  2.3834E+00
  4.1800E-01  1.3943E+00  6.1535E-04  6.8889E-01  2.3834E+00  1.1442E-01  2.3834E+00
  4.2000E-01  1.4010E+00  6.1961E-04  6.9366E-01  2.3834E+00  1.1442E-01  2.3834E+00
  4.2200E-01  1.4077E+00  6.2388E-04  6.9842E-01  2.3834E+00  1.1442E-01  2.3834E+00
  4.2400E-01  1.4143E+00  6.2814E-04  7.0319E-01  2.3834E+00  1.1442E-01  2.3834E+00
  4.2600E-01  1.4210E+00  6.3241E-04  7.0796E-01  2.3834E+00  1.1442E-01  2.3834E+00
  4.2800E-01  1.4277E+00  6.3667E-04  7.1272E-01  2.3834E+00  1.1442E-01  2.3834E+00
  4.3000E-01  1.4344E+00  6.4094E-04  7.1749E-01  2.3834E+00  1.1442E-01  2.3834E+00
  4.3200E-01  1.4410E+00  6.4520E-04  7.2226E-01  2.3834E+00  1.1442E-01  2.3834E+00
  4.3400E-01  1.4477E+00  6.4947E-04  7.2702E-01  2.3834E+00  1.1442E-01  2.3834E+00
  4.3600E-01  1.4544E+00  6.5374E-04  7.3179E-01  2.3834E+00  1.1442E-01  2.3834E+00
  4.3800E-01  1.4610E+00  6.5800E-04  7.3656E-01  2.3834E+00  1.1441E-01  2.3834E+00
  4.4000E-01  1.4677E+00  6.6227E-04  7.4133E-01  2.3834E+00  1.1441E-01  2.3834E+00
  4.4200E-01  1.4744E+00  6.6653E-04  7.4609E-01  2.3834E+00  1.1441E-01  2.3834E+00
  4.4400E-01  1.4811E+00  6.7080E-04  7.5086E-01  2.3834E+00  1.1441E-01  2.3834E+00
  4.4600E-01  1.4877E+00  6.7506E-04  7.5563E-01  2.3834E+00  1.1441E-01  2.3834E+00
  4.4800E-01  1.4944E+00  6.7933E-04  7.6039E-01  2.3834E+00  1.1441E-01  2.3834E+00
  4.5000E-01  1.5011E+00  6.8360E-04  7.6516E-01  2.3834E+00  1.1441E-01  2.3834E+00
  4.5200E-01  1.5077E+00  6.8786E-04  7.6993E-01  2.3834E+00  1.1441E-01  2.3834E+00
  4.5400E-01  1.5144E+00  6.9213E-04  7.7469E-01  2.3834E+00  1.1441E-01  2.3834E+00
  4.5600E-01  1.5211E+00  6.9639E-04  7.7946E-01  2.3834E+00  1.1441E-01  2.3834E+00
  4.5800E-01  1.5278E+00  7.0066E-04  7.8423E-01  2.3834E+00  1.1441E-01  2.3834E+00
  4.6000E-01  1.5344E+00  7.0492E-04  7.8899E-01  2.3834E+00  1.1441E-01  2.3834E+00
  4.6200E-01  1.5411E+00  7.0919E-04  7.9376E-01  2.3834E+00  1.1441E-01  2.3834E+00
  4.6400E-01  1.5478E+00  7.1346E-04  7.9853E-01  2.3834E+00  1.1441E-01  2.3834E+00
  4.6600E-01  1.5544E+00  7.1772E-04  8.0329E-01  2.3834E+00  1.1441E-01  2.3834E+00
  4.6800E-01  1.5611E+00  7.2199E-04  8.0806E-01  2.3834E+00  1.1441E-01  2.3834E+00
  4.7000E-01  1.5678E+00  7.2625E-04  8.1283E-01  2.3834E+00  1.1441E-01  2.3834E+00
  4.7200E-01  1.5745E+00  7.3052E-04  8.1759E-01  2.3834E+00  1.1441E-01  2.3834E+00
  4.7400E-01  1.5811E+00  7.3478E-04  8.2236E-01  2.3834E+00  1.1441E-01  2.3834E+00
  4.7600E-01  1.5878E+00  7.3905E-04  8.2713E-01  2.3834E+00  1.1441E-01  2.3834E+00
  4.7800E-01  1.5945E+00  7.4332E-04  8.3189E-01  2.3834E+00  1.1440E-01  2.3834E+00
  4.8000E-01  1.6011E+00  7.4758E-04  8.3666E-01  2.3834E+00  1.1440E-01  2.3834E+00
  4.8200E-01  1.6078E+00  7.5185E-04  8.4143E-01  2.3834E+00  1.1440E-01  2.3834E+00
  4.8400E-01  1.6145E+00  7.5611E-04  8.4620E-01  2.3834E+00  1.1440E-01  2.3834E+00
  4.8600E-01  1.6212E+00  7.6038E-04  8.5096E-01  2.3834E+00  1.1440E-01  2.3834E+00
  4.8800E-01  1.6278E+00  7.6464E-04  8.5573E-01  2.3834E+00  1.1440E-01  2.3834E+00
  4.9000E-01  1.6345E+00  7.6891E-04  8.6050E-01  2.3834E+00  1.1440E-01  2.3834E+00
  4.9200E-01  1.6412E+00  7.7318E-04  8.6526E-01  2.3834E+00  1.1440E-01  2.3834E+00
  4.9400E-01  1.6478E+00  7.7744E-04  8.7003E-01  2.3834E+00  1.1440E-01  2.3834E+00
  4.9600E-01  1.6545E+00  7.8171E-04  8.7480E-01  2.3834E+00  1.1440E-01  2.3834E+00
  4.9800E-01  1.6612E+00  7.8597E-04  8.7956E-01  2.3834E+00  1.1440E-01  2.3834E+00
  5.0000E-01  1.6679E+00  7.9024E-04  8.8433E-01  2.3834E+00  1.1440E-01  2.3834E+00
  5.0200E-01  1.6745E+00  7.9450E-04  8.8910E-01  2.3834E+00  1.1440E-01  2.3834E+00
  5.0400E-01  1.6812E+00  7.9877E-04  8.9386E-01  2.3834E+00  1.1440E-01  2.3834E+00
  5.0600E-01  1.6879E+00  8.0304E-04  8.9863E-01  2.3834E+00  1.1440E-01  2.3834E+00
  5.0800E-01  1.6945E+00  8.0730E-04  9.0340E-01  2.3834E+00  1.1440E-01  2.3834E+00
  5.1000E-01  1.7012E+00  8.1157E-04  9.0816E-01  2.3834E+00  1.1440E-01  2.3834E+00
  5.1200E-01  1.7079E+00  8.1583E-04  9.1293E-01  2.3834E+00  1.1440E-01  2.3834E+00
  5.1400E-01  1.7146E+00  8.2010E-04  9.1770E-01  2.3834E+00  1.1440E-01  2.3834E+00
  5.1600E-01  1.7212E+00  8.2436E-04  9.2246E-01  2.3834E+00  1.1440E-01  2.3834E+00
  5.1800E-01  1.7279E+00  8.2863E-04  9.2723E-01  2.3834E+00  1.1440E-01  2.3834E+00
  5.2000E-01  1.7346E+00  8.3290E-04  9.3200E-01  2.3834E+00  1.1440E-01  2.3834E+00
  5.2200E-01  1.7412E+00  8.3716E-04  9.3677E-01  2.3834E+00  1.1439E-01  2.3834E+00
  5.2400E-01  1.7479E+00  8.4143E-04  9.4153E-01  2.3834E+00  1.1439E-01  2.3834E+00
  5.2600E-01  1.7546E+00  8.4569E-04  9.4630E-01  2.3834E+00  1.1439E-01  2.3834E+00
  5.2800E-01  1.7613E+00  8.4996E-04  9.5107E-01  2.3834E+00  1.1439E-01  2.3834E+00
  5.3000E-01  1.7679E+00  8.5422E-04  9.5583E-01  2.3834E+00  1.1439E-01  2.3834E+00
  5.3200E-01  1.7746E+00  8.5849E-04  9.6060E-01  2.3834E+00  1.1439E-01  2.3834E+00
  5.3400E-01  1.7813E+00  8.6276E-04  9.6537E-01  2.3834E+00  1.1439E-01  2.3834E+00
  5.3600E-01  1.7879E+00  8.6702E-04  9.7013E-01  2.3834E+00  1.1439E-01  2.3834E+00
  5.3800E-01  1.7946E+00  8.7129E-04  9.7490E-01  2.3834E+00  1.1439E-01  2.3834E+00
  5.4000E-01  1.8013E+00  8.7555E-04  9.7967E-01  2.3834E+00  1.1439E-01  2.3834E+00
  5.4200E-01  1.8080E+00  8.7982E-04  9.8443E-01  2.3834E+00  1.1439E-01  2.3834E+00
  5.4400E-01  1.8146E+00  8.8408E-04  9.8920E-01  2.3834E+00  1.1439E-01  2.3834E+00
  5.4600E-01  1.8213E+00  8.8835E-04  9.9397E-01  2.3834E+00  1.1439E-01  2.3834E+00
  5.4800E-01  1.8280E+00  8.9262E-04  9.9873E-01  2.3834E+00  1.1439E-01  2.3834E+00
  5.5000E-01  1.8346E+00  8.9688E-04  1.0035E+00  2.3834E+00  1.1439E-01  2.3834E+00
  5.5200E-01  1.8413E+00  9.0115E-04  1.0083E+00  2.3834E+00  1.1439E-01  2.3834E+00
  5.5400E-01  1.8480E+00  9.0541E-04  1.0130E+00  2.3834E+00  1.1439E-01  2.3834E+00
  5.5600E-01  1.8547E+00  9.0968E-04  1.0178E+00  2.3834E+00  1.1439E-01  2.3834E+00
  5.5800E-01  1.8613E+00  9.1394E-04  1.0226E+00  2.3834E+00  1.1439E-01  2.3834E+00
  5.6000E-01  1.8680E+00  9.1821E-04  1.0273E+00  2.3834E+00  1.1439E-01  2.3834E+00
  5.6200E-01  1.8747E+00  9.2248E-04  1.0321E+00  2.3834E+00  1.1439E-01  2.3834E+00
  5.6400E-01  1.8813E+00  9.2674E-04  1.0369E+00  2.3834E+00  1.1439E-01  2.3834E+00
  5.6600E-01  1.8880E+00  9.3101E-04  1.0416E+00  2.3834E+00  1.1438E-01  2.3834E+00
  5.6800E-01  1.8947E+00  9.3527E-04  1.0464E+00  2.3834E+00  1.1438E-01  2.3834E+00
  5.7000E-01  1.9014E+00  9.3954E-04  1.0512E+00  2.3834E+00  1.1438E-01  2.3834E+00
  5.7200E-01  1.9080E+00  9.4380E-04  1.0559E+00  2.3834E+00  1.1438E-01  2.3834E+00
  5.7400E-01  1.9147E+00  9.4807E-04  1.0607E+00  2.3834E+00  1.1438E-01  2.3834E+00
  5.7600E-01  1.9214E+00  9.5234E-04  1.0655E+00  2.3834E+00  1.1438E-01  2.3834E+00
  5.7800E-01  1.9280E+00  9.5660E-04  1.0702E+00  2.3834E+00  1.1438E-01  2.3834E+00
  5.8000E-01  1.9347E+00  9.6087E-04  1.0750E+00  2.3834E+00  1.1438E-01  2.3834E+00
  5.8200E-01  1.9414E+00  9.6513E-04  1.0798E+00  2.3834E+00  1.1438E-01  2.3834E+00
  5.8400E-01  1.9481E+00  9.6940E-04  1.0845E+00  2.3834E+00  1.1438E-01  2.3834E+00
  5.8600E-01  1.9547E+00  9.7366E-04  1.0893E+00  2.3834E+00  1.1438E-01  2.3834E+00
  5.8800E-01  1.9614E+00  9.7793E-04  1.0941E+00  2.3834E+00  1.1438E-01  2.3834E+00
  5.9000E-01  1.9681E+00  9.8220E-04  1.0988E+00  2.3834E+00  1.1438E-01  2.3834E+00
  5.9200E-01  1.9747E+00  9.8646E-04  1.1036E+00  2.3834E+00  1.1438E-01  2.3834E+00
  5.9400E-01  1.9814E+00  9.9073E-04  1.1084E+00  2.3834E+00  1.1438E-01  2.3834E+00
  5.9600E-01  1.9881E+00  9.9499E-04  1.1131E+00  2.3834E+00  1.1438E-01  2.3834E+00
  5.9800E-01  1.9948E+00  9.9926E-04  1.1179E+00  2.3834E+00  1.1438E-01  2.3834E+00
  6.0000E-01  2.0014E+00  1.0035E-03  1.1227E+00  2.3834E+00  1.1438E-01  2.3834E+00
  6.0200E-01  2.0081E+00  1.0078E-03  1.1274E+00  2.3834E+00  1.1438E-01  2.3834E+00
  6.0400E-01  2.0148E+00  1.0121E-03  1.1322E+00  2.3834E+00  1.1438E-01  2.3834E+00
  6.0600E-01  2.0214E+00  1.0163E-03  1.1370E+00  2.3834E+00  1.1438E-01  2.3834E+00
  6.0800E-01  2.0281E+00  1.0206E-03  1.1417E+00  2.3834E+00  1.1438E-01  2.3834E+00
  6.1000E-01  2.0348E+00  1.0249E-03  1.1465E+00  2.3834E+00  1.1438E-01  2.3834E+00
  6.1200E-01  2.0415E+00  1.0291E-03  1.1513E+00  2.3834E+00  1.1437E-01  2.3834E+00
  6.1400E-01  2.0481E+00  1.0334E-03  1.1560E+00  2.3834E+00  1.1437E-01  2.3834E+00
  6.1600E-01  2.0548E+00  1.0376E-03  1.1608E+00  2.3834E+00  1.1437E-01  2.3834E+00
  6.1800E-01  2.0615E+00  1.0419E-03  1.1656E+00  2.3834E+00  1.1437E-01  2.3834E+00
  6.2000E-01  2.0681E+00  1.0462E-03  1.1703E+00  2.3834E+00  1.1437E-01  2.3834E+00
  6.2200E-01  2.0748E+00  1.0504E-03  1.1751E+00  2.3834E+00  1.1437E-01  2.3834E+00
  6.2400E-01  2.0815E+00  1.0547E-03  1.1799E+00  2.3834E+00  1.1437E-01  2.3834E+00
  6.2600E-01  2.0882E+00  1.0590E-03  1.1846E+00  2.3834E+00  1.1437E-01  2.3834E+00
  6.2800E-01  2.0948E+00  1.0632E-03  1.1894E+00  2.3834E+00  1.1437E-01  2.3834E+00
  6.3000E-01  2.1015E+00  1.0675E-03  1.1942E+00  2.3834E+00  1.1437E-01  2.3834E+00
  6.3200E-01  2.1082E+00  1.0718E-03  1.1989E+00  2.3834E+00  1.1437E-01  2.3834E+00
  6.3400E-01  2.1148E+00  1.0760E-03  1.2037E+00  2.3834E+00  1.1437E-01  2.3834E+00
  6.3600E-01  2.1215E+00  1.0803E-03  1.2085E+00  2.3834E+00  1.1437E-01  2.3834E+00
  6.3800E-01  2.1282E+00  1.0846E-03  1.2132E+00  2.3834E+00  1.1437E-01  2.3834E+00
  6.4000E-01  2.1349E+00  1.0888E-03  1.2180E+00  2.3834E+00  1.1437E-01  2.3834E+00
  6.4200E-01  2.1415E+00  1.0931E-03  1.2228E+00  2.3834E+00  1.1437E-01  2.3834E+00
  6.4400E-01  2.1482E+00  1.0974E-03  1.2275E+00  2.3834E+00  1.1437E-01  2.3834E+00
  6.4600E-01  2.1549E+00  1.1016E-03  1.2323E+00  2.3834E+00  1.1437E-01  2.3834E+00
  6.4800E-01  2.1615E+00  1.1059E-03  1.2371E+00  2.3834E+00  1.1437E-01  2.3834E+00
  6.5000E-01  2.1682E+00  1.1102E-03  1.2418E+00  2.3834E+00  1.1437E-01  2.3834E+00
  6.5200E-01  2.1749E+00  1.1144E-03  1.2466E+00  2.3834E+00  1.1437E-01  2.3834E+00
  6.5400E-01  2.1816E+00  1.1187E-03  1.2514E+00  2.3834E+00  1.1437E-01  2.3834E+00
  6.5600E-01  2.1882E+00  1.1230E-03  1.2561E+00  2.3834E+00  1.1437E-01  2.3834E+00
  6.5800E-01  2.1949E+00  1.1272E-03  1.2609E+00  2.3834E+00  1.1437E-01  2.3834E+00
  6.6000E-01  2.2016E+00  1.1315E-03  1.2657E+00  2.3834E+00  1.1436E-01  2.3834E+00
  6.6200E-01  2.2082E+00  1.1358E-03  1.2704E+00  2.3834E+00  1.1436E-01  2.3834E+00
  6.6400E-01  2.2149E+00  1.1400E-03  1.2752E+00  2.3834E+00  1.1436E-01  2.3834E+00
  6.6600E-01  2.2216E+00  1.1443E-03  1.2800E+00  2.3834E+00  1.1436E-01  2.3834E+00
  6.6800E-01  2.2283E+00  1.1486E-03  1.2847E+00  2.3834E+00  1.1436E-01  2.3834E+00
  6.7000E-01  2.2349E+00  1.1528E-03  1.2895E+00  2.3834E+00  1.1436E-01  2.3834E+00
  6.7200E-01  2.2416E+00  1.1571E-03  1.2943E+00  2.3834E+00  1.1436E-01  2.3834E+00
  6.7400E-01  2.2483E+00  1.1614E-03  1.2990E+00  2.3834E+00  1.1436E-01  2.3834E+00
  6.7600E-01  2.2549E+00  1.1656E-03  1.3038E+00  2.3834E+00  1.1436E-01  2.3834E+00
  6.7800E-01  2.2616E+00  1.1699E-03  1.3086E+00  2.3834E+00  1.1436E-01  2.3834E+00
  6.8000E-01  2.2683E+00  1.1742E-03  1.3133E+00  2.3834E+00  1.1436E-01  2.3834E+00
  6.8200E-01  2.2749E+00  1.1784E-03  1.3181E+00  2.3834E+00  1.1436E-01  2.3834E+00
  6.8400E-01  2.2816E+00  1.1827E-03  1.3229E+00  2.3834E+00  1.1436E-01  2.3834E+00
  6.8600E-01  2.2883E+00  1.1869E-03  1.3276E+00  2.3834E+00  1.1436E-01  2.3834E+00
  6.8800E-01  2.2950E+00  1.1912E-03  1.3324E+00  2.3834E+00  1.1436E-01  2.3834E+00
  6.9000E-01  2.3016E+00  1.1955E-03  1.3372E+00  2.3834E+00  1.1436E-01  2.3834E+00
  6.9200E-01  2.3083E+00  1.1997E-03  1.3419E+00  2.3834E+00  1.1436E-01  2.3834E+00
  6.9400E-01  2.3150E+00  1.2040E-03  1.3467E+00  2.3834E+00  1.1436E-01  2.3834E+00
  6.9600E-01  2.3216E+00  1.2083E-03  1.3515E+00  2.3834E+00  1.1436E-01  2.3834E+00
  6.9800E-01  2.3283E+00  1.2125E-03  1.3562E+00  2.3834E+00  1.1436E-01  2.3834E+00
  7.0000E-01  2.3350E+00  1.2168E-03  1.3610E+00  2.3834E+00  1.1436E-01  2.3834E+00
  7.0200E-01  2.3417E+00  1.2211E-03  1.3658E+00  2.3834E+00  1.1436E-01  2.3834E+00
  7.0400E-01  2.3483E+00  1.2253E-03  1.3705E+00  2.3834E+00  1.1436E-01  2.3834E+00
  7.0600E-01  2.3550E+00  1.2296E-03  1.3753E+00  2.3834E+00  1.1436E-01  2.3834E+00
  7.0800E-01  2.3617E+00  1.2339E-03  1.3801E+00  2.3834E+00  1.1436E-01  2.3834E+00
  7.1000E-01  2.3683E+00  1.2381E-03  1.3848E+00  2.3834E+00  1.1435E-01  2.3834E+00
  7.1200E-01  2.3750E+00  1.2424E-03  1.3896E+00  2.3834E+00  1.1435E-01  2.3834E+00
  7.1400E-01  2.3817E+00  1.2467E-03  1.3944E+00  2.3834E+00  1.1435E-01  2.3834E+00
  7.1600E-01  2.3884E+00  1.2509E-03  1.3991E+00  2.3834E+00  1.1435E-01  2.3834E+00
  7.1800E-01  2.3950E+00  1.2552E-03  1.4039E+00  2.3834E+00  1.1435E-01  2.3834E+00
  7.2000E-01  2.4017E+00  1.2595E-03  1.4087E+00  2.3834E+00  1.1435E-01  2.3834E+00
  7.2200E-01  2.4084E+00  1.2637E-03  1.4134E+00  2.3834E+00  1.1435E-01  2.3834E+00
  7.2400E-01  2.4150E+00  1.2680E-03  1.4182E+00  2.3834E+00  1.1435E-01  2.3834E+00
  7.2600E-01  2.4217E+00  1.2723E-03  1.4230E+00  2.3834E+00  1.1435E-01  2.3834E+00
  7.2800E-01  2.4284E+00  1.2765E-03  1.4277E+00  2.3834E+00  1.1435E-01  2.3834E+00
  7.3000E-01  2.4351E+00  1.2808E-03  1.4325E+00  2.3834E+00  1.1435E-01  2.3834E+00
  7.3200E-01  2.4417E+00  1.2851E-03  1.4373E+00  2.3834E+00  1.1435E-01  2.3834E+00
  7.3400E-01  2.4484E+00  1.2893E-03  1.4420E+00  2.3834E+00  1.1435E-01  2.3834E+00
  7.3600E-01  2.4551E+00  1.2936E-03  1.4468E+00  2.3834E+00  1.1435E-01  2.3834E+00
  7.3800E-01  2.4617E+00  1.2979E-03  1.4516E+00  2.3834E+00  1.1435E-01  2.3834E+00
  7.4000E-01  2.4684E+00  1.3021E-03  1.4563E+00  2.3834E+00  1.1435E-01  2.3834E+00
  7.4200E-01  2.4751E+00  1.3064E-03  1.4611E+00  2.3834E+00  1.1435E-01  2.3834E+00
  7.4400E-01  2.4818E+00  1.3107E-03  1.4659E+00  2.3834E+00  1.1435E-01  2.3834E+00
  7.4600E-01  2.4884E+00  1.3149E-03  1.4706E+00  2.3834E+00  1.1435E-01  2.3834E+00
  7.4800E-01  2.4951E+00  1.3192E-03  1.4754E+00  2.3834E+00  1.1435E-01  2.3834E+00
  7.5000E-01  2.5018E+00  1.3235E-03  1.4802E+00  2.3834E+00  1.1435E-01  2.3834E+00
  7.5200E-01  2.5084E+00  1.3277E-03  1.4849E+00  2.3834E+00  1.1435E-01  2.3834E+00
  7.5400E-01  2.5151E+00  1.3320E-03  1.4897E+00  2.3834E+00  1.1435E-01  2.3834E+00
  7.5600E-01  2.5218E+00  1.3362E-03  1.4945E+00  2.3834E+00  1.1435E-01  2.3834E+00
  7.5800E-01  2.5285E+00  1.3405E-03  1.4993E+00  2.3834E+00  1.1435E-01  2.3834E+00
  7.6000E-01  2.5351E+00  1.3448E-03  1.5040E+00  2.3834E+00  1.1435E-01  2.3834E+00
  7.6200E-01  2.5418E+00  1.3490E-03  1.5088E+00  2.3834E+00  1.1434E-01  2.3834E+00
  7.6400E-01  2.5485E+00  1.3533E-03  1.5136E+00  2.3834E+00  1.1434E-01  2.3834E+00
  7.6600E-01  2.5551E+00  1.3576E-03  1.5183E+00  2.3834E+00  1.1434E-01  2.3834E+00
  7.6800E-01  2.5618E+00  1.3618E-03  1.5231E+00  2.3834E+00  1.1434E-01  2.3834E+00
  7.7000E-01  2.5685E+00  1.3661E-03  1.5279E+00  2.3834E+00  1.1434E-01  2.3834E+00
  7.7200E-01  2.5752E+00  1.3704E-03  1.5326E+00  2.3834E+00  1.1434E-01  2.3834E+00
  7.7400E-01  2.5818E+00  1.3746E-03  1.5374E+00  2.3834E+00  1.1434E-01  2.3834E+00
  7.7600E-01  2.5885E+00  1.3789E-03  1.5422E+00  2.3834E+00  1.1434E-01  2.3834E+00
  7.7800E-01  2.5952E+00  1.3832E-03  1.5469E+00  2.3834E+00  1.1434E-01  2.3834E+00
  7.8000E-01  2.6018E+00  1.3874E-03  1.5517E+00  2.3834E+00  1.1434E-01  2.3834E+00
  7.8200E-01  2.6085E+00  1.3917E-03  1.5565E+00  2.3834E+00  1.1434E-01  2.3834E+00
  7.8400E-01  2.6152E+00  1.3960E-03  1.5612E+00  2.3834E+00  1.1434E-01  2.3834E+00
  7.8600E-01  2.6219E+00  1.4002E-03  1.5660E+00  2.3834E+00  1.1434E-01  2.3834E+00
  7.8800E-01  2.6285E+00  1.4045E-03  1.5708E+00  2.3834E+00  1.1434E-01  2.3834E+00
  7.9000E-01  2.6352E+00  1.4088E-03  1.5755E+00  2.3834E+00  1.1434E-01  2.3834E+00
  7.9200E-01  2.6419E+00  1.4130E-03  1.5803E+00  2.3834E+00  1.1434E-01  2.3834E+00
  7.9400E-01  2.6485E+00  1.4173E-03  1.5851E+00  2.3834E+00  1.1434E-01  2.3834E+00
  7.9600E-01  2.6552E+00  1.4216E-03  1.5898E+00  2.3834E+00  1.1434E-01  2.3834E+00
  7.9800E-01  2.6619E+00  1.4258E-03  1.5946E+00  2.3834E+00  1.1434E-01  2.3834E+00
  8.0000E-01  2.6686E+00  1.4301E-03  1.5994E+00  2.3834E+00  1.1434E-01  2.3834E+00
  8.0200E-01  2.6752E+00  1.4344E-03  1.6041E+00  2.3834E+00  1.1434E-01  2.3834E+00
  8.0400E-01  2.6819E+00  1.4386E-03  1.6089E+00  2.3834E+00  1.1434E-01  2.3834E+00
  8.0600E-01  2.6886E+00  1.4429E-03  1.6137E+00  2.3834E+00  1.1434E-01  2.3834E+00
  8.0800E-01  2.6952E+00  1.4472E-03  1.6184E+00  2.3834E+00  1.1434E-01  2.3834E+00
  8.1000E-01  2.7019E+00  1.4514E-03  1.6232E+00  2.3834E+00  1.1434E-01  2.3834E+00
  8.1200E-01  2.7086E+00  1.4557E-03  1.6280E+00  2.3834E+00  1.1434E-01  2.3834E+00
  8.1400E-01  2.7153E+00  1.4600E-03  1.6327E+00  2.3834E+00  1.1434E-01  2.3834E+00
  8.1600E-01  2.7219E+00  1.4642E-03  1.6375E+00  2.3834E+00  1.1433E-01  2.3834E+00
  8.1800E-01  2.7286E+00  1.4685E-03  1.6423E+00  2.3834E+00  1.1434E-01  2.3834E+00
  8.2000E-01  2.7353E+00  1.4728E-03  1.6470E+00  2.3834E+00  1.1433E-01  2.3834E+00
  8.2200E-01  2.7419E+00  1.4770E-03  1.6518E+00  2.3834E+00  1.1433E-01  2.3834E+00
  8.2400E-01  2.7486E+00  1.4813E-03  1.6566E+00  2.3834E+00  1.1433E-01  2.3834E+00
  8.2600E-01  2.7553E+00  1.4855E-03  1.6613E+00  2.3834E+00  1.1433E-01  2.3834E+00
  8.2800E-01  2.7620E+00  1.4898E-03  1.6661E+00  2.3834E+00  1.1433E-01  2.3834E+00
  8.3000E-01  2.7686E+00  1.4941E-03  1.6709E+00  2.3834E+00  1.1433E-01  2.3834E+00
  8.3200E-01  2.7753E+00  1.4983E-03  1.6756E+00  2.3834E+00  1.1433E-01  2.3834E+00
  8.3400E-01  2.7820E+00  1.5026E-03  1.6804E+00  2.3834E+00  1.1433E-01  2.3834E+00
  8.3600E-01  2.7886E+00  1.5069E-03  1.6852E+00  2.3834E+00  1.1433E-01  2.3834E+00
  8.3800E-01  2.7953E+00  1.5111E-03  1.6899E+00  2.3834E+00  1.1433E-01  2.3834E+00
  8.4000E-01  2.8020E+00  1.5154E-03  1.6947E+00  2.3834E+00  1.1433E-01  2.3834E+00
  8.4200E-01  2.8087E+00  1.5197E-03  1.6995E+00  2.3834E+00  1.1433E-01  2.3834E+00
  8.4400E-01  2.8153E+00  1.5239E-03  1.7042E+00  2.3834E+00  1.1433E-01  2.3834E+00
  8.4600E-01  2.8220E+00  1.5282E-03  1.7090E+00  2.3834E+00  1.1433E-01  2.3834E+00
  8.4800E-01  2.8287E+00  1.5325E-03  1.7138E+00  2.3834E+00  1.1433E-01  2.3834E+00
  8.5000E-01  2.8353E+00  1.5367E-03  1.7185E+00  2.3834E+00  1.1433E-01  2.3834E+00
  8.5200E-01  2.8420E+00  1.5410E-03  1.7233E+00  2.3834E+00  1.1433E-01  2.3834E+00
  8.5400E-01  2.8487E+00  1.5453E-03  1.7281E+00  2.3834E+00  1.1433E-01  2.3834E+00
  8.5600E-01  2.8554E+00  1.5495E-03  1.7328E+00  2.3834E+00  1.1433E-01  2.3834E+00
  8.5800E-01  2.8620E+00  1.5538E-03  1.7376E+00  2.3834E+00  1.1433E-01  2.3834E+00
  8.6000E-01  2.8687E+00  1.5581E-03  1.7424E+00  2.3834E+00  1.1433E-01  2.3834E+00
  8.6200E-01  2.8754E+00  1.5623E-03  1.7471E+00  2.3834E+00  1.1433E-01  2.3834E+00
  8.6400E-01  2.8820E+00  1.5666E-03  1.7519E+00  2.3834E+00  1.1433E-01  2.3834E+00
  8.6600E-01  2.8887E+00  1.5709E-03  1.7567E+00  2.3834E+00  1.1433E-01  2.3834E+00
  8.6800E-01  2.8954E+00  1.5751E-03  1.7614E+00  2.3834E+00  1.1433E-01  2.3834E+00
  8.7000E-01  2.9021E+00  1.5794E-03  1.7662E+00  2.3834E+00  1.1433E-01  2.3834E+00
  8.7200E-01  2.9087E+00  1.5837E-03  1.7710E+00  2.3834E+00  1.1433E-01  2.3834E+00
  8.7400E-01  2.9154E+00  1.5879E-03  1.7757E+00  2.3834E+00  1.1432E-01  2.3834E+00
  8.7600E-01  2.9221E+00  1.5922E-03  1.7805E+00  2.3834E+00  1.1432E-01  2.3834E+00
  8.7800E-01  2.9287E+00  1.5965E-03  1.7853E+00  2.3834E+00  1.1432E-01  2.3834E+00
  8.8000E-01  2.9354E+00  1.6007E-03  1.7900E+00  2.3834E+00  1.1432E-01  2.3834E+00
  8.8200E-01  2.9421E+00  1.6050E-03  1.7948E+00  2.3834E+00  1.1432E-01  2.3834E+00
  8.8400E-01  2.9488E+00  1.6093E-03  1.7996E+00  2.3834E+00  1.1432E-01  2.3834E+00
  8.8600E-01  2.9554E+00  1.6135E-03  1.8043E+00  2.3834E+00  1.1432E-01  2.3834E+00
  8.8800E-01  2.9621E+00  1.6178E-03  1.8091E+00  2.3834E+00  1.1432E-01  2.3834E+00
  8.9000E-01  2.9688E+00  1.6221E-03  1.8139E+00  2.3834E+00  1.1432E-01  2.3834E+00
  8.9200E-01  2.9754E+00  1.6263E-03  1.8186E+00  2.3834E+00  1.1432E-01  2.3834E+00
  8.9400E-01  2.9821E+00  1.6306E-03  1.8234E+00  2.3834E+00  1.1432E-01  2.3834E+00
  8.9600E-01  2.9888E+00  1.6348E-03  1.8282E+00  2.3834E+00  1.1432E-01  2.3834E+00
  8.9800E-01  2.9955E+00  1.6391E-03  1.8329E+00  2.3834E+00  1.1432E-01  2.3834E+00
  9.0000E-01  3.0021E+00  1.6434E-03  1.8377E+00  2.3834E+00  1.1432E-01  2.3834E+00
  9.0200E-01  3.0088E+00  1.6476E-03  1.8425E+00  2.3834E+00  1.1432E-01  2.3834E+00
  9.0400E-01  3.0155E+00  1.6519E-03  1.8472E+00  2.3834E+00  1.1432E-01  2.3834E+00
  9.0600E-01  3.0221E+00  1.6562E-03  1.8520E+00  2.3834E+00  1.1432E-01  2.3834E+00
  9.0800E-01  3.0288E+00  1.6604E-03  1.8568E+00  2.3834E+00  1.1432E-01  2.3834E+00
  9.1000E-01  3.0355E+00  1.6647E-03  1.8615E+00  2.3834E+00  1.1432E-01  2.3834E+00
  9.1200E-01  3.0422E+00  1.6690E-03  1.8663E+00  2.3834E+00  1.1432E-01  2.3834E+00
  9.1400E-01  3.0488E+00  1.6732E-03  1.8711E+00  2.3834E+00  1.1432E-01  2.3834E+00
  9.1600E-01  3.0555E+00  1.6775E-03  1.8758E+00  2.3834E+00  1.1432E-01  2.3834E+00
  9.1800E-01  3.0622E+00  1.6818E-03  1.8806E+00  2.3834E+00  1.1432E-01  2.3834E+00
  9.2000E-01  3.0688E+00  1.6860E-03  1.8854E+00  2.3834E+00  1.1432E-01  2.3834E+00
  9.2200E-01  3.0755E+00  1.6903E-03  1.8901E+00  2.3834E+00  1.1432E-01  2.3834E+00
  9.2400E-01  3.0822E+00  1.6946E-03  1.8949E+00  2.3834E+00  1.1432E-01  2.3834E+00
  9.2600E-01  3.0889E+00  1.6988E-03  1.8997E+00  2.3834E+00  1.1432E-01  2.3834E+00
  9.2800E-01  3.0955E+00  1.7031E-03  1.9044E+00  2.3834E+00  1.1432E-01  2.3834E+00
  9.3000E-01  3.1022E+00  1.7074E-03  1.9092E+00  2.3834E+00  1.1432E-01  2.3834E+00
  9.3200E-01  3.1089E+00  1.7116E-03  1.9140E+00  2.3834E+00  1.1432E-01  2.3834E+00
  9.3400E-01  3.1155E+00  1.7159E-03  1.9187E+00  2.3834E+00  1.1432E-01  2.3834E+00
  9.3600E-01  3.1222E+00  1.7202E-03  1.9235E+00  2.3834E+00  1.1432E-01  2.3834E+00
  9.3800E-01  3.1289E+00  1.7244E-03  1.9283E+00  2.3834E+00  1.1432E-01  2.3834E+00
  9.4000E-01  3.1356E+00  1.7287E-03  1.9330E+00  2.3834E+00  1.1432E-01  2.3834E+00
  9.4200E-01  3.1422E+00  1.7330E-03  1.9378E+00  2.3834E+00  1.1432E-01  2.3834E+00
  9.4400E-01  3.1489E+00  1.7372E-03  1.9426E+00  2.3834E+00  1.1431E-01  2.3834E+00
  9.4600E-01  3.1556E+00  1.7415E-03  1.9473E+00  2.3834E+00  1.1431E-01  2.3834E+00
  9.4800E-01  3.1622E+00  1.7458E-03  1.9521E+00  2.3834E+00  1.1431E-01  2.3834E+00
  9.5000E-01  3.1689E+00  1.7500E-03  1.9569E+00  2.3834E+00  1.1431E-01  2.3834E+00
  9.5200E-01  3.1756E+00  1.7543E-03  1.9616E+00  2.3834E+00  1.1431E-01  2.3834E+00
  9.5400E-01  3.1823E+00  1.7586E-03  1.9664E+00  2.3834E+00  1.1431E-01  2.3834E+00
  9.5600E-01  3.1889E+00  1.7628E-03  1.9712E+00  2.3834E+00  1.1431E-01  2.3834E+00
  9.5800E-01  3.1956E+00  1.7671E-03  1.9759E+00  2.3834E+00  1.1431E-01  2.3834E+00
  9.6000E-01  3.2023E+00  1.7714E-03  1.9807E+00  2.3834E+00  1.1431E-01  2.3834E+00
  9.6200E-01  3.2089E+00  1.7756E-03  1.9855E+00  2.3834E+00  1.1431E-01  2.3834E+00
  9.6400E-01  3.2156E+00  1.7799E-03  1.9902E+00  2.3834E+00  1.1431E-01  2.3834E+00
  9.6600E-01  3.2223E+00  1.7841E-03  1.9950E+00  2.3834E+00  1.1431E-01  2.3834E+00
  9.6800E-01  3.2289E+00  1.7884E-03  1.9998E+00  2.3834E+00  1.1431E-01  2.3834E+00
  9.7000E-01  3.2356E+00  1.7927E-03  2.0045E+00  2.3834E+00  1.1431E-01  2.3834E+00
  9.7200E-01  3.2423E+00  1.7969E-03  2.0093E+00  2.3834E+00  1.1431E-01  2.3834E+00
  9.7400E-01  3.2490E+00  1.8012E-03  2.0141E+00  2.3834E+00  1.1431E-01  2.3834E+00
  9.7600E-01  3.2556E+00  1.8055E-03  2.0188E+00  2.3834E+00  1.1431E-01  2.3834E+00
  9.7800E-01  3.2623E+00  1.8097E-03  2.0236E+00  2.3834E+00  1.1431E-01  2.3834E+00
  9.8000E-01  3.2690E+00  1.8140E-03  2.0284E+00  2.3834E+00  1.1431E-01  2.3834E+00
  9.8200E-01  3.2756E+00  1.8183E-03  2.0331E+00  2.3834E+00  1.1431E-01  2.3834E+00
  9.8400E-01  3.2823E+00  1.8225E-03  2.0379E+00  2.3834E+00  1.1431E-01  2.3834E+00
  9.8600E-01  3.2890E+00  1.8268E-03  2.0427E+00  2.3834E+00  1.1431E-01  2.3834E+00
  9.8800E-01  3.2957E+00  1.8311E-03  2.0474E+00  2.3834E+00  1.1431E-01  2.3834E+00
  9.9000E-01  3.3023E+00  1.8353E-03  2.0522E+00  2.3834E+00  1.1431E-01  2.3834E+00
  9.9200E-01  3.3090E+00  1.8396E-03  2.0570E+00  2.3834E+00  1.1431E-01  2.3834E+00
  9.9400E-01  3.3157E+00  1.8439E-03  2.0617E+00  2.3834E+00  1.1431E-01  2.3834E+00
  9.9600E-01  3.3223E+00  1.8481E-03  2.0665E+00  2.3834E+00  1.1431E-01  2.3834E+00
  1.0000E+00  3.3357E+00  1.8567E-03  2.0760E+00  2.3834E+00  1.1431E-01  2.3834E+00
