  1.5407E-07 -1.1753E-07  1.5000E+00  3.1582E+07 -2.4822E+07  2.5000E+14  5.0035E+00 -2.0000E-03   1   5
 -3.9270E-08 -1.5766E-07  6.3860E-05  3.1569E+07 -2.4351E+07 -5.9545E+06  0.0000E+00 -2.0000E-03   1   5
  9.9773E-07  9.5512E-07 -7.6723E-05  3.2095E+07 -2.5122E+07 -3.8064E+05  0.0000E+00 -2.0000E-03   1   5
 -6.1853E-07 -4.4978E-07 -1.3274E-04  3.1511E+07 -2.4146E+07 -4.6864E+06  0.0000E+00 -2.0000E-03   1   5
 -9.8922E-08 -1.2463E-06  8.4309E-05  3.1281E+07 -2.5300E+07  2.6905E+06  0.0000E+00 -2.0000E-03   1   5
 -9.3288E-07 -3.2013E-06  6.0913E-05  3.1649E+07 -2.5326E+07  1.7086E+06  0.0000E+00 -2.0000E-03   1   5
  3.0588E-06 -1.1716E-07 -1.8173E-04  3.0971E+07 -2.4936E+07 -1.6533E+06  0.0000E+00 -2.0000E-03   1   5
 -1.2269E-06  2.4269E-06 -5.5319E-05  3.1806E+07 -2.4607E+07  1.7914E+06  0.0000E+00 -2.0000E-03   1   5
 -9.5760E-07  1.8660E-06  5.3334E-05  3.1913E+07 -2.4721E+07 -4.0665E+05  0.0000E+00 -2.0000E-03   1   5
 -2.4780E-06 -3.1979E-06  4.2408E-05  3.2175E+07 -2.5079E+07 -5.2190E+06  0.0000E+00 -2.0000E-03   1   5
 -3.7199E-07 -3.1447E-06  7.6535E-05  3.1654E+07 -2.5714E+07 -1.4138E+06  0.0000E+00 -2.0000E-03   1   5
 -8.2740E-07  3.4136E-06  7.9262E-07  3.1350E+07 -2.4081E+07 -1.6277E+06  0.0000E+00 -2.0000E-03   1   5
  2.4953E-06 -8.2246E-07 -6.4879E-06  3.1445E+07 -2.4831E+07 -2.9995E+06  0.0000E+00 -2.0000E-03   1   5
  7.8990E-07 -3.2402E-06 -1.8698E-04  3.1342E+07 -2.5266E+07 -1.8524E+06  0.0000E+00 -2.0000E-03   1   5
 -7.6487E-07 -1.5830E-06  4.5822E-05  3.1153E+07 -2.5093E+07  2.4060E+06  0.0000E+00 -2.0000E-03   1   5
 -2.4198E-07 -3.7345E-06 -1.9722E-04  3.1634E+07 -2.5580E+07  2.3554E+06  0.0000E+00 -2.0000E-03   1   5
 -9.5533E-07 -5.2854E-07 -2.4306E-05  3.1926E+07 -2.4524E+07  1.1955E+07  0.0000E+00 -2.0000E-03   1   5
 -3.0144E-07  1.0460E-06 -7.5075E-05  3.1384E+07 -2.4624E+07  6.0089E+06  0.0000E+00 -2.0000E-03   1   5
  2.8762E-06  1.9534E-06 -1.2926E-04  3.1516E+07 -2.5088E+07  1.0926E+06  0.0000E+00 -2.0000E-03   1   5
 -3.9370E-06  1.1831E-06 -5.7116E-05  3.1982E+07 -2.4490E+07  1.8283E+06  0.0000E+00 -2.0000E-03   1   5
 -3.5289E-06  5.7273E-07  9.6806E-06  3.2007E+07 -2.4622E+07 -3.7644E+06  0.0000E+00 -2.0000E-03   1   5
 -3.2738E-08  2.5289E-06  2.6122E-05  3.1751E+07 -2.4796E+07  2.5565E+05  0.0000E+00 -2.0000E-03   1   5
 -3.8957E-06 -5.8779E-07 -6.5224E-05  3.2082E+07 -2.5143E+07 -1.1584E+06  0.0000E+00 -2.0000E-03   1   5
  5.9979E-07  5.4388E-07 -4.3840E-05  3.1352E+07 -2.4811E+07 -6.7952E+06  0.0000E+00 -2.0000E-03   1   5
 -1.0785E-06 -6.2860E-07  5.5527E-07  3.1683E+07 -2.4583E+07 -4.0247E+05  0.0000E+00 -2.0000E-03   1   5
  2.1844E-06 -1.2753E-06 -1.2007E-04  3.1099E+07 -2.4858E+07  4.5343E+06  0.0000E+00 -2.0000E-03   1   5
 -7.1324E-07  6.1832E-07 -7.5013E-06  3.1542E+07 -2.5257E+07  3.1836E+06  0.0000E+00 -2.0000E-03   1   5
  1.5048E-06  3.0776E-06  8.2900E-05  3.0838E+07 -2.4820E+07  3.0177E+06  0.0000E+00 -2.0000E-03   1   5
 -5.3936E-07  2.6298E-06  6.1286E-05  3.1908E+07 -2.4563E+07  1.5872E+05  0.0000E+00 -2.0000E-03   1   5
 -9.1893E-07  1.4024E-06 -6.4785E-05  3.2076E+07 -2.4755E+07  1.5831E+05  0.0000E+00 -2.0000E-03   1   5
 -7.5478E-08  2.7041E-06  9.3963E-05  3.1605E+07 -2.5230E+07  1.6692E+05  0.0000E+00 -2.0000E-03   1   5
 -2.2753E-06 -1.2643E-07  1.4252E-04  3.2103E+07 -2.5143E+07 -5.2125E+06  0.0000E+00 -2.0000E-03   1   5
 -1.6621E-06 -2.4144E-07  2.0135E-04  3.1854E+07 -2.5287E+07  2.9227E+06  0.0000E+00 -2.0000E-03   1   5
 -2.3455E-06 -2.1687E-06 -1.0059E-04  3.2041E+07 -2.4825E+07  2.2008E+06  0.0000E+00 -2.0000E-03   1   5
 -4.6836E-07  1.7859E-06 -3.5776E-05  3.1464E+07 -2.4601E+07 -2.0461E+04  0.0000E+00 -2.0000E-03   1   5
  4.1933E-08  2.1371E-06  5.1815E-05  3.1886E+07 -2.4451E+07 -1.2903E+06  0.0000E+00 -2.0000E-03   1   5
  5.0987E-07  2.8124E-06  5.6874E-05  3.1429E+07 -2.4627E+07  2.0930E+06  0.0000E+00 -2.0000E-03   1   5
  2.0933E-06 -1.2585E-07  6.0531E-05  3.0861E+07 -2.5061E+07  3.7733E+06  0.0000E+00 -2.0000E-03   1   5
  7.4073E-07 -6.3708E-08 -5.8059E-05  3.1662E+07 -2.4683E+07 -1.5106E+06  0.0000E+00 -2.0000E-03   1   5
  3.4599E-06  1.3427E-06  1.8155E-05  3.0645E+07 -2.5019E+07 -1.4791E+06  0.0000E+00 -2.0000E-03   1   5
 -1.1904E-06  1.7871E-06 -8.0380E-05  3.1681E+07 -2.4813E+07 -2.7162E+06  0.0000E+00 -2.0000E-03   1   5
  1.7170E-07 -1.2819E-06  6.5909E-05  3.1653E+07 -2.4915E+07 -3.9029E+06  0.0000E+00 -2.0000E-03   1   5
 -1.6802E-06 -1.7301E-06 -1.2506E-04  3.2057E+07 -2.5491E+07 -2.5620E+05  0.0000E+00 -2.0000E-03   1   5
 -3.3086E-07 -1.1964E-06 -2.1239E-05  3.1338E+07 -2.5347E+07 -1.5551E+06  0.0000E+00 -2.0000E-03   1   5
  1.8502E-06 -3.5101E-06  3.2587E-05  3.1259E+07 -2.4773E+07  3.1720E+06  0.0000E+00 -2.0000E-03   1   5
 -6.7881E-07  2.2162E-07 -8.7915E-05  3.1843E+07 -2.4638E+07 -5.2765E+06  0.0000E+00 -2.0000E-03   1   5
 -3.8321E-06 -3.7791E-07 -5.1088E-05  3.1452E+07 -2.4809E+07  3.8687E+06  0.0000E+00 -2.0000E-03   1   5
 -1.7120E-06  1.0903E-06  2.0519E-05  3.2230E+07 -2.4613E+07  4.6178E+05  0.0000E+00 -2.0000E-03   1   5
  1.8796E-06  6.7787E-07  6.3921E-05  3.1958E+07 -2.5127E+07  3.2790E+06  0.0000E+00 -2.0000E-03   1   5
 -6.4308E-07  7.3798E-07 -2.2915E-06  3.1618E+07 -2.4608E+07  4.4987E+06  0.0000E+00 -2.0000E-03   1   5
  3.9136E-06  2.4425E-06  2.9355E-04  3.1277E+07 -2.4022E+07  4.7566E+06  0.0000E+00 -2.0000E-03   1   5
  6.5997E-07 -1.8250E-07 -8.2635E-06  3.0935E+07 -2.4334E+07 -1.3032E+06  0.0000E+00 -2.0000E-03   1   5
  2.6368E-06 -1.5123E-06 -1.1395E-04  3.1596E+07 -2.4739E+07 -1.2111E+06  0.0000E+00 -2.0000E-03   1   5
  1.8183E-07 -2.3961E-06 -1.8884E-04  3.1303E+07 -2.5029E+07 -3.6602E+06  0.0000E+00 -2.0000E-03   1   5
  8.9989E-07  2.7747E-06 -8.4166E-05  3.1414E+07 -2.4569E+07 -5.2483E+06  0.0000E+00 -2.0000E-03   1   5
 -1.4333E-06 -3.2533E-06 -9.8302E-05  3.1382E+07 -2.4991E+07  1.0639E+06  0.0000E+00 -2.0000E-03   1   5
 -5.2137E-07 -6.0183E-07 -6.7607E-05  3.1350E+07 -2.4716E+07 -2.6341E+06  0.0000E+00 -2.0000E-03   1   5
 -2.5377E-07  2.1918E-07  1.1127E-04  3.1772E+07 -2.4875E+07 -2.4396E+05  0.0000E+00 -2.0000E-03   1   5
 -8.8583E-07  6.3792E-08 -6.5950E-07  3.1991E+07 -2.4362E+07 -4.9687E+05  0.0000E+00 -2.0000E-03   1   5
 -5.5409E-06 -1.3289E-06 -1.7603E-04  3.2184E+07 -2.5014E+07 -4.3616E+06  0.0000E+00 -2.0000E-03   1   5
  2.7893E-06 -4.9606E-08 -1.0543E-04  3.1065E+07 -2.5009E+07  3.0871E+06  0.0000E+00 -2.0000E-03   1   5
 -1.4727E-06 -7.1590E-07 -2.5419E-04  3.2045E+07 -2.5302E+07  2.0943E+06  0.0000E+00 -2.0000E-03   1   5
 -2.8926E-06  4.8305E-06 -1.3887E-04  3.2133E+07 -2.4345E+07 -1.7175E+06  0.0000E+00 -2.0000E-03   1   5
 -7.7875E-07  1.1410E-06  2.1196E-05  3.1755E+07 -2.4759E+07 -1.2965E+06  0.0000E+00 -2.0000E-03   1   5
 -3.9736E-07  1.1445E-06  7.7803E-05  3.1787E+07 -2.4461E+07 -1.9966E+06  0.0000E+00 -2.0000E-03   1   5
  6.1857E-07 -2.4283E-07 -1.0411E-05  3.1405E+07 -2.4550E+07 -1.3853E+06  0.0000E+00 -2.0000E-03   1   5
  8.9158E-07 -6.5058E-07  6.1321E-06  3.1265E+07 -2.4873E+07 -1.9524E+06  0.0000E+00 -2.0000E-03   1   5
  1.5480E-06 -1.6575E-07  8.9983E-05  3.1377E+07 -2.4466E+07  3.8418E+06  0.0000E+00 -2.0000E-03   1   5
  6.1286E-07 -7.3604E-08  5.6841E-05  3.1468E+07 -2.5009E+07  1.5514E+06  0.0000E+00 -2.0000E-03   1   5
  1.6512E-06 -2.3651E-06  1.4194E-04  3.1751E+07 -2.4853E+07 -3.4592E+06  0.0000E+00 -2.0000E-03   1   5
 -2.6290E-07 -7.4577E-08  4.1421E-05  3.1470E+07 -2.4816E+07  1.1262E+06  0.0000E+00 -2.0000E-03   1   5
 -4.0471E-06 -1.4594E-06  6.8500E-05  3.1768E+07 -2.4531E+07 -2.4107E+06  0.0000E+00 -2.0000E-03   1   5
  3.0070E-06 -4.5150E-07  8.1198E-05  3.1526E+07 -2.5601E+07 -2.7347E+05  0.0000E+00 -2.0000E-03   1   5
  3.9224E-06 -4.3913E-06  3.2853E-05  3.1048E+07 -2.5126E+07 -6.9213E+06  0.0000E+00 -2.0000E-03   1   5
  1.9684E-06  3.1153E-06  1.0447E-04  3.0730E+07 -2.4723E+07 -1.1402E+06  0.0000E+00 -2.0000E-03   1   5
  2.3163E-06  1.2554E-06  8.9733E-05  3.1370E+07 -2.4629E+07 -4.6088E+06  0.0000E+00 -2.0000E-03   1   5
 -1.8564E-06 -1.3767E-06 -2.4869E-06  3.1974E+07 -2.4856E+07  2.3430E+06  0.0000E+00 -2.0000E-03   1   5
 -1.0530E-06 -2.6751E-06  3.7600E-05  3.1423E+07 -2.5029E+07  1.6763E+06  0.0000E+00 -2.0000E-03   1   5
 -1.1359E-06  9.7142E-07  2.4351E-04  3.1396E+07 -2.4233E+07  4.1307E+06  0.0000E+00 -2.0000E-03   1   5
 -1.5567E-06  2.1911E-06  5.1465E-05  3.1423E+07 -2.4115E+07  1.6516E+05  0.0000E+00 -2.0000E-03   1   5
 -1.8540E-06  2.8742E-06  1.0884E-04  3.1970E+07 -2.4276E+07  4.7862E+06  0.0000E+00 -2.0000E-03   1   5
  2.1916E-06 -7.3638E-08  1.9298E-04  3.1128E+07 -2.4385E+07 -1.6284E+06  0.0000E+00 -2.0000E-03   1   5
  1.2941E-06  1.1326E-06  1.1007E-04  3.1895E+07 -2.4666E+07 -3.4055E+06  0.0000E+00 -2.0000E-03   1   5
 -6.5282E-07  3.9269E-07 -1.9088E-04  3.1524E+07 -2.4936E+07 -2.5385E+06  0.0000E+00 -2.0000E-03   1   5
 -7.5921E-07  1.8560E-06  6.9726E-05  3.1608E+07 -2.4073E+07  3.2778E+06  0.0000E+00 -2.0000E-03   1   5
 -3.6514E-07  3.0671E-06  1.1195E-04  3.1481E+07 -2.4288E+07  7.4545E+06  0.0000E+00 -2.0000E-03   1   5
  1.2700E-07 -1.3644E-06 -4.2239E-05  3.1646E+07 -2.4398E+07 -9.8349E+05  0.0000E+00 -2.0000E-03   1   5
 -2.0406E-07 -3.9831E-08 -1.1216E-04  3.2267E+07 -2.4883E+07 -1.0598E+06  0.0000E+00 -2.0000E-03   1   5
  2.0366E-06  8.9564E-07  2.6786E-05  3.1468E+07 -2.4986E+07 -9.4086E+05  0.0000E+00 -2.0000E-03   1   5
  3.0467E-06 -1.2506E-06 -1.8983E-04  3.1435E+07 -2.4935E+07  1.1298E+06  0.0000E+00 -2.0000E-03   1   5
 -1.2770E-06  3.1744E-06  1.2758E-05  3.1970E+07 -2.4388E+07 -2.8727E+06  0.0000E+00 -2.0000E-03   1   5
 -4.0103E-07 -3.7988E-07 -6.6236E-05  3.1986E+07 -2.4454E+07  4.6636E+06  0.0000E+00 -2.0000E-03   1   5
 -6.7290E-07 -1.2403E-06  1.6576E-04  3.1518E+07 -2.5150E+07 -4.4722E+06  0.0000E+00 -2.0000E-03   1   5
  1.0275E-06  2.0866E-06 -5.4044E-06  3.1197E+07 -2.4248E+07 -1.6782E+06  0.0000E+00 -2.0000E-03   1   5
 -2.9196E-07 -1.2332E-06  1.1449E-04  3.1423E+07 -2.5103E+07  3.7130E+06  0.0000E+00 -2.0000E-03   1   5
  1.2647E-06  2.8190E-06 -2.9283E-05  3.1760E+07 -2.4639E+07 -1.9803E+06  0.0000E+00 -2.0000E-03   1   5
 -3.0182E-06 -6.1163E-07  1.5419E-04  3.2400E+07 -2.4733E+07 -3.2422E+06  0.0000E+00 -2.0000E-03   1   5
 -3.4979E-06 -9.2595E-07  1.0310E-04  3.1957E+07 -2.4685E+07  1.4031E+06  0.0000E+00 -2.0000E-03   1   5
  1.1758E-06  6.8957E-07  1.0284E-05  3.1521E+07 -2.4221E+07 -2.8081E+05  0.0000E+00 -2.0000E-03   1   5
  1.2945E-06 -3.4771E-06  7.0333E-05  3.1908E+07 -2.4663E+07  1.6187E+06  0.0000E+00 -2.0000E-03   1   5
  6.5594E-07  3.3181E-07  9.2209E-05  3.1608E+07 -2.4753E+07  3.5860E+06  0.0000E+00 -2.0000E-03   1   5
  1.1986E-06 -3.1446E-06 -4.7758E-05  3.1600E+07 -2.4941E+07 -2.6511E+06  0.0000E+00 -2.0000E-03   1   5
  1.5505E-06 -1.7767E-06  2.0037E-05  3.1113E+07 -2.5165E+07 -1.7467E+06  0.0000E+00 -2.0000E-03   1   5
  1.8764E-06 -1.2222E-06  9.7917E-05  3.1490E+07 -2.5139E+07 -2.4275E+06  0.0000E+00 -2.0000E-03   1   5
  9.7092E-07  1.7704E-06 -6.1155E-05  3.0917E+07 -2.4669E+07 -2.0803E+06  0.0000E+00 -2.0000E-03   1   5
  1.7829E-06  1.2055E-07 -7.9133E-05  3.1541E+07 -2.4986E+07  1.7560E+05  0.0000E+00 -2.0000E-03   1   5
 -7.2052E-07  3.2298E-06 -7.2042E-05  3.1632E+07 -2.4750E+07  1.1596E+06  0.0000E+00 -2.0000E-03   1   5
 -1.3854E-06 -2.2694E-06 -8.6058E-06  3.1746E+07 -2.5122E+07 -8.3762E+05  0.0000E+00 -2.0000E-03   1   5
  1.4748E-06 -3.3679E-06  1.8478E-04  3.1267E+07 -2.5518E+07  5.4650E+06  0.0000E+00 -2.0000E-03   1   5
 -1.5594E-06  3.9223E-06 -1.9879E-04  3.1853E+07 -2.4038E+07  3.0279E+06  0.0000E+00 -2.0000E-03   1   5
  1.8166E-06 -4.1962E-06  3.5579E-06  3.1507E+07 -2.4882E+07  1.4726E+06  0.0000E+00 -2.0000E-03   1   5
 -1.8823E-06 -5.3015E-07  1.8412E-04  3.1753E+07 -2.4707E+07  1.1295E+06  0.0000E+00 -2.0000E-03   1   5
 -3.3643E-07 -4.5795E-06  9.1198E-05  3.1528E+07 -2.4977E+07  3.2685E+06  0.0000E+00 -2.0000E-03   1   5
  1.1643E-06 -8.9358E-07  4.6204E-05  3.1876E+07 -2.4187E+07  8.6725E+05  0.0000E+00 -2.0000E-03   1   5
  5.0542E-06 -9.7641E-07  6.0426E-05  3.0857E+07 -2.5138E+07  7.0347E+06  0.0000E+00 -2.0000E-03   1   5
  5.9091E-08  6.5102E-06  1.5771E-04  3.1960E+07 -2.3438E+07  2.2583E+06  0.0000E+00 -2.0000E-03   1   5
 -3.1231E-06 -2.2975E-06  2.4824E-05  3.2416E+07 -2.5579E+07 -3.3326E+05  0.0000E+00 -2.0000E-03   1   5
 -4.7036E-06 -5.8607E-07  1.5310E-04  3.1805E+07 -2.4936E+07  1.7276E+06  0.0000E+00 -2.0000E-03   1   5
 -1.9272E-07  2.8512E-06  1.4164E-05  3.1855E+07 -2.4741E+07 -1.7914E+06  0.0000E+00 -2.0000E-03   1   5
  1.3004E-06  1.0383E-06 -4.0613E-05  3.1353E+07 -2.4504E+07 -6.1350E+05  0.0000E+00 -2.0000E-03   1   5
 -3.6036E-06 -1.3893E-06  6.3139E-06  3.1381E+07 -2.4909E+07 -2.8848E+06  0.0000E+00 -2.0000E-03   1   5
 -1.1880E-06 -8.5758E-07 -6.2744E-05  3.1590E+07 -2.4980E+07  1.5030E+06  0.0000E+00 -2.0000E-03   1   5
 -1.7361E-08  9.7794E-07  1.1408E-04  3.1852E+07 -2.5097E+07  3.1145E+06  0.0000E+00 -2.0000E-03   1   5
 -3.5280E-06 -1.3256E-06  4.8251E-05  3.1918E+07 -2.4658E+07 -2.5249E+06  0.0000E+00 -2.0000E-03   1   5
 -4.4697E-08  5.4782E-07  9.9943E-05  3.1494E+07 -2.4447E+07 -1.7366E+05  0.0000E+00 -2.0000E-03   1   5
  1.6925E-06  9.1402E-07  1.6354E-05  3.1328E+07 -2.5021E+07 -3.0131E+06  0.0000E+00 -2.0000E-03   1   5
  3.0287E-06 -2.4784E-06  1.9142E-04  3.1495E+07 -2.5389E+07 -4.0342E+06  0.0000E+00 -2.0000E-03   1   5
 -2.1979E-06 -4.2960E-07  2.1153E-04  3.2270E+07 -2.4403E+07  1.8179E+06  0.0000E+00 -2.0000E-03   1   5
 -3.0133E-06 -4.5542E-06 -3.5784E-05  3.1866E+07 -2.5398E+07  4.1407E+06  0.0000E+00 -2.0000E-03   1   5
 -1.8999E-06 -5.0989E-07 -3.5874E-05  3.2062E+07 -2.5205E+07  8.0943E+05  0.0000E+00 -2.0000E-03   1   5
  1.9095E-06 -7.2741E-07 -5.3729E-05  3.1459E+07 -2.4975E+07  8.5086E+05  0.0000E+00 -2.0000E-03   1   5
  1.0806E-08 -3.6551E-06  1.6338E-06  3.1108E+07 -2.4996E+07 -1.1932E+05  0.0000E+00 -2.0000E-03   1   5
  7.2043E-07  9.0450E-07  1.4073E-04  3.0999E+07 -2.4406E+07  1.6528E+06  0.0000E+00 -2.0000E-03   1   5
  2.2626E-07  1.3262E-06  1.2152E-04  3.1169E+07 -2.4264E+07 -1.7472E+06  0.0000E+00 -2.0000E-03   1   5
 -2.5650E-06  5.2749E-07 -1.4046E-05  3.1570E+07 -2.5009E+07  1.3991E+06  0.0000E+00 -2.0000E-03   1   5
  1.2229E-06 -3.6584E-06 -1.5997E-04  3.1482E+07 -2.5319E+07  4.2803E+05  0.0000E+00 -2.0000E-03   1   5
  5.3655E-08 -3.0814E-06  4.2529E-05  3.1497E+07 -2.5337E+07  3.1925E+06  0.0000E+00 -2.0000E-03   1   5
  1.7804E-06 -4.2787E-07 -7.1252E-05  3.1127E+07 -2.5138E+07 -7.9399E+05  0.0000E+00 -2.0000E-03   1   5
 -1.4684E-06 -1.2877E-06  3.8923E-05  3.1745E+07 -2.4543E+07  1.2284E+06  0.0000E+00 -2.0000E-03   1   5
  1.3936E-06  1.7851E-06  5.4062E-05  3.1890E+07 -2.4350E+07  3.0582E+06  0.0000E+00 -2.0000E-03   1   5
  3.5778E-06 -2.8599E-06 -1.4777E-04  3.0685E+07 -2.5071E+07  7.7212E+04  0.0000E+00 -2.0000E-03   1   5
  2.1763E-07 -1.7499E-06 -6.7236E-05  3.0935E+07 -2.4886E+07 -9.3843E+05  0.0000E+00 -2.0000E-03   1   5
 -5.8255E-07  3.5878E-06 -4.6626E-05  3.1544E+07 -2.4012E+07  4.3636E+05  0.0000E+00 -2.0000E-03   1   5
 -1.5651E-06 -1.6317E-08  5.0375E-05  3.2096E+07 -2.4934E+07  5.0974E+06  0.0000E+00 -2.0000E-03   1   5
 -3.4924E-06  3.0038E-06  1.2574E-04  3.2263E+07 -2.4211E+07 -6.5692E+05  0.0000E+00 -2.0000E-03   1   5
  3.1217E-06 -1.4538E-06 -1.2702E-04  3.1060E+07 -2.4577E+07 -5.3119E+06  0.0000E+00 -2.0000E-03   1   5
 -7.7193E-07  2.0260E-06  9.0626E-05  3.1995E+07 -2.5233E+07  1.0210E+06  0.0000E+00 -2.0000E-03   1   5
  2.0547E-06 -8.9632E-07 -2.4499E-04  3.1158E+07 -2.4893E+07  4.5011E+06  0.0000E+00 -2.0000E-03   1   5
  3.3664E-06  1.5430E-06 -1.7104E-05  3.1101E+07 -2.4673E+07  1.4125E+06  0.0000E+00 -2.0000E-03   1   5
  1.4354E-06  8.9533E-07  2.9057E-05  3.2422E+07 -2.5020E+07  2.6552E+06  0.0000E+00 -2.0000E-03   1   5
 -1.5725E-07 -1.4643E-06 -4.2388E-05  3.1348E+07 -2.4683E+07  1.6561E+04  0.0000E+00 -2.0000E-03   1   5
 -7.9615E-07  3.0416E-06 -1.9101E-05  3.2052E+07 -2.4387E+07 -5.1824E+06  0.0000E+00 -2.0000E-03   1   5
  1.9110E-06 -1.7424E-07 -2.2738E-05  3.1044E+07 -2.4852E+07  5.9633E+04  0.0000E+00 -2.0000E-03   1   5
 -4.1189E-06  1.4738E-06  2.5427E-04  3.2042E+07 -2.4199E+07  4.0352E+05  0.0000E+00 -2.0000E-03   1   5
 -1.2998E-06  2.7699E-06  3.9459E-05  3.1568E+07 -2.4139E+07  2.3356E+06  0.0000E+00 -2.0000E-03   1   5
  1.6492E-06 -3.9146E-08  1.7223E-04  3.1744E+07 -2.4279E+07  1.4446E+06  0.0000E+00 -2.0000E-03   1   5
 -2.8487E-06 -4.3719E-06 -7.4849E-05  3.2241E+07 -2.5219E+07 -3.3558E+06  0.0000E+00 -2.0000E-03   1   5
 -2.1516E-06 -1.6174E-06 -1.2449E-04  3.1141E+07 -2.4792E+07 -1.2323E+06  0.0000E+00 -2.0000E-03   1   5
  6.6130E-07  3.6394E-06  2.8772E-05  3.1045E+07 -2.4233E+07  1.8095E+06  0.0000E+00 -2.0000E-03   1   5
  4.6880E-06  8.8284E-07 -6.0323E-05  3.0935E+07 -2.4819E+07  3.6040E+06  0.0000E+00 -2.0000E-03   1   5
 -4.2765E-06  4.0345E-06  6.8413E-05  3.2095E+07 -2.4617E+07 -8.6071E+05  0.0000E+00 -2.0000E-03   1   5
  4.0336E-07 -4.9660E-07  1.7196E-05  3.1592E+07 -2.4990E+07  3.2419E+06  0.0000E+00 -2.0000E-03   1   5
  2.4188E-06 -3.2455E-06  2.1391E-05  3.1550E+07 -2.4606E+07 -1.6413E+05  0.0000E+00 -2.0000E-03   1   5
  3.9645E-06  1.3116E-06 -2.3369E-06  3.1571E+07 -2.4904E+07 -4.8421E+06  0.0000E+00 -2.0000E-03   1   5
  4.8889E-06 -9.9069E-08 -2.1392E-05  3.0802E+07 -2.5219E+07 -3.2567E+05  0.0000E+00 -2.0000E-03   1   5
 -8.1538E-08 -2.2826E-06  1.0519E-05  3.1316E+07 -2.5029E+07 -2.8599E+06  0.0000E+00 -2.0000E-03   1   5
 -1.9588E-06  1.7640E-06 -1.6886E-04  3.1614E+07 -2.4682E+07 -2.3247E+06  0.0000E+00 -2.0000E-03   1   5
  9.3625E-07  1.2143E-06  5.4717E-06  3.1817E+07 -2.4410E+07 -1.0087E+06  0.0000E+00 -2.0000E-03   1   5
 -1.5831E-06  4.2378E-06  9.4120E-05  3.1950E+07 -2.4422E+07  1.0053E+07  0.0000E+00 -2.0000E-03   1   5
  1.2023E-06 -1.5012E-06 -1.9913E-05  3.1105E+07 -2.5538E+07 -1.2948E+05  0.0000E+00 -2.0000E-03   1   5
 -8.2760E-07 -1.0887E-06  6.3584E-05  3.2019E+07 -2.4969E+07  1.1720E+06  0.0000E+00 -2.0000E-03   1   5
  3.0522E-07 -2.7368E-06  4.3934E-05  3.1150E+07 -2.4821E+07 -2.2948E+06  0.0000E+00 -2.0000E-03   1   5
  8.5964E-07  2.3359E-06 -1.0104E-04  3.1257E+07 -2.4756E+07 -1.0290E+06  0.0000E+00 -2.0000E-03   1   5
 -1.6717E-06 -1.4994E-06 -1.2083E-04  3.1222E+07 -2.5222E+07 -7.9382E+05  0.0000E+00 -2.0000E-03   1   5
 -4.3588E-09  5.6968E-08  3.9921E-05  3.1307E+07 -2.4996E+07 -4.5423E+06  0.0000E+00 -2.0000E-03   1   5
  3.8282E-06 -2.6559E-06  3.2089E-05  3.0912E+07 -2.4659E+07 -4.6680E+06  0.0000E+00 -2.0000E-03   1   5
  3.6653E-07 -9.1510E-07  7.8221E-05  3.1703E+07 -2.5061E+07 -1.9867E+05  0.0000E+00 -2.0000E-03   1   5
  2.6287E-07 -1.2829E-06  1.1603E-04  3.1765E+07 -2.4766E+07  5.1307E+06  0.0000E+00 -2.0000E-03   1   5
 -2.9719E-07  2.9299E-06  1.0952E-04  3.1319E+07 -2.3502E+07  3.5204E+06  0.0000E+00 -2.0000E-03   1   5
  1.5040E-06 -6.7655E-07  1.3425E-04  3.1741E+07 -2.4803E+07 -2.2748E+06  0.0000E+00 -2.0000E-03   1   5
 -1.1980E-06  1.9160E-06 -1.8930E-04  3.1616E+07 -2.4680E+07  2.7760E+06  0.0000E+00 -2.0000E-03   1   5
  3.6477E-06 -1.3316E-06  1.3586E-04  3.1620E+07 -2.5047E+07  2.4841E+06  0.0000E+00 -2.0000E-03   1   5
 -1.9988E-06 -3.3948E-06  1.3498E-04  3.1805E+07 -2.5308E+07  1.4920E+06  0.0000E+00 -2.0000E-03   1   5
 -7.6633E-07 -1.8897E-06 -2.7778E-05  3.1752E+07 -2.5087E+07 -3.1976E+05  0.0000E+00 -2.0000E-03   1   5
  1.5670E-07 -8.1306E-08  4.0439E-05  3.1700E+07 -2.5072E+07 -2.4920E+06  0.0000E+00 -2.0000E-03   1   5
 -6.8693E-07  8.2631E-07  6.5782E-05  3.2224E+07 -2.4835E+07 -2.6167E+06  0.0000E+00 -2.0000E-03   1   5
 -1.6465E-06  1.4189E-06 -2.1189E-05  3.1888E+07 -2.4553E+07  1.5345E+06  0.0000E+00 -2.0000E-03   1   5
 -2.4850E-06  1.0596E-07  4.8781E-05  3.1942E+07 -2.4602E+07  1.9188E+06  0.0000E+00 -2.0000E-03   1   5
 -1.0234E-06  3.2961E-06 -2.7907E-05  3.1340E+07 -2.4249E+07  2.1938E+06  0.0000E+00 -2.0000E-03   1   5
  7.8855E-07  2.2092E-07  1.1279E-04  3.1313E+07 -2.4853E+07 -2.0819E+06  0.0000E+00 -2.0000E-03   1   5
  2.3187E-06 -4.9559E-07 -1.0930E-04  3.0837E+07 -2.4622E+07  3.6200E+06  0.0000E+00 -2.0000E-03   1   5
 -1.0556E-06 -1.7051E-06  8.5943E-06  3.1945E+07 -2.4511E+07 -1.8758E+06  0.0000E+00 -2.0000E-03   1   5
 -1.0444E-06 -8.6277E-07 -1.5763E-04  3.2011E+07 -2.4292E+07  7.2132E+05  0.0000E+00 -2.0000E-03   1   5
 -1.2406E-06 -1.4688E-06 -7.3481E-07  3.1279E+07 -2.5300E+07  2.2054E+06  0.0000E+00 -2.0000E-03   1   5
 -1.0272E-06 -7.9753E-07  2.7345E-04  3.1667E+07 -2.4636E+07  6.6415E+06  0.0000E+00 -2.0000E-03   1   5
  5.9871E-07 -3.3372E-06  7.5340E-05  3.1600E+07 -2.4691E+07 -9.1765E+05  0.0000E+00 -2.0000E-03   1   5
 -8.3350E-07  4.7964E-07  4.2336E-05  3.1634E+07 -2.4350E+07 -1.7256E+06  0.0000E+00 -2.0000E-03   1   5
  2.2236E-06 -3.5856E-06  3.2616E-05  3.0911E+07 -2.5346E+07  5.9729E+06  0.0000E+00 -2.0000E-03   1   5
  4.5354E-08 -6.9109E-08 -2.7042E-04  3.1909E+07 -2.4137E+07  1.4193E+05  0.0000E+00 -2.0000E-03   1   5
 -1.8820E-06  5.8622E-08  8.9310E-05  3.2185E+07 -2.4732E+07  4.4309E+06  0.0000E+00 -2.0000E-03   1   5
 -7.6016E-07 -9.8684E-07  9.5430E-06  3.1737E+07 -2.5618E+07  3.5771E+06  0.0000E+00 -2.0000E-03   1   5
 -3.0537E-06 -2.2824E-06 -5.4832E-05  3.1856E+07 -2.5103E+07 -2.5770E+06  0.0000E+00 -2.0000E-03   1   5
  1.5338E-06 -2.5669E-06  6.7866E-05  3.1184E+07 -2.4681E+07  2.0348E+06  0.0000E+00 -2.0000E-03   1   5
  4.6217E-06 -5.5593E-08  3.5338E-06  3.1443E+07 -2.5073E+07  1.5976E+06  0.0000E+00 -2.0000E-03   1   5
 -1.0585E-06 -1.3946E-06 -9.0680E-05  3.1787E+07 -2.5099E+07  1.5200E+06  0.0000E+00 -2.0000E-03   1   5
 -4.0233E-06  1.2718E-06 -1.7367E-04  3.2127E+07 -2.4457E+07  6.7080E+06  0.0000E+00 -2.0000E-03   1   5
  2.9933E-07 -4.2231E-07  5.8898E-05  3.1922E+07 -2.4940E+07  7.9779E+05  0.0000E+00 -2.0000E-03   1   5
 -3.3029E-06 -6.5173E-07  3.2787E-05  3.2708E+07 -2.4933E+07 -3.8859E+06  0.0000E+00 -2.0000E-03   1   5
 -3.2980E-07  6.6191E-07 -2.0430E-04  3.2070E+07 -2.4719E+07 -3.4688E+06  0.0000E+00 -2.0000E-03   1   5
 -1.1584E-06 -1.3269E-06  5.4936E-05  3.1617E+07 -2.4913E+07  5.9369E+05  0.0000E+00 -2.0000E-03   1   5
  1.7761E-06 -2.0514E-06  2.5859E-05  3.1236E+07 -2.5032E+07  1.4674E+06  0.0000E+00 -2.0000E-03   1   5
  3.1735E-06  1.6124E-07 -9.1756E-06  3.1011E+07 -2.4437E+07 -1.0326E+06  0.0000E+00 -2.0000E-03   1   5
 -3.2617E-08  1.9608E-06 -4.3661E-05  3.1900E+07 -2.4968E+07 -3.9588E+06  0.0000E+00 -2.0000E-03   1   5
 -2.3812E-06 -1.8884E-06  4.6094E-05  3.1923E+07 -2.4874E+07 -9.6633E+05  0.0000E+00 -2.0000E-03   1   5
 -1.8863E-06 -1.8653E-07  1.9818E-04  3.2111E+07 -2.4778E+07 -6.4744E+06  0.0000E+00 -2.0000E-03   1   5
 -1.6290E-06 -7.5162E-07 -6.1042E-05  3.1809E+07 -2.4906E+07 -8.6989E+06  0.0000E+00 -2.0000E-03   1   5
 -1.0745E-06 -2.7301E-06  6.4462E-05  3.1938E+07 -2.4601E+07 -6.1383E+05  0.0000E+00 -2.0000E-03   1   5
  1.5906E-07 -1.9713E-06 -8.9657E-05  3.1925E+07 -2.5117E+07  3.8618E+06  0.0000E+00 -2.0000E-03   1   5
  2.3117E-06  3.5140E-07  5.6118E-05  3.1062E+07 -2.4388E+07 -1.8119E+05  0.0000E+00 -2.0000E-03   1   5
 -1.8724E-06 -2.0689E-06  3.8875E-05  3.2379E+07 -2.5366E+07  4.4139E+06  0.0000E+00 -2.0000E-03   1   5
 -8.3269E-07 -1.8778E-06 -5.0860E-05  3.2510E+07 -2.5835E+07 -2.6048E+06  0.0000E+00 -2.0000E-03   1   5
  7.8179E-08  1.1225E-06 -4.7394E-05  3.1370E+07 -2.4386E+07 -2.5483E+06  0.0000E+00 -2.0000E-03   1   5
  4.1438E-06  3.3664E-06  2.2102E-04  3.1188E+07 -2.4448E+07 -4.0092E+05  0.0000E+00 -2.0000E-03   1   5
  2.2691E-07 -2.1006E-06 -2.6410E-05  3.1805E+07 -2.5259E+07 -6.5075E+05  0.0000E+00 -2.0000E-03   1   5
  1.2624E-06 -1.4839E-06  1.2667E-04  3.0782E+07 -2.5337E+07 -2.7729E+06  0.0000E+00 -2.0000E-03   1   5
 -3.0025E-07  3.2093E-06 -8.9051E-05  3.1384E+07 -2.4353E+07  2.4031E+06  0.0000E+00 -2.0000E-03   1   5
  5.1293E-07 -1.2489E-06 -3.7059E-05  3.1431E+07 -2.5389E+07  1.8411E+06  0.0000E+00 -2.0000E-03   1   5
  1.7195E-06  1.6764E-06  3.3096E-05  3.0998E+07 -2.4107E+07  5.1837E+06  0.0000E+00 -2.0000E-03   1   5
  1.1645E-06 -5.3405E-07  3.9324E-06  3.1062E+07 -2.4978E+07  2.5744E+05  0.0000E+00 -2.0000E-03   1   5
  2.0222E-06  4.5801E-07 -1.0377E-04  3.0915E+07 -2.4699E+07 -3.0485E+06  0.0000E+00 -2.0000E-03   1   5
  1.3097E-06 -1.7497E-06 -3.5735E-05  3.1033E+07 -2.5212E+07  1.9182E+06  0.0000E+00 -2.0000E-03   1   5
  2.4707E-07 -4.1240E-06 -8.1381E-05  3.1077E+07 -2.5837E+07 -2.0036E+06  0.0000E+00 -2.0000E-03   1   5
  1.5094E-07  2.1290E-06  3.0635E-05  3.1785E+07 -2.4386E+07 -1.8528E+06  0.0000E+00 -2.0000E-03   1   5
  2.6165E-06 -2.7017E-06 -4.6138E-05  3.0896E+07 -2.5160E+07  4.4246E+06  0.0000E+00 -2.0000E-03   1   5
  2.6423E-06  6.9558E-07 -1.5729E-04  3.1288E+07 -2.4117E+07  3.1562E+06  0.0000E+00 -2.0000E-03   1   5
 -7.5454E-08  1.3303E-06  4.7935E-05  3.1374E+07 -2.5165E+07  1.8113E+06  0.0000E+00 -2.0000E-03   1   5
 -4.4016E-06  5.5333E-08  4.2739E-05  3.2152E+07 -2.4538E+07 -1.0394E+06  0.0000E+00 -2.0000E-03   1   5
 -1.6793E-06 -3.2518E-06 -7.5097E-05  3.1339E+07 -2.5193E+07  2.6970E+06  0.0000E+00 -2.0000E-03   1   5
  2.9095E-06  1.5801E-06  1.2341E-05  3.1194E+07 -2.4702E+07 -1.7470E+06  0.0000E+00 -2.0000E-03   1   5
 -1.3518E-06 -8.6311E-07  1.2307E-04  3.2183E+07 -2.5250E+07 -7.3662E+06  0.0000E+00 -2.0000E-03   1   5
  8.8334E-07  3.1272E-06 -1.0619E-05  3.1715E+07 -2.4792E+07 -3.3710E+06  0.0000E+00 -2.0000E-03   1   5
 -1.8783E-07  2.2709E-06  1.2912E-04  3.1691E+07 -2.4698E+07 -2.6104E+06  0.0000E+00 -2.0000E-03   1   5
 -2.7962E-06  2.6708E-06  1.8054E-05  3.1467E+07 -2.3929E+07 -1.5599E+06  0.0000E+00 -2.0000E-03   1   5
  1.2923E-06 -1.5252E-06 -8.3914E-05  3.1561E+07 -2.5070E+07 -1.7586E+06  0.0000E+00 -2.0000E-03   1   5
  2.0358E-06 -2.2217E-07  3.8651E-05  3.1065E+07 -2.4480E+07  4.5240E+06  0.0000E+00 -2.0000E-03   1   5
  9.4056E-07 -2.3279E-06  2.3470E-05  3.1302E+07 -2.4750E+07  1.6849E+06  0.0000E+00 -2.0000E-03   1   5
  1.5320E-07 -2.9701E-07 -1.3701E-04  3.1808E+07 -2.4751E+07  2.1110E+06  0.0000E+00 -2.0000E-03   1   5
  1.7953E-06 -2.1953E-06 -1.1185E-04  3.1080E+07 -2.5025E+07 -4.4446E+06  0.0000E+00 -2.0000E-03   1   5
 -1.9912E-07  1.6385E-06  1.8540E-05  3.1012E+07 -2.5286E+07  4.4664E+05  0.0000E+00 -2.0000E-03   1   5
  1.0053E-06  2.2066E-06  6.1593E-05  3.1169E+07 -2.4883E+07  2.4117E+05  0.0000E+00 -2.0000E-03   1   5
  1.7540E-06  1.9835E-06 -1.4260E-04  3.1185E+07 -2.4800E+07  4.7274E+06  0.0000E+00 -2.0000E-03   1   5
  5.5304E-07 -7.4514E-07  7.1864E-05  3.1141E+07 -2.5054E+07 -1.0857E+06  0.0000E+00 -2.0000E-03   1   5
 -7.1037E-07 -7.1138E-07  8.8406E-05  3.1175E+07 -2.5508E+07 -5.8990E+05  0.0000E+00 -2.0000E-03   1   5
 -1.8461E-06  4.7648E-07 -7.5058E-05  3.1681E+07 -2.4699E+07 -1.7050E+06  0.0000E+00 -2.0000E-03   1   5
 -2.9648E-06 -2.1372E-06 -1.8103E-04  3.2062E+07 -2.5400E+07 -4.1610E+06  0.0000E+00 -2.0000E-03   1   5
  1.9474E-07  5.0229E-06  1.0921E-04  3.1728E+07 -2.4615E+07 -1.6165E+06  0.0000E+00 -2.0000E-03   1   5
  1.6083E-06  3.1809E-06 -1.4078E-05  3.1560E+07 -2.4925E+07 -4.2461E+05  0.0000E+00 -2.0000E-03   1   5
  3.4843E-07  1.6983E-06  2.0438E-05  3.1700E+07 -2.4201E+07 -1.9378E+06  0.0000E+00 -2.0000E-03   1   5
 -1.6126E-06  6.7384E-07 -1.8920E-04  3.1661E+07 -2.4527E+07  1.8034E+06  0.0000E+00 -2.0000E-03   1   5
 -1.4838E-06 -5.2174E-07 -1.3648E-04  3.1883E+07 -2.4970E+07  5.2396E+06  0.0000E+00 -2.0000E-03   1   5
 -3.6729E-06  4.2510E-07 -1.6276E-04  3.2023E+07 -2.5054E+07  5.8192E+06  0.0000E+00 -2.0000E-03   1   5
  4.1332E-07 -2.5233E-07 -3.0070E-05  3.1442E+07 -2.5110E+07 -3.1724E+05  0.0000E+00 -2.0000E-03   1   5
  2.0508E-06 -1.0546E-06  7.8911E-05  3.1530E+07 -2.5111E+07 -6.9536E+05  0.0000E+00 -2.0000E-03   1   5
  4.5417E-07  1.1002E-06 -2.8713E-05  3.1629E+07 -2.4557E+07 -7.5990E+06  0.0000E+00 -2.0000E-03   1   5
  5.1655E-07  1.5481E-06  1.0320E-05  3.2060E+07 -2.5010E+07 -2.8767E+06  0.0000E+00 -2.0000E-03   1   5
  4.5698E-06 -2.4768E-06 -6.2351E-05  3.1600E+07 -2.5198E+07  1.2439E+06  0.0000E+00 -2.0000E-03   1   5
 -5.9421E-07 -2.5223E-06 -1.4849E-05  3.1808E+07 -2.4816E+07 -6.4953E+05  0.0000E+00 -2.0000E-03   1   5
  1.9311E-06  2.9270E-08 -2.1516E-04  3.1208E+07 -2.4915E+07  4.1203E+05  0.0000E+00 -2.0000E-03   1   5
  5.6359E-07 -1.0645E-06  1.6532E-05  3.2126E+07 -2.5206E+07  4.1200E+05  0.0000E+00 -2.0000E-03   1   5
  4.2748E-06  9.4390E-07  5.6218E-05  3.0653E+07 -2.4789E+07 -1.9997E+06  0.0000E+00 -2.0000E-03   1   5
  5.0511E-07  6.1242E-07 -4.8470E-05  3.1880E+07 -2.5205E+07 -3.2239E+06  0.0000E+00 -2.0000E-03   1   5
 -1.2061E-06  1.3832E-06 -1.1527E-04  3.1635E+07 -2.4280E+07  2.2594E+06  0.0000E+00 -2.0000E-03   1   5
 -1.3405E-06 -2.3390E-06  1.8828E-05  3.1492E+07 -2.4791E+07 -2.2023E+06  0.0000E+00 -2.0000E-03   1   5
  1.4574E-06  3.4988E-06  9.0692E-05  3.1512E+07 -2.4453E+07  1.9361E+06  0.0000E+00 -2.0000E-03   1   5
 -1.9883E-06  2.8744E-07 -4.2851E-05  3.1769E+07 -2.5050E+07  2.6810E+06  0.0000E+00 -2.0000E-03   1   5
  2.1573E-06  2.9348E-06  4.5889E-05  3.1627E+07 -2.4619E+07 -2.2724E+05  0.0000E+00 -2.0000E-03   1   5
 -2.4871E-06 -3.7863E-06 -1.8487E-05  3.1254E+07 -2.4900E+07  1.1057E+06  0.0000E+00 -2.0000E-03   1   5
 -1.6358E-06  1.1304E-06 -1.8105E-05  3.1869E+07 -2.4885E+07  5.4900E+06  0.0000E+00 -2.0000E-03   1   5
  1.7104E-06  1.3484E-06  8.3044E-07  3.1267E+07 -2.4537E+07 -4.2822E+06  0.0000E+00 -2.0000E-03   1   5
  7.1866E-07 -2.1901E-06 -7.4521E-05  3.1747E+07 -2.5464E+07  7.7767E+05  0.0000E+00 -2.0000E-03   1   5
 -2.9221E-06 -6.1723E-07  9.0014E-05  3.2149E+07 -2.5056E+07 -5.6205E+05  0.0000E+00 -2.0000E-03   1   5
  1.3028E-06 -1.3616E-06  1.6193E-04  3.1245E+07 -2.4667E+07 -4.1743E+05  0.0000E+00 -2.0000E-03   1   5
 -2.0584E-06  1.3487E-06 -8.9117E-05  3.2429E+07 -2.4603E+07  3.4424E+06  0.0000E+00 -2.0000E-03   1   5
  7.0877E-07 -9.3485E-07 -2.5454E-04  3.1718E+07 -2.5075E+07 -8.0294E+03  0.0000E+00 -2.0000E-03   1   5
  2.2915E-06  3.5156E-06 -2.2304E-05  3.1732E+07 -2.4115E+07  7.1620E+06  0.0000E+00 -2.0000E-03   1   5
 -2.0055E-06  3.0246E-07 -1.1811E-04  3.2162E+07 -2.5077E+07 -1.2027E+06  0.0000E+00 -2.0000E-03   1   5
  2.8033E-06  4.3378E-07  7.7335E-05  3.1574E+07 -2.5042E+07 -2.3895E+06  0.0000E+00 -2.0000E-03   1   5
  1.3597E-06 -2.2217E-06 -5.2784E-05  3.1651E+07 -2.5458E+07  4.9998E+06  0.0000E+00 -2.0000E-03   1   5
  4.7097E-07  1.1020E-06 -1.2117E-04  3.1530E+07 -2.4375E+07  4.0378E+06  0.0000E+00 -2.0000E-03   1   5
 -2.7130E-07 -2.5219E-06  4.1512E-05  3.1241E+07 -2.4810E+07  1.1419E+06  0.0000E+00 -2.0000E-03   1   5
  2.5858E-06 -9.6958E-07  3.7014E-05  3.1084E+07 -2.5011E+07 -1.8706E+06  0.0000E+00 -2.0000E-03   1   5
  5.5267E-07 -7.4131E-07 -5.3113E-05  3.1176E+07 -2.4846E+07 -6.4698E+05  0.0000E+00 -2.0000E-03   1   5
 -8.1979E-07 -2.1754E-06 -5.8016E-06  3.1907E+07 -2.5195E+07  3.4791E+06  0.0000E+00 -2.0000E-03   1   5
 -1.3879E-06 -3.0523E-08  8.1332E-05  3.1541E+07 -2.4464E+07  2.3924E+06  0.0000E+00 -2.0000E-03   1   5
  2.1555E-06  1.1013E-06 -4.2028E-05  3.1298E+07 -2.4703E+07  8.3931E+05  0.0000E+00 -2.0000E-03   1   5
 -9.1776E-07 -9.0376E-07  1.0076E-04  3.1951E+07 -2.5040E+07  1.0982E+06  0.0000E+00 -2.0000E-03   1   5
 -2.3448E-07  6.1826E-06  3.2477E-05  3.1813E+07 -2.4508E+07  4.4095E+06  0.0000E+00 -2.0000E-03   1   5
  1.8717E-07 -7.8100E-07 -2.2566E-05  3.1179E+07 -2.5159E+07  2.1236E+06  0.0000E+00 -2.0000E-03   1   5
  2.3914E-07 -2.3615E-06  5.4099E-05  3.1624E+07 -2.4985E+07 -1.0509E+06  0.0000E+00 -2.0000E-03   1   5
 -1.0879E-06  7.9394E-07  7.9479E-06  3.1503E+07 -2.4816E+07  3.2705E+06  0.0000E+00 -2.0000E-03   1   5
 -3.2096E-06  2.4313E-07  3.6375E-07  3.2242E+07 -2.5226E+07  3.3924E+06  0.0000E+00 -2.0000E-03   1   5
  9.7710E-07  2.2009E-06  4.2598E-05  3.1766E+07 -2.4858E+07 -1.3998E+06  0.0000E+00 -2.0000E-03   1   5
  3.9601E-06 -1.0139E-06  1.2601E-04  3.1118E+07 -2.4945E+07  1.2168E+06  0.0000E+00 -2.0000E-03   1   5
  5.4846E-06 -2.0056E-06  4.1145E-06  3.0659E+07 -2.5317E+07 -2.2538E+06  0.0000E+00 -2.0000E-03   1   5
  5.6104E-07  1.1154E-06  9.9962E-05  3.1458E+07 -2.5066E+07  1.1325E+06  0.0000E+00 -2.0000E-03   1   5
  1.0030E-06 -2.5119E-07 -7.8187E-05  3.1602E+07 -2.4471E+07  1.5433E+06  0.0000E+00 -2.0000E-03   1   5
  4.9699E-07  3.5385E-07 -2.0059E-04  3.2102E+07 -2.4771E+07  1.3947E+06  0.0000E+00 -2.0000E-03   1   5
  7.5122E-07  5.6914E-07  7.0551E-05  3.1484E+07 -2.5043E+07  1.0640E+06  0.0000E+00 -2.0000E-03   1   5
  8.1121E-07 -3.8870E-07  1.9652E-04  3.1649E+07 -2.4466E+07 -1.9866E+05  0.0000E+00 -2.0000E-03   1   5
 -2.7784E-06 -5.4839E-07 -1.1365E-04  3.1642E+07 -2.4804E+07 -3.3445E+06  0.0000E+00 -2.0000E-03   1   5
  4.8158E-07  1.8040E-06 -2.3630E-05  3.1750E+07 -2.4891E+07 -4.1834E+06  0.0000E+00 -2.0000E-03   1   5
 -7.0788E-07 -1.4189E-07  1.1396E-04  3.1868E+07 -2.5084E+07 -2.2023E+06  0.0000E+00 -2.0000E-03   1   5
  2.4108E-06 -9.9813E-07  4.6979E-05  3.0907E+07 -2.5220E+07 -2.6634E+04  0.0000E+00 -2.0000E-03   1   5
  2.9352E-06 -2.2417E-07  2.0113E-04  3.1197E+07 -2.4932E+07  3.0542E+06  0.0000E+00 -2.0000E-03   1   5
 -2.6219E-06  6.5743E-07 -4.1526E-05  3.1696E+07 -2.4917E+07  1.8923E+06  0.0000E+00 -2.0000E-03   1   5
 -1.3469E-06 -1.5868E-06 -1.4444E-06  3.1693E+07 -2.4570E+07 -8.9468E+04  0.0000E+00 -2.0000E-03   1   5
  2.8240E-07 -1.8603E-06 -6.0214E-05  3.1755E+07 -2.4698E+07  9.9513E+05  0.0000E+00 -2.0000E-03   1   5
 -2.6637E-06 -2.2320E-06  1.2198E-04  3.1259E+07 -2.5477E+07  1.5010E+06  0.0000E+00 -2.0000E-03   1   5
  5.4886E-07  1.7108E-06 -1.4865E-05  3.1887E+07 -2.4609E+07  6.3490E+05  0.0000E+00 -2.0000E-03   1   5
 -1.2329E-06  1.1775E-06  2.2725E-05  3.1312E+07 -2.4337E+07 -1.9366E+06  0.0000E+00 -2.0000E-03   1   5
 -7.2471E-07  2.9056E-06 -3.7088E-05  3.1228E+07 -2.4581E+07 -1.7996E+06  0.0000E+00 -2.0000E-03   1   5
 -3.6250E-06 -2.9436E-06  3.8906E-05  3.2522E+07 -2.5391E+07 -2.5966E+06  0.0000E+00 -2.0000E-03   1   5
  2.3180E-06  1.2220E-06  4.5697E-05  3.1477E+07 -2.5078E+07 -2.1286E+06  0.0000E+00 -2.0000E-03   1   5
  1.7145E-06  1.0714E-06 -6.6668E-05  3.1523E+07 -2.5123E+07  1.9930E+06  0.0000E+00 -2.0000E-03   1   5
 -2.0615E-06 -3.2249E-06  8.7879E-05  3.2336E+07 -2.5808E+07  2.0311E+06  0.0000E+00 -2.0000E-03   1   5
  4.7255E-06  1.7977E-06 -9.7822E-06  3.1323E+07 -2.4654E+07  5.1929E+05  0.0000E+00 -2.0000E-03   1   5
  8.1517E-07  6.4669E-07 -9.9410E-05  3.1870E+07 -2.4889E+07 -2.7564E+06  0.0000E+00 -2.0000E-03   1   5
 -4.2987E-07 -2.3408E-07 -8.5371E-05  3.1864E+07 -2.4670E+07 -4.4777E+05  0.0000E+00 -2.0000E-03   1   5
  6.9434E-07  8.3933E-08 -1.0024E-04  3.1791E+07 -2.5223E+07  1.9291E+06  0.0000E+00 -2.0000E-03   1   5
  2.8098E-06  1.0611E-06  4.4359E-06  3.1259E+07 -2.4349E+07 -6.2264E+05  0.0000E+00 -2.0000E-03   1   5
 -1.7558E-06 -2.0613E-07 -9.3612E-05  3.2055E+07 -2.4556E+07  1.6424E+06  0.0000E+00 -2.0000E-03   1   5
 -1.6520E-06  3.1474E-06  1.4373E-04  3.1770E+07 -2.4569E+07  3.5142E+06  0.0000E+00 -2.0000E-03   1   5
  4.8898E-07  3.7041E-06 -5.6452E-05  3.1586E+07 -2.4720E+07 -7.8645E+04  0.0000E+00 -2.0000E-03   1   5
 -9.0131E-07  1.3328E-06 -1.3469E-06  3.1995E+07 -2.4593E+07  2.1489E+06  0.0000E+00 -2.0000E-03   1   5
  1.1499E-06 -2.5061E-07 -1.1889E-04  3.1137E+07 -2.4235E+07  8.7593E+05  0.0000E+00 -2.0000E-03   1   5
  1.7711E-06  1.3916E-06 -1.2785E-05  3.1802E+07 -2.4798E+07 -1.1676E+06  0.0000E+00 -2.0000E-03   1   5
  6.6477E-07 -1.8963E-07 -8.9373E-05  3.1167E+07 -2.4938E+07  5.6389E+05  0.0000E+00 -2.0000E-03   1   5
  1.0822E-06 -1.5252E-07  1.5656E-04  3.1278E+07 -2.5044E+07  1.3429E+06  0.0000E+00 -2.0000E-03   1   5
  1.8550E-06  1.2814E-06 -1.0033E-04  3.1722E+07 -2.4813E+07  1.9588E+06  0.0000E+00 -2.0000E-03   1   5
 -4.4323E-08 -2.7767E-07 -2.0940E-04  3.1521E+07 -2.4762E+07 -4.0883E+06  0.0000E+00 -2.0000E-03   1   5
  2.6156E-08 -3.9733E-06 -1.2778E-04  3.1366E+07 -2.4847E+07 -8.3827E+05  0.0000E+00 -2.0000E-03   1   5
  1.5419E-06 -8.9461E-07 -6.9042E-05  3.1608E+07 -2.5314E+07  2.6061E+06  0.0000E+00 -2.0000E-03   1   5
 -2.7927E-06  9.5516E-07 -2.1137E-04  3.1814E+07 -2.4834E+07 -2.7344E+06  0.0000E+00 -2.0000E-03   1   5
  1.1560E-06 -5.7063E-07 -2.5783E-05  3.1753E+07 -2.4963E+07  2.9897E+06  0.0000E+00 -2.0000E-03   1   5
 -2.2681E-06 -3.4572E-07  1.7032E-04  3.2120E+07 -2.5038E+07  3.3520E+06  0.0000E+00 -2.0000E-03   1   5
  9.7511E-07  8.7845E-07 -5.4323E-05  3.1359E+07 -2.4290E+07  1.8180E+05  0.0000E+00 -2.0000E-03   1   5
  1.5462E-06  8.1640E-07  1.6736E-05  3.1480E+07 -2.4482E+07  3.4440E+06  0.0000E+00 -2.0000E-03   1   5
  6.7588E-08 -4.4552E-06 -4.4770E-05  3.2021E+07 -2.5395E+07  1.9580E+06  0.0000E+00 -2.0000E-03   1   5
  1.7522E-06 -5.8186E-07  1.8882E-04  3.1786E+07 -2.5080E+07 -2.3580E+06  0.0000E+00 -2.0000E-03   1   5
 -1.9736E-06 -2.9706E-06  6.6178E-05  3.2090E+07 -2.5453E+07 -3.2379E+06  0.0000E+00 -2.0000E-03   1   5
 -1.9354E-06 -4.0687E-06 -2.5429E-05  3.1289E+07 -2.4946E+07 -6.4079E+05  0.0000E+00 -2.0000E-03   1   5
 -1.8143E-07 -4.9193E-07  1.5552E-04  3.1597E+07 -2.4528E+07 -2.4893E+06  0.0000E+00 -2.0000E-03   1   5
  2.3233E-06  9.6872E-07 -9.7607E-05  3.1086E+07 -2.4372E+07 -1.3263E+06  0.0000E+00 -2.0000E-03   1   5
  8.9319E-07 -3.3911E-06  2.4891E-05  3.1609E+07 -2.5316E+07 -2.0010E+06  0.0000E+00 -2.0000E-03   1   5
 -1.4878E-08 -8.0876E-07 -1.2902E-04  3.1549E+07 -2.4960E+07  2.0292E+06  0.0000E+00 -2.0000E-03   1   5
 -3.3543E-07 -3.5356E-06 -2.2370E-05  3.1815E+07 -2.4904E+07  1.6586E+06  0.0000E+00 -2.0000E-03   1   5
  1.9838E-06 -1.7471E-07  5.2017E-05  3.1703E+07 -2.4704E+07 -5.2139E+05  0.0000E+00 -2.0000E-03   1   5
  3.1033E-08  2.0539E-06 -2.5035E-05  3.1531E+07 -2.4531E+07  7.7766E+05  0.0000E+00 -2.0000E-03   1   5
 -4.9649E-07  1.6034E-06 -1.2433E-04  3.1461E+07 -2.4715E+07 -1.9234E+05  0.0000E+00 -2.0000E-03   1   5
  3.2537E-06  4.1889E-06  3.4338E-06  3.1616E+07 -2.4212E+07  7.3361E+06  0.0000E+00 -2.0000E-03   1   5
  5.8352E-07 -7.6403E-07 -5.7206E-05  3.1999E+07 -2.4709E+07 -1.1940E+05  0.0000E+00 -2.0000E-03   1   5
 -9.8720E-07 -3.0126E-07 -5.0208E-05  3.1600E+07 -2.4865E+07 -2.0356E+06  0.0000E+00 -2.0000E-03   1   5
 -3.8560E-06 -5.3972E-08 -1.2020E-04  3.1630E+07 -2.4709E+07 -1.7403E+06  0.0000E+00 -2.0000E-03   1   5
  1.6096E-06 -3.4918E-06 -1.2688E-04  3.1151E+07 -2.5601E+07  2.2391E+06  0.0000E+00 -2.0000E-03   1   5
 -1.1187E-06 -4.1823E-06  2.1419E-04  3.1726E+07 -2.4847E+07 -1.3026E+06  0.0000E+00 -2.0000E-03   1   5
  4.5309E-06 -1.3339E-07  1.4246E-04  3.0849E+07 -2.4994E+07 -3.0388E+06  0.0000E+00 -2.0000E-03   1   5
  2.1451E-06  1.9864E-06 -4.6198E-05  3.1528E+07 -2.4662E+07  2.7041E+06  0.0000E+00 -2.0000E-03   1   5
 -2.4085E-06  6.7019E-07  2.3208E-04  3.1801E+07 -2.5099E+07 -3.9507E+06  0.0000E+00 -2.0000E-03   1   5
  2.4482E-06 -2.5282E-06 -7.4783E-05  3.0846E+07 -2.5266E+07 -1.0664E+06  0.0000E+00 -2.0000E-03   1   5
  2.8851E-06 -2.2720E-06 -1.5730E-04  3.1767E+07 -2.4879E+07  6.0007E+05  0.0000E+00 -2.0000E-03   1   5
  2.3971E-06  3.3652E-06 -4.8254E-05  3.1611E+07 -2.4074E+07 -4.2274E+06  0.0000E+00 -2.0000E-03   1   5
 -8.3033E-07  2.6988E-07 -8.4631E-05  3.2405E+07 -2.4527E+07 -3.8125E+04  0.0000E+00 -2.0000E-03   1   5
 -3.0059E-06 -3.1298E-06 -1.0059E-04  3.1840E+07 -2.5384E+07 -3.2076E+06  0.0000E+00 -2.0000E-03   1   5
  5.7900E-07 -2.8707E-06 -1.2707E-04  3.1912E+07 -2.5144E+07 -1.1233E+06  0.0000E+00 -2.0000E-03   1   5
  6.3057E-07 -3.0584E-07 -1.7529E-05  3.1488E+07 -2.5028E+07  2.9230E+06  0.0000E+00 -2.0000E-03   1   5
  2.3962E-06 -1.2091E-06  2.2307E-04  3.1053E+07 -2.4390E+07 -1.3426E+06  0.0000E+00 -2.0000E-03   1   5
  1.3951E-06 -4.5170E-08  5.8331E-05  3.1825E+07 -2.4452E+07  8.4018E+05  0.0000E+00 -2.0000E-03   1   5
 -5.2071E-07  3.3510E-07  1.2012E-05  3.1393E+07 -2.4845E+07 -3.2005E+06  0.0000E+00 -2.0000E-03   1   5
  4.0743E-06  1.4587E-06 -8.1195E-05  3.1578E+07 -2.4642E+07 -8.8223E+05  0.0000E+00 -2.0000E-03   1   5
 -4.8545E-07 -8.5744E-07 -3.6912E-05  3.2098E+07 -2.4958E+07 -6.5852E+05  0.0000E+00 -2.0000E-03   1   5
  2.6149E-06 -1.0571E-06 -1.3801E-04  3.1676E+07 -2.5284E+07  1.8355E+06  0.0000E+00 -2.0000E-03   1   5
  1.6200E-06 -2.1011E-06  4.8503E-05  3.1222E+07 -2.4800E+07 -2.4171E+06  0.0000E+00 -2.0000E-03   1   5
  2.2271E-06  1.7243E-06  1.1613E-04  3.1175E+07 -2.4185E+07  7.0179E+06  0.0000E+00 -2.0000E-03   1   5
  1.2394E-06  3.3324E-08 -2.0604E-04  3.2128E+07 -2.4702E+07 -1.8365E+05  0.0000E+00 -2.0000E-03   1   5
  1.1523E-07  4.6428E-06  5.6379E-05  3.2059E+07 -2.4480E+07  5.2965E+06  0.0000E+00 -2.0000E-03   1   5
  2.9700E-06 -2.3416E-07 -5.8021E-06  3.1370E+07 -2.5229E+07  3.0098E+06  0.0000E+00 -2.0000E-03   1   5
 -1.0751E-06  6.5743E-08  1.0747E-04  3.1985E+07 -2.5043E+07 -1.4607E+06  0.0000E+00 -2.0000E-03   1   5
 -5.8032E-06 -3.0280E-06  8.6659E-05  3.2051E+07 -2.4525E+07  3.2487E+06  0.0000E+00 -2.0000E-03   1   5
 -2.4906E-07  6.4412E-07  1.4318E-05  3.1717E+07 -2.4456E+07  6.6963E+06  0.0000E+00 -2.0000E-03   1   5
  2.1030E-06  5.0219E-07  2.0755E-05  3.1711E+07 -2.5030E+07  1.3348E+06  0.0000E+00 -2.0000E-03   1   5
 -2.7493E-07  8.9722E-07 -1.4550E-05  3.1650E+07 -2.5439E+07 -4.9340E+05  0.0000E+00 -2.0000E-03   1   5
  4.1600E-07 -1.0742E-06  6.0980E-05  3.1414E+07 -2.4845E+07  2.6665E+06  0.0000E+00 -2.0000E-03   1   5
  1.3876E-06 -1.2020E-06 -1.7532E-05  3.1310E+07 -2.5138E+07  2.6988E+06  0.0000E+00 -2.0000E-03   1   5
  2.9206E-06 -1.0141E-06  6.3860E-05  3.1787E+07 -2.5238E+07  4.1355E+06  0.0000E+00 -2.0000E-03   1   5
  2.7002E-06  2.3769E-06  4.8463E-05  3.1605E+07 -2.4348E+07 -3.3574E+06  0.0000E+00 -2.0000E-03   1   5
  7.1761E-07  9.5233E-07  4.6134E-05  3.1298E+07 -2.4918E+07 -8.7367E+04  0.0000E+00 -2.0000E-03   1   5
  1.8597E-06  3.6846E-06  2.0546E-04  3.1508E+07 -2.4836E+07 -6.2127E+05  0.0000E+00 -2.0000E-03   1   5
  1.5999E-06 -6.8564E-07  5.2145E-05  3.1650E+07 -2.5079E+07  2.2719E+05  0.0000E+00 -2.0000E-03   1   5
  1.2489E-06 -6.6234E-07 -1.8548E-04  3.1009E+07 -2.5050E+07  3.2697E+05  0.0000E+00 -2.0000E-03   1   5
 -6.9363E-07 -7.3064E-07 -7.2148E-06  3.1754E+07 -2.4312E+07  4.2447E+06  0.0000E+00 -2.0000E-03   1   5
 -1.7322E-06 -2.0878E-07  4.1813E-05  3.1769E+07 -2.5005E+07  1.2841E+06  0.0000E+00 -2.0000E-03   1   5
 -5.9712E-07  2.0815E-06 -9.9563E-05  3.2048E+07 -2.4577E+07 -3.3710E+06  0.0000E+00 -2.0000E-03   1   5
  1.6500E-06 -4.1430E-07 -2.4304E-05  3.1257E+07 -2.4473E+07 -2.4576E+06  0.0000E+00 -2.0000E-03   1   5
  1.2274E-07  8.0773E-07 -8.7058E-05  3.1831E+07 -2.4520E+07  6.3958E+06  0.0000E+00 -2.0000E-03   1   5
 -1.6338E-06  2.3967E-07  1.2486E-04  3.1707E+07 -2.4841E+07 -1.6755E+06  0.0000E+00 -2.0000E-03   1   5
 -1.4930E-06  5.7086E-07  1.5117E-05  3.1890E+07 -2.5286E+07 -1.6390E+06  0.0000E+00 -2.0000E-03   1   5
 -1.2551E-06  2.9455E-06  5.4221E-05  3.2135E+07 -2.4229E+07 -2.4198E+06  0.0000E+00 -2.0000E-03   1   5
  7.7373E-07 -2.7784E-06  4.7720E-05  3.2282E+07 -2.5157E+07 -3.7158E+06  0.0000E+00 -2.0000E-03   1   5
  1.7600E-06  4.1809E-06 -1.7594E-05  3.1307E+07 -2.4076E+07 -1.6656E+06  0.0000E+00 -2.0000E-03   1   5
  1.5474E-06  4.2414E-07 -3.8406E-05  3.1442E+07 -2.5044E+07 -6.0468E+06  0.0000E+00 -2.0000E-03   1   5
 -6.5084E-08 -9.0434E-07 -5.2399E-05  3.1681E+07 -2.5484E+07  1.5877E+06  0.0000E+00 -2.0000E-03   1   5
 -1.5176E-06 -4.1524E-07 -1.1210E-04  3.1631E+07 -2.4910E+07  2.0195E+05  0.0000E+00 -2.0000E-03   1   5
  1.0658E-06  1.4523E-06  2.1112E-04  3.1740E+07 -2.4106E+07 -1.9140E+06  0.0000E+00 -2.0000E-03   1   5
  1.3300E-06  2.9881E-06 -7.2992E-05  3.1491E+07 -2.4535E+07  4.2040E+06  0.0000E+00 -2.0000E-03   1   5
 -9.7837E-07 -2.8412E-07 -6.2303E-05  3.1889E+07 -2.5076E+07 -5.4781E+06  0.0000E+00 -2.0000E-03   1   5
  2.5336E-06 -5.5053E-06 -1.1932E-05  3.1110E+07 -2.5190E+07  2.9241E+06  0.0000E+00 -2.0000E-03   1   5
 -7.7146E-07 -2.7891E-06 -6.0588E-05  3.1419E+07 -2.5078E+07  5.2696E+06  0.0000E+00 -2.0000E-03   1   5
 -2.9164E-06 -1.6995E-06 -2.2256E-05  3.2105E+07 -2.4749E+07 -5.4574E+06  0.0000E+00 -2.0000E-03   1   5
  4.1625E-06  2.5474E-06 -7.3857E-05  3.0849E+07 -2.4473E+07  3.9255E+05  0.0000E+00 -2.0000E-03   1   5
  4.5991E-07 -1.5546E-06  9.4961E-05  3.1616E+07 -2.4790E+07 -5.2970E+06  0.0000E+00 -2.0000E-03   1   5
  2.4350E-06 -3.3195E-06 -1.8192E-04  3.1166E+07 -2.5242E+07  2.5130E+06  0.0000E+00 -2.0000E-03   1   5
  1.3045E-06  5.0891E-08 -8.5774E-05  3.1322E+07 -2.4819E+07 -9.2026E+06  0.0000E+00 -2.0000E-03   1   5
  3.0923E-06  9.5373E-07 -1.6725E-04  3.1033E+07 -2.4371E+07  3.5764E+06  0.0000E+00 -2.0000E-03   1   5
 -2.0115E-06  2.1373E-06  1.6500E-04  3.1594E+07 -2.4650E+07 -8.2268E+06  0.0000E+00 -2.0000E-03   1   5
  1.0106E-06  5.0705E-07  1.7149E-04  3.1000E+07 -2.4669E+07 -1.0374E+06  0.0000E+00 -2.0000E-03   1   5
 -4.8725E-06  1.6492E-06 -3.1283E-05  3.1839E+07 -2.4718E+07 -1.3892E+06  0.0000E+00 -2.0000E-03   1   5
 -3.2099E-06 -9.9371E-07 -6.0343E-05  3.2048E+07 -2.4983E+07 -9.4483E+05  0.0000E+00 -2.0000E-03   1   5
  3.1060E-06  4.2219E-06 -1.6575E-04  3.1560E+07 -2.3884E+07 -4.4463E+05  0.0000E+00 -2.0000E-03   1   5
  2.9861E-06 -1.0035E-06 -9.6559E-05  3.1045E+07 -2.4971E+07 -4.0767E+06  0.0000E+00 -2.0000E-03   1   5
 -1.7573E-06  8.3778E-07 -8.2062E-05  3.1406E+07 -2.4781E+07 -2.9844E+06  0.0000E+00 -2.0000E-03   1   5
 -5.3572E-07 -3.9694E-08 -6.7283E-05  3.1857E+07 -2.4703E+07 -2.8077E+06  0.0000E+00 -2.0000E-03   1   5
 -1.3593E-06  5.2619E-06 -7.7442E-05  3.1953E+07 -2.4314E+07 -2.4476E+06  0.0000E+00 -2.0000E-03   1   5
 -1.4939E-07 -2.5298E-06 -9.8143E-06  3.1308E+07 -2.4912E+07 -2.9788E+06  0.0000E+00 -2.0000E-03   1   5
  1.4195E-07 -1.6477E-06 -1.7050E-04  3.1730E+07 -2.4783E+07  1.1634E+06  0.0000E+00 -2.0000E-03   1   5
 -8.9718E-07 -3.3740E-06  4.8415E-05  3.1132E+07 -2.5199E+07 -2.9118E+05  0.0000E+00 -2.0000E-03   1   5
  1.6690E-06  2.1805E-07 -1.4289E-04  3.1232E+07 -2.4984E+07  1.9306E+06  0.0000E+00 -2.0000E-03   1   5
  4.6118E-06 -2.5734E-06  3.0641E-05  3.1732E+07 -2.5033E+07  2.3465E+06  0.0000E+00 -2.0000E-03   1   5
 -2.1443E-06  1.9687E-06  7.2500E-05  3.1956E+07 -2.4948E+07  1.9735E+06  0.0000E+00 -2.0000E-03   1   5
  3.1079E-06  3.6887E-07 -3.9534E-05  3.1210E+07 -2.5204E+07  1.8606E+06  0.0000E+00 -2.0000E-03   1   5
 -8.6145E-07  2.2607E-06  1.9768E-04  3.1401E+07 -2.4164E+07  6.3217E+05  0.0000E+00 -2.0000E-03   1   5
  4.1740E-07 -1.4279E-06  5.7893E-05  3.1826E+07 -2.5399E+07  9.4427E+05  0.0000E+00 -2.0000E-03   1   5
 -1.4174E-06 -2.6629E-06 -1.5405E-04  3.1490E+07 -2.5457E+07  3.4021E+06  0.0000E+00 -2.0000E-03   1   5
 -2.4947E-06 -3.1445E-06  7.8903E-05  3.2144E+07 -2.5387E+07 -2.2085E+06  0.0000E+00 -2.0000E-03   1   5
 -1.5614E-06  1.5240E-07 -2.1593E-05  3.1700E+07 -2.4767E+07 -2.3024E+05  0.0000E+00 -2.0000E-03   1   5
  6.6311E-08 -8.3418E-07  1.0459E-04  3.1735E+07 -2.4934E+07 -1.0757E+06  0.0000E+00 -2.0000E-03   1   5
  4.9352E-06  6.1468E-07  2.1684E-05  3.1427E+07 -2.4757E+07 -5.5719E+06  0.0000E+00 -2.0000E-03   1   5
  3.1875E-06  5.8018E-07  4.5322E-06  3.1007E+07 -2.4222E+07 -1.2012E+05  0.0000E+00 -2.0000E-03   1   5
  2.4938E-06  4.2884E-07 -2.5515E-05  3.1493E+07 -2.4737E+07 -3.8870E+05  0.0000E+00 -2.0000E-03   1   5
 -8.9200E-07  6.5565E-07 -1.3863E-04  3.1683E+07 -2.4507E+07  3.5469E+06  0.0000E+00 -2.0000E-03   1   5
  3.4040E-06 -8.7342E-07  9.8426E-05  3.0490E+07 -2.5196E+07  4.2082E+06  0.0000E+00 -2.0000E-03   1   5
 -2.1929E-06  3.2880E-06 -1.2525E-04  3.1944E+07 -2.4389E+07 -3.4299E+05  0.0000E+00 -2.0000E-03   1   5
 -1.3837E-06 -2.8099E-06  1.8861E-05  3.1587E+07 -2.4651E+07 -1.6097E+06  0.0000E+00 -2.0000E-03   1   5
  3.3724E-07 -3.6042E-06  3.6097E-05  3.1643E+07 -2.5419E+07 -2.9368E+06  0.0000E+00 -2.0000E-03   1   5
  1.8946E-06  2.5174E-06  6.0422E-05  3.1182E+07 -2.4743E+07  2.8786E+06  0.0000E+00 -2.0000E-03   1   5
  1.0449E-06  2.2992E-06  2.5002E-04  3.1192E+07 -2.4848E+07  1.7531E+06  0.0000E+00 -2.0000E-03   1   5
  3.6190E-06 -2.5595E-09  8.0555E-05  3.1122E+07 -2.4689E+07  3.4594E+06  0.0000E+00 -2.0000E-03   1   5
 -1.4394E-06 -5.9945E-07 -1.5143E-05  3.1752E+07 -2.4642E+07 -3.5746E+05  0.0000E+00 -2.0000E-03   1   5
 -1.8704E-06 -4.4967E-07 -1.0974E-04  3.1671E+07 -2.4809E+07 -3.1777E+05  0.0000E+00 -2.0000E-03   1   5
  1.9204E-06 -2.4984E-07  1.1992E-04  3.2128E+07 -2.5596E+07  2.8552E+05  0.0000E+00 -2.0000E-03   1   5
 -9.6337E-07  1.0632E-06 -1.1565E-04  3.1472E+07 -2.4096E+07  2.6523E+06  0.0000E+00 -2.0000E-03   1   5
  4.2699E-06 -4.7475E-06  6.5516E-05  3.1086E+07 -2.5379E+07  4.3373E+06  0.0000E+00 -2.0000E-03   1   5
  1.4178E-06 -1.5379E-06 -2.9285E-05  3.1481E+07 -2.5178E+07  3.8699E+06  0.0000E+00 -2.0000E-03   1   5
  1.8633E-06  1.8243E-06  3.3288E-05  3.1347E+07 -2.4550E+07 -6.7404E+05  0.0000E+00 -2.0000E-03   1   5
  6.6625E-07  3.7670E-06 -1.1060E-04  3.1458E+07 -2.4156E+07 -6.3936E+05  0.0000E+00 -2.0000E-03   1   5
  6.3101E-07  1.5325E-06 -7.5014E-05  3.1111E+07 -2.4482E+07 -3.1557E+06  0.0000E+00 -2.0000E-03   1   5
  1.8041E-08 -8.6837E-07  2.1435E-04  3.1385E+07 -2.5381E+07  2.9571E+06  0.0000E+00 -2.0000E-03   1   5
  2.2003E-06  4.7421E-07 -1.8920E-04  3.1859E+07 -2.4390E+07  1.0370E+06  0.0000E+00 -2.0000E-03   1   5
  1.3174E-06 -4.6791E-06  4.0540E-06  3.1443E+07 -2.5546E+07  1.8416E+05  0.0000E+00 -2.0000E-03   1   5
  2.2111E-06 -1.4916E-06 -1.3747E-04  3.1687E+07 -2.4814E+07  1.7175E+06  0.0000E+00 -2.0000E-03   1   5
 -2.5869E-06 -1.1041E-06 -1.3594E-04  3.1477E+07 -2.5226E+07 -4.5497E+05  0.0000E+00 -2.0000E-03   1   5
  4.2431E-06 -1.0608E-07 -6.7473E-05  3.0946E+07 -2.5425E+07 -6.1831E+06  0.0000E+00 -2.0000E-03   1   5
 -2.0700E-06 -1.0365E-06 -3.1741E-05  3.1965E+07 -2.4965E+07  9.8209E+05  0.0000E+00 -2.0000E-03   1   5
  2.3607E-07 -9.1968E-08 -8.5564E-05  3.1746E+07 -2.4366E+07 -4.8501E+06  0.0000E+00 -2.0000E-03   1   5
 -7.1408E-07 -1.9005E-06  4.0046E-05  3.1582E+07 -2.5247E+07  1.2573E+06  0.0000E+00 -2.0000E-03   1   5
  2.8021E-06  7.0248E-07 -4.3308E-05  3.0876E+07 -2.4556E+07 -2.4435E+06  0.0000E+00 -2.0000E-03   1   5
  4.1213E-06 -4.3354E-06  1.8702E-05  3.1133E+07 -2.5211E+07 -6.7577E+05  0.0000E+00 -2.0000E-03   1   5
 -4.8630E-07 -3.3368E-07 -6.5051E-05  3.1921E+07 -2.4160E+07 -1.4511E+05  0.0000E+00 -2.0000E-03   1   5
 -3.0971E-07 -5.5724E-07 -4.8885E-06  3.1938E+07 -2.4813E+07 -6.0678E+06  0.0000E+00 -2.0000E-03   1   5
 -9.9213E-07  1.9037E-06  1.1825E-04  3.1657E+07 -2.4768E+07 -1.3304E+04  0.0000E+00 -2.0000E-03   1   5
 -3.7824E-07 -2.1202E-06 -2.5561E-05  3.1063E+07 -2.5374E+07 -3.6507E+06  0.0000E+00 -2.0000E-03   1   5
 -6.9651E-07 -9.5781E-07  6.5882E-05  3.1648E+07 -2.4561E+07  2.6418E+06  0.0000E+00 -2.0000E-03   1   5
  7.0143E-07 -6.2002E-07 -5.8966E-05  3.1528E+07 -2.4770E+07 -1.2548E+06  0.0000E+00 -2.0000E-03   1   5
 -4.8340E-06  1.7107E-06  9.5735E-05  3.1828E+07 -2.5090E+07  1.4001E+06  0.0000E+00 -2.0000E-03   1   5
 -1.8181E-06 -3.9553E-09  2.0854E-04  3.2104E+07 -2.4385E+07 -6.3820E+05  0.0000E+00 -2.0000E-03   1   5
  5.3433E-07  1.9020E-06 -4.0833E-05  3.1636E+07 -2.4305E+07  1.2934E+06  0.0000E+00 -2.0000E-03   1   5
  5.5435E-07  4.9069E-07 -7.5814E-05  3.0825E+07 -2.4628E+07 -2.6941E+06  0.0000E+00 -2.0000E-03   1   5
 -2.9898E-06 -1.1844E-07  1.9859E-04  3.1821E+07 -2.4725E+07 -1.8627E+06  0.0000E+00 -2.0000E-03   1   5
  3.4444E-07  2.9891E-06  1.3540E-04  3.1799E+07 -2.4654E+07  3.3841E+06  0.0000E+00 -2.0000E-03   1   5
 -3.3205E-06  5.7432E-07 -1.4475E-04  3.1640E+07 -2.4631E+07  2.7954E+06  0.0000E+00 -2.0000E-03   1   5
 -5.5894E-07  1.8745E-07  3.8251E-05  3.1640E+07 -2.4725E+07 -1.4589E+06  0.0000E+00 -2.0000E-03   1   5
 -2.4320E-06  1.9032E-07  2.9376E-05  3.1741E+07 -2.4534E+07  2.3705E+05  0.0000E+00 -2.0000E-03   1   5
  1.4229E-07 -8.0774E-07 -1.2925E-06  3.1730E+07 -2.5050E+07  3.0181E+06  0.0000E+00 -2.0000E-03   1   5
 -8.3406E-07 -3.9759E-06 -3.7823E-05  3.1970E+07 -2.5510E+07 -2.3398E+06  0.0000E+00 -2.0000E-03   1   5
  1.4531E-06 -1.3850E-06  4.0623E-05  3.1524E+07 -2.5129E+07  3.2618E+06  0.0000E+00 -2.0000E-03   1   5
  1.0390E-06 -1.5638E-06  4.7640E-05  3.1856E+07 -2.4921E+07 -7.4992E+05  0.0000E+00 -2.0000E-03   1   5
 -2.1600E-06 -2.3750E-06 -2.9630E-05  3.1773E+07 -2.5015E+07  2.3888E+06  0.0000E+00 -2.0000E-03   1   5
  2.2531E-06 -7.0393E-07  6.3935E-05  3.0841E+07 -2.4736E+07  3.6358E+06  0.0000E+00 -2.0000E-03   1   5
  5.1335E-07 -2.3147E-06 -2.1419E-05  3.1494E+07 -2.5422E+07 -1.2673E+06  0.0000E+00 -2.0000E-03   1   5
 -2.9930E-06  3.4005E-07  1.8112E-04  3.1601E+07 -2.4374E+07 -4.3376E+06  0.0000E+00 -2.0000E-03   1   5
 -3.5745E-06  8.6369E-07 -8.6301E-05  3.2309E+07 -2.4804E+07  1.1363E+06  0.0000E+00 -2.0000E-03   1   5
