  0.0000E+00  0.0000E+00  4.0000E+02  0.0000E+00  4.6527E-01  0.0000E+00  0.0000E+00
  2.0000E-03  6.6716E-03  4.0000E+02  8.9000E-05  4.6527E-01  4.0944E-05 -6.9579E-02
  4.0000E-03  1.3343E-02  4.0000E+02  1.7800E-04  4.6527E-01  8.1887E-05 -6.9579E-02
  6.0000E-03  2.0015E-02  4.0000E+02  2.6700E-04  4.6527E-01  1.2283E-04 -6.9579E-02
  8.0000E-03  2.6686E-02  4.0000E+02  3.5600E-04  4.6527E-01  1.6377E-04 -6.9579E-02
  1.0000E-02  3.3358E-02  4.0000E+02  4.4500E-04  4.6527E-01  2.0472E-04 -6.9579E-02
  1.2000E-02  4.0030E-02  4.0000E+02  5.3400E-04  4.6527E-01  2.4566E-04 -6.9579E-02
  1.4000E-02  4.6701E-02  4.0000E+02  6.2300E-04  4.6527E-01  2.8661E-04 -6.9579E-02
  1.6000E-02  5.3373E-02  4.0000E+02  7.1200E-04  4.6527E-01  3.2755E-04 -6.9579E-02
  1.8000E-02  6.0045E-02  4.0000E+02  8.0100E-04  4.6527E-01  3.6849E-04 -6.9579E-02
  2.0000E-02  6.6716E-02  4.0000E+02  8.9000E-04  4.6527E-01  4.0944E-04 -6.9579E-02
  2.2000E-02  7.3388E-02  4.0000E+02  9.7900E-04  4.6527E-01  4.5038E-04 -6.9579E-02
  2.4000E-02  8.0059E-02  4.0000E+02  1.0680E-03  4.6527E-01  4.9132E-04 -6.9579E-02
  2.6000E-02  8.6731E-02  4.0000E+02  1.1570E-03  4.6527E-01  5.3227E-04 -6.9579E-02
  2.8000E-02  9.3403E-02  4.0000E+02  1.2460E-03  4.6527E-01  5.7321E-04 -6.9579E-02
  3.0000E-02  1.0007E-01  4.0000E+02  1.3350E-03  4.6527E-01  6.1416E-04 -6.9579E-02
  3.2000E-02  1.0675E-01  4.0000E+02  1.4240E-03  4.6527E-01  6.5510E-04 -6.9579E-02
  3.4000E-02  1.1342E-01  4.0000E+02  1.5130E-03  4.6527E-01  6.9604E-04 -6.9579E-02
  3.6000E-02  1.2009E-01  4.0000E+02  1.6020E-03  4.6527E-01  7.3699E-04 -6.9579E-02
  3.8000E-02  1.2676E-01  4.0000E+02  1.6910E-03  4.6527E-01  7.7793E-04 -6.9579E-02
  4.0000E-02  1.3343E-01  4.0000E+02  1.7800E-03  4.6527E-01  8.1887E-04 -6.9579E-02
  4.2000E-02  1.4010E-01  4.0000E+02  1.8690E-03  4.6527E-01  8.5982E-04 -6.9579E-02
  4.4000E-02  1.4678E-01  4.0000E+02  1.9580E-03  4.6527E-01  9.0076E-04 -6.9579E-02
  4.6000E-02  1.5345E-01  4.0000E+02  2.0470E-03  4.6527E-01  9.4171E-04 -6.9579E-02
  4.8000E-02  1.6012E-01  4.0000E+02  2.1360E-03  4.6527E-01  9.8265E-04 -6.9579E-02
  5.0000E-02  1.6679E-01  4.0000E+02  2.2250E-03  4.6527E-01  1.0236E-03 -6.9579E-02
  5.2000E-02  1.7346E-01  4.0000E+02  2.3140E-03  4.6527E-01  1.0645E-03 -6.9579E-02
  5.4000E-02  1.8013E-01  4.0000E+02  2.4030E-03  4.6527E-01  1.1055E-03 -6.9579E-02
  5.6000E-02  1.8681E-01  4.0000E+02  2.4920E-03  4.6527E-01  1.1464E-03 -6.9579E-02
  5.8000E-02  1.9348E-01  4.0000E+02  2.5810E-03  4.6527E-01  1.1874E-03 -6.9579E-02
  6.0000E-02  2.0015E-01  4.0000E+02  2.6700E-03  4.6527E-01  1.2283E-03 -6.9579E-02
  6.2000E-02  2.0682E-01  4.0000E+02  2.7590E-03  4.6527E-01  1.2693E-03 -6.9579E-02
  6.4000E-02  2.1349E-01  4.0000E+02  2.8480E-03  4.6527E-01  1.3102E-03 -6.9579E-02
  6.6000E-02  2.2016E-01  4.0000E+02  2.9370E-03  4.6527E-01  1.3511E-03 -6.9579E-02
  6.8000E-02  2.2684E-01  4.0000E+02  3.0260E-03  4.6527E-01  1.3921E-03 -6.9579E-02
  7.0000E-02  2.3351E-01  4.0000E+02  3.1150E-03  4.6527E-01  1.4330E-03 -6.9579E-02
  7.2000E-02  2.4018E-01  4.0000E+02  3.2040E-03  4.6527E-01  1.4740E-03 -6.9579E-02
  7.4000E-02  2.4685E-01  4.0000E+02  3.2930E-03  4.6527E-01  1.5149E-03 -6.9579E-02
  7.6000E-02  2.5352E-01  4.0000E+02  3.3820E-03  4.6527E-01  1.5559E-03 -6.9579E-02
  7.8000E-02  2.6019E-01  4.0000E+02  3.4710E-03  4.6527E-01  1.5968E-03 -6.9579E-02
  8.0000E-02  2.6686E-01  4.0000E+02  3.5600E-03  4.6527E-01  1.6377E-03 -6.9579E-02
  8.2000E-02  2.7354E-01  4.0000E+02  3.6490E-03  4.6527E-01  1.6787E-03 -6.9579E-02
  8.4000E-02  2.8021E-01  4.0000E+02  3.7380E-03  4.6527E-01  1.7196E-03 -6.9579E-02
  8.6000E-02  2.8688E-01  4.0000E+02  3.8270E-03  4.6527E-01  1.7606E-03 -6.9579E-02
  8.8000E-02  2.9355E-01  4.0000E+02  3.9160E-03  4.6527E-01  1.8015E-03 -6.9579E-02
  9.0000E-02  3.0022E-01  4.0000E+02  4.0050E-03  4.6527E-01  1.8425E-03 -6.9579E-02
  9.2000E-02  3.0689E-01  4.0000E+02  4.0940E-03  4.6527E-01  1.8834E-03 -6.9579E-02
  9.4000E-02  3.1357E-01  4.0000E+02  4.1830E-03  4.6527E-01  1.9244E-03 -6.9579E-02
  9.6000E-02  3.2024E-01  4.0000E+02  4.2720E-03  4.6527E-01  1.9653E-03 -6.9579E-02
  9.8000E-02  3.2691E-01  4.0000E+02  4.3610E-03  4.6527E-01  2.0062E-03 -6.9579E-02
  1.0000E-01  3.3358E-01  4.0000E+02  4.4500E-03  4.6527E-01  2.0472E-03 -6.9579E-02
  1.0200E-01  3.4025E-01  4.0000E+02  4.5390E-03  4.6527E-01  2.0881E-03 -6.9579E-02
  1.0400E-01  3.4692E-01  4.0000E+02  4.6280E-03  4.6527E-01  2.1291E-03 -6.9579E-02
  1.0600E-01  3.5360E-01  4.0000E+02  4.7170E-03  4.6527E-01  2.1700E-03 -6.9579E-02
  1.0800E-01  3.6027E-01  4.0000E+02  4.8060E-03  4.6527E-01  2.2110E-03 -6.9579E-02
  1.1000E-01  3.6694E-01  4.0000E+02  4.8950E-03  4.6527E-01  2.2519E-03 -6.9579E-02
  1.1200E-01  3.7361E-01  4.0000E+02  4.9840E-03  4.6527E-01  2.2928E-03 -6.9579E-02
  1.1400E-01  3.8028E-01  4.0000E+02  5.0730E-03  4.6527E-01  2.3338E-03 -6.9579E-02
  1.1600E-01  3.8695E-01  4.0000E+02  5.1620E-03  4.6527E-01  2.3747E-03 -6.9579E-02
  1.1800E-01  3.9363E-01  4.0000E+02  5.2510E-03  4.6527E-01  2.4157E-03 -6.9579E-02
  1.2000E-01  4.0030E-01  4.0000E+02  5.3400E-03  4.6527E-01  2.4566E-03 -6.9579E-02
  1.2200E-01  4.0697E-01  4.0000E+02  5.4290E-03  4.6527E-01  2.4976E-03 -6.9579E-02
  1.2400E-01  4.1364E-01  4.0000E+02  5.5180E-03  4.6527E-01  2.5385E-03 -6.9579E-02
  1.2600E-01  4.2031E-01  4.0000E+02  5.6070E-03  4.6527E-01  2.5795E-03 -6.9579E-02
  1.2800E-01  4.2698E-01  4.0000E+02  5.6960E-03  4.6527E-01  2.6204E-03 -6.9579E-02
  1.3000E-01  4.3366E-01  4.0000E+02  5.7850E-03  4.6527E-01  2.6613E-03 -6.9579E-02
  1.3200E-01  4.4033E-01  4.0000E+02  5.8740E-03  4.6527E-01  2.7023E-03 -6.9579E-02
  1.3400E-01  4.4700E-01  4.0000E+02  5.9630E-03  4.6527E-01  2.7432E-03 -6.9579E-02
  1.3600E-01  4.5367E-01  4.0000E+02  6.0520E-03  4.6527E-01  2.7842E-03 -6.9579E-02
  1.3800E-01  4.6034E-01  4.0000E+02  6.1410E-03  4.6527E-01  2.8251E-03 -6.9579E-02
  1.4000E-01  4.6701E-01  4.0000E+02  6.2300E-03  4.6527E-01  2.8661E-03 -6.9579E-02
  1.4200E-01  4.7369E-01  4.0000E+02  6.3190E-03  4.6527E-01  2.9070E-03 -6.9579E-02
  1.4400E-01  4.8036E-01  4.0000E+02  6.4080E-03  4.6527E-01  2.9479E-03 -6.9579E-02
  1.4600E-01  4.8703E-01  4.0000E+02  6.4970E-03  4.6527E-01  2.9889E-03 -6.9579E-02
  1.4800E-01  4.9370E-01  4.0000E+02  6.5860E-03  4.6527E-01  3.0298E-03 -6.9579E-02
  1.5000E-01  5.0037E-01  4.0000E+02  6.6750E-03  4.6527E-01  3.0708E-03 -6.9579E-02
  1.5200E-01  5.0704E-01  4.0000E+02  6.7640E-03  4.6527E-01  3.1117E-03 -6.9579E-02
  1.5400E-01  5.1371E-01  4.0000E+02  6.8530E-03  4.6527E-01  3.1527E-03 -6.9579E-02
  1.5600E-01  5.2039E-01  4.0000E+02  6.9420E-03  4.6527E-01  3.1936E-03 -6.9579E-02
  1.5800E-01  5.2706E-01  4.0000E+02  7.0310E-03  4.6527E-01  3.2346E-03 -6.9579E-02
  1.6000E-01  5.3373E-01  4.0000E+02  7.1200E-03  4.6527E-01  3.2755E-03 -6.9579E-02
  1.6200E-01  5.4040E-01  4.0000E+02  7.2090E-03  4.6527E-01  3.3164E-03 -6.9579E-02
  1.6400E-01  5.4707E-01  4.0000E+02  7.2980E-03  4.6527E-01  3.3574E-03 -6.9579E-02
  1.6600E-01  5.5374E-01  4.0000E+02  7.3870E-03  4.6527E-01  3.3983E-03 -6.9579E-02
  1.6800E-01  5.6042E-01  4.0000E+02  7.4760E-03  4.6527E-01  3.4393E-03 -6.9579E-02
  1.7000E-01  5.6709E-01  4.0000E+02  7.5650E-03  4.6527E-01  3.4802E-03 -6.9579E-02
  1.7200E-01  5.7376E-01  4.0000E+02  7.6540E-03  4.6527E-01  3.5212E-03 -6.9579E-02
  1.7400E-01  5.8043E-01  4.0000E+02  7.7430E-03  4.6527E-01  3.5621E-03 -6.9579E-02
  1.7600E-01  5.8710E-01  4.0000E+02  7.8320E-03  4.6527E-01  3.6030E-03 -6.9579E-02
  1.7800E-01  5.9377E-01  4.0000E+02  7.9210E-03  4.6527E-01  3.6440E-03 -6.9579E-02
  1.8000E-01  6.0045E-01  4.0000E+02  8.0100E-03  4.6527E-01  3.6849E-03 -6.9579E-02
  1.8200E-01  6.0712E-01  4.0000E+02  8.0990E-03  4.6527E-01  3.7259E-03 -6.9579E-02
  1.8400E-01  6.1379E-01  4.0000E+02  8.1880E-03  4.6527E-01  3.7668E-03 -6.9579E-02
  1.8600E-01  6.2046E-01  4.0000E+02  8.2770E-03  4.6527E-01  3.8078E-03 -6.9579E-02
  1.8800E-01  6.2713E-01  4.0000E+02  8.3660E-03  4.6527E-01  3.8487E-03 -6.9579E-02
  1.9000E-01  6.3380E-01  4.0000E+02  8.4550E-03  4.6527E-01  3.8897E-03 -6.9579E-02
  1.9200E-01  6.4048E-01  4.0000E+02  8.5440E-03  4.6527E-01  3.9306E-03 -6.9579E-02
  1.9400E-01  6.4715E-01  4.0000E+02  8.6330E-03  4.6527E-01  3.9715E-03 -6.9579E-02
  1.9600E-01  6.5382E-01  4.0000E+02  8.7219E-03  4.6527E-01  4.0124E-03 -6.9579E-02
  1.9800E-01  6.6049E-01  4.0000E+02  8.8107E-03  4.6527E-01  4.0533E-03 -6.9579E-02
  2.0000E-01  6.6716E-01  4.0000E+02  8.8987E-03  4.6523E-01  4.0938E-03 -6.9579E-02
  2.0200E-01  6.7383E-01  4.0000E+02  8.9850E-03  4.6527E-01  4.1335E-03 -6.9579E-02
  2.0400E-01  6.8050E-01  4.0000E+02  8.8668E-03  4.5807E-01  4.0321E-03 -5.5203E-02
  2.0600E-01  6.8718E-01  4.0000E+02  8.7846E-03  4.5405E-01  3.9616E-03 -5.2808E-02
  2.0800E-01  6.9385E-01  4.0000E+02  8.7188E-03  4.5007E-01  3.9000E-03 -4.9691E-02
  2.1000E-01  7.0052E-01  4.0000E+02  8.6313E-03  4.4597E-01  3.8252E-03 -4.9830E-02
  2.1200E-01  7.0719E-01  4.0000E+02  8.5615E-03  4.4388E-01  3.7759E-03 -5.0156E-02
  2.1400E-01  7.1386E-01  4.0000E+02  8.4855E-03  4.4113E-01  3.7221E-03 -4.6816E-02
  2.1600E-01  7.2053E-01  4.0000E+02  8.4418E-03  4.3997E-01  3.6927E-03 -4.7105E-02
  2.1800E-01  7.2720E-01  4.0000E+02  8.3922E-03  4.3786E-01  3.6535E-03 -4.6799E-02
  2.2000E-01  7.3387E-01  4.0000E+02  8.3213E-03  4.3523E-01  3.6019E-03 -4.5382E-02
  2.2200E-01  7.4054E-01  4.0000E+02  8.2719E-03  4.3296E-01  3.5616E-03 -4.5491E-02
  2.2400E-01  7.4722E-01  4.0000E+02  8.2224E-03  4.3130E-01  3.5279E-03 -4.3878E-02
  2.2600E-01  7.5389E-01  4.0000E+02  8.1875E-03  4.2996E-01  3.5025E-03 -4.3228E-02
  2.2800E-01  7.6056E-01  4.0000E+02  8.1699E-03  4.2915E-01  3.4886E-03 -4.2848E-02
  2.3000E-01  7.6723E-01  4.0000E+02  8.1634E-03  4.2910E-01  3.4854E-03 -4.2832E-02
  2.3200E-01  7.7390E-01  4.0000E+02  8.1616E-03  4.2892E-01  3.4834E-03 -4.2540E-02
  2.3400E-01  7.8057E-01  4.0000E+02  8.1618E-03  4.2892E-01  3.4835E-03 -4.2537E-02
  2.3600E-01  7.8724E-01  4.0000E+02  8.1630E-03  4.2892E-01  3.4840E-03 -4.2535E-02
  2.3800E-01  7.9391E-01  4.0000E+02  8.1657E-03  4.2892E-01  3.4852E-03 -4.2532E-02
  2.4000E-01  8.0059E-01  4.0000E+02  8.1700E-03  4.2892E-01  3.4870E-03 -4.2528E-02
  2.4200E-01  8.0726E-01  4.0000E+02  8.1754E-03  4.2892E-01  3.4893E-03 -4.2525E-02
  2.4400E-01  8.1393E-01  4.0000E+02  8.1814E-03  4.2892E-01  3.4919E-03 -4.2522E-02
  2.4600E-01  8.2060E-01  4.0000E+02  8.1876E-03  4.2892E-01  3.4945E-03 -4.2518E-02
  2.4800E-01  8.2727E-01  4.0000E+02  8.1939E-03  4.2892E-01  3.4972E-03 -4.2515E-02
  2.5000E-01  8.3394E-01  4.0000E+02  8.2002E-03  4.2892E-01  3.4999E-03 -4.2511E-02
  2.5200E-01  8.4061E-01  4.0000E+02  8.2065E-03  4.2892E-01  3.5026E-03 -4.2508E-02
  2.5400E-01  8.4728E-01  4.0000E+02  8.2128E-03  4.2892E-01  3.5053E-03 -4.2504E-02
  2.5600E-01  8.5396E-01  4.0000E+02  8.2192E-03  4.2892E-01  3.5080E-03 -4.2501E-02
  2.5800E-01  8.6063E-01  4.0000E+02  8.2255E-03  4.2892E-01  3.5107E-03 -4.2497E-02
  2.6000E-01  8.6730E-01  4.0000E+02  8.2318E-03  4.2892E-01  3.5134E-03 -4.2494E-02
  2.6200E-01  8.7397E-01  4.0000E+02  8.2382E-03  4.2892E-01  3.5162E-03 -4.2490E-02
  2.6400E-01  8.8064E-01  4.0000E+02  8.2445E-03  4.2892E-01  3.5189E-03 -4.2487E-02
  2.6600E-01  8.8731E-01  4.0000E+02  8.2509E-03  4.2892E-01  3.5216E-03 -4.2483E-02
  2.6800E-01  8.9398E-01  4.0000E+02  8.2572E-03  4.2892E-01  3.5243E-03 -4.2480E-02
  2.7000E-01  9.0066E-01  4.0000E+02  8.2636E-03  4.2892E-01  3.5270E-03 -4.2476E-02
  2.7200E-01  9.0733E-01  4.0000E+02  8.2699E-03  4.2892E-01  3.5297E-03 -4.2473E-02
  2.7400E-01  9.1400E-01  4.0000E+02  8.2763E-03  4.2892E-01  3.5324E-03 -4.2469E-02
  2.7600E-01  9.2067E-01  4.0000E+02  8.2826E-03  4.2892E-01  3.5351E-03 -4.2466E-02
  2.7800E-01  9.2734E-01  4.0000E+02  8.2890E-03  4.2892E-01  3.5379E-03 -4.2462E-02
  2.8000E-01  9.3401E-01  4.0000E+02  8.2954E-03  4.2892E-01  3.5406E-03 -4.2458E-02
  2.8200E-01  9.4068E-01  4.0000E+02  8.3017E-03  4.2892E-01  3.5433E-03 -4.2455E-02
  2.8400E-01  9.4735E-01  4.0000E+02  8.3081E-03  4.2892E-01  3.5460E-03 -4.2451E-02
  2.8600E-01  9.5403E-01  4.0000E+02  8.3145E-03  4.2892E-01  3.5488E-03 -4.2447E-02
  2.8800E-01  9.6070E-01  4.0000E+02  8.3209E-03  4.2892E-01  3.5515E-03 -4.2444E-02
  2.9000E-01  9.6737E-01  4.0000E+02  8.3272E-03  4.2892E-01  3.5542E-03 -4.2440E-02
  2.9200E-01  9.7404E-01  4.0000E+02  8.3336E-03  4.2892E-01  3.5569E-03 -4.2437E-02
  2.9400E-01  9.8071E-01  4.0000E+02  8.3400E-03  4.2892E-01  3.5597E-03 -4.2433E-02
  2.9600E-01  9.8738E-01  4.0000E+02  8.3464E-03  4.2892E-01  3.5624E-03 -4.2429E-02
  2.9800E-01  9.9405E-01  4.0000E+02  8.3528E-03  4.2892E-01  3.5651E-03 -4.2426E-02
  3.0000E-01  1.0007E+00  4.0000E+02  8.3592E-03  4.2892E-01  3.5679E-03 -4.2422E-02
  3.0200E-01  1.0074E+00  4.0000E+02  8.3656E-03  4.2892E-01  3.5706E-03 -4.2418E-02
  3.0400E-01  1.0141E+00  4.0000E+02  8.3720E-03  4.2892E-01  3.5733E-03 -4.2414E-02
  3.0600E-01  1.0207E+00  4.0000E+02  8.3784E-03  4.2892E-01  3.5761E-03 -4.2411E-02
  3.0800E-01  1.0274E+00  4.0000E+02  8.3848E-03  4.2892E-01  3.5788E-03 -4.2407E-02
  3.1000E-01  1.0341E+00  4.0000E+02  8.3912E-03  4.2892E-01  3.5815E-03 -4.2403E-02
  3.1200E-01  1.0408E+00  4.0000E+02  8.3976E-03  4.2892E-01  3.5843E-03 -4.2400E-02
  3.1400E-01  1.0474E+00  4.0000E+02  8.4040E-03  4.2892E-01  3.5870E-03 -4.2396E-02
  3.1600E-01  1.0541E+00  4.0000E+02  8.4104E-03  4.2892E-01  3.5898E-03 -4.2392E-02
  3.1800E-01  1.0608E+00  4.0000E+02  8.4169E-03  4.2892E-01  3.5925E-03 -4.2388E-02
  3.2000E-01  1.0674E+00  4.0000E+02  8.4233E-03  4.2892E-01  3.5952E-03 -4.2385E-02
  3.2200E-01  1.0741E+00  4.0000E+02  8.4297E-03  4.2892E-01  3.5980E-03 -4.2381E-02
  3.2400E-01  1.0808E+00  4.0000E+02  8.4361E-03  4.2892E-01  3.6007E-03 -4.2377E-02
  3.2600E-01  1.0875E+00  4.0000E+02  8.4426E-03  4.2892E-01  3.6035E-03 -4.2373E-02
  3.2800E-01  1.0941E+00  4.0000E+02  8.4490E-03  4.2892E-01  3.6062E-03 -4.2369E-02
  3.3000E-01  1.1008E+00  4.0000E+02  8.4554E-03  4.2892E-01  3.6090E-03 -4.2366E-02
  3.3200E-01  1.1075E+00  4.0000E+02  8.4619E-03  4.2892E-01  3.6117E-03 -4.2362E-02
  3.3400E-01  1.1141E+00  4.0000E+02  8.4683E-03  4.2892E-01  3.6145E-03 -4.2358E-02
  3.3600E-01  1.1208E+00  4.0000E+02  8.4747E-03  4.2892E-01  3.6172E-03 -4.2354E-02
  3.3800E-01  1.1275E+00  4.0000E+02  8.4812E-03  4.2892E-01  3.6200E-03 -4.2350E-02
  3.4000E-01  1.1342E+00  4.0000E+02  8.4876E-03  4.2892E-01  3.6227E-03 -4.2346E-02
  3.4200E-01  1.1408E+00  4.0000E+02  8.4941E-03  4.2892E-01  3.6255E-03 -4.2343E-02
  3.4400E-01  1.1475E+00  4.0000E+02  8.5005E-03  4.2892E-01  3.6283E-03 -4.2339E-02
  3.4600E-01  1.1542E+00  4.0000E+02  8.5070E-03  4.2892E-01  3.6310E-03 -4.2335E-02
  3.4800E-01  1.1608E+00  4.0000E+02  8.5135E-03  4.2892E-01  3.6338E-03 -4.2331E-02
  3.5000E-01  1.1675E+00  4.0000E+02  8.5199E-03  4.2892E-01  3.6365E-03 -4.2327E-02
  3.5200E-01  1.1742E+00  4.0000E+02  8.5264E-03  4.2892E-01  3.6393E-03 -4.2323E-02
  3.5400E-01  1.1809E+00  4.0000E+02  8.5329E-03  4.2892E-01  3.6421E-03 -4.2319E-02
  3.5600E-01  1.1875E+00  4.0000E+02  8.5393E-03  4.2892E-01  3.6448E-03 -4.2315E-02
  3.5800E-01  1.1942E+00  4.0000E+02  8.5458E-03  4.2892E-01  3.6476E-03 -4.2311E-02
  3.6000E-01  1.2009E+00  4.0000E+02  8.5523E-03  4.2892E-01  3.6504E-03 -4.2308E-02
  3.6200E-01  1.2075E+00  4.0000E+02  8.5588E-03  4.2892E-01  3.6531E-03 -4.2304E-02
  3.6400E-01  1.2142E+00  4.0000E+02  8.5652E-03  4.2892E-01  3.6559E-03 -4.2300E-02
  3.6600E-01  1.2209E+00  4.0000E+02  8.5717E-03  4.2892E-01  3.6587E-03 -4.2296E-02
  3.6800E-01  1.2276E+00  4.0000E+02  8.5782E-03  4.2892E-01  3.6615E-03 -4.2292E-02
  3.7000E-01  1.2342E+00  4.0000E+02  8.5847E-03  4.2892E-01  3.6642E-03 -4.2288E-02
  3.7200E-01  1.2409E+00  4.0000E+02  8.5912E-03  4.2892E-01  3.6670E-03 -4.2284E-02
  3.7400E-01  1.2476E+00  4.0000E+02  8.5977E-03  4.2892E-01  3.6698E-03 -4.2280E-02
  3.7600E-01  1.2542E+00  4.0000E+02  8.6042E-03  4.2892E-01  3.6725E-03 -4.2276E-02
  3.7800E-01  1.2609E+00  4.0000E+02  8.6107E-03  4.2892E-01  3.6753E-03 -4.2272E-02
  3.8000E-01  1.2676E+00  4.0000E+02  8.6172E-03  4.2892E-01  3.6781E-03 -4.2268E-02
  3.8200E-01  1.2743E+00  4.0000E+02  8.6237E-03  4.2892E-01  3.6809E-03 -4.2264E-02
  3.8400E-01  1.2809E+00  4.0000E+02  8.6302E-03  4.2892E-01  3.6837E-03 -4.2260E-02
  3.8600E-01  1.2876E+00  4.0000E+02  8.6367E-03  4.2892E-01  3.6864E-03 -4.2256E-02
  3.8800E-01  1.2943E+00  4.0000E+02  8.6432E-03  4.2892E-01  3.6892E-03 -4.2252E-02
  3.9000E-01  1.3009E+00  4.0000E+02  8.6497E-03  4.2892E-01  3.6920E-03 -4.2248E-02
  3.9200E-01  1.3076E+00  4.0000E+02  8.6562E-03  4.2892E-01  3.6948E-03 -4.2244E-02
  3.9400E-01  1.3143E+00  4.0000E+02  8.6628E-03  4.2892E-01  3.6976E-03 -4.2240E-02
  3.9600E-01  1.3209E+00  4.0000E+02  8.6693E-03  4.2892E-01  3.7004E-03 -4.2236E-02
  3.9800E-01  1.3276E+00  4.0000E+02  8.6758E-03  4.2892E-01  3.7032E-03 -4.2232E-02
  4.0000E-01  1.3343E+00  4.0000E+02  8.6823E-03  4.2892E-01  3.7059E-03 -4.2228E-02
  4.0200E-01  1.3410E+00  4.0000E+02  8.6889E-03  4.2892E-01  3.7087E-03 -4.2224E-02
  4.0400E-01  1.3476E+00  4.0000E+02  8.6954E-03  4.2892E-01  3.7115E-03 -4.2220E-02
  4.0600E-01  1.3543E+00  4.0000E+02  8.7019E-03  4.2892E-01  3.7143E-03 -4.2216E-02
  4.0800E-01  1.3610E+00  4.0000E+02  8.7085E-03  4.2892E-01  3.7171E-03 -4.2212E-02
  4.1000E-01  1.3676E+00  4.0000E+02  8.7150E-03  4.2892E-01  3.7199E-03 -4.2207E-02
  4.1200E-01  1.3743E+00  4.0000E+02  8.7215E-03  4.2892E-01  3.7227E-03 -4.2203E-02
  4.1400E-01  1.3810E+00  4.0000E+02  8.7281E-03  4.2892E-01  3.7255E-03 -4.2199E-02
  4.1600E-01  1.3877E+00  4.0000E+02  8.7346E-03  4.2892E-01  3.7283E-03 -4.2195E-02
  4.1800E-01  1.3943E+00  4.0000E+02  8.7412E-03  4.2892E-01  3.7311E-03 -4.2191E-02
  4.2000E-01  1.4010E+00  4.0000E+02  8.7477E-03  4.2892E-01  3.7339E-03 -4.2187E-02
  4.2200E-01  1.4077E+00  4.0000E+02  8.7543E-03  4.2892E-01  3.7367E-03 -4.2183E-02
  4.2400E-01  1.4143E+00  4.0000E+02  8.7608E-03  4.2892E-01  3.7395E-03 -4.2179E-02
  4.2600E-01  1.4210E+00  4.0000E+02  8.7674E-03  4.2892E-01  3.7423E-03 -4.2175E-02
  4.2800E-01  1.4277E+00  4.0000E+02  8.7740E-03  4.2892E-01  3.7451E-03 -4.2171E-02
  4.3000E-01  1.4344E+00  4.0000E+02  8.7805E-03  4.2892E-01  3.7479E-03 -4.2166E-02
  4.3200E-01  1.4410E+00  4.0000E+02  8.7871E-03  4.2892E-01  3.7507E-03 -4.2162E-02
  4.3400E-01  1.4477E+00  4.0000E+02  8.7937E-03  4.2892E-01  3.7535E-03 -4.2158E-02
  4.3600E-01  1.4544E+00  4.0000E+02  8.8002E-03  4.2892E-01  3.7563E-03 -4.2154E-02
  4.3800E-01  1.4610E+00  4.0000E+02  8.8068E-03  4.2892E-01  3.7591E-03 -4.2150E-02
  4.4000E-01  1.4677E+00  4.0000E+02  8.8134E-03  4.2892E-01  3.7620E-03 -4.2146E-02
  4.4200E-01  1.4744E+00  4.0000E+02  8.8200E-03  4.2892E-01  3.7648E-03 -4.2141E-02
  4.4400E-01  1.4811E+00  4.0000E+02  8.8265E-03  4.2892E-01  3.7676E-03 -4.2137E-02
  4.4600E-01  1.4877E+00  4.0000E+02  8.8331E-03  4.2892E-01  3.7704E-03 -4.2133E-02
  4.4800E-01  1.4944E+00  4.0000E+02  8.8397E-03  4.2892E-01  3.7732E-03 -4.2129E-02
  4.5000E-01  1.5011E+00  4.0000E+02  8.8463E-03  4.2892E-01  3.7760E-03 -4.2125E-02
  4.5200E-01  1.5077E+00  4.0000E+02  8.8529E-03  4.2892E-01  3.7788E-03 -4.2121E-02
  4.5400E-01  1.5144E+00  4.0000E+02  8.8595E-03  4.2892E-01  3.7817E-03 -4.2116E-02
  4.5600E-01  1.5211E+00  4.0000E+02  8.8661E-03  4.2892E-01  3.7845E-03 -4.2112E-02
  4.5800E-01  1.5278E+00  4.0000E+02  8.8727E-03  4.2892E-01  3.7873E-03 -4.2108E-02
  4.6000E-01  1.5344E+00  4.0000E+02  8.8793E-03  4.2892E-01  3.7901E-03 -4.2104E-02
  4.6200E-01  1.5411E+00  4.0000E+02  8.8859E-03  4.2892E-01  3.7929E-03 -4.2099E-02
  4.6400E-01  1.5478E+00  4.0000E+02  8.8925E-03  4.2892E-01  3.7958E-03 -4.2095E-02
  4.6600E-01  1.5544E+00  4.0000E+02  8.8991E-03  4.2892E-01  3.7986E-03 -4.2091E-02
  4.6800E-01  1.5611E+00  4.0000E+02  8.9057E-03  4.2892E-01  3.8014E-03 -4.2087E-02
  4.7000E-01  1.5678E+00  4.0000E+02  8.9123E-03  4.2892E-01  3.8042E-03 -4.2083E-02
  4.7200E-01  1.5745E+00  4.0000E+02  8.9189E-03  4.2892E-01  3.8071E-03 -4.2078E-02
  4.7400E-01  1.5811E+00  4.0000E+02  8.9255E-03  4.2892E-01  3.8099E-03 -4.2074E-02
  4.7600E-01  1.5878E+00  4.0000E+02  8.9321E-03  4.2892E-01  3.8127E-03 -4.2070E-02
  4.7800E-01  1.5945E+00  4.0000E+02  8.9388E-03  4.2892E-01  3.8155E-03 -4.2066E-02
  4.8000E-01  1.6011E+00  4.0000E+02  8.9454E-03  4.2892E-01  3.8184E-03 -4.2061E-02
  4.8200E-01  1.6078E+00  4.0000E+02  8.9520E-03  4.2892E-01  3.8212E-03 -4.2057E-02
  4.8400E-01  1.6145E+00  4.0000E+02  8.9586E-03  4.2892E-01  3.8240E-03 -4.2053E-02
  4.8600E-01  1.6212E+00  4.0000E+02  8.9653E-03  4.2892E-01  3.8269E-03 -4.2049E-02
  4.8800E-01  1.6278E+00  4.0000E+02  8.9719E-03  4.2892E-01  3.8297E-03 -4.2044E-02
  4.9000E-01  1.6345E+00  4.0000E+02  8.9785E-03  4.2892E-01  3.8325E-03 -4.2040E-02
  4.9200E-01  1.6412E+00  4.0000E+02  8.9852E-03  4.2892E-01  3.8354E-03 -4.2036E-02
  4.9400E-01  1.6478E+00  4.0000E+02  8.9918E-03  4.2892E-01  3.8382E-03 -4.2031E-02
  4.9600E-01  1.6545E+00  4.0000E+02  8.9984E-03  4.2892E-01  3.8411E-03 -4.2027E-02
  4.9800E-01  1.6612E+00  4.0000E+02  9.0051E-03  4.2892E-01  3.8439E-03 -4.2023E-02
  5.0000E-01  1.6679E+00  4.0000E+02  9.0117E-03  4.2892E-01  3.8467E-03 -4.2019E-02
  5.0200E-01  1.6745E+00  4.0000E+02  9.0184E-03  4.2892E-01  3.8496E-03 -4.2014E-02
  5.0400E-01  1.6812E+00  4.0000E+02  9.0250E-03  4.2892E-01  3.8524E-03 -4.2010E-02
  5.0600E-01  1.6879E+00  4.0000E+02  9.0317E-03  4.2892E-01  3.8553E-03 -4.2006E-02
  5.0800E-01  1.6945E+00  4.0000E+02  9.0383E-03  4.2892E-01  3.8581E-03 -4.2001E-02
  5.1000E-01  1.7012E+00  4.0000E+02  9.0450E-03  4.2892E-01  3.8610E-03 -4.1997E-02
  5.1200E-01  1.7079E+00  4.0000E+02  9.0516E-03  4.2892E-01  3.8638E-03 -4.1993E-02
  5.1400E-01  1.7146E+00  4.0000E+02  9.0583E-03  4.2892E-01  3.8666E-03 -4.1988E-02
  5.1600E-01  1.7212E+00  4.0000E+02  9.0650E-03  4.2892E-01  3.8695E-03 -4.1984E-02
  5.1800E-01  1.7279E+00  4.0000E+02  9.0716E-03  4.2892E-01  3.8723E-03 -4.1980E-02
  5.2000E-01  1.7346E+00  4.0000E+02  9.0783E-03  4.2892E-01  3.8752E-03 -4.1975E-02
  5.2200E-01  1.7412E+00  4.0000E+02  9.0850E-03  4.2892E-01  3.8780E-03 -4.1971E-02
  5.2400E-01  1.7479E+00  4.0000E+02  9.0916E-03  4.2892E-01  3.8809E-03 -4.1967E-02
  5.2600E-01  1.7546E+00  4.0000E+02  9.0983E-03  4.2892E-01  3.8837E-03 -4.1962E-02
  5.2800E-01  1.7613E+00  4.0000E+02  9.1050E-03  4.2892E-01  3.8866E-03 -4.1958E-02
  5.3000E-01  1.7679E+00  4.0000E+02  9.1117E-03  4.2892E-01  3.8895E-03 -4.1954E-02
  5.3200E-01  1.7746E+00  4.0000E+02  9.1183E-03  4.2892E-01  3.8923E-03 -4.1949E-02
  5.3400E-01  1.7813E+00  4.0000E+02  9.1250E-03  4.2892E-01  3.8952E-03 -4.1945E-02
  5.3600E-01  1.7879E+00  4.0000E+02  9.1317E-03  4.2892E-01  3.8980E-03 -4.1940E-02
  5.3800E-01  1.7946E+00  4.0000E+02  9.1384E-03  4.2892E-01  3.9009E-03 -4.1936E-02
  5.4000E-01  1.8013E+00  4.0000E+02  9.1451E-03  4.2892E-01  3.9037E-03 -4.1932E-02
  5.4200E-01  1.8080E+00  4.0000E+02  9.1518E-03  4.2892E-01  3.9066E-03 -4.1927E-02
  5.4400E-01  1.8146E+00  4.0000E+02  9.1585E-03  4.2892E-01  3.9095E-03 -4.1923E-02
  5.4600E-01  1.8213E+00  4.0000E+02  9.1652E-03  4.2892E-01  3.9123E-03 -4.1919E-02
  5.4800E-01  1.8280E+00  4.0000E+02  9.1719E-03  4.2892E-01  3.9152E-03 -4.1914E-02
  5.5000E-01  1.8346E+00  4.0000E+02  9.1786E-03  4.2892E-01  3.9180E-03 -4.1910E-02
  5.5200E-01  1.8413E+00  4.0000E+02  9.1853E-03  4.2892E-01  3.9209E-03 -4.1905E-02
  5.5400E-01  1.8480E+00  4.0000E+02  9.1920E-03  4.2892E-01  3.9238E-03 -4.1901E-02
  5.5600E-01  1.8547E+00  4.0000E+02  9.1987E-03  4.2892E-01  3.9266E-03 -4.1897E-02
  5.5800E-01  1.8613E+00  4.0000E+02  9.2054E-03  4.2892E-01  3.9295E-03 -4.1892E-02
  5.6000E-01  1.8680E+00  4.0000E+02  9.2121E-03  4.2892E-01  3.9324E-03 -4.1888E-02
  5.6200E-01  1.8747E+00  4.0000E+02  9.2188E-03  4.2892E-01  3.9352E-03 -4.1883E-02
  5.6400E-01  1.8813E+00  4.0000E+02  9.2255E-03  4.2892E-01  3.9381E-03 -4.1879E-02
  5.6600E-01  1.8880E+00  4.0000E+02  9.2322E-03  4.2892E-01  3.9410E-03 -4.1875E-02
  5.6800E-01  1.8947E+00  4.0000E+02  9.2389E-03  4.2892E-01  3.9439E-03 -4.1870E-02
  5.7000E-01  1.9014E+00  4.0000E+02  9.2457E-03  4.2892E-01  3.9467E-03 -4.1866E-02
  5.7200E-01  1.9080E+00  4.0000E+02  9.2524E-03  4.2892E-01  3.9496E-03 -4.1861E-02
  5.7400E-01  1.9147E+00  4.0000E+02  9.2591E-03  4.2892E-01  3.9525E-03 -4.1857E-02
  5.7600E-01  1.9214E+00  4.0000E+02  9.2658E-03  4.2892E-01  3.9554E-03 -4.1852E-02
  5.7800E-01  1.9280E+00  4.0000E+02  9.2726E-03  4.2892E-01  3.9582E-03 -4.1848E-02
  5.8000E-01  1.9347E+00  4.0000E+02  9.2793E-03  4.2892E-01  3.9611E-03 -4.1844E-02
  5.8200E-01  1.9414E+00  4.0000E+02  9.2860E-03  4.2892E-01  3.9640E-03 -4.1839E-02
  5.8400E-01  1.9481E+00  4.0000E+02  9.2928E-03  4.2892E-01  3.9669E-03 -4.1835E-02
  5.8600E-01  1.9547E+00  4.0000E+02  9.2995E-03  4.2892E-01  3.9697E-03 -4.1830E-02
  5.8800E-01  1.9614E+00  4.0000E+02  9.3062E-03  4.2892E-01  3.9726E-03 -4.1826E-02
  5.9000E-01  1.9681E+00  4.0000E+02  9.3130E-03  4.2892E-01  3.9755E-03 -4.1821E-02
  5.9200E-01  1.9747E+00  4.0000E+02  9.3197E-03  4.2892E-01  3.9784E-03 -4.1817E-02
  5.9400E-01  1.9814E+00  4.0000E+02  9.3265E-03  4.2892E-01  3.9813E-03 -4.1812E-02
  5.9600E-01  1.9881E+00  4.0000E+02  9.3332E-03  4.2892E-01  3.9842E-03 -4.1808E-02
  5.9800E-01  1.9948E+00  4.0000E+02  9.3400E-03  4.2892E-01  3.9870E-03 -4.1803E-02
  6.0000E-01  2.0014E+00  4.0000E+02  9.3467E-03  4.2892E-01  3.9899E-03 -4.1799E-02
  6.0200E-01  2.0081E+00  4.0000E+02  9.3535E-03  4.2892E-01  3.9928E-03 -4.1795E-02
  6.0400E-01  2.0148E+00  4.0000E+02  9.3602E-03  4.2892E-01  3.9957E-03 -4.1790E-02
  6.0600E-01  2.0214E+00  4.0000E+02  9.3670E-03  4.2892E-01  3.9986E-03 -4.1786E-02
  6.0800E-01  2.0281E+00  4.0000E+02  9.3737E-03  4.2892E-01  4.0015E-03 -4.1781E-02
  6.1000E-01  2.0348E+00  4.0000E+02  9.3805E-03  4.2892E-01  4.0044E-03 -4.1777E-02
  6.1200E-01  2.0415E+00  4.0000E+02  9.3873E-03  4.2892E-01  4.0073E-03 -4.1772E-02
  6.1400E-01  2.0481E+00  4.0000E+02  9.3940E-03  4.2892E-01  4.0102E-03 -4.1768E-02
  6.1600E-01  2.0548E+00  4.0000E+02  9.4008E-03  4.2892E-01  4.0130E-03 -4.1763E-02
  6.1800E-01  2.0615E+00  4.0000E+02  9.4076E-03  4.2892E-01  4.0159E-03 -4.1759E-02
  6.2000E-01  2.0681E+00  4.0000E+02  9.4143E-03  4.2892E-01  4.0188E-03 -4.1754E-02
  6.2200E-01  2.0748E+00  4.0000E+02  9.4211E-03  4.2892E-01  4.0217E-03 -4.1750E-02
  6.2400E-01  2.0815E+00  4.0000E+02  9.4279E-03  4.2892E-01  4.0246E-03 -4.1745E-02
  6.2600E-01  2.0882E+00  4.0000E+02  9.4347E-03  4.2892E-01  4.0275E-03 -4.1741E-02
  6.2800E-01  2.0948E+00  4.0000E+02  9.4414E-03  4.2892E-01  4.0304E-03 -4.1736E-02
  6.3000E-01  2.1015E+00  4.0000E+02  9.4482E-03  4.2892E-01  4.0333E-03 -4.1732E-02
  6.3200E-01  2.1082E+00  4.0000E+02  9.4550E-03  4.2892E-01  4.0362E-03 -4.1727E-02
  6.3400E-01  2.1148E+00  4.0000E+02  9.4618E-03  4.2892E-01  4.0391E-03 -4.1723E-02
  6.3600E-01  2.1215E+00  4.0000E+02  9.4686E-03  4.2892E-01  4.0420E-03 -4.1718E-02
  6.3800E-01  2.1282E+00  4.0000E+02  9.4754E-03  4.2892E-01  4.0449E-03 -4.1714E-02
  6.4000E-01  2.1349E+00  4.0000E+02  9.4821E-03  4.2892E-01  4.0478E-03 -4.1709E-02
  6.4200E-01  2.1415E+00  4.0000E+02  9.4889E-03  4.2892E-01  4.0507E-03 -4.1705E-02
  6.4400E-01  2.1482E+00  4.0000E+02  9.4957E-03  4.2892E-01  4.0536E-03 -4.1700E-02
  6.4600E-01  2.1549E+00  4.0000E+02  9.5025E-03  4.2892E-01  4.0565E-03 -4.1696E-02
  6.4800E-01  2.1615E+00  4.0000E+02  9.5093E-03  4.2892E-01  4.0594E-03 -4.1691E-02
  6.5000E-01  2.1682E+00  4.0000E+02  9.5161E-03  4.2892E-01  4.0623E-03 -4.1687E-02
  6.5200E-01  2.1749E+00  4.0000E+02  9.5229E-03  4.2892E-01  4.0653E-03 -4.1682E-02
  6.5400E-01  2.1816E+00  4.0000E+02  9.5297E-03  4.2892E-01  4.0682E-03 -4.1678E-02
  6.5600E-01  2.1882E+00  4.0000E+02  9.5365E-03  4.2892E-01  4.0711E-03 -4.1673E-02
  6.5800E-01  2.1949E+00  4.0000E+02  9.5433E-03  4.2892E-01  4.0740E-03 -4.1669E-02
  6.6000E-01  2.2016E+00  4.0000E+02  9.5501E-03  4.2892E-01  4.0769E-03 -4.1664E-02
  6.6200E-01  2.2082E+00  4.0000E+02  9.5570E-03  4.2892E-01  4.0798E-03 -4.1659E-02
  6.6400E-01  2.2149E+00  4.0000E+02  9.5638E-03  4.2892E-01  4.0827E-03 -4.1655E-02
  6.6600E-01  2.2216E+00  4.0000E+02  9.5706E-03  4.2892E-01  4.0856E-03 -4.1650E-02
  6.6800E-01  2.2283E+00  4.0000E+02  9.5774E-03  4.2892E-01  4.0885E-03 -4.1646E-02
  6.7000E-01  2.2349E+00  4.0000E+02  9.5842E-03  4.2892E-01  4.0915E-03 -4.1641E-02
  6.7200E-01  2.2416E+00  4.0000E+02  9.5910E-03  4.2892E-01  4.0944E-03 -4.1637E-02
  6.7400E-01  2.2483E+00  4.0000E+02  9.5979E-03  4.2892E-01  4.0973E-03 -4.1632E-02
  6.7600E-01  2.2549E+00  4.0000E+02  9.6047E-03  4.2892E-01  4.1002E-03 -4.1628E-02
  6.7800E-01  2.2616E+00  4.0000E+02  9.6115E-03  4.2892E-01  4.1031E-03 -4.1623E-02
  6.8000E-01  2.2683E+00  4.0000E+02  9.6183E-03  4.2892E-01  4.1060E-03 -4.1619E-02
  6.8200E-01  2.2749E+00  4.0000E+02  9.6252E-03  4.2892E-01  4.1090E-03 -4.1614E-02
  6.8400E-01  2.2816E+00  4.0000E+02  9.6320E-03  4.2892E-01  4.1119E-03 -4.1610E-02
  6.8600E-01  2.2883E+00  4.0000E+02  9.6388E-03  4.2892E-01  4.1148E-03 -4.1605E-02
  6.8800E-01  2.2950E+00  4.0000E+02  9.6457E-03  4.2892E-01  4.1177E-03 -4.1600E-02
  6.9000E-01  2.3016E+00  4.0000E+02  9.6525E-03  4.2892E-01  4.1207E-03 -4.1596E-02
  6.9200E-01  2.3083E+00  4.0000E+02  9.6593E-03  4.2892E-01  4.1236E-03 -4.1591E-02
  6.9400E-01  2.3150E+00  4.0000E+02  9.6662E-03  4.2892E-01  4.1265E-03 -4.1587E-02
  6.9600E-01  2.3216E+00  4.0000E+02  9.6730E-03  4.2892E-01  4.1294E-03 -4.1582E-02
  6.9800E-01  2.3283E+00  4.0000E+02  9.6799E-03  4.2892E-01  4.1324E-03 -4.1578E-02
  7.0000E-01  2.3350E+00  4.0000E+02  9.6867E-03  4.2892E-01  4.1353E-03 -4.1573E-02
  7.0200E-01  2.3417E+00  4.0000E+02  9.6936E-03  4.2892E-01  4.1382E-03 -4.1569E-02
  7.0400E-01  2.3483E+00  4.0000E+02  9.7004E-03  4.2892E-01  4.1411E-03 -4.1564E-02
  7.0600E-01  2.3550E+00  4.0000E+02  9.7073E-03  4.2892E-01  4.1441E-03 -4.1559E-02
  7.0800E-01  2.3617E+00  4.0000E+02  9.7141E-03  4.2892E-01  4.1470E-03 -4.1555E-02
  7.1000E-01  2.3683E+00  4.0000E+02  9.7210E-03  4.2892E-01  4.1499E-03 -4.1550E-02
  7.1200E-01  2.3750E+00  4.0000E+02  9.7278E-03  4.2892E-01  4.1529E-03 -4.1546E-02
  7.1400E-01  2.3817E+00  4.0000E+02  9.7347E-03  4.2892E-01  4.1558E-03 -4.1541E-02
  7.1600E-01  2.3884E+00  4.0000E+02  9.7415E-03  4.2892E-01  4.1587E-03 -4.1537E-02
  7.1800E-01  2.3950E+00  4.0000E+02  9.7484E-03  4.2892E-01  4.1617E-03 -4.1532E-02
  7.2000E-01  2.4017E+00  4.0000E+02  9.7553E-03  4.2892E-01  4.1646E-03 -4.1527E-02
  7.2200E-01  2.4084E+00  4.0000E+02  9.7621E-03  4.2892E-01  4.1675E-03 -4.1523E-02
  7.2400E-01  2.4150E+00  4.0000E+02  9.7690E-03  4.2892E-01  4.1705E-03 -4.1518E-02
  7.2600E-01  2.4217E+00  4.0000E+02  9.7759E-03  4.2892E-01  4.1734E-03 -4.1514E-02
  7.2800E-01  2.4284E+00  4.0000E+02  9.7827E-03  4.2892E-01  4.1763E-03 -4.1509E-02
  7.3000E-01  2.4351E+00  4.0000E+02  9.7896E-03  4.2892E-01  4.1793E-03 -4.1505E-02
  7.3200E-01  2.4417E+00  4.0000E+02  9.7965E-03  4.2892E-01  4.1822E-03 -4.1500E-02
  7.3400E-01  2.4484E+00  4.0000E+02  9.8034E-03  4.2892E-01  4.1852E-03 -4.1495E-02
  7.3600E-01  2.4551E+00  4.0000E+02  9.8102E-03  4.2892E-01  4.1881E-03 -4.1491E-02
  7.3800E-01  2.4617E+00  4.0000E+02  9.8171E-03  4.2892E-01  4.1910E-03 -4.1486E-02
  7.4000E-01  2.4684E+00  4.0000E+02  9.8240E-03  4.2892E-01  4.1940E-03 -4.1482E-02
  7.4200E-01  2.4751E+00  4.0000E+02  9.8309E-03  4.2892E-01  4.1969E-03 -4.1477E-02
  7.4400E-01  2.4818E+00  4.0000E+02  9.8378E-03  4.2892E-01  4.1999E-03 -4.1473E-02
  7.4600E-01  2.4884E+00  4.0000E+02  9.8447E-03  4.2892E-01  4.2028E-03 -4.1468E-02
  7.4800E-01  2.4951E+00  4.0000E+02  9.8515E-03  4.2892E-01  4.2057E-03 -4.1463E-02
  7.5000E-01  2.5018E+00  4.0000E+02  9.8584E-03  4.2892E-01  4.2087E-03 -4.1459E-02
  7.5200E-01  2.5084E+00  4.0000E+02  9.8653E-03  4.2892E-01  4.2116E-03 -4.1454E-02
  7.5400E-01  2.5151E+00  4.0000E+02  9.8722E-03  4.2892E-01  4.2146E-03 -4.1450E-02
  7.5600E-01  2.5218E+00  4.0000E+02  9.8791E-03  4.2892E-01  4.2175E-03 -4.1445E-02
  7.5800E-01  2.5285E+00  4.0000E+02  9.8860E-03  4.2892E-01  4.2205E-03 -4.1440E-02
  7.6000E-01  2.5351E+00  4.0000E+02  9.8929E-03  4.2892E-01  4.2234E-03 -4.1436E-02
  7.6200E-01  2.5418E+00  4.0000E+02  9.8998E-03  4.2892E-01  4.2264E-03 -4.1431E-02
  7.6400E-01  2.5485E+00  4.0000E+02  9.9067E-03  4.2892E-01  4.2293E-03 -4.1427E-02
  7.6600E-01  2.5551E+00  4.0000E+02  9.9136E-03  4.2892E-01  4.2323E-03 -4.1422E-02
  7.6800E-01  2.5618E+00  4.0000E+02  9.9205E-03  4.2892E-01  4.2352E-03 -4.1418E-02
  7.7000E-01  2.5685E+00  4.0000E+02  9.9274E-03  4.2892E-01  4.2382E-03 -4.1413E-02
  7.7200E-01  2.5752E+00  4.0000E+02  9.9343E-03  4.2892E-01  4.2411E-03 -4.1408E-02
  7.7400E-01  2.5818E+00  4.0000E+02  9.9412E-03  4.2892E-01  4.2441E-03 -4.1404E-02
  7.7600E-01  2.5885E+00  4.0000E+02  9.9481E-03  4.2892E-01  4.2471E-03 -4.1399E-02
  7.7800E-01  2.5952E+00  4.0000E+02  9.9551E-03  4.2892E-01  4.2500E-03 -4.1395E-02
  7.8000E-01  2.6018E+00  4.0000E+02  9.9620E-03  4.2892E-01  4.2530E-03 -4.1390E-02
  7.8200E-01  2.6085E+00  4.0000E+02  9.9689E-03  4.2892E-01  4.2559E-03 -4.1385E-02
  7.8400E-01  2.6152E+00  4.0000E+02  9.9758E-03  4.2892E-01  4.2589E-03 -4.1381E-02
  7.8600E-01  2.6219E+00  4.0000E+02  9.9827E-03  4.2892E-01  4.2618E-03 -4.1376E-02
  7.8800E-01  2.6285E+00  4.0000E+02  9.9896E-03  4.2892E-01  4.2648E-03 -4.1372E-02
  7.9000E-01  2.6352E+00  4.0000E+02  9.9966E-03  4.2892E-01  4.2678E-03 -4.1367E-02
  7.9200E-01  2.6419E+00  4.0000E+02  1.0003E-02  4.2892E-01  4.2707E-03 -4.1362E-02
  7.9400E-01  2.6485E+00  4.0000E+02  1.0010E-02  4.2892E-01  4.2737E-03 -4.1358E-02
  7.9600E-01  2.6552E+00  4.0000E+02  1.0017E-02  4.2892E-01  4.2766E-03 -4.1353E-02
  7.9800E-01  2.6619E+00  4.0000E+02  1.0024E-02  4.2892E-01  4.2796E-03 -4.1349E-02
  8.0000E-01  2.6686E+00  4.0000E+02  1.0031E-02  4.2892E-01  4.2826E-03 -4.1344E-02
  8.0200E-01  2.6752E+00  4.0000E+02  1.0038E-02  4.2892E-01  4.2855E-03 -4.1339E-02
  8.0400E-01  2.6819E+00  4.0000E+02  1.0045E-02  4.2892E-01  4.2885E-03 -4.1335E-02
  8.0600E-01  2.6886E+00  4.0000E+02  1.0052E-02  4.2892E-01  4.2915E-03 -4.1330E-02
  8.0800E-01  2.6952E+00  4.0000E+02  1.0059E-02  4.2892E-01  4.2944E-03 -4.1326E-02
  8.1000E-01  2.7019E+00  4.0000E+02  1.0066E-02  4.2892E-01  4.2974E-03 -4.1321E-02
  8.1200E-01  2.7086E+00  4.0000E+02  1.0073E-02  4.2892E-01  4.3004E-03 -4.1316E-02
  8.1400E-01  2.7153E+00  4.0000E+02  1.0080E-02  4.2892E-01  4.3033E-03 -4.1312E-02
  8.1600E-01  2.7219E+00  4.0000E+02  1.0087E-02  4.2892E-01  4.3063E-03 -4.1307E-02
  8.1800E-01  2.7286E+00  4.0000E+02  1.0094E-02  4.2892E-01  4.3093E-03 -4.1303E-02
  8.2000E-01  2.7353E+00  4.0000E+02  1.0101E-02  4.2892E-01  4.3122E-03 -4.1298E-02
  8.2200E-01  2.7419E+00  4.0000E+02  1.0108E-02  4.2892E-01  4.3152E-03 -4.1293E-02
  8.2400E-01  2.7486E+00  4.0000E+02  1.0115E-02  4.2892E-01  4.3182E-03 -4.1289E-02
  8.2600E-01  2.7553E+00  4.0000E+02  1.0121E-02  4.2892E-01  4.3212E-03 -4.1284E-02
  8.2800E-01  2.7620E+00  4.0000E+02  1.0128E-02  4.2892E-01  4.3241E-03 -4.1280E-02
  8.3000E-01  2.7686E+00  4.0000E+02  1.0135E-02  4.2892E-01  4.3271E-03 -4.1275E-02
  8.3200E-01  2.7753E+00  4.0000E+02  1.0142E-02  4.2892E-01  4.3301E-03 -4.1270E-02
  8.3400E-01  2.7820E+00  4.0000E+02  1.0149E-02  4.2892E-01  4.3331E-03 -4.1266E-02
  8.3600E-01  2.7886E+00  4.0000E+02  1.0156E-02  4.2892E-01  4.3360E-03 -4.1261E-02
  8.3800E-01  2.7953E+00  4.0000E+02  1.0163E-02  4.2892E-01  4.3390E-03 -4.1257E-02
  8.4000E-01  2.8020E+00  4.0000E+02  1.0170E-02  4.2892E-01  4.3420E-03 -4.1252E-02
  8.4200E-01  2.8087E+00  4.0000E+02  1.0177E-02  4.2892E-01  4.3450E-03 -4.1247E-02
  8.4400E-01  2.8153E+00  4.0000E+02  1.0184E-02  4.2892E-01  4.3479E-03 -4.1243E-02
  8.4600E-01  2.8220E+00  4.0000E+02  1.0191E-02  4.2892E-01  4.3509E-03 -4.1238E-02
  8.4800E-01  2.8287E+00  4.0000E+02  1.0198E-02  4.2892E-01  4.3539E-03 -4.1234E-02
  8.5000E-01  2.8353E+00  4.0000E+02  1.0205E-02  4.2892E-01  4.3569E-03 -4.1229E-02
  8.5200E-01  2.8420E+00  4.0000E+02  1.0212E-02  4.2892E-01  4.3599E-03 -4.1224E-02
  8.5400E-01  2.8487E+00  4.0000E+02  1.0219E-02  4.2892E-01  4.3628E-03 -4.1220E-02
  8.5600E-01  2.8554E+00  4.0000E+02  1.0226E-02  4.2892E-01  4.3658E-03 -4.1215E-02
  8.5800E-01  2.8620E+00  4.0000E+02  1.0233E-02  4.2892E-01  4.3688E-03 -4.1211E-02
  8.6000E-01  2.8687E+00  4.0000E+02  1.0240E-02  4.2892E-01  4.3718E-03 -4.1206E-02
  8.6200E-01  2.8754E+00  4.0000E+02  1.0247E-02  4.2892E-01  4.3748E-03 -4.1201E-02
  8.6400E-01  2.8820E+00  4.0000E+02  1.0254E-02  4.2892E-01  4.3778E-03 -4.1197E-02
  8.6600E-01  2.8887E+00  4.0000E+02  1.0261E-02  4.2892E-01  4.3807E-03 -4.1192E-02
  8.6800E-01  2.8954E+00  4.0000E+02  1.0268E-02  4.2892E-01  4.3837E-03 -4.1188E-02
  8.7000E-01  2.9021E+00  4.0000E+02  1.0275E-02  4.2892E-01  4.3867E-03 -4.1183E-02
  8.7200E-01  2.9087E+00  4.0000E+02  1.0282E-02  4.2892E-01  4.3897E-03 -4.1178E-02
  8.7400E-01  2.9154E+00  4.0000E+02  1.0289E-02  4.2892E-01  4.3927E-03 -4.1174E-02
  8.7600E-01  2.9221E+00  4.0000E+02  1.0296E-02  4.2892E-01  4.3957E-03 -4.1169E-02
  8.7800E-01  2.9287E+00  4.0000E+02  1.0303E-02  4.2892E-01  4.3987E-03 -4.1165E-02
  8.8000E-01  2.9354E+00  4.0000E+02  1.0310E-02  4.2892E-01  4.4017E-03 -4.1160E-02
  8.8200E-01  2.9421E+00  4.0000E+02  1.0317E-02  4.2892E-01  4.4047E-03 -4.1155E-02
  8.8400E-01  2.9488E+00  4.0000E+02  1.0324E-02  4.2892E-01  4.4076E-03 -4.1151E-02
  8.8600E-01  2.9554E+00  4.0000E+02  1.0331E-02  4.2892E-01  4.4106E-03 -4.1146E-02
  8.8800E-01  2.9621E+00  4.0000E+02  1.0338E-02  4.2892E-01  4.4136E-03 -4.1142E-02
  8.9000E-01  2.9688E+00  4.0000E+02  1.0345E-02  4.2892E-01  4.4166E-03 -4.1137E-02
  8.9200E-01  2.9754E+00  4.0000E+02  1.0352E-02  4.2892E-01  4.4196E-03 -4.1132E-02
  8.9400E-01  2.9821E+00  4.0000E+02  1.0359E-02  4.2892E-01  4.4226E-03 -4.1128E-02
  8.9600E-01  2.9888E+00  4.0000E+02  1.0366E-02  4.2892E-01  4.4256E-03 -4.1123E-02
  8.9800E-01  2.9955E+00  4.0000E+02  1.0373E-02  4.2892E-01  4.4286E-03 -4.1119E-02
  9.0000E-01  3.0021E+00  4.0000E+02  1.0380E-02  4.2892E-01  4.4316E-03 -4.1114E-02
  9.0200E-01  3.0088E+00  4.0000E+02  1.0387E-02  4.2892E-01  4.4346E-03 -4.1110E-02
  9.0400E-01  3.0155E+00  4.0000E+02  1.0394E-02  4.2892E-01  4.4376E-03 -4.1105E-02
  9.0600E-01  3.0221E+00  4.0000E+02  1.0401E-02  4.2892E-01  4.4406E-03 -4.1100E-02
  9.0800E-01  3.0288E+00  4.0000E+02  1.0408E-02  4.2892E-01  4.4436E-03 -4.1096E-02
  9.1000E-01  3.0355E+00  4.0000E+02  1.0415E-02  4.2892E-01  4.4466E-03 -4.1091E-02
  9.1200E-01  3.0422E+00  4.0000E+02  1.0422E-02  4.2892E-01  4.4496E-03 -4.1087E-02
  9.1400E-01  3.0488E+00  4.0000E+02  1.0429E-02  4.2892E-01  4.4526E-03 -4.1082E-02
  9.1600E-01  3.0555E+00  4.0000E+02  1.0436E-02  4.2892E-01  4.4556E-03 -4.1077E-02
  9.1800E-01  3.0622E+00  4.0000E+02  1.0443E-02  4.2892E-01  4.4586E-03 -4.1073E-02
  9.2000E-01  3.0688E+00  4.0000E+02  1.0450E-02  4.2892E-01  4.4616E-03 -4.1068E-02
  9.2200E-01  3.0755E+00  4.0000E+02  1.0457E-02  4.2892E-01  4.4646E-03 -4.1064E-02
  9.2400E-01  3.0822E+00  4.0000E+02  1.0464E-02  4.2892E-01  4.4676E-03 -4.1059E-02
  9.2600E-01  3.0889E+00  4.0000E+02  1.0471E-02  4.2892E-01  4.4706E-03 -4.1054E-02
  9.2800E-01  3.0955E+00  4.0000E+02  1.0478E-02  4.2892E-01  4.4736E-03 -4.1050E-02
  9.3000E-01  3.1022E+00  4.0000E+02  1.0485E-02  4.2892E-01  4.4766E-03 -4.1045E-02
  9.3200E-01  3.1089E+00  4.0000E+02  1.0492E-02  4.2892E-01  4.4796E-03 -4.1041E-02
  9.3400E-01  3.1155E+00  4.0000E+02  1.0499E-02  4.2892E-01  4.4826E-03 -4.1036E-02
  9.3600E-01  3.1222E+00  4.0000E+02  1.0506E-02  4.2892E-01  4.4856E-03 -4.1032E-02
  9.3800E-01  3.1289E+00  4.0000E+02  1.0513E-02  4.2892E-01  4.4887E-03 -4.1027E-02
  9.4000E-01  3.1356E+00  4.0000E+02  1.0520E-02  4.2892E-01  4.4917E-03 -4.1022E-02
  9.4200E-01  3.1422E+00  4.0000E+02  1.0527E-02  4.2892E-01  4.4947E-03 -4.1018E-02
  9.4400E-01  3.1489E+00  4.0000E+02  1.0534E-02  4.2892E-01  4.4977E-03 -4.1013E-02
  9.4600E-01  3.1556E+00  4.0000E+02  1.0541E-02  4.2892E-01  4.5007E-03 -4.1009E-02
  9.4800E-01  3.1622E+00  4.0000E+02  1.0548E-02  4.2892E-01  4.5037E-03 -4.1004E-02
  9.5000E-01  3.1689E+00  4.0000E+02  1.0555E-02  4.2892E-01  4.5067E-03 -4.0999E-02
  9.5200E-01  3.1756E+00  4.0000E+02  1.0562E-02  4.2892E-01  4.5097E-03 -4.0995E-02
  9.5400E-01  3.1823E+00  4.0000E+02  1.0570E-02  4.2892E-01  4.5127E-03 -4.0990E-02
  9.5600E-01  3.1889E+00  4.0000E+02  1.0577E-02  4.2892E-01  4.5158E-03 -4.0986E-02
  9.5800E-01  3.1956E+00  4.0000E+02  1.0584E-02  4.2892E-01  4.5188E-03 -4.0981E-02
  9.6000E-01  3.2023E+00  4.0000E+02  1.0591E-02  4.2892E-01  4.5218E-03 -4.0977E-02
  9.6200E-01  3.2089E+00  4.0000E+02  1.0598E-02  4.2892E-01  4.5248E-03 -4.0972E-02
  9.6400E-01  3.2156E+00  4.0000E+02  1.0605E-02  4.2892E-01  4.5278E-03 -4.0967E-02
  9.6600E-01  3.2223E+00  4.0000E+02  1.0612E-02  4.2892E-01  4.5308E-03 -4.0963E-02
  9.6800E-01  3.2289E+00  4.0000E+02  1.0619E-02  4.2892E-01  4.5339E-03 -4.0958E-02
  9.7000E-01  3.2356E+00  4.0000E+02  1.0626E-02  4.2892E-01  4.5369E-03 -4.0954E-02
  9.7200E-01  3.2423E+00  4.0000E+02  1.0633E-02  4.2892E-01  4.5399E-03 -4.0949E-02
  9.7400E-01  3.2490E+00  4.0000E+02  1.0640E-02  4.2892E-01  4.5429E-03 -4.0945E-02
  9.7600E-01  3.2556E+00  4.0000E+02  1.0647E-02  4.2892E-01  4.5459E-03 -4.0940E-02
  9.7800E-01  3.2623E+00  4.0000E+02  1.0654E-02  4.2892E-01  4.5489E-03 -4.0935E-02
  9.8000E-01  3.2690E+00  4.0000E+02  1.0661E-02  4.2892E-01  4.5520E-03 -4.0931E-02
  9.8200E-01  3.2756E+00  4.0000E+02  1.0668E-02  4.2892E-01  4.5550E-03 -4.0926E-02
  9.8400E-01  3.2823E+00  4.0000E+02  1.0675E-02  4.2892E-01  4.5580E-03 -4.0922E-02
  9.8600E-01  3.2890E+00  4.0000E+02  1.0682E-02  4.2892E-01  4.5610E-03 -4.0917E-02
  9.8800E-01  3.2957E+00  4.0000E+02  1.0690E-02  4.2892E-01  4.5641E-03 -4.0913E-02
  9.9000E-01  3.3023E+00  4.0000E+02  1.0697E-02  4.2892E-01  4.5671E-03 -4.0908E-02
  9.9200E-01  3.3090E+00  4.0000E+02  1.0704E-02  4.2892E-01  4.5701E-03 -4.0903E-02
  9.9400E-01  3.3157E+00  4.0000E+02  1.0711E-02  4.2892E-01  4.5731E-03 -4.0899E-02
  9.9600E-01  3.3223E+00  4.0000E+02  1.0718E-02  4.2892E-01  4.5762E-03 -4.0894E-02
  1.0000E+00  3.3357E+00  4.0000E+02  1.0732E-02  4.2892E-01  4.5822E-03 -4.0885E-02
