  0.0000E+00  0.0000E+00  6.2861E-12  1.0000E-05  1.5969E+01  7.8277E-02 -4.7883E-06
  1.7985E-03  6.0000E-03  1.7153E-06  2.8721E-02  1.5969E+01  7.7800E-02  1.5969E+01
  3.5970E-03  1.2000E-02  3.4306E-06  5.7443E-02  1.5969E+01  7.7329E-02  1.5969E+01
  5.3956E-03  1.8000E-02  5.1459E-06  8.6164E-02  1.5969E+01  7.6866E-02  1.5969E+01
  7.1941E-03  2.4000E-02  6.8611E-06  1.1489E-01  1.5969E+01  7.6410E-02  1.5969E+01
  8.9926E-03  3.0000E-02  8.5764E-06  1.4361E-01  1.5969E+01  7.5962E-02  1.5969E+01
  1.0791E-02  3.6000E-02  1.0288E-05  1.7227E-01  1.5896E+01  7.5525E-02  1.5896E+01
  1.2590E-02  4.2000E-02  1.1989E-05  2.0078E-01  1.5806E+01  7.5110E-02  1.5806E+01
  1.4388E-02  4.8000E-02  1.3680E-05  2.2911E-01  1.5703E+01  7.4726E-02  1.5703E+01
  1.6187E-02  5.4000E-02  1.5358E-05  2.5725E-01  1.5586E+01  7.4388E-02  1.5586E+01
  1.7985E-02  6.0000E-02  1.7021E-05  2.8517E-01  1.5456E+01  7.4113E-02  1.5456E+01
  1.9784E-02  6.6000E-02  1.8669E-05  3.1284E-01  1.5312E+01  7.3926E-02  1.5312E+01
  2.1582E-02  7.2000E-02  2.0299E-05  3.4024E-01  1.5155E+01  7.3855E-02  1.5155E+01
  2.3381E-02  7.8000E-02  2.1910E-05  3.6735E-01  1.4986E+01  7.3934E-02  1.4986E+01
  2.5179E-02  8.4000E-02  2.3502E-05  3.9414E-01  1.4803E+01  7.4202E-02  1.4803E+01
  2.6978E-02  9.0000E-02  2.5071E-05  4.2059E-01  1.4607E+01  7.4697E-02  1.4607E+01
  2.8777E-02  9.6000E-02  2.6617E-05  4.4667E-01  1.4399E+01  7.5461E-02  1.4399E+01
  3.0575E-02  1.0200E-01  2.8138E-05  4.7237E-01  1.4178E+01  7.6530E-02  1.4178E+01
  3.2374E-02  1.0800E-01  2.9634E-05  4.9767E-01  1.3946E+01  7.7939E-02  1.3946E+01
  3.4172E-02  1.1400E-01  3.1101E-05  5.2253E-01  1.3701E+01  7.9712E-02  1.3701E+01
  3.5971E-02  1.2000E-01  3.2540E-05  5.4694E-01  1.3444E+01  8.1862E-02  1.3444E+01
  3.7769E-02  1.2600E-01  3.3949E-05  5.7088E-01  1.3176E+01  8.4396E-02  1.3176E+01
  3.9568E-02  1.3200E-01  3.5327E-05  5.9433E-01  1.2896E+01  8.7305E-02  1.2896E+01
  4.1367E-02  1.3800E-01  3.6672E-05  6.1727E-01  1.2605E+01  9.0572E-02  1.2605E+01
  4.3165E-02  1.4400E-01  3.7983E-05  6.3967E-01  1.2303E+01  9.4164E-02  1.2303E+01
  4.4964E-02  1.5000E-01  3.9259E-05  6.6152E-01  1.1991E+01  9.8047E-02  1.1991E+01
  4.6762E-02  1.5600E-01  4.0513E-05  6.8301E-01  1.1947E+01  9.8532E-02  1.1947E+01
  4.8561E-02  1.6200E-01  4.1766E-05  7.0450E-01  1.1947E+01  9.8451E-02  1.1947E+01
  5.0360E-02  1.6800E-01  4.3019E-05  7.2598E-01  1.1947E+01  9.8369E-02  1.1947E+01
  5.2158E-02  1.7400E-01  4.4273E-05  7.4747E-01  1.1947E+01  9.8290E-02  1.1947E+01
  5.3957E-02  1.8000E-01  4.5526E-05  7.6896E-01  1.1947E+01  9.8214E-02  1.1947E+01
  5.5756E-02  1.8600E-01  4.6779E-05  7.9045E-01  1.1947E+01  9.8141E-02  1.1947E+01
  5.7554E-02  1.9200E-01  4.8032E-05  8.1193E-01  1.1947E+01  9.8069E-02  1.1947E+01
  5.9353E-02  1.9800E-01  4.9286E-05  8.3342E-01  1.1947E+01  9.8001E-02  1.1947E+01
  6.1151E-02  2.0400E-01  5.0539E-05  8.5491E-01  1.1947E+01  9.7934E-02  1.1947E+01
  6.2950E-02  2.1000E-01  5.1792E-05  8.7640E-01  1.1947E+01  9.7872E-02  1.1947E+01
  6.4749E-02  2.1600E-01  5.3045E-05  8.9788E-01  1.1947E+01  9.7810E-02  1.1947E+01
  6.6547E-02  2.2200E-01  5.4299E-05  9.1937E-01  1.1947E+01  9.7752E-02  1.1947E+01
  6.8346E-02  2.2800E-01  5.5552E-05  9.4086E-01  1.1947E+01  9.7695E-02  1.1947E+01
  7.0145E-02  2.3400E-01  5.6805E-05  9.6235E-01  1.1947E+01  9.7643E-02  1.1947E+01
  7.1943E-02  2.4000E-01  5.8058E-05  9.8383E-01  1.1947E+01  9.7590E-02  1.1947E+01
  7.3742E-02  2.4600E-01  5.9322E-05  1.0055E+00  1.2142E+01  9.3673E-02  1.2142E+01
  7.5540E-02  2.5200E-01  6.0609E-05  1.0275E+00  1.2348E+01  8.9520E-02  1.2348E+01
  7.7339E-02  2.5800E-01  6.1920E-05  1.0499E+00  1.2558E+01  8.5290E-02  1.2558E+01
  7.9138E-02  2.6400E-01  6.3255E-05  1.0727E+00  1.2773E+01  8.1067E-02  1.2773E+01
  8.0936E-02  2.7000E-01  6.4614E-05  1.0959E+00  1.2992E+01  7.6978E-02  1.2992E+01
  8.2735E-02  2.7600E-01  6.5998E-05  1.1194E+00  1.3217E+01  7.3195E-02  1.3217E+01
  8.4533E-02  2.8200E-01  6.7409E-05  1.1434E+00  1.3446E+01  6.9977E-02  1.3446E+01
  8.6332E-02  2.8800E-01  6.8845E-05  1.1678E+00  1.3679E+01  6.7651E-02  1.3679E+01
  8.8131E-02  2.9400E-01  7.0309E-05  1.1926E+00  1.3918E+01  6.6614E-02  1.3918E+01
  8.9929E-02  3.0000E-01  7.1799E-05  1.2179E+00  1.4162E+01  6.7297E-02  1.4162E+01
  9.1728E-02  3.0600E-01  7.3318E-05  1.2436E+00  1.4411E+01  7.0053E-02  1.4411E+01
  9.3526E-02  3.1200E-01  7.4866E-05  1.2697E+00  1.4665E+01  7.5123E-02  1.4665E+01
  9.5325E-02  3.1800E-01  7.6443E-05  1.2963E+00  1.4925E+01  8.2580E-02  1.4925E+01
  9.7123E-02  3.2400E-01  7.8049E-05  1.3234E+00  1.5190E+01  9.2377E-02  1.5190E+01
  9.8922E-02  3.3000E-01  7.9687E-05  1.3510E+00  1.5461E+01  1.0441E-01  1.5461E+01
  1.0072E-01  3.3600E-01  8.1355E-05  1.3790E+00  1.5737E+01  1.1859E-01  1.5737E+01
  1.0252E-01  3.4200E-01  8.3056E-05  1.4076E+00  1.6019E+01  1.3482E-01  1.6019E+01
  1.0432E-01  3.4800E-01  8.4789E-05  1.4366E+00  1.6307E+01  1.5310E-01  1.6307E+01
  1.0612E-01  3.5400E-01  8.6556E-05  1.4662E+00  1.6601E+01  1.7343E-01  1.6601E+01
  1.0791E-01  3.6000E-01  8.8357E-05  1.4964E+00  1.6900E+01  1.9584E-01  1.6900E+01
  1.0971E-01  3.6600E-01  9.0192E-05  1.5270E+00  1.7206E+01  2.2043E-01  1.7206E+01
  1.1151E-01  3.7200E-01  9.2063E-05  1.5583E+00  1.7518E+01  2.4728E-01  1.7518E+01
  1.1331E-01  3.7800E-01  9.3971E-05  1.5900E+00  1.7837E+01  2.7652E-01  1.7837E+01
  1.1511E-01  3.8400E-01  9.5916E-05  1.6224E+00  1.8162E+01  3.0830E-01  1.8162E+01
  1.1691E-01  3.9000E-01  9.7898E-05  1.6554E+00  1.8494E+01  3.4279E-01  1.8494E+01
  1.1871E-01  3.9600E-01  9.9920E-05  1.6889E+00  1.8832E+01  3.8018E-01  1.8832E+01
  1.2050E-01  4.0200E-01  1.0198E-04  1.7231E+00  1.9177E+01  4.2066E-01  1.9177E+01
  1.2230E-01  4.0800E-01  1.0408E-04  1.7579E+00  1.9530E+01  4.6447E-01  1.9530E+01
  1.2410E-01  4.1400E-01  1.0623E-04  1.7934E+00  1.9889E+01  5.1186E-01  1.9889E+01
  1.2600E-01  4.2034E-01  1.0854E-04  1.8315E+00  2.0276E+01  5.6610E-01  2.0276E+01
  1.2780E-01  4.2634E-01  1.1077E-04  1.8683E+00  2.0651E+01  6.2173E-01  2.0651E+01
  1.2960E-01  4.3234E-01  1.1304E-04  1.9058E+00  2.1033E+01  6.8183E-01  2.1033E+01
  1.3140E-01  4.3834E-01  1.1536E-04  1.9440E+00  2.1422E+01  7.4677E-01  2.1422E+01
  1.3319E-01  4.4434E-01  1.1773E-04  1.9828E+00  2.1820E+01  8.1692E-01  2.1820E+01
  1.3499E-01  4.5034E-01  1.2014E-04  2.0224E+00  2.2225E+01  8.9268E-01  2.2225E+01
  1.3679E-01  4.5634E-01  1.2261E-04  2.0628E+00  2.2639E+01  9.7449E-01  2.2639E+01
  1.3859E-01  4.6234E-01  1.2512E-04  2.1039E+00  2.3060E+01  1.0628E+00  2.3060E+01
  1.4039E-01  4.6834E-01  1.2768E-04  2.1457E+00  2.3490E+01  1.1582E+00  2.3490E+01
  1.4218E-01  4.7434E-01  1.3030E-04  2.1884E+00  2.3929E+01  1.2612E+00  2.3929E+01
  1.4398E-01  4.8034E-01  1.3296E-04  2.2318E+00  2.4376E+01  1.3724E+00  2.4376E+01
  1.4578E-01  4.8634E-01  1.3569E-04  2.2760E+00  2.4832E+01  1.4925E+00  2.4832E+01
  1.4758E-01  4.9234E-01  1.3846E-04  2.3211E+00  2.5298E+01  1.6220E+00  2.5298E+01
  1.4938E-01  4.9834E-01  1.4130E-04  2.3670E+00  2.5772E+01  1.7619E+00  2.5772E+01
  1.5118E-01  5.0434E-01  1.4419E-04  2.4138E+00  2.6256E+01  1.9129E+00  2.6256E+01
  1.5297E-01  5.1034E-01  1.4714E-04  2.4615E+00  2.6750E+01  2.0760E+00  2.6750E+01
  1.5477E-01  5.1634E-01  1.5015E-04  2.5100E+00  2.7253E+01  2.2519E+00  2.7253E+01
  1.5657E-01  5.2234E-01  1.5322E-04  2.5595E+00  2.7766E+01  2.4418E+00  2.7766E+01
  1.5837E-01  5.2834E-01  1.5636E-04  2.6099E+00  2.8289E+01  2.6469E+00  2.8289E+01
  1.6017E-01  5.3434E-01  1.5956E-04  2.6612E+00  2.8823E+01  2.8682E+00  2.8823E+01
  1.6196E-01  5.4034E-01  1.6283E-04  2.7135E+00  2.9367E+01  3.1070E+00  2.9367E+01
  1.6376E-01  5.4634E-01  1.6616E-04  2.7668E+00  2.9921E+01  3.3648E+00  2.9921E+01
  1.6556E-01  5.5234E-01  1.6957E-04  2.8211E+00  3.0487E+01  3.6431E+00  3.0487E+01
  1.6736E-01  5.5834E-01  1.7304E-04  2.8764E+00  3.1064E+01  3.9435E+00  3.1064E+01
  1.6916E-01  5.6434E-01  1.7659E-04  2.9328E+00  3.1652E+01  4.2677E+00  3.1652E+01
  1.7095E-01  5.7034E-01  1.8022E-04  2.9903E+00  3.2251E+01  4.6176E+00  3.2251E+01
  1.7275E-01  5.7634E-01  1.8392E-04  3.0488E+00  3.2863E+01  4.9953E+00  3.2863E+01
  1.7455E-01  5.8234E-01  1.8770E-04  3.1084E+00  3.3486E+01  5.4029E+00  3.3486E+01
  1.7635E-01  5.8834E-01  1.9155E-04  3.1692E+00  3.4122E+01  5.8429E+00  3.4122E+01
  1.7814E-01  5.9434E-01  1.9550E-04  3.2311E+00  3.4770E+01  6.3178E+00  3.4770E+01
  1.7994E-01  6.0034E-01  1.9952E-04  3.2942E+00  3.5430E+01  6.8303E+00  3.5430E+01
  1.8174E-01  6.0634E-01  2.0363E-04  3.3585E+00  3.6104E+01  7.3835E+00  3.6104E+01
  1.8354E-01  6.1234E-01  2.0783E-04  3.4240E+00  3.6791E+01  7.9805E+00  3.6791E+01
  1.8533E-01  6.1834E-01  2.1212E-04  3.4908E+00  3.7491E+01  8.6249E+00  3.7491E+01
  1.8713E-01  6.2434E-01  2.1651E-04  3.5588E+00  3.8205E+01  9.3205E+00  3.8205E+01
  1.8893E-01  6.3034E-01  2.2099E-04  3.6281E+00  3.8932E+01  1.0071E+01  3.8932E+01
  1.9073E-01  6.3634E-01  2.2556E-04  3.6988E+00  3.9674E+01  1.0881E+01  3.9674E+01
  1.9252E-01  6.4234E-01  2.3024E-04  3.7707E+00  4.0431E+01  1.1756E+01  4.0431E+01
  1.9432E-01  6.4834E-01  2.3502E-04  3.8441E+00  4.1202E+01  1.2699E+01  4.1202E+01
  1.9612E-01  6.5434E-01  2.3991E-04  3.9189E+00  4.1988E+01  1.3718E+01  4.1988E+01
  1.9792E-01  6.6034E-01  2.4488E-04  3.9945E+00  4.2096E+01  2.5147E+01  4.2096E+01
  1.9971E-01  6.6634E-01  2.4985E-04  4.0701E+00  4.2096E+01  2.5147E+01  4.2096E+01
  2.0151E-01  6.7234E-01  2.5481E-04  4.1458E+00  4.2096E+01  2.5147E+01  4.2096E+01
  2.0331E-01  6.7834E-01  2.5978E-04  4.2215E+00  4.2096E+01  2.5146E+01  4.2096E+01
  2.0510E-01  6.8434E-01  2.6475E-04  4.2971E+00  4.2096E+01  2.5146E+01  4.2096E+01
  2.0690E-01  6.9034E-01  2.6972E-04  4.3728E+00  4.2096E+01  2.5146E+01  4.2096E+01
  2.0880E-01  6.9667E-01  2.7497E-04  4.4527E+00  4.2096E+01  2.5146E+01  4.2096E+01
  2.1060E-01  7.0267E-01  2.7994E-04  4.5283E+00  4.2096E+01  2.5146E+01  4.2096E+01
  2.1239E-01  7.0867E-01  2.8491E-04  4.6040E+00  4.2096E+01  2.5146E+01  4.2096E+01
  2.1419E-01  7.1467E-01  2.8988E-04  4.6796E+00  4.2096E+01  2.5146E+01  4.2096E+01
  2.1599E-01  7.2067E-01  2.9485E-04  4.7553E+00  4.2096E+01  2.5146E+01  4.2096E+01
  2.1779E-01  7.2667E-01  2.9982E-04  4.8309E+00  4.2096E+01  2.5145E+01  4.2096E+01
  2.1958E-01  7.3267E-01  3.0479E-04  4.9066E+00  4.2096E+01  2.5145E+01  4.2096E+01
  2.2138E-01  7.3867E-01  3.0976E-04  4.9822E+00  4.2096E+01  2.5145E+01  4.2096E+01
  2.2318E-01  7.4467E-01  3.1472E-04  5.0579E+00  4.2096E+01  2.5145E+01  4.2096E+01
  2.2497E-01  7.5067E-01  3.1969E-04  5.1336E+00  4.2096E+01  2.5145E+01  4.2096E+01
  2.2677E-01  7.5667E-01  3.2466E-04  5.2092E+00  4.2096E+01  2.5145E+01  4.2096E+01
  2.2857E-01  7.6267E-01  3.2963E-04  5.2849E+00  4.2096E+01  2.5145E+01  4.2096E+01
  2.3037E-01  7.6867E-01  3.3460E-04  5.3605E+00  4.2096E+01  2.5145E+01  4.2096E+01
  2.3216E-01  7.7467E-01  3.3957E-04  5.4362E+00  4.2096E+01  2.5145E+01  4.2096E+01
  2.3396E-01  7.8067E-01  3.4454E-04  5.5118E+00  4.2096E+01  2.5144E+01  4.2096E+01
  2.3576E-01  7.8667E-01  3.4951E-04  5.5875E+00  4.2096E+01  2.5144E+01  4.2096E+01
  2.3755E-01  7.9267E-01  3.5448E-04  5.6631E+00  4.2096E+01  2.5144E+01  4.2096E+01
  2.3935E-01  7.9867E-01  3.5945E-04  5.7388E+00  4.2096E+01  2.5144E+01  4.2096E+01
  2.4115E-01  8.0467E-01  3.6442E-04  5.8144E+00  4.2096E+01  2.5144E+01  4.2096E+01
  2.4295E-01  8.1067E-01  3.6939E-04  5.8901E+00  4.2096E+01  2.5144E+01  4.2096E+01
  2.4474E-01  8.1667E-01  3.7436E-04  5.9657E+00  4.2096E+01  2.5144E+01  4.2096E+01
  2.4654E-01  8.2267E-01  3.7932E-04  6.0414E+00  4.2096E+01  2.5144E+01  4.2096E+01
  2.4834E-01  8.2867E-01  3.8429E-04  6.1170E+00  4.2096E+01  2.5144E+01  4.2096E+01
  2.5013E-01  8.3467E-01  3.8926E-04  6.1927E+00  4.2096E+01  2.5144E+01  4.2096E+01
  2.5193E-01  8.4067E-01  3.9423E-04  6.2684E+00  4.2096E+01  2.5143E+01  4.2096E+01
  2.5373E-01  8.4667E-01  3.9920E-04  6.3440E+00  4.2096E+01  2.5143E+01  4.2096E+01
  2.5553E-01  8.5267E-01  4.0417E-04  6.4197E+00  4.2096E+01  2.5143E+01  4.2096E+01
  2.5732E-01  8.5867E-01  4.0914E-04  6.4953E+00  4.2096E+01  2.5143E+01  4.2096E+01
  2.5912E-01  8.6467E-01  4.1411E-04  6.5710E+00  4.2096E+01  2.5143E+01  4.2096E+01
  2.6092E-01  8.7067E-01  4.1908E-04  6.6466E+00  4.2096E+01  2.5143E+01  4.2096E+01
  2.6271E-01  8.7667E-01  4.2405E-04  6.7223E+00  4.2096E+01  2.5143E+01  4.2096E+01
  2.6451E-01  8.8267E-01  4.2902E-04  6.7979E+00  4.2096E+01  2.5143E+01  4.2096E+01
  2.6631E-01  8.8867E-01  4.3399E-04  6.8736E+00  4.2096E+01  2.5143E+01  4.2096E+01
  2.6811E-01  8.9467E-01  4.3896E-04  6.9492E+00  4.2096E+01  2.5143E+01  4.2096E+01
  2.6990E-01  9.0067E-01  4.4392E-04  7.0249E+00  4.2096E+01  2.5143E+01  4.2096E+01
  2.7170E-01  9.0667E-01  4.4889E-04  7.1005E+00  4.2096E+01  2.5143E+01  4.2096E+01
  2.7360E-01  9.1302E-01  4.5415E-04  7.1805E+00  4.2096E+01  2.5142E+01  4.2096E+01
  2.7540E-01  9.1902E-01  4.5911E-04  7.2562E+00  4.2096E+01  2.5142E+01  4.2096E+01
  2.7719E-01  9.2502E-01  4.6408E-04  7.3318E+00  4.2096E+01  2.5142E+01  4.2096E+01
  2.7899E-01  9.3102E-01  4.6905E-04  7.4075E+00  4.2096E+01  2.5142E+01  4.2096E+01
  2.8079E-01  9.3702E-01  4.7402E-04  7.4831E+00  4.2096E+01  2.5142E+01  4.2096E+01
  2.8259E-01  9.4302E-01  4.7899E-04  7.5588E+00  4.2096E+01  2.5142E+01  4.2096E+01
  2.8438E-01  9.4902E-01  4.8396E-04  7.6344E+00  4.2096E+01  2.5142E+01  4.2096E+01
  2.8618E-01  9.5502E-01  4.8893E-04  7.7101E+00  4.2096E+01  2.5142E+01  4.2096E+01
  2.8798E-01  9.6102E-01  4.9390E-04  7.7857E+00  4.2096E+01  2.5142E+01  4.2096E+01
  2.8977E-01  9.6702E-01  4.9887E-04  7.8614E+00  4.2096E+01  2.5142E+01  4.2096E+01
  2.9157E-01  9.7302E-01  5.0384E-04  7.9370E+00  4.2096E+01  2.5142E+01  4.2096E+01
  2.9337E-01  9.7902E-01  5.0881E-04  8.0127E+00  4.2096E+01  2.5142E+01  4.2096E+01
  2.9517E-01  9.8502E-01  5.1378E-04  8.0884E+00  4.2096E+01  2.5142E+01  4.2096E+01
  2.9696E-01  9.9102E-01  5.1875E-04  8.1640E+00  4.2092E+01  4.6895E+01  4.2092E+01
  2.9876E-01  9.9702E-01  5.2196E-04  8.2389E+00  4.1163E+01  2.6182E+02  4.1163E+01
  3.0056E-01  1.0030E+00  5.2491E-04  8.3120E+00  4.0147E+01  2.6430E+02  4.0147E+01
  3.0235E-01  1.0090E+00  5.2771E-04  8.3832E+00  3.9122E+01  2.6671E+02  3.9121E+01
  3.0415E-01  1.0150E+00  5.3038E-04  8.4526E+00  3.8088E+01  2.6903E+02  3.8088E+01
  3.0595E-01  1.0210E+00  5.3291E-04  8.5201E+00  3.7046E+01  2.7127E+02  3.7046E+01
  3.0775E-01  1.0270E+00  5.3529E-04  8.5858E+00  3.5995E+01  2.7342E+02  3.5995E+01
  3.0954E-01  1.0330E+00  5.3754E-04  8.6495E+00  3.4937E+01  2.7549E+02  3.4937E+01
  3.1134E-01  1.0390E+00  5.3964E-04  8.7114E+00  3.3871E+01  2.7746E+02  3.3871E+01
  3.1314E-01  1.0450E+00  5.4161E-04  8.7713E+00  3.2798E+01  2.7934E+02  3.2798E+01
  3.1494E-01  1.0510E+00  5.4343E-04  8.8293E+00  3.1717E+01  2.8113E+02  3.1717E+01
  3.1674E-01  1.0570E+00  5.4512E-04  8.8853E+00  3.0630E+01  2.8282E+02  3.0630E+01
  3.1853E-01  1.0630E+00  5.4667E-04  8.9394E+00  2.9536E+01  2.8442E+02  2.9536E+01
  3.2033E-01  1.0690E+00  5.4808E-04  8.9915E+00  2.8435E+01  2.8593E+02  2.8435E+01
  3.2213E-01  1.0750E+00  5.4935E-04  9.0417E+00  2.7328E+01  2.8734E+02  2.7328E+01
  3.2393E-01  1.0810E+00  5.5048E-04  9.0898E+00  2.6216E+01  2.8866E+02  2.6215E+01
  3.2573E-01  1.0870E+00  5.5148E-04  9.1359E+00  2.5097E+01  2.8988E+02  2.5097E+01
  3.2752E-01  1.0930E+00  5.5234E-04  9.1801E+00  2.3973E+01  2.9101E+02  2.3973E+01
  3.2932E-01  1.0990E+00  5.5307E-04  9.2222E+00  2.2844E+01  2.9205E+02  2.2843E+01
  3.3112E-01  1.1050E+00  5.5366E-04  9.2622E+00  2.1709E+01  2.9300E+02  2.1709E+01
  3.3292E-01  1.1110E+00  5.5411E-04  9.3002E+00  2.0570E+01  2.9386E+02  2.0570E+01
  3.3472E-01  1.1170E+00  5.5443E-04  9.3362E+00  1.9426E+01  2.9465E+02  1.9426E+01
  3.3652E-01  1.1230E+00  5.5462E-04  9.3701E+00  1.8279E+01  2.9535E+02  1.8278E+01
  3.3831E-01  1.1290E+00  5.5467E-04  9.4019E+00  1.7127E+01  2.9597E+02  1.7127E+01
  3.4011E-01  1.1350E+00  5.5459E-04  9.4317E+00  1.5971E+01  2.9652E+02  1.5971E+01
  3.4191E-01  1.1410E+00  5.5438E-04  9.4594E+00  1.4812E+01  2.9699E+02  1.4812E+01
  3.4371E-01  1.1470E+00  5.5404E-04  9.4850E+00  1.3649E+01  2.9741E+02  1.3649E+01
  3.4551E-01  1.1530E+00  5.5356E-04  9.5085E+00  1.2484E+01  2.9776E+02  1.2484E+01
  3.4731E-01  1.1590E+00  5.5296E-04  9.5299E+00  1.1316E+01  2.9805E+02  1.1316E+01
  3.4911E-01  1.1650E+00  5.5222E-04  9.5492E+00  1.0145E+01  2.9829E+02  1.0145E+01
  3.5090E-01  1.1710E+00  5.5136E-04  9.5664E+00  8.9727E+00  2.9848E+02  8.9724E+00
  3.5270E-01  1.1770E+00  5.5037E-04  9.5815E+00  7.7979E+00  2.9863E+02  7.7976E+00
  3.5450E-01  1.1830E+00  5.4924E-04  9.5944E+00  6.6215E+00  2.9874E+02  6.6212E+00
  3.5630E-01  1.1890E+00  5.4799E-04  9.6053E+00  5.4436E+00  2.9881E+02  5.4432E+00
  3.5820E-01  1.1954E+00  5.4653E-04  9.6144E+00  4.1987E+00  2.9887E+02  4.1982E+00
  3.6000E-01  1.2014E+00  5.4502E-04  9.6209E+00  3.0188E+00  2.9890E+02  3.0181E+00
  3.6180E-01  1.2074E+00  5.4338E-04  9.6253E+00  1.8385E+00  2.9891E+02  1.8374E+00
  3.6360E-01  1.2134E+00  5.4161E-04  9.6275E+00  6.5923E-01  2.9891E+02  6.5619E-01
  3.6539E-01  1.2194E+00  5.3972E-04  9.6277E+00  5.2894E-01  2.9891E+02 -5.2513E-01
  3.6719E-01  1.2254E+00  5.3770E-04  9.6256E+00  1.7075E+00  2.9892E+02 -1.7063E+00
  3.6899E-01  1.2314E+00  5.3556E-04  9.6215E+00  2.8879E+00  2.9893E+02 -2.8872E+00
  3.7079E-01  1.2374E+00  5.3330E-04  9.6153E+00  4.0679E+00  2.9895E+02 -4.0674E+00
  3.7259E-01  1.2434E+00  5.3090E-04  9.6069E+00  5.2471E+00  2.9899E+02 -5.2467E+00
  3.7439E-01  1.2494E+00  5.2839E-04  9.5964E+00  6.4251E+00  2.9906E+02 -6.4248E+00
  3.7619E-01  1.2554E+00  5.2575E-04  9.5838E+00  7.6018E+00  2.9916E+02 -7.6016E+00
  3.7799E-01  1.2614E+00  5.2299E-04  9.5690E+00  8.7769E+00  2.9929E+02 -8.7767E+00
  3.7978E-01  1.2674E+00  5.2010E-04  9.5522E+00  9.9500E+00  2.9946E+02 -9.9498E+00
  3.8158E-01  1.2734E+00  5.1710E-04  9.5333E+00  1.1121E+01  2.9968E+02 -1.1121E+01
  3.8338E-01  1.2794E+00  5.1397E-04  9.5122E+00  1.2290E+01  2.9995E+02 -1.2289E+01
  3.8518E-01  1.2854E+00  5.1072E-04  9.4890E+00  1.3455E+01  3.0028E+02 -1.3455E+01
  3.8698E-01  1.2914E+00  5.0734E-04  9.4638E+00  1.4618E+01  3.0067E+02 -1.4618E+01
  3.8878E-01  1.2974E+00  5.0385E-04  9.4365E+00  1.5778E+01  3.0112E+02 -1.5778E+01
  3.9058E-01  1.3034E+00  5.0024E-04  9.4070E+00  1.6934E+01  3.0164E+02 -1.6934E+01
  3.9237E-01  1.3094E+00  4.9650E-04  9.3756E+00  1.8087E+01  3.0223E+02 -1.8087E+01
  3.9417E-01  1.3154E+00  4.8459E-04  9.3424E+00  1.8545E+01  3.1146E+03 -1.8532E+01
  3.9597E-01  1.3214E+00  4.7024E-04  9.3091E+00  1.8545E+01  3.1146E+03 -1.8532E+01
  3.9777E-01  1.3274E+00  4.5590E-04  9.2757E+00  1.8545E+01  3.1146E+03 -1.8532E+01
  3.9957E-01  1.3334E+00  4.4155E-04  9.2424E+00  1.8545E+01  3.1145E+03 -1.8532E+01
  4.0137E-01  1.3394E+00  4.2720E-04  9.2091E+00  1.8545E+01  3.1145E+03 -1.8532E+01
  4.0317E-01  1.3454E+00  4.1285E-04  9.1757E+00  1.8545E+01  3.1145E+03 -1.8532E+01
  4.0496E-01  1.3514E+00  3.9850E-04  9.1424E+00  1.8545E+01  3.1145E+03 -1.8532E+01
  4.0676E-01  1.3574E+00  3.8415E-04  9.1091E+00  1.8545E+01  3.1144E+03 -1.8532E+01
  4.0856E-01  1.3634E+00  3.6981E-04  9.0758E+00  1.8545E+01  3.1144E+03 -1.8532E+01
  4.1036E-01  1.3694E+00  3.5546E-04  9.0424E+00  1.8545E+01  3.1144E+03 -1.8532E+01
  4.1216E-01  1.3754E+00  3.4111E-04  9.0091E+00  1.8545E+01  3.1144E+03 -1.8531E+01
  4.1396E-01  1.3814E+00  3.2676E-04  8.9758E+00  1.8545E+01  3.1143E+03 -1.8531E+01
  4.1575E-01  1.3874E+00  3.1241E-04  8.9424E+00  1.8545E+01  3.1143E+03 -1.8531E+01
  4.1755E-01  1.3934E+00  2.9806E-04  8.9091E+00  1.8545E+01  3.1143E+03 -1.8531E+01
  4.1935E-01  1.3994E+00  2.8371E-04  8.8758E+00  1.8545E+01  3.1143E+03 -1.8531E+01
  4.2115E-01  1.4054E+00  2.6937E-04  8.8425E+00  1.8545E+01  3.1143E+03 -1.8531E+01
  4.2295E-01  1.4114E+00  2.5502E-04  8.8091E+00  1.8545E+01  3.1142E+03 -1.8531E+01
  4.2475E-01  1.4174E+00  2.4067E-04  8.7758E+00  1.8545E+01  3.1142E+03 -1.8531E+01
  4.2655E-01  1.4234E+00  2.2632E-04  8.7425E+00  1.8545E+01  3.1142E+03 -1.8531E+01
  4.2834E-01  1.4294E+00  2.1197E-04  8.7092E+00  1.8545E+01  3.1142E+03 -1.8530E+01
  4.3014E-01  1.4354E+00  1.9762E-04  8.6758E+00  1.8545E+01  3.1141E+03 -1.8530E+01
  4.3194E-01  1.4414E+00  1.8328E-04  8.6425E+00  1.8545E+01  3.1141E+03 -1.8530E+01
  4.3374E-01  1.4474E+00  1.6893E-04  8.6092E+00  1.8545E+01  3.1141E+03 -1.8530E+01
  4.3554E-01  1.4534E+00  1.5458E-04  8.5759E+00  1.8545E+01  3.1141E+03 -1.8530E+01
  4.3734E-01  1.4594E+00  1.4023E-04  8.5425E+00  1.8545E+01  3.1140E+03 -1.8530E+01
  4.3913E-01  1.4654E+00  1.2588E-04  8.5092E+00  1.8545E+01  3.1140E+03 -1.8530E+01
  4.4093E-01  1.4714E+00  1.1153E-04  8.4759E+00  1.8545E+01  3.1140E+03 -1.8530E+01
  4.4273E-01  1.4774E+00  9.7185E-05  8.4426E+00  1.8545E+01  3.1140E+03 -1.8530E+01
  4.4453E-01  1.4834E+00  8.2837E-05  8.4092E+00  1.8545E+01  3.1140E+03 -1.8529E+01
  4.4633E-01  1.4894E+00  6.8488E-05  8.3759E+00  1.8545E+01  3.1139E+03 -1.8529E+01
  4.4813E-01  1.4954E+00  5.4140E-05  8.3426E+00  1.8545E+01  3.1139E+03 -1.8529E+01
  4.4992E-01  1.5014E+00  3.9791E-05  8.3093E+00  1.8545E+01  3.1139E+03 -1.8529E+01
  4.5172E-01  1.5074E+00  2.5443E-05  8.2759E+00  1.8545E+01  3.1139E+03 -1.8529E+01
  4.5352E-01  1.5134E+00  1.1094E-05  8.2426E+00  1.8545E+01  3.1138E+03 -1.8529E+01
  4.5532E-01  1.5194E+00 -3.2540E-06  8.2093E+00  1.8545E+01  3.1138E+03 -1.8529E+01
  4.5712E-01  1.5254E+00 -1.7602E-05  8.1760E+00  1.8545E+01  3.1138E+03 -1.8529E+01
  4.5892E-01  1.5314E+00 -3.1951E-05  8.1426E+00  1.8545E+01  3.1138E+03 -1.8528E+01
  4.6072E-01  1.5374E+00 -4.6299E-05  8.1093E+00  1.8545E+01  3.1137E+03 -1.8528E+01
  4.6251E-01  1.5434E+00 -6.0648E-05  8.0760E+00  1.8545E+01  3.1137E+03 -1.8528E+01
  4.6431E-01  1.5494E+00 -7.4996E-05  8.0427E+00  1.8545E+01  3.1137E+03 -1.8528E+01
  4.6611E-01  1.5554E+00 -8.9345E-05  8.0094E+00  1.8545E+01  3.1137E+03 -1.8528E+01
  4.6791E-01  1.5614E+00 -1.0369E-04  7.9760E+00  1.8545E+01  3.1136E+03 -1.8528E+01
  4.6971E-01  1.5674E+00 -1.1804E-04  7.9427E+00  1.8545E+01  3.1136E+03 -1.8528E+01
  4.7151E-01  1.5734E+00 -1.3239E-04  7.9094E+00  1.8545E+01  3.1136E+03 -1.8527E+01
  4.7330E-01  1.5794E+00 -1.4674E-04  7.8761E+00  1.8545E+01  3.1136E+03 -1.8527E+01
  4.7510E-01  1.5854E+00 -1.6109E-04  7.8428E+00  1.8545E+01  3.1136E+03 -1.8527E+01
  4.7690E-01  1.5914E+00 -1.7544E-04  7.8094E+00  1.8545E+01  3.1135E+03 -1.8527E+01
  4.7880E-01  1.5977E+00 -1.9058E-04  7.7743E+00  1.8545E+01  3.1135E+03 -1.8527E+01
  4.8060E-01  1.6037E+00 -2.0493E-04  7.7409E+00  1.8545E+01  3.1135E+03 -1.8527E+01
  4.8240E-01  1.6097E+00 -2.1928E-04  7.7076E+00  1.8545E+01  3.1135E+03 -1.8527E+01
  4.8420E-01  1.6157E+00 -2.3363E-04  7.6743E+00  1.8545E+01  3.1134E+03 -1.8526E+01
  4.8599E-01  1.6217E+00 -2.4798E-04  7.6410E+00  1.8545E+01  3.1134E+03 -1.8526E+01
  4.8779E-01  1.6277E+00 -2.6232E-04  7.6077E+00  1.8545E+01  3.1134E+03 -1.8526E+01
  4.8959E-01  1.6337E+00 -2.7667E-04  7.5744E+00  1.8545E+01  3.1134E+03 -1.8526E+01
  4.9139E-01  1.6397E+00 -2.9102E-04  7.5410E+00  1.8545E+01  3.1133E+03 -1.8526E+01
  4.9319E-01  1.6457E+00 -3.0537E-04  7.5077E+00  1.8545E+01  3.1133E+03 -1.8526E+01
  4.9499E-01  1.6517E+00 -3.1972E-04  7.4744E+00  1.8545E+01  3.1133E+03 -1.8525E+01
  4.9678E-01  1.6577E+00 -3.3407E-04  7.4411E+00  1.8545E+01  3.1133E+03 -1.8525E+01
  4.9858E-01  1.6637E+00 -3.4841E-04  7.4078E+00  1.8545E+01  3.1132E+03 -1.8525E+01
  5.0038E-01  1.6697E+00 -3.6276E-04  7.3745E+00  1.8545E+01  3.1132E+03 -1.8525E+01
  5.0218E-01  1.6757E+00 -3.7711E-04  7.3411E+00  1.8545E+01  3.1132E+03 -1.8525E+01
  5.0398E-01  1.6817E+00 -3.9146E-04  7.3078E+00  1.8545E+01  3.1132E+03 -1.8524E+01
  5.0578E-01  1.6877E+00 -4.0581E-04  7.2745E+00  1.8545E+01  3.1132E+03 -1.8524E+01
  5.0758E-01  1.6937E+00 -4.2016E-04  7.2412E+00  1.8545E+01  3.1131E+03 -1.8524E+01
  5.0937E-01  1.6997E+00 -4.3451E-04  7.2079E+00  1.8545E+01  3.1131E+03 -1.8524E+01
  5.1117E-01  1.7057E+00 -4.4885E-04  7.1746E+00  1.8545E+01  3.1131E+03 -1.8524E+01
  5.1297E-01  1.7117E+00 -4.6320E-04  7.1412E+00  1.8545E+01  3.1131E+03 -1.8524E+01
  5.1477E-01  1.7177E+00 -4.7755E-04  7.1079E+00  1.8545E+01  3.1130E+03 -1.8523E+01
  5.1657E-01  1.7237E+00 -4.9190E-04  7.0746E+00  1.8545E+01  3.1130E+03 -1.8523E+01
  5.1837E-01  1.7297E+00 -5.0625E-04  7.0413E+00  1.8545E+01  3.1130E+03 -1.8523E+01
  5.2016E-01  1.7357E+00 -5.2060E-04  7.0080E+00  1.8545E+01  3.1130E+03 -1.8523E+01
  5.2196E-01  1.7417E+00 -5.3494E-04  6.9747E+00  1.8545E+01  3.1129E+03 -1.8522E+01
  5.2376E-01  1.7477E+00 -5.4929E-04  6.9414E+00  1.8545E+01  3.1129E+03 -1.8522E+01
  5.2556E-01  1.7537E+00 -5.6364E-04  6.9081E+00  1.8545E+01  3.1129E+03 -1.8522E+01
  5.2736E-01  1.7597E+00 -5.7799E-04  6.8748E+00  1.8545E+01  3.1129E+03 -1.8522E+01
  5.2916E-01  1.7657E+00 -5.9234E-04  6.8414E+00  1.8545E+01  3.1129E+03 -1.8522E+01
  5.3095E-01  1.7717E+00 -6.0669E-04  6.8081E+00  1.8545E+01  3.1128E+03 -1.8521E+01
  5.3275E-01  1.7777E+00 -6.2103E-04  6.7748E+00  1.8545E+01  3.1128E+03 -1.8521E+01
  5.3455E-01  1.7837E+00 -6.3538E-04  6.7415E+00  1.8545E+01  3.1128E+03 -1.8521E+01
  5.3635E-01  1.7897E+00 -6.4973E-04  6.7082E+00  1.8545E+01  3.1128E+03 -1.8521E+01
  5.3815E-01  1.7957E+00 -6.6408E-04  6.6749E+00  1.8545E+01  3.1127E+03 -1.8520E+01
  5.3995E-01  1.8017E+00 -6.7843E-04  6.6416E+00  1.8545E+01  3.1127E+03 -1.8520E+01
  5.4175E-01  1.8077E+00 -6.9278E-04  6.6083E+00  1.8545E+01  3.1127E+03 -1.8520E+01
  5.4354E-01  1.8137E+00 -7.0713E-04  6.5750E+00  1.8545E+01  3.1127E+03 -1.8520E+01
  5.4534E-01  1.8197E+00 -7.2147E-04  6.5417E+00  1.8545E+01  3.1126E+03 -1.8519E+01
  5.4714E-01  1.8257E+00 -7.3582E-04  6.5084E+00  1.8545E+01  3.1126E+03 -1.8519E+01
  5.4894E-01  1.8317E+00 -7.5017E-04  6.4751E+00  1.8545E+01  3.1126E+03 -1.8519E+01
  5.5074E-01  1.8377E+00 -7.6452E-04  6.4418E+00  1.8545E+01  3.1126E+03 -1.8519E+01
  5.5254E-01  1.8437E+00 -7.7887E-04  6.4084E+00  1.8545E+01  3.1125E+03 -1.8518E+01
  5.5433E-01  1.8497E+00 -7.9322E-04  6.3751E+00  1.8545E+01  3.1125E+03 -1.8518E+01
  5.5613E-01  1.8557E+00 -8.0756E-04  6.3418E+00  1.8545E+01  3.1125E+03 -1.8518E+01
  5.5793E-01  1.8617E+00 -8.2191E-04  6.3085E+00  1.8545E+01  3.1125E+03 -1.8518E+01
  5.5973E-01  1.8677E+00 -8.3626E-04  6.2752E+00  1.8545E+01  3.1125E+03 -1.8517E+01
  5.6153E-01  1.8737E+00 -8.5061E-04  6.2419E+00  1.8545E+01  3.1124E+03 -1.8517E+01
  5.6333E-01  1.8797E+00 -8.6496E-04  6.2086E+00  1.8545E+01  3.1124E+03 -1.8517E+01
  5.6513E-01  1.8857E+00 -8.7931E-04  6.1753E+00  1.8545E+01  3.1124E+03 -1.8516E+01
  5.6692E-01  1.8917E+00 -8.9365E-04  6.1420E+00  1.8545E+01  3.1124E+03 -1.8516E+01
  5.6872E-01  1.8977E+00 -9.0800E-04  6.1087E+00  1.8545E+01  3.1123E+03 -1.8516E+01
  5.7052E-01  1.9037E+00 -9.2235E-04  6.0754E+00  1.8545E+01  3.1123E+03 -1.8515E+01
  5.7232E-01  1.9097E+00 -9.3670E-04  6.0421E+00  1.8545E+01  3.1123E+03 -1.8515E+01
  5.7412E-01  1.9157E+00 -9.5105E-04  6.0088E+00  1.8545E+01  3.1123E+03 -1.8515E+01
  5.7592E-01  1.9217E+00 -9.6540E-04  5.9755E+00  1.8545E+01  3.1122E+03 -1.8514E+01
  5.7771E-01  1.9277E+00 -9.7975E-04  5.9422E+00  1.8545E+01  3.1122E+03 -1.8514E+01
  5.7951E-01  1.9337E+00 -9.9409E-04  5.9089E+00  1.8545E+01  3.1122E+03 -1.8514E+01
  5.8131E-01  1.9397E+00 -1.0084E-03  5.8756E+00  1.8545E+01  3.1122E+03 -1.8513E+01
  5.8311E-01  1.9457E+00 -1.0228E-03  5.8424E+00  1.8545E+01  3.1121E+03 -1.8513E+01
  5.8491E-01  1.9517E+00 -1.0371E-03  5.8091E+00  1.8545E+01  3.1121E+03 -1.8513E+01
  5.8671E-01  1.9577E+00 -1.0515E-03  5.7758E+00  1.8545E+01  3.1121E+03 -1.8512E+01
  5.8850E-01  1.9637E+00 -1.0658E-03  5.7425E+00  1.8545E+01  3.1121E+03 -1.8512E+01
  5.9030E-01  1.9697E+00 -1.0802E-03  5.7092E+00  1.8545E+01  3.1121E+03 -1.8511E+01
  5.9210E-01  1.9757E+00 -1.0945E-03  5.6759E+00  1.8545E+01  3.1120E+03 -1.8511E+01
  5.9390E-01  1.9817E+00 -1.1089E-03  5.6426E+00  1.8545E+01  3.1120E+03 -1.8511E+01
  5.9580E-01  1.9880E+00 -1.1240E-03  5.6074E+00  1.8545E+01  3.1120E+03 -1.8510E+01
  5.9760E-01  1.9940E+00 -1.1384E-03  5.5741E+00  1.8545E+01  3.1120E+03 -1.8510E+01
  5.9940E-01  2.0000E+00 -1.1527E-03  5.5409E+00  1.8545E+01  3.1119E+03 -1.8509E+01
  6.0120E-01  2.0060E+00 -1.1671E-03  5.5076E+00  1.8545E+01  3.1119E+03 -1.8509E+01
  6.0299E-01  2.0120E+00 -1.1814E-03  5.4743E+00  1.8545E+01  3.1119E+03 -1.8509E+01
  6.0479E-01  2.0180E+00 -1.1958E-03  5.4410E+00  1.8545E+01  3.1119E+03 -1.8508E+01
  6.0659E-01  2.0240E+00 -1.2101E-03  5.4077E+00  1.8545E+01  3.1118E+03 -1.8508E+01
  6.0839E-01  2.0300E+00 -1.2245E-03  5.3744E+00  1.8545E+01  3.1118E+03 -1.8507E+01
  6.1019E-01  2.0360E+00 -1.2388E-03  5.3411E+00  1.8545E+01  3.1118E+03 -1.8507E+01
  6.1199E-01  2.0420E+00 -1.2532E-03  5.3079E+00  1.8545E+01  3.1118E+03 -1.8506E+01
  6.1378E-01  2.0480E+00 -1.2675E-03  5.2746E+00  1.8545E+01  3.1118E+03 -1.8506E+01
  6.1558E-01  2.0540E+00 -1.2819E-03  5.2413E+00  1.8545E+01  3.1117E+03 -1.8505E+01
  6.1738E-01  2.0600E+00 -1.2962E-03  5.2080E+00  1.8545E+01  3.1117E+03 -1.8505E+01
  6.1918E-01  2.0660E+00 -1.3106E-03  5.1747E+00  1.8545E+01  3.1117E+03 -1.8504E+01
  6.2098E-01  2.0720E+00 -1.3249E-03  5.1415E+00  1.8545E+01  3.1117E+03 -1.8504E+01
  6.2278E-01  2.0780E+00 -1.3393E-03  5.1082E+00  1.8545E+01  3.1116E+03 -1.8503E+01
  6.2458E-01  2.0840E+00 -1.3536E-03  5.0749E+00  1.8545E+01  3.1116E+03 -1.8503E+01
  6.2637E-01  2.0900E+00 -1.3680E-03  5.0416E+00  1.8545E+01  3.1116E+03 -1.8502E+01
  6.2817E-01  2.0960E+00 -1.3823E-03  5.0084E+00  1.8545E+01  3.1116E+03 -1.8501E+01
  6.2997E-01  2.1020E+00 -1.3967E-03  4.9751E+00  1.8545E+01  3.1115E+03 -1.8501E+01
  6.3177E-01  2.1080E+00 -1.4110E-03  4.9418E+00  1.8545E+01  3.1115E+03 -1.8500E+01
  6.3357E-01  2.1140E+00 -1.4254E-03  4.9085E+00  1.8545E+01  3.1115E+03 -1.8500E+01
  6.3537E-01  2.1200E+00 -1.4397E-03  4.8753E+00  1.8545E+01  3.1115E+03 -1.8499E+01
  6.3716E-01  2.1260E+00 -1.4541E-03  4.8420E+00  1.8545E+01  3.1114E+03 -1.8498E+01
  6.3896E-01  2.1320E+00 -1.4684E-03  4.8087E+00  1.8545E+01  3.1114E+03 -1.8498E+01
  6.4076E-01  2.1380E+00 -1.4827E-03  4.7755E+00  1.8545E+01  3.1114E+03 -1.8497E+01
  6.4256E-01  2.1440E+00 -1.4971E-03  4.7422E+00  1.8545E+01  3.1114E+03 -1.8496E+01
  6.4436E-01  2.1500E+00 -1.5114E-03  4.7089E+00  1.8545E+01  3.1114E+03 -1.8496E+01
  6.4616E-01  2.1560E+00 -1.5258E-03  4.6757E+00  1.8545E+01  3.1113E+03 -1.8495E+01
  6.4795E-01  2.1620E+00 -1.5401E-03  4.6424E+00  1.8545E+01  3.1113E+03 -1.8494E+01
  6.4975E-01  2.1680E+00 -1.5545E-03  4.6091E+00  1.8545E+01  3.1113E+03 -1.8494E+01
  6.5155E-01  2.1740E+00 -1.5688E-03  4.5759E+00  1.8545E+01  3.1113E+03 -1.8493E+01
  6.5335E-01  2.1800E+00 -1.5832E-03  4.5426E+00  1.8545E+01  3.1112E+03 -1.8492E+01
  6.5515E-01  2.1860E+00 -1.5975E-03  4.5094E+00  1.8545E+01  3.1112E+03 -1.8491E+01
  6.5695E-01  2.1920E+00 -1.6119E-03  4.4761E+00  1.8545E+01  3.1112E+03 -1.8491E+01
  6.5875E-01  2.1980E+00 -1.6262E-03  4.4429E+00  1.8545E+01  3.1112E+03 -1.8490E+01
  6.6054E-01  2.2040E+00 -1.6406E-03  4.4096E+00  1.8545E+01  3.1111E+03 -1.8489E+01
  6.6234E-01  2.2100E+00 -1.6549E-03  4.3764E+00  1.8545E+01  3.1111E+03 -1.8488E+01
  6.6414E-01  2.2160E+00 -1.6693E-03  4.3431E+00  1.8545E+01  3.1111E+03 -1.8487E+01
  6.6594E-01  2.2220E+00 -1.6836E-03  4.3099E+00  1.8545E+01  3.1111E+03 -1.8486E+01
  6.6774E-01  2.2280E+00 -1.6980E-03  4.2766E+00  1.8545E+01  3.1110E+03 -1.8485E+01
  6.6954E-01  2.2340E+00 -1.7123E-03  4.2434E+00  1.8545E+01  3.1110E+03 -1.8484E+01
  6.7133E-01  2.2400E+00 -1.7267E-03  4.2101E+00  1.8545E+01  3.1110E+03 -1.8483E+01
  6.7313E-01  2.2460E+00 -1.7410E-03  4.1769E+00  1.8545E+01  3.1110E+03 -1.8482E+01
  6.7493E-01  2.2520E+00 -1.7554E-03  4.1437E+00  1.8545E+01  3.1110E+03 -1.8481E+01
  6.7673E-01  2.2580E+00 -1.7697E-03  4.1104E+00  1.8545E+01  3.1109E+03 -1.8480E+01
  6.7853E-01  2.2640E+00 -1.7841E-03  4.0772E+00  1.8545E+01  3.1109E+03 -1.8479E+01
  6.8033E-01  2.2700E+00 -1.7984E-03  4.0439E+00  1.8545E+01  3.1109E+03 -1.8478E+01
  6.8213E-01  2.2760E+00 -1.8128E-03  4.0107E+00  1.8545E+01  3.1109E+03 -1.8477E+01
  6.8392E-01  2.2820E+00 -1.8271E-03  3.9775E+00  1.8545E+01  3.1108E+03 -1.8476E+01
  6.8572E-01  2.2880E+00 -1.8415E-03  3.9443E+00  1.8545E+01  3.1108E+03 -1.8475E+01
  6.8752E-01  2.2940E+00 -1.8558E-03  3.9110E+00  1.8545E+01  3.1108E+03 -1.8474E+01
  6.8932E-01  2.3000E+00 -1.8702E-03  3.8778E+00  1.8545E+01  3.1108E+03 -1.8472E+01
  6.9112E-01  2.3060E+00 -1.8845E-03  3.8446E+00  1.8545E+01  3.1107E+03 -1.8471E+01
  6.9292E-01  2.3120E+00 -1.8989E-03  3.8114E+00  1.8545E+01  3.1107E+03 -1.8470E+01
  6.9471E-01  2.3180E+00 -1.9132E-03  3.7782E+00  1.8545E+01  3.1107E+03 -1.8469E+01
  6.9651E-01  2.3240E+00 -1.9275E-03  3.7449E+00  1.8545E+01  3.1107E+03 -1.8467E+01
  6.9831E-01  2.3300E+00 -1.9419E-03  3.7117E+00  1.8545E+01  3.1107E+03 -1.8466E+01
  7.0011E-01  2.3360E+00 -1.9562E-03  3.6785E+00  1.8545E+01  3.1106E+03 -1.8464E+01
  7.0191E-01  2.3420E+00 -1.9706E-03  3.6453E+00  1.8545E+01  3.1106E+03 -1.8463E+01
  7.0371E-01  2.3480E+00 -1.9849E-03  3.6121E+00  1.8545E+01  3.1106E+03 -1.8461E+01
  7.0550E-01  2.3540E+00 -1.9993E-03  3.5789E+00  1.8545E+01  3.1106E+03 -1.8460E+01
  7.0730E-01  2.3600E+00 -2.0136E-03  3.5457E+00  1.8545E+01  3.1105E+03 -1.8458E+01
  7.0910E-01  2.3660E+00 -2.0280E-03  3.5125E+00  1.8545E+01  3.1105E+03 -1.8457E+01
  7.1090E-01  2.3720E+00 -2.0423E-03  3.4793E+00  1.8545E+01  3.1105E+03 -1.8455E+01
  7.1280E-01  2.3784E+00 -2.0575E-03  3.4443E+00  1.8545E+01  3.1105E+03 -1.8453E+01
  7.1460E-01  2.3844E+00 -2.0718E-03  3.4111E+00  1.8545E+01  3.1104E+03 -1.8451E+01
  7.1640E-01  2.3904E+00 -2.0862E-03  3.3779E+00  1.8545E+01  3.1104E+03 -1.8449E+01
  7.1820E-01  2.3964E+00 -2.1005E-03  3.3447E+00  1.8545E+01  3.1104E+03 -1.8448E+01
  7.1999E-01  2.4024E+00 -2.1149E-03  3.3115E+00  1.8545E+01  3.1104E+03 -1.8446E+01
  7.2179E-01  2.4084E+00 -2.1292E-03  3.2784E+00  1.8545E+01  3.1103E+03 -1.8444E+01
  7.2359E-01  2.4144E+00 -2.1436E-03  3.2452E+00  1.8545E+01  3.1103E+03 -1.8441E+01
  7.2539E-01  2.4204E+00 -2.1579E-03  3.2120E+00  1.8545E+01  3.1103E+03 -1.8439E+01
  7.2719E-01  2.4264E+00 -2.1723E-03  3.1789E+00  1.8545E+01  3.1103E+03 -1.8437E+01
  7.2899E-01  2.4324E+00 -2.1866E-03  3.1457E+00  1.8545E+01  3.1103E+03 -1.8435E+01
  7.3078E-01  2.4384E+00 -2.2010E-03  3.1126E+00  1.8545E+01  3.1102E+03 -1.8432E+01
  7.3258E-01  2.4444E+00 -2.2153E-03  3.0794E+00  1.8545E+01  3.1102E+03 -1.8430E+01
  7.3438E-01  2.4504E+00 -2.2297E-03  3.0463E+00  1.8545E+01  3.1102E+03 -1.8427E+01
  7.3618E-01  2.4564E+00 -2.2440E-03  3.0131E+00  1.8545E+01  3.1102E+03 -1.8425E+01
  7.3798E-01  2.4624E+00 -2.2584E-03  2.9800E+00  1.8545E+01  3.1101E+03 -1.8422E+01
  7.3978E-01  2.4684E+00 -2.2727E-03  2.9469E+00  1.8545E+01  3.1101E+03 -1.8419E+01
  7.4158E-01  2.4744E+00 -2.2871E-03  2.9138E+00  1.8545E+01  3.1101E+03 -1.8417E+01
  7.4337E-01  2.4804E+00 -2.3014E-03  2.8806E+00  1.8545E+01  3.1101E+03 -1.8414E+01
  7.4517E-01  2.4864E+00 -2.3158E-03  2.8475E+00  1.8545E+01  3.1100E+03 -1.8410E+01
  7.4697E-01  2.4924E+00 -2.3301E-03  2.8144E+00  1.8545E+01  3.1100E+03 -1.8407E+01
  7.4877E-01  2.4984E+00 -2.3445E-03  2.7813E+00  1.8545E+01  3.1100E+03 -1.8404E+01
  7.5057E-01  2.5044E+00 -2.3588E-03  2.7482E+00  1.8545E+01  3.1100E+03 -1.8401E+01
  7.5237E-01  2.5104E+00 -2.3732E-03  2.7151E+00  1.8545E+01  3.1099E+03 -1.8397E+01
  7.5416E-01  2.5164E+00 -2.3875E-03  2.6821E+00  1.8545E+01  3.1099E+03 -1.8393E+01
  7.5596E-01  2.5224E+00 -2.4019E-03  2.6490E+00  1.8545E+01  3.1099E+03 -1.8390E+01
  7.5776E-01  2.5284E+00 -2.4162E-03  2.6159E+00  1.8545E+01  3.1099E+03 -1.8386E+01
  7.5956E-01  2.5344E+00 -2.4306E-03  2.5828E+00  1.8545E+01  3.1099E+03 -1.8381E+01
  7.6136E-01  2.5404E+00 -2.4449E-03  2.5498E+00  1.8545E+01  3.1098E+03 -1.8377E+01
  7.6316E-01  2.5464E+00 -2.4592E-03  2.5167E+00  1.8545E+01  3.1098E+03 -1.8373E+01
  7.6495E-01  2.5524E+00 -2.4736E-03  2.4837E+00  1.8545E+01  3.1098E+03 -1.8368E+01
  7.6675E-01  2.5584E+00 -2.4879E-03  2.4507E+00  1.8545E+01  3.1098E+03 -1.8363E+01
  7.6855E-01  2.5644E+00 -2.5023E-03  2.4177E+00  1.8545E+01  3.1097E+03 -1.8358E+01
  7.7035E-01  2.5704E+00 -2.5166E-03  2.3846E+00  1.8545E+01  3.1097E+03 -1.8353E+01
  7.7215E-01  2.5764E+00 -2.5310E-03  2.3516E+00  1.8545E+01  3.1097E+03 -1.8348E+01
  7.7395E-01  2.5824E+00 -2.5453E-03  2.3186E+00  1.8545E+01  3.1097E+03 -1.8342E+01
  7.7575E-01  2.5884E+00 -2.5597E-03  2.2857E+00  1.8545E+01  3.1096E+03 -1.8336E+01
  7.7754E-01  2.5944E+00 -2.5740E-03  2.2527E+00  1.8545E+01  3.1096E+03 -1.8330E+01
  7.7934E-01  2.6004E+00 -2.5884E-03  2.2197E+00  1.8545E+01  3.1096E+03 -1.8323E+01
  7.8114E-01  2.6064E+00 -2.6027E-03  2.1868E+00  1.8545E+01  3.1096E+03 -1.8317E+01
  7.8294E-01  2.6124E+00 -2.6171E-03  2.1539E+00  1.8545E+01  3.1096E+03 -1.8309E+01
  7.8474E-01  2.6184E+00 -2.6314E-03  2.1209E+00  1.8545E+01  3.1095E+03 -1.8302E+01
  7.8654E-01  2.6244E+00 -2.6458E-03  2.0880E+00  1.8545E+01  3.1095E+03 -1.8294E+01
  7.8833E-01  2.6304E+00 -2.6601E-03  2.0551E+00  1.8545E+01  3.1095E+03 -1.8286E+01
  7.9013E-01  2.6364E+00 -2.6745E-03  2.0222E+00  1.8545E+01  3.1095E+03 -1.8278E+01
  7.9193E-01  2.6424E+00 -2.6888E-03  1.9894E+00  1.8545E+01  3.1094E+03 -1.8269E+01
  7.9373E-01  2.6484E+00 -2.7032E-03  1.9565E+00  1.8545E+01  3.1094E+03 -1.8259E+01
  7.9553E-01  2.6544E+00 -2.7175E-03  1.9237E+00  1.8545E+01  3.1094E+03 -1.8249E+01
  7.9733E-01  2.6604E+00 -2.7319E-03  1.8909E+00  1.8545E+01  3.1094E+03 -1.8239E+01
  7.9913E-01  2.6664E+00 -2.7462E-03  1.8581E+00  1.8545E+01  3.1093E+03 -1.8228E+01
  8.0092E-01  2.6724E+00 -2.7606E-03  1.8253E+00  1.8545E+01  3.1093E+03 -1.8216E+01
  8.0272E-01  2.6784E+00 -2.7749E-03  1.7926E+00  1.8545E+01  3.1093E+03 -1.8204E+01
  8.0452E-01  2.6844E+00 -2.7893E-03  1.7599E+00  1.8545E+01  3.1093E+03 -1.8191E+01
  8.0632E-01  2.6904E+00 -2.8036E-03  1.7271E+00  1.8545E+01  3.1092E+03 -1.8178E+01
  8.0812E-01  2.6964E+00 -2.8180E-03  1.6945E+00  1.8545E+01  3.1092E+03 -1.8163E+01
  8.0992E-01  2.7024E+00 -2.8323E-03  1.6618E+00  1.8545E+01  3.1092E+03 -1.8148E+01
  8.1171E-01  2.7084E+00 -2.8467E-03  1.6292E+00  1.8545E+01  3.1092E+03 -1.8132E+01
  8.1351E-01  2.7144E+00 -2.8610E-03  1.5966E+00  1.8545E+01  3.1092E+03 -1.8114E+01
  8.1531E-01  2.7204E+00 -2.8754E-03  1.5640E+00  1.8545E+01  3.1091E+03 -1.8096E+01
  8.1711E-01  2.7264E+00 -2.8897E-03  1.5315E+00  1.8545E+01  3.1091E+03 -1.8076E+01
  8.1891E-01  2.7324E+00 -2.9041E-03  1.4990E+00  1.8545E+01  3.1091E+03 -1.8056E+01
  8.2071E-01  2.7384E+00 -2.9184E-03  1.4666E+00  1.8545E+01  3.1091E+03 -1.8033E+01
  8.2250E-01  2.7444E+00 -2.9327E-03  1.4342E+00  1.8545E+01  3.1090E+03 -1.8010E+01
  8.2430E-01  2.7504E+00 -2.9471E-03  1.4018E+00  1.8545E+01  3.1090E+03 -1.7984E+01
  8.2610E-01  2.7564E+00 -2.9614E-03  1.3695E+00  1.8545E+01  3.1090E+03 -1.7957E+01
  8.2790E-01  2.7624E+00 -2.9758E-03  1.3372E+00  1.8545E+01  3.1090E+03 -1.7928E+01
  8.2980E-01  2.7687E+00 -2.9909E-03  1.3032E+00  1.8545E+01  3.1089E+03 -1.7895E+01
  8.3160E-01  2.7747E+00 -3.0053E-03  1.2710E+00  1.8545E+01  3.1089E+03 -1.7861E+01
  8.3340E-01  2.7807E+00 -3.0196E-03  1.2389E+00  1.8545E+01  3.1089E+03 -1.7824E+01
  8.3520E-01  2.7867E+00 -3.0340E-03  1.2069E+00  1.8545E+01  3.1089E+03 -1.7785E+01
  8.3699E-01  2.7927E+00 -3.0483E-03  1.1750E+00  1.8545E+01  3.1088E+03 -1.7742E+01
  8.3879E-01  2.7987E+00 -3.0627E-03  1.1431E+00  1.8545E+01  3.1088E+03 -1.7695E+01
  8.4059E-01  2.8047E+00 -3.0770E-03  1.1113E+00  1.8545E+01  3.1088E+03 -1.7645E+01
  8.4239E-01  2.8107E+00 -3.0914E-03  1.0796E+00  1.8545E+01  3.1088E+03 -1.7590E+01
  8.4419E-01  2.8167E+00 -3.1057E-03  1.0480E+00  1.8545E+01  3.1088E+03 -1.7530E+01
  8.4599E-01  2.8227E+00 -3.1201E-03  1.0166E+00  1.8545E+01  3.1087E+03 -1.7464E+01
  8.4778E-01  2.8287E+00 -3.1344E-03  9.8523E-01  1.8545E+01  3.1087E+03 -1.7392E+01
  8.4958E-01  2.8347E+00 -3.1488E-03  9.5402E-01  1.8545E+01  3.1087E+03 -1.7312E+01
  8.5138E-01  2.8407E+00 -3.1631E-03  9.2297E-01  1.8545E+01  3.1087E+03 -1.7225E+01
  8.5318E-01  2.8467E+00 -3.1775E-03  8.9207E-01  1.8545E+01  3.1086E+03 -1.7128E+01
  8.5498E-01  2.8527E+00 -3.1918E-03  8.6136E-01  1.8545E+01  3.1086E+03 -1.7021E+01
  8.5678E-01  2.8587E+00 -3.2062E-03  8.3086E-01  1.8545E+01  3.1086E+03 -1.6901E+01
  8.5858E-01  2.8647E+00 -3.2205E-03  8.0058E-01  1.8545E+01  3.1086E+03 -1.6768E+01
  8.6037E-01  2.8707E+00 -3.2349E-03  7.7055E-01  1.8545E+01  3.1085E+03 -1.6618E+01
  8.6217E-01  2.8767E+00 -3.2492E-03  7.4081E-01  1.8545E+01  3.1085E+03 -1.6451E+01
  8.6397E-01  2.8827E+00 -3.2636E-03  7.1139E-01  1.8545E+01  3.1085E+03 -1.6262E+01
  8.6577E-01  2.8887E+00 -3.2779E-03  6.8234E-01  1.8545E+01  3.1085E+03 -1.6048E+01
  8.6757E-01  2.8947E+00 -3.2923E-03  6.5369E-01  1.8545E+01  3.1085E+03 -1.5805E+01
  8.6937E-01  2.9007E+00 -3.3066E-03  6.2551E-01  1.8545E+01  3.1084E+03 -1.5528E+01
  8.7116E-01  2.9067E+00 -3.3210E-03  5.9786E-01  1.8545E+01  3.1084E+03 -1.5212E+01
  8.7296E-01  2.9127E+00 -3.3353E-03  5.7082E-01  1.8545E+01  3.1084E+03 -1.4849E+01
  8.7476E-01  2.9187E+00 -3.3497E-03  5.4448E-01  1.8545E+01  3.1084E+03 -1.4431E+01
  8.7656E-01  2.9247E+00 -3.3640E-03  5.1894E-01  1.8545E+01  3.1083E+03 -1.3949E+01
  8.7836E-01  2.9307E+00 -3.3784E-03  4.9435E-01  1.8545E+01  3.1083E+03 -1.3392E+01
  8.8016E-01  2.9367E+00 -3.3927E-03  4.7082E-01  1.8545E+01  3.1083E+03 -1.2747E+01
  8.8195E-01  2.9427E+00 -3.4071E-03  4.4855E-01  1.8545E+01  3.1083E+03 -1.2002E+01
  8.8375E-01  2.9487E+00 -3.4214E-03  4.2772E-01  1.8545E+01  3.1082E+03 -1.1140E+01
  8.8555E-01  2.9547E+00 -3.4358E-03  4.0856E-01  1.8545E+01  3.1082E+03 -1.0149E+01
  8.8735E-01  2.9607E+00 -3.4501E-03  3.9130E-01  1.8545E+01  3.1082E+03 -9.0156E+00
  8.8915E-01  2.9667E+00 -3.4644E-03  3.7621E-01  1.8545E+01  3.1082E+03 -7.7331E+00
  8.9095E-01  2.9727E+00 -3.4788E-03  3.6357E-01  1.8545E+01  3.1081E+03 -6.3008E+00
  8.9275E-01  2.9787E+00 -3.4931E-03  3.5363E-01  1.8545E+01  3.1081E+03 -4.7289E+00
  8.9454E-01  2.9847E+00 -3.5075E-03  3.4663E-01  1.8545E+01  3.1081E+03 -3.0401E+00
  8.9634E-01  2.9907E+00 -3.5218E-03  3.4274E-01  1.8545E+01  3.1081E+03 -1.2700E+00
  9.0000E-01  3.0029E+00 -3.5510E-03  3.4479E-01  1.8545E+01  3.1080E+03  2.3859E+00
