 -9.3733E-09  0.0000E+00 -3.7174E-07  2.0000E-03  4.9955E+00  1.1742E+01  2.6804E-05
  8.0000E-03  2.6686E-02 -6.4260E-05  4.0019E-02  4.9955E+00  1.1846E+01  4.9892E+00
  1.6000E-02  5.3372E-02 -1.2833E-04  8.0081E-02  5.0387E+00  1.2052E+01  5.0370E+00
  2.4000E-02  8.0057E-02 -1.9308E-04  1.2072E-01  5.1276E+00  1.2363E+01  5.1269E+00
  3.2000E-02  1.0674E-01 -2.5882E-04  1.6222E-01  5.2529E+00  1.2786E+01  5.2525E+00
  4.0000E-02  1.3343E-01 -3.2591E-04  2.0487E-01  5.4156E+00  1.3333E+01  5.4153E+00
  4.8000E-02  1.6011E-01 -3.9485E-04  2.4892E-01  5.5626E+00  1.3993E+01  5.5624E+00
  5.6000E-02  1.8680E-01 -4.6487E-04  2.9342E-01  5.5626E+00  1.4776E+01  5.5625E+00
  6.4000E-02  2.1349E-01 -5.3489E-04  3.3793E-01  5.5626E+00  1.5637E+01  5.5625E+00
  7.2000E-02  2.4017E-01 -6.0492E-04  3.8243E-01  5.5626E+00  1.6566E+01  5.5625E+00
  8.0000E-02  2.6686E-01 -6.7494E-04  4.2694E-01  5.5626E+00  1.7551E+01  5.5625E+00
  8.8000E-02  2.9354E-01 -7.4497E-04  4.7144E-01  5.5626E+00  1.8583E+01  5.5625E+00
  9.6000E-02  3.2023E-01 -8.1499E-04  5.1595E-01  5.5626E+00  1.9655E+01  5.5625E+00
  1.0400E-01  3.4692E-01 -8.8502E-04  5.6045E-01  5.5626E+00  2.0760E+01  5.5626E+00
  1.1200E-01  3.7360E-01 -9.5504E-04  6.0496E-01  5.5626E+00  2.1895E+01  5.5626E+00
  1.2000E-01  4.0029E-01 -1.0251E-03  6.4947E-01  5.5626E+00  2.3053E+01  5.5626E+00
  1.2800E-01  4.2697E-01 -1.0951E-03  6.9397E-01  5.5626E+00  2.4233E+01  5.5626E+00
  1.3600E-01  4.5366E-01 -1.1651E-03  7.3848E-01  5.5626E+00  2.5430E+01  5.5626E+00
  1.4400E-01  4.8034E-01 -1.2351E-03  7.8298E-01  5.5626E+00  2.6643E+01  5.5626E+00
  1.5200E-01  5.0703E-01 -1.3052E-03  8.2749E-01  5.5626E+00  2.7870E+01  5.5626E+00
  1.6000E-01  5.3372E-01 -1.3752E-03  8.7199E-01  5.5626E+00  2.9108E+01  5.5626E+00
  1.6800E-01  5.6040E-01 -1.4452E-03  9.1650E-01  5.5626E+00  3.0356E+01  5.5626E+00
  1.7600E-01  5.8709E-01 -1.5152E-03  9.6100E-01  5.5626E+00  3.1614E+01  5.5626E+00
  1.8400E-01  6.1377E-01 -1.5853E-03  1.0055E+00  5.5626E+00  3.2880E+01  5.5626E+00
  1.9200E-01  6.4046E-01 -1.6553E-03  1.0500E+00  5.5626E+00  3.4153E+01  5.5626E+00
  2.0000E-01  6.6715E-01 -1.7253E-03  1.0945E+00  5.5626E+00  3.5433E+01  5.5626E+00
  2.0800E-01  6.9383E-01 -1.7953E-03  1.1390E+00  5.5626E+00  3.6718E+01  5.5626E+00
  2.1600E-01  7.2052E-01 -1.8654E-03  1.1835E+00  5.5626E+00  3.8008E+01  5.5626E+00
  2.2400E-01  7.4720E-01 -1.9354E-03  1.2280E+00  5.5626E+00  3.9303E+01  5.5626E+00
  2.3200E-01  7.7389E-01 -2.0054E-03  1.2725E+00  5.5626E+00  4.0603E+01  5.5626E+00
  2.4000E-01  8.0057E-01 -2.0756E-03  1.3167E+00  5.3457E+00  4.2265E+01  5.3456E+00
  2.4800E-01  8.2726E-01 -2.1427E-03  1.3574E+00  4.8437E+00  4.3327E+01  4.8436E+00
  2.5600E-01  8.5395E-01 -2.2052E-03  1.3941E+00  4.3271E+00  4.4191E+01  4.3270E+00
  2.6400E-01  8.8063E-01 -2.2627E-03  1.4266E+00  3.7975E+00  4.4871E+01  3.7974E+00
  2.7200E-01  9.0732E-01 -2.3154E-03  1.4549E+00  3.2565E+00  4.5385E+01  3.2564E+00
  2.8000E-01  9.3400E-01 -2.3629E-03  1.4787E+00  2.7058E+00  4.5754E+01  2.7057E+00
  2.8800E-01  9.6069E-01 -2.4053E-03  1.4981E+00  2.1469E+00  4.5999E+01  2.1468E+00
  2.9600E-01  9.8738E-01 -2.4423E-03  1.5131E+00  1.5816E+00  4.6145E+01  1.5814E+00
  3.0400E-01  1.0141E+00 -2.4740E-03  1.5234E+00  1.0116E+00  4.6217E+01  1.0113E+00
  3.1200E-01  1.0407E+00 -2.5002E-03  1.5292E+00  4.3894E-01  4.6242E+01  4.3818E-01
  3.2000E-01  1.0674E+00 -2.5209E-03  1.5304E+00  1.3868E-01  4.6247E+01 -1.3628E-01
  3.2800E-01  1.0941E+00 -2.5360E-03  1.5270E+00  7.1080E-01  4.6258E+01 -7.1033E-01
  3.3600E-01  1.1208E+00 -2.5455E-03  1.5191E+00  1.2825E+00  4.6304E+01 -1.2823E+00
  3.4400E-01  1.1475E+00 -2.5493E-03  1.5065E+00  1.8505E+00  4.6411E+01 -1.8504E+00
  3.5200E-01  1.1742E+00 -2.5474E-03  1.4895E+00  2.4130E+00  4.6606E+01 -2.4129E+00
  3.6000E-01  1.2009E+00 -2.5395E-03  1.4684E+00  2.7238E+00  4.7007E+01 -2.7237E+00
  3.6800E-01  1.2276E+00 -2.5299E-03  1.4466E+00  2.7238E+00  4.7323E+01 -2.7237E+00
  3.7600E-01  1.2542E+00 -2.5203E-03  1.4248E+00  2.7238E+00  4.7639E+01 -2.7237E+00
  3.8400E-01  1.2809E+00 -2.5106E-03  1.4030E+00  2.7238E+00  4.7956E+01 -2.7237E+00
  3.9200E-01  1.3076E+00 -2.5010E-03  1.3812E+00  2.7238E+00  4.8273E+01 -2.7237E+00
  4.0000E-01  1.3343E+00 -2.4914E-03  1.3594E+00  2.7238E+00  4.8590E+01 -2.7237E+00
  4.0800E-01  1.3610E+00 -2.4818E-03  1.3376E+00  2.7238E+00  4.8907E+01 -2.7237E+00
  4.1600E-01  1.3877E+00 -2.4721E-03  1.3158E+00  2.7238E+00  4.9224E+01 -2.7237E+00
  4.2400E-01  1.4144E+00 -2.4625E-03  1.2940E+00  2.7238E+00  4.9541E+01 -2.7237E+00
  4.3200E-01  1.4411E+00 -2.4529E-03  1.2722E+00  2.7238E+00  4.9858E+01 -2.7236E+00
  4.4000E-01  1.4677E+00 -2.4433E-03  1.2504E+00  2.7238E+00  5.0176E+01 -2.7236E+00
  4.4800E-01  1.4944E+00 -2.4336E-03  1.2287E+00  2.7238E+00  5.0494E+01 -2.7236E+00
  4.5600E-01  1.5211E+00 -2.4240E-03  1.2069E+00  2.7238E+00  5.0811E+01 -2.7236E+00
  4.6400E-01  1.5478E+00 -2.4144E-03  1.1851E+00  2.7238E+00  5.1129E+01 -2.7236E+00
  4.7200E-01  1.5745E+00 -2.4048E-03  1.1633E+00  2.7238E+00  5.1447E+01 -2.7236E+00
  4.8000E-01  1.6012E+00 -2.3951E-03  1.1415E+00  2.7238E+00  5.1765E+01 -2.7236E+00
  4.8800E-01  1.6279E+00 -2.3855E-03  1.1197E+00  2.7238E+00  5.2084E+01 -2.7236E+00
  4.9600E-01  1.6546E+00 -2.3759E-03  1.0979E+00  2.7238E+00  5.2402E+01 -2.7235E+00
  5.0400E-01  1.6812E+00 -2.3663E-03  1.0761E+00  2.7238E+00  5.2721E+01 -2.7235E+00
  5.1200E-01  1.7079E+00 -2.3566E-03  1.0543E+00  2.7238E+00  5.3039E+01 -2.7235E+00
  5.2000E-01  1.7346E+00 -2.9595E-04  1.0332E+00  2.5212E+00  5.4170E+01 -2.5208E+00
  5.2800E-01  1.7613E+00 -3.2800E-04  1.0140E+00  2.2883E+00  5.4417E+01 -2.2878E+00
  5.3600E-01  1.7880E+00 -3.5988E-04  9.9662E-01  2.0595E+00  5.4620E+01 -2.0589E+00
  5.4400E-01  1.8147E+00 -3.9165E-04  9.8105E-01  1.8344E+00  5.4783E+01 -1.8338E+00
  5.5200E-01  1.8414E+00 -4.2340E-04  9.6727E-01  1.6128E+00  5.4910E+01 -1.6121E+00
  5.6000E-01  1.8680E+00 -4.5518E-04  9.5525E-01  1.3941E+00  5.5008E+01 -1.3932E+00
  5.6800E-01  1.8947E+00 -4.8706E-04  9.4497E-01  1.1780E+00  5.5079E+01 -1.1769E+00
  5.7600E-01  1.9214E+00 -5.1911E-04  9.3641E-01  9.6411E-01  5.5129E+01 -9.6281E-01
  5.8400E-01  1.9481E+00 -5.5140E-04  9.2955E-01  7.5213E-01  5.5161E+01 -7.5044E-01
  5.9200E-01  1.9748E+00 -5.8400E-04  9.2439E-01  5.4181E-01  5.5179E+01 -5.3943E-01
  6.0000E-01  2.0015E+00 -6.1695E-04  9.2092E-01  3.3333E-01  5.5187E+01 -3.2941E-01
  6.0800E-01  2.0282E+00 -6.5034E-04  9.1912E-01  1.3041E-01  5.5190E+01 -1.1999E-01
  6.1600E-01  2.0548E+00 -6.8391E-04  9.1889E-01  5.2948E-02  5.4846E+01  1.4968E-02
  6.2400E-01  2.0815E+00 -7.1706E-04  9.1900E-01  5.2948E-02  5.4846E+01  1.4990E-02
  6.3200E-01  2.1082E+00 -7.5021E-04  9.1912E-01  5.2948E-02  5.4846E+01  1.5013E-02
  6.4000E-01  2.1349E+00 -7.8337E-04  9.1924E-01  5.2948E-02  5.4846E+01  1.5035E-02
  6.4800E-01  2.1616E+00 -8.1652E-04  9.1936E-01  5.2948E-02  5.4846E+01  1.5058E-02
  6.5600E-01  2.1883E+00 -8.4968E-04  9.1948E-01  5.2948E-02  5.4846E+01  1.5080E-02
  6.6400E-01  2.2150E+00 -8.8283E-04  9.1960E-01  5.2948E-02  5.4846E+01  1.5102E-02
  6.7200E-01  2.2416E+00 -9.1598E-04  9.1972E-01  5.2948E-02  5.4846E+01  1.5125E-02
  6.8000E-01  2.2683E+00 -9.4914E-04  9.1983E-01  5.2948E-02  5.4845E+01  1.5147E-02
  6.8800E-01  2.2950E+00 -9.8229E-04  9.1995E-01  5.2948E-02  5.4845E+01  1.5170E-02
  6.9600E-01  2.3217E+00 -1.0154E-03  9.2007E-01  5.2948E-02  5.4845E+01  1.5192E-02
  7.0400E-01  2.3484E+00 -1.0486E-03  9.2019E-01  5.2948E-02  5.4845E+01  1.5214E-02
  7.1200E-01  2.3751E+00 -1.0817E-03  9.2031E-01  5.2948E-02  5.4845E+01  1.5237E-02
  7.2000E-01  2.4017E+00 -1.1149E-03  9.2043E-01  5.2948E-02  5.4845E+01  1.5259E-02
  7.2800E-01  2.4284E+00 -1.1481E-03  9.2055E-01  5.2948E-02  5.4845E+01  1.5281E-02
  7.3600E-01  2.4551E+00 -1.1812E-03  9.2067E-01  5.2948E-02  5.4845E+01  1.5304E-02
  7.4400E-01  2.4818E+00 -1.2144E-03  9.2080E-01  5.2948E-02  5.4845E+01  1.5326E-02
  7.5200E-01  2.5085E+00 -1.2475E-03  9.2092E-01  5.2948E-02  5.4844E+01  1.5348E-02
  7.6000E-01  2.5352E+00 -1.2807E-03  9.2104E-01  5.2948E-02  5.4844E+01  1.5371E-02
  7.6800E-01  2.5619E+00 -1.3138E-03  9.2116E-01  5.2948E-02  5.4844E+01  1.5393E-02
  7.7600E-01  2.5885E+00 -1.3470E-03  9.2128E-01  5.2948E-02  5.4844E+01  1.5415E-02
  7.8400E-01  2.6152E+00 -1.3801E-03  9.2140E-01  5.2948E-02  5.4844E+01  1.5438E-02
  7.9200E-01  2.6419E+00 -1.4133E-03  9.2152E-01  5.2948E-02  5.4844E+01  1.5460E-02
  8.0000E-01  2.6686E+00 -1.4464E-03  9.2164E-01  5.2948E-02  5.4844E+01  1.5482E-02
  8.0800E-01  2.6953E+00 -1.4796E-03  9.2177E-01  5.2948E-02  5.4844E+01  1.5504E-02
  8.1600E-01  2.7220E+00 -1.5127E-03  9.2189E-01  5.2948E-02  5.4844E+01  1.5527E-02
  8.2400E-01  2.7487E+00 -1.5459E-03  9.2201E-01  5.2948E-02  5.4843E+01  1.5549E-02
  8.3200E-01  2.7753E+00 -1.5791E-03  9.2213E-01  5.2948E-02  5.4843E+01  1.5571E-02
  8.4000E-01  2.8020E+00 -1.6122E-03  9.2226E-01  5.2948E-02  5.4843E+01  1.5593E-02
  8.4800E-01  2.8287E+00 -1.6454E-03  9.2238E-01  5.2948E-02  5.4843E+01  1.5616E-02
  8.5600E-01  2.8554E+00 -1.6785E-03  9.2250E-01  5.2948E-02  5.4843E+01  1.5638E-02
  8.6400E-01  2.8821E+00 -1.7117E-03  9.2263E-01  5.2948E-02  5.4843E+01  1.5660E-02
  8.7200E-01  2.9088E+00 -1.7448E-03  9.2275E-01  5.2948E-02  5.4843E+01  1.5682E-02
  8.8000E-01  2.9355E+00 -1.7780E-03  9.2287E-01  5.2948E-02  5.4843E+01  1.5704E-02
  8.8800E-01  2.9621E+00 -1.8111E-03  9.2300E-01  5.2948E-02  5.4843E+01  1.5727E-02
  8.9600E-01  2.9888E+00 -1.8443E-03  9.2312E-01  5.2948E-02  5.4842E+01  1.5749E-02
  9.0400E-01  3.0155E+00 -1.8774E-03  9.2325E-01  5.2948E-02  5.4842E+01  1.5771E-02
  9.1200E-01  3.0422E+00 -1.9106E-03  9.2337E-01  5.2948E-02  5.4842E+01  1.5793E-02
  9.2000E-01  3.0689E+00 -1.9437E-03  9.2350E-01  5.2948E-02  5.4842E+01  1.5815E-02
  9.2800E-01  3.0956E+00 -1.9769E-03  9.2362E-01  5.2948E-02  5.4842E+01  1.5837E-02
  9.3600E-01  3.1222E+00 -2.0100E-03  9.2374E-01  5.2948E-02  5.4842E+01  1.5859E-02
  9.4400E-01  3.1489E+00 -2.0432E-03  9.2387E-01  5.2948E-02  5.4842E+01  1.5882E-02
  9.5200E-01  3.1756E+00 -2.0764E-03  9.2400E-01  5.2948E-02  5.4842E+01  1.5904E-02
  9.6000E-01  3.2023E+00 -2.1095E-03  9.2412E-01  5.2948E-02  5.4842E+01  1.5926E-02
  9.6800E-01  3.2290E+00 -2.1427E-03  9.2425E-01  5.2948E-02  5.4841E+01  1.5948E-02
  9.7600E-01  3.2557E+00 -2.1758E-03  9.2437E-01  5.2948E-02  5.4841E+01  1.5970E-02
  9.8400E-01  3.2824E+00 -2.2090E-03  9.2450E-01  5.2948E-02  5.4841E+01  1.5992E-02
  9.9200E-01  3.3090E+00 -2.2421E-03  9.2462E-01  5.2948E-02  5.4841E+01  1.6014E-02
  1.0000E+00  3.3357E+00 -2.2753E-03  9.2475E-01  5.2948E-02  5.4841E+01  1.6036E-02
  1.0080E+00  3.3624E+00 -2.3084E-03  9.2488E-01  5.2948E-02  5.4841E+01  1.6058E-02
  1.0160E+00  3.3891E+00 -2.3416E-03  9.2500E-01  5.2948E-02  5.4841E+01  1.6080E-02
  1.0240E+00  3.4158E+00 -2.3747E-03  9.2513E-01  5.2948E-02  5.4841E+01  1.6102E-02
  1.0320E+00  3.4425E+00 -2.4079E-03  9.2526E-01  5.2948E-02  5.4840E+01  1.6124E-02
  1.0400E+00  3.4692E+00 -2.4410E-03  9.2539E-01  5.2948E-02  5.4840E+01  1.6146E-02
  1.0480E+00  3.4958E+00 -2.4742E-03  9.2551E-01  5.2948E-02  5.4840E+01  1.6168E-02
  1.0560E+00  3.5225E+00 -2.5073E-03  9.2564E-01  5.2948E-02  5.4840E+01  1.6190E-02
  1.0640E+00  3.5492E+00 -2.5405E-03  9.2577E-01  5.2948E-02  5.4840E+01  1.6212E-02
  1.0720E+00  3.5759E+00 -2.5737E-03  9.2590E-01  5.2948E-02  5.4840E+01  1.6234E-02
  1.0800E+00  3.6026E+00 -2.6068E-03  9.2602E-01  5.2948E-02  5.4840E+01  1.6256E-02
  1.0880E+00  3.6293E+00 -2.6400E-03  9.2615E-01  5.2948E-02  5.4840E+01  1.6278E-02
  1.0960E+00  3.6560E+00 -2.6731E-03  9.2628E-01  5.2948E-02  5.4840E+01  1.6300E-02
  1.1040E+00  3.6826E+00 -2.7063E-03  9.2641E-01  5.2948E-02  5.4839E+01  1.6322E-02
  1.1120E+00  3.7093E+00 -2.7394E-03  9.2654E-01  5.2948E-02  5.4839E+01  1.6344E-02
  1.1200E+00  3.7360E+00 -2.7726E-03  9.2667E-01  5.2948E-02  5.4839E+01  1.6366E-02
  1.1280E+00  3.7627E+00 -2.8057E-03  9.2680E-01  5.2948E-02  5.4839E+01  1.6387E-02
  1.1360E+00  3.7894E+00 -2.8389E-03  9.2693E-01  5.2948E-02  5.4839E+01  1.6409E-02
  1.1440E+00  3.8161E+00 -2.8720E-03  9.2706E-01  5.2948E-02  5.4839E+01  1.6431E-02
  1.1520E+00  3.8427E+00 -2.9052E-03  9.2718E-01  5.2948E-02  5.4839E+01  1.6453E-02
  1.1600E+00  3.8694E+00 -2.9383E-03  9.2731E-01  5.2948E-02  5.4839E+01  1.6475E-02
  1.1680E+00  3.8961E+00 -2.9715E-03  9.2744E-01  5.2948E-02  5.4839E+01  1.6497E-02
  1.1760E+00  3.9228E+00 -3.0047E-03  9.2757E-01  5.2948E-02  5.4838E+01  1.6519E-02
  1.1840E+00  3.9495E+00 -3.0378E-03  9.2771E-01  5.2948E-02  5.4838E+01  1.6541E-02
  1.1920E+00  3.9762E+00 -3.0710E-03  9.2784E-01  5.2948E-02  5.4838E+01  1.6562E-02
  1.2000E+00  4.0029E+00 -3.1041E-03  9.2797E-01  5.2948E-02  5.4838E+01  1.6584E-02
  1.2080E+00  4.0295E+00 -3.1373E-03  9.2810E-01  5.2948E-02  5.4838E+01  1.6606E-02
  1.2160E+00  4.0562E+00 -3.1704E-03  9.2823E-01  5.2948E-02  5.4838E+01  1.6628E-02
  1.2240E+00  4.0829E+00 -3.2036E-03  9.2836E-01  5.2948E-02  5.4838E+01  1.6650E-02
  1.2320E+00  4.1096E+00 -3.2367E-03  9.2849E-01  5.2948E-02  5.4838E+01  1.6671E-02
  1.2400E+00  4.1363E+00 -3.2699E-03  9.2862E-01  5.2948E-02  5.4838E+01  1.6693E-02
  1.2480E+00  4.1630E+00 -3.3030E-03  9.2875E-01  5.2948E-02  5.4837E+01  1.6715E-02
  1.2560E+00  4.1897E+00 -3.3362E-03  9.2889E-01  5.2948E-02  5.4837E+01  1.6737E-02
  1.2640E+00  4.2163E+00 -3.3693E-03  9.2902E-01  5.2948E-02  5.4837E+01  1.6758E-02
  1.2720E+00  4.2430E+00 -3.4025E-03  9.2915E-01  5.2948E-02  5.4837E+01  1.6780E-02
  1.2800E+00  4.2697E+00 -3.4356E-03  9.2928E-01  5.2948E-02  5.4837E+01  1.6802E-02
  1.2880E+00  4.2964E+00 -3.4688E-03  9.2942E-01  5.2948E-02  5.4837E+01  1.6824E-02
  1.2960E+00  4.3231E+00 -3.5020E-03  9.2955E-01  5.2948E-02  5.4837E+01  1.6845E-02
  1.3040E+00  4.3498E+00 -3.5351E-03  9.2968E-01  5.2948E-02  5.4837E+01  1.6867E-02
  1.3120E+00  4.3764E+00 -3.5683E-03  9.2982E-01  5.2948E-02  5.4837E+01  1.6889E-02
  1.3200E+00  4.4031E+00 -3.6014E-03  9.2995E-01  5.2948E-02  5.4836E+01  1.6910E-02
  1.3280E+00  4.4298E+00 -3.6346E-03  9.3008E-01  5.2948E-02  5.4836E+01  1.6932E-02
  1.3360E+00  4.4565E+00 -3.6677E-03  9.3022E-01  5.2948E-02  5.4836E+01  1.6954E-02
  1.3440E+00  4.4832E+00 -3.7009E-03  9.3035E-01  5.2948E-02  5.4836E+01  1.6975E-02
  1.3520E+00  4.5099E+00 -3.7340E-03  9.3048E-01  5.2948E-02  5.4836E+01  1.6997E-02
  1.3600E+00  4.5366E+00 -3.7672E-03  9.3062E-01  5.2948E-02  5.4836E+01  1.7019E-02
  1.3680E+00  4.5632E+00 -3.8003E-03  9.3075E-01  5.2948E-02  5.4836E+01  1.7040E-02
  1.3760E+00  4.5899E+00 -3.8335E-03  9.3089E-01  5.2948E-02  5.4836E+01  1.7062E-02
  1.3840E+00  4.6166E+00 -3.8666E-03  9.3102E-01  5.2948E-02  5.4835E+01  1.7083E-02
  1.3920E+00  4.6433E+00 -3.8998E-03  9.3116E-01  5.2948E-02  5.4835E+01  1.7105E-02
  1.4000E+00  4.6700E+00 -3.9329E-03  9.3129E-01  5.2948E-02  5.4835E+01  1.7127E-02
  1.4080E+00  4.6967E+00 -3.9661E-03  9.3143E-01  5.2948E-02  5.4835E+01  1.7148E-02
  1.4160E+00  4.7234E+00 -3.9993E-03  9.3156E-01  5.2948E-02  5.4835E+01  1.7170E-02
  1.4240E+00  4.7500E+00 -4.0324E-03  9.3170E-01  5.2948E-02  5.4835E+01  1.7191E-02
  1.4320E+00  4.7767E+00 -4.0656E-03  9.3183E-01  5.2948E-02  5.4835E+01  1.7213E-02
  1.4400E+00  4.8034E+00 -4.0987E-03  9.3197E-01  5.2948E-02  5.4835E+01  1.7234E-02
  1.4480E+00  4.8301E+00 -4.1319E-03  9.3211E-01  5.2948E-02  5.4835E+01  1.7256E-02
  1.4560E+00  4.8568E+00 -4.1650E-03  9.3224E-01  5.2948E-02  5.4834E+01  1.7277E-02
  1.4640E+00  4.8835E+00 -4.1982E-03  9.3238E-01  5.2948E-02  5.4834E+01  1.7299E-02
  1.4720E+00  4.9102E+00 -4.2313E-03  9.3252E-01  5.2948E-02  5.4834E+01  1.7320E-02
  1.4800E+00  4.9368E+00 -4.2645E-03  9.3265E-01  5.2948E-02  5.4834E+01  1.7342E-02
  1.4880E+00  4.9635E+00 -4.2976E-03  9.3279E-01  5.2948E-02  5.4834E+01  1.7363E-02
  1.4960E+00  4.9902E+00 -4.3308E-03  9.3293E-01  5.2948E-02  5.4834E+01  1.7385E-02
  1.5040E+00  5.0169E+00 -4.3639E-03  9.3306E-01  5.2948E-02  5.4834E+01  1.7406E-02
  1.5120E+00  5.0436E+00 -4.3971E-03  9.3320E-01  5.2948E-02  5.4834E+01  1.7428E-02
  1.5200E+00  5.0703E+00 -4.4303E-03  9.3334E-01  5.2948E-02  5.4834E+01  1.7449E-02
  1.5280E+00  5.0969E+00 -4.4634E-03  9.3348E-01  5.2948E-02  5.4833E+01  1.7471E-02
  1.5360E+00  5.1236E+00 -4.4966E-03  9.3361E-01  5.2948E-02  5.4833E+01  1.7492E-02
  1.5440E+00  5.1503E+00 -4.5297E-03  9.3375E-01  5.2948E-02  5.4833E+01  1.7513E-02
  1.5520E+00  5.1770E+00 -4.5629E-03  9.3389E-01  5.2948E-02  5.4833E+01  1.7535E-02
  1.5600E+00  5.2037E+00 -4.5960E-03  9.3403E-01  5.2948E-02  5.4833E+01  1.7556E-02
  1.5680E+00  5.2304E+00 -4.6292E-03  9.3417E-01  5.2948E-02  5.4833E+01  1.7578E-02
  1.5760E+00  5.2571E+00 -4.6623E-03  9.3431E-01  5.2948E-02  5.4833E+01  1.7599E-02
  1.5840E+00  5.2837E+00 -4.6955E-03  9.3445E-01  5.2948E-02  5.4833E+01  1.7620E-02
  1.5920E+00  5.3104E+00 -4.7286E-03  9.3459E-01  5.2948E-02  5.4833E+01  1.7642E-02
  1.6000E+00  5.3371E+00 -4.7618E-03  9.3472E-01  5.2948E-02  5.4832E+01  1.7663E-02
  1.6080E+00  5.3638E+00 -4.7949E-03  9.3486E-01  5.2948E-02  5.4832E+01  1.7684E-02
  1.6160E+00  5.3905E+00 -4.8281E-03  9.3500E-01  5.2948E-02  5.4832E+01  1.7706E-02
  1.6240E+00  5.4172E+00 -4.8612E-03  9.3514E-01  5.2948E-02  5.4832E+01  1.7727E-02
  1.6320E+00  5.4439E+00 -4.8944E-03  9.3528E-01  5.2948E-02  5.4832E+01  1.7748E-02
  1.6400E+00  5.4705E+00 -4.9276E-03  9.3542E-01  5.2948E-02  5.4832E+01  1.7770E-02
  1.6480E+00  5.4972E+00 -4.9607E-03  9.3556E-01  5.2948E-02  5.4832E+01  1.7791E-02
  1.6560E+00  5.5239E+00 -4.9939E-03  9.3571E-01  5.2948E-02  5.4832E+01  1.7812E-02
  1.6640E+00  5.5506E+00 -5.0270E-03  9.3585E-01  5.2948E-02  5.4832E+01  1.7833E-02
  1.6720E+00  5.5773E+00 -5.0602E-03  9.3599E-01  5.2948E-02  5.4831E+01  1.7855E-02
  1.6800E+00  5.6040E+00 -5.0933E-03  9.3613E-01  5.2948E-02  5.4831E+01  1.7876E-02
  1.6880E+00  5.6307E+00 -5.1265E-03  9.3627E-01  5.2948E-02  5.4831E+01  1.7897E-02
  1.6960E+00  5.6573E+00 -5.1596E-03  9.3641E-01  5.2948E-02  5.4831E+01  1.7918E-02
  1.7040E+00  5.6840E+00 -5.1928E-03  9.3655E-01  5.2948E-02  5.4831E+01  1.7940E-02
  1.7120E+00  5.7107E+00 -5.2259E-03  9.3669E-01  5.2948E-02  5.4831E+01  1.7961E-02
  1.7200E+00  5.7374E+00 -5.2591E-03  9.3684E-01  5.2948E-02  5.4831E+01  1.7982E-02
  1.7280E+00  5.7641E+00 -5.2922E-03  9.3698E-01  5.2948E-02  5.4831E+01  1.8003E-02
  1.7360E+00  5.7908E+00 -5.3254E-03  9.3712E-01  5.2948E-02  5.4830E+01  1.8024E-02
  1.7440E+00  5.8174E+00 -5.3585E-03  9.3726E-01  5.2948E-02  5.4830E+01  1.8045E-02
  1.7520E+00  5.8441E+00 -5.3917E-03  9.3741E-01  5.2948E-02  5.4830E+01  1.8067E-02
  1.7600E+00  5.8708E+00 -5.4249E-03  9.3755E-01  5.2948E-02  5.4830E+01  1.8088E-02
  1.7680E+00  5.8975E+00 -5.4580E-03  9.3769E-01  5.2948E-02  5.4830E+01  1.8109E-02
  1.7760E+00  5.9242E+00 -5.4912E-03  9.3783E-01  5.2948E-02  5.4830E+01  1.8130E-02
  1.7840E+00  5.9509E+00 -5.5243E-03  9.3798E-01  5.2948E-02  5.4830E+01  1.8151E-02
  1.7920E+00  5.9776E+00 -5.5575E-03  9.3812E-01  5.2948E-02  5.4830E+01  1.8172E-02
  1.8000E+00  6.0042E+00 -5.5906E-03  9.3826E-01  5.2948E-02  5.4830E+01  1.8193E-02
  1.8080E+00  6.0309E+00 -5.6238E-03  9.3841E-01  5.2948E-02  5.4829E+01  1.8215E-02
  1.8160E+00  6.0576E+00 -5.6569E-03  9.3855E-01  5.2948E-02  5.4829E+01  1.8236E-02
  1.8240E+00  6.0843E+00 -5.6901E-03  9.3870E-01  5.2948E-02  5.4829E+01  1.8257E-02
  1.8320E+00  6.1110E+00 -5.7232E-03  9.3884E-01  5.2948E-02  5.4829E+01  1.8278E-02
  1.8400E+00  6.1377E+00 -5.7564E-03  9.3899E-01  5.2948E-02  5.4829E+01  1.8299E-02
  1.8480E+00  6.1644E+00 -5.7895E-03  9.3913E-01  5.2948E-02  5.4829E+01  1.8320E-02
  1.8560E+00  6.1910E+00 -5.8227E-03  9.3927E-01  5.2948E-02  5.4829E+01  1.8341E-02
  1.8640E+00  6.2177E+00 -5.8559E-03  9.3942E-01  5.2948E-02  5.4829E+01  1.8362E-02
  1.8720E+00  6.2444E+00 -5.8890E-03  9.3956E-01  5.2948E-02  5.4829E+01  1.8383E-02
  1.8800E+00  6.2711E+00 -5.9222E-03  9.3971E-01  5.2948E-02  5.4828E+01  1.8404E-02
  1.8880E+00  6.2978E+00 -5.9553E-03  9.3986E-01  5.2948E-02  5.4828E+01  1.8425E-02
  1.8960E+00  6.3245E+00 -5.9885E-03  9.4000E-01  5.2948E-02  5.4828E+01  1.8446E-02
  1.9040E+00  6.3512E+00 -6.0216E-03  9.4015E-01  5.2948E-02  5.4828E+01  1.8467E-02
  1.9120E+00  6.3778E+00 -6.0548E-03  9.4029E-01  5.2948E-02  5.4828E+01  1.8488E-02
  1.9200E+00  6.4045E+00 -6.0879E-03  9.4044E-01  5.2948E-02  5.4828E+01  1.8509E-02
  1.9280E+00  6.4312E+00 -6.1211E-03  9.4059E-01  5.2948E-02  5.4828E+01  1.8530E-02
  1.9360E+00  6.4579E+00 -6.1542E-03  9.4073E-01  5.2948E-02  5.4828E+01  1.8551E-02
  1.9440E+00  6.4846E+00 -6.1874E-03  9.4088E-01  5.2948E-02  5.4828E+01  1.8572E-02
  1.9520E+00  6.5113E+00 -6.2205E-03  9.4103E-01  5.2948E-02  5.4827E+01  1.8592E-02
  1.9600E+00  6.5379E+00 -6.2537E-03  9.4117E-01  5.2948E-02  5.4827E+01  1.8613E-02
  1.9680E+00  6.5646E+00 -6.2868E-03  9.4132E-01  5.2948E-02  5.4827E+01  1.8634E-02
  1.9760E+00  6.5913E+00 -6.3200E-03  9.4147E-01  5.2948E-02  5.4827E+01  1.8655E-02
  1.9840E+00  6.6180E+00 -6.3532E-03  9.4161E-01  5.2948E-02  5.4827E+01  1.8676E-02
  1.9920E+00  6.6447E+00 -6.3863E-03  9.4176E-01  5.2948E-02  5.4827E+01  1.8697E-02
  2.0000E+00  6.6714E+00 -6.4195E-03  9.4191E-01  5.2948E-02  5.4827E+01  1.8718E-02
  2.0080E+00  6.6981E+00 -6.4526E-03  9.4206E-01  5.2948E-02  5.4827E+01  1.8739E-02
  2.0160E+00  6.7247E+00 -6.4858E-03  9.4221E-01  5.2948E-02  5.4827E+01  1.8759E-02
  2.0240E+00  6.7514E+00 -6.5189E-03  9.4235E-01  5.2948E-02  5.4826E+01  1.8780E-02
  2.0320E+00  6.7781E+00 -6.5521E-03  9.4250E-01  5.2948E-02  5.4826E+01  1.8801E-02
  2.0400E+00  6.8048E+00 -6.5852E-03  9.4265E-01  5.2948E-02  5.4826E+01  1.8822E-02
  2.0480E+00  6.8315E+00 -6.6184E-03  9.4280E-01  5.2948E-02  5.4826E+01  1.8843E-02
  2.0560E+00  6.8582E+00 -6.6515E-03  9.4295E-01  5.2948E-02  5.4826E+01  1.8864E-02
  2.0640E+00  6.8849E+00 -6.6847E-03  9.4310E-01  5.2948E-02  5.4826E+01  1.8884E-02
  2.0720E+00  6.9115E+00 -6.7178E-03  9.4325E-01  5.2948E-02  5.4826E+01  1.8905E-02
  2.0800E+00  6.9382E+00 -6.7510E-03  9.4340E-01  5.2948E-02  5.4826E+01  1.8926E-02
  2.0880E+00  6.9649E+00 -6.7841E-03  9.4355E-01  5.2948E-02  5.4825E+01  1.8947E-02
  2.0960E+00  6.9916E+00 -6.8173E-03  9.4370E-01  5.2948E-02  5.4825E+01  1.8967E-02
  2.1040E+00  7.0183E+00 -6.8505E-03  9.4385E-01  5.2948E-02  5.4825E+01  1.8988E-02
  2.1120E+00  7.0450E+00 -6.8836E-03  9.4400E-01  5.2948E-02  5.4825E+01  1.9009E-02
  2.1200E+00  7.0716E+00 -6.9168E-03  9.4415E-01  5.2948E-02  5.4825E+01  1.9029E-02
  2.1280E+00  7.0983E+00 -6.9499E-03  9.4430E-01  5.2948E-02  5.4825E+01  1.9050E-02
  2.1360E+00  7.1250E+00 -6.9831E-03  9.4445E-01  5.2948E-02  5.4825E+01  1.9071E-02
  2.1440E+00  7.1517E+00 -7.0162E-03  9.4460E-01  5.2948E-02  5.4825E+01  1.9092E-02
  2.1520E+00  7.1784E+00 -7.0494E-03  9.4475E-01  5.2948E-02  5.4825E+01  1.9112E-02
  2.1600E+00  7.2051E+00 -7.0825E-03  9.4490E-01  5.2948E-02  5.4824E+01  1.9133E-02
  2.1680E+00  7.2318E+00 -7.1157E-03  9.4505E-01  5.2948E-02  5.4824E+01  1.9153E-02
  2.1760E+00  7.2584E+00 -7.1488E-03  9.4520E-01  5.2948E-02  5.4824E+01  1.9174E-02
  2.1840E+00  7.2851E+00 -7.1820E-03  9.4536E-01  5.2948E-02  5.4824E+01  1.9195E-02
  2.1920E+00  7.3118E+00 -7.2151E-03  9.4551E-01  5.2948E-02  5.4824E+01  1.9215E-02
  2.2000E+00  7.3385E+00 -7.2483E-03  9.4566E-01  5.2948E-02  5.4824E+01  1.9236E-02
  2.2080E+00  7.3652E+00 -7.2814E-03  9.4581E-01  5.2948E-02  5.4824E+01  1.9257E-02
  2.2160E+00  7.3919E+00 -7.3146E-03  9.4596E-01  5.2948E-02  5.4824E+01  1.9277E-02
  2.2240E+00  7.4186E+00 -7.3478E-03  9.4612E-01  5.2948E-02  5.4824E+01  1.9298E-02
  2.2320E+00  7.4452E+00 -7.3809E-03  9.4627E-01  5.2948E-02  5.4823E+01  1.9318E-02
  2.2400E+00  7.4719E+00 -7.4141E-03  9.4642E-01  5.2948E-02  5.4823E+01  1.9339E-02
  2.2480E+00  7.4986E+00 -7.4472E-03  9.4657E-01  5.2948E-02  5.4823E+01  1.9359E-02
  2.2560E+00  7.5253E+00 -7.4804E-03  9.4673E-01  5.2948E-02  5.4823E+01  1.9380E-02
  2.2640E+00  7.5520E+00 -7.5135E-03  9.4688E-01  5.2948E-02  5.4823E+01  1.9400E-02
  2.2720E+00  7.5787E+00 -7.5467E-03  9.4703E-01  5.2948E-02  5.4823E+01  1.9421E-02
  2.2800E+00  7.6054E+00 -7.5798E-03  9.4719E-01  5.2948E-02  5.4823E+01  1.9442E-02
  2.2880E+00  7.6320E+00 -7.6130E-03  9.4734E-01  5.2948E-02  5.4823E+01  1.9462E-02
  2.2960E+00  7.6587E+00 -7.6461E-03  9.4750E-01  5.2948E-02  5.4823E+01  1.9483E-02
  2.3040E+00  7.6854E+00 -7.6793E-03  9.4765E-01  5.2948E-02  5.4822E+01  1.9503E-02
  2.3120E+00  7.7121E+00 -7.7124E-03  9.4780E-01  5.2948E-02  5.4822E+01  1.9523E-02
  2.3200E+00  7.7388E+00 -7.7456E-03  9.4796E-01  5.2948E-02  5.4822E+01  1.9544E-02
  2.3280E+00  7.7655E+00 -7.7788E-03  9.4811E-01  5.2948E-02  5.4822E+01  1.9564E-02
  2.3360E+00  7.7921E+00 -7.8119E-03  9.4827E-01  5.2948E-02  5.4822E+01  1.9585E-02
  2.3440E+00  7.8188E+00 -7.8451E-03  9.4842E-01  5.2948E-02  5.4822E+01  1.9605E-02
  2.3520E+00  7.8455E+00 -7.8782E-03  9.4858E-01  5.2948E-02  5.4822E+01  1.9626E-02
  2.3600E+00  7.8722E+00 -7.9114E-03  9.4873E-01  5.2948E-02  5.4822E+01  1.9646E-02
  2.3680E+00  7.8989E+00 -7.9445E-03  9.4889E-01  5.2948E-02  5.4822E+01  1.9666E-02
  2.3760E+00  7.9256E+00 -7.9777E-03  9.4904E-01  5.2948E-02  5.4821E+01  1.9687E-02
  2.3840E+00  7.9523E+00 -8.0108E-03  9.4920E-01  5.2948E-02  5.4821E+01  1.9707E-02
  2.3920E+00  7.9789E+00 -8.0440E-03  9.4936E-01  5.2948E-02  5.4821E+01  1.9728E-02
  2.4000E+00  8.0056E+00 -8.0771E-03  9.4951E-01  5.2948E-02  5.4821E+01  1.9748E-02
  2.4080E+00  8.0323E+00 -8.1103E-03  9.4967E-01  5.2948E-02  5.4821E+01  1.9768E-02
  2.4160E+00  8.0590E+00 -8.1434E-03  9.4982E-01  5.2948E-02  5.4821E+01  1.9789E-02
  2.4240E+00  8.0857E+00 -8.1766E-03  9.4998E-01  5.2948E-02  5.4821E+01  1.9809E-02
  2.4320E+00  8.1124E+00 -8.2097E-03  9.5014E-01  5.2948E-02  5.4821E+01  1.9829E-02
  2.4400E+00  8.1391E+00 -8.2429E-03  9.5030E-01  5.2948E-02  5.4820E+01  1.9850E-02
  2.4480E+00  8.1657E+00 -8.2761E-03  9.5045E-01  5.2948E-02  5.4820E+01  1.9870E-02
  2.4560E+00  8.1924E+00 -8.3092E-03  9.5061E-01  5.2948E-02  5.4820E+01  1.9890E-02
  2.4640E+00  8.2191E+00 -8.3424E-03  9.5077E-01  5.2948E-02  5.4820E+01  1.9910E-02
  2.4720E+00  8.2458E+00 -8.3755E-03  9.5092E-01  5.2948E-02  5.4820E+01  1.9931E-02
  2.4800E+00  8.2725E+00 -8.4087E-03  9.5108E-01  5.2948E-02  5.4820E+01  1.9951E-02
  2.4880E+00  8.2992E+00 -8.4418E-03  9.5124E-01  5.2948E-02  5.4820E+01  1.9971E-02
  2.4960E+00  8.3259E+00 -8.4750E-03  9.5140E-01  5.2948E-02  5.4820E+01  1.9991E-02
  2.5040E+00  8.3525E+00 -8.5081E-03  9.5156E-01  5.2948E-02  5.4820E+01  2.0012E-02
  2.5120E+00  8.3792E+00 -8.5413E-03  9.5171E-01  5.2948E-02  5.4819E+01  2.0032E-02
  2.5200E+00  8.4059E+00 -8.5744E-03  9.5187E-01  5.2948E-02  5.4819E+01  2.0052E-02
  2.5280E+00  8.4326E+00 -8.6076E-03  9.5203E-01  5.2948E-02  5.4819E+01  2.0072E-02
  2.5360E+00  8.4593E+00 -8.6407E-03  9.5219E-01  5.2948E-02  5.4819E+01  2.0092E-02
  2.5440E+00  8.4860E+00 -8.6739E-03  9.5235E-01  5.2948E-02  5.4819E+01  2.0113E-02
  2.5520E+00  8.5126E+00 -8.7070E-03  9.5251E-01  5.2948E-02  5.4819E+01  2.0133E-02
  2.5600E+00  8.5393E+00 -8.7402E-03  9.5267E-01  5.2948E-02  5.4819E+01  2.0153E-02
  2.5680E+00  8.5660E+00 -8.7734E-03  9.5283E-01  5.2948E-02  5.4819E+01  2.0173E-02
  2.5760E+00  8.5927E+00 -8.8065E-03  9.5299E-01  5.2948E-02  5.4819E+01  2.0193E-02
  2.5840E+00  8.6194E+00 -8.8397E-03  9.5315E-01  5.2948E-02  5.4818E+01  2.0213E-02
  2.5920E+00  8.6461E+00 -8.8728E-03  9.5331E-01  5.2948E-02  5.4818E+01  2.0234E-02
  2.6000E+00  8.6728E+00 -8.9060E-03  9.5347E-01  5.2948E-02  5.4818E+01  2.0254E-02
  2.6080E+00  8.6994E+00 -8.9391E-03  9.5363E-01  5.2948E-02  5.4818E+01  2.0274E-02
  2.6160E+00  8.7261E+00 -8.9723E-03  9.5379E-01  5.2948E-02  5.4818E+01  2.0294E-02
  2.6240E+00  8.7528E+00 -9.0054E-03  9.5395E-01  5.2948E-02  5.4818E+01  2.0314E-02
  2.6320E+00  8.7795E+00 -9.0386E-03  9.5411E-01  5.2948E-02  5.4818E+01  2.0334E-02
  2.6400E+00  8.8062E+00 -9.0717E-03  9.5427E-01  5.2948E-02  5.4818E+01  2.0354E-02
  2.6480E+00  8.8329E+00 -9.1049E-03  9.5443E-01  5.2948E-02  5.4818E+01  2.0374E-02
  2.6560E+00  8.8596E+00 -9.1380E-03  9.5459E-01  5.2948E-02  5.4817E+01  2.0394E-02
  2.6640E+00  8.8862E+00 -9.1712E-03  9.5475E-01  5.2948E-02  5.4817E+01  2.0414E-02
  2.6720E+00  8.9129E+00 -9.2044E-03  9.5492E-01  5.2948E-02  5.4817E+01  2.0434E-02
  2.6800E+00  8.9396E+00 -9.2375E-03  9.5508E-01  5.2948E-02  5.4817E+01  2.0454E-02
  2.6880E+00  8.9663E+00 -9.2707E-03  9.5524E-01  5.2948E-02  5.4817E+01  2.0474E-02
  2.6960E+00  8.9930E+00 -9.3038E-03  9.5540E-01  5.2948E-02  5.4817E+01  2.0494E-02
  2.7040E+00  9.0197E+00 -9.3370E-03  9.5556E-01  5.2948E-02  5.4817E+01  2.0514E-02
  2.7120E+00  9.0463E+00 -9.3701E-03  9.5573E-01  5.2948E-02  5.4817E+01  2.0534E-02
  2.7200E+00  9.0730E+00 -9.4033E-03  9.5589E-01  5.2948E-02  5.4817E+01  2.0554E-02
  2.7280E+00  9.0997E+00 -9.4364E-03  9.5605E-01  5.2948E-02  5.4816E+01  2.0574E-02
  2.7360E+00  9.1264E+00 -9.4696E-03  9.5621E-01  5.2948E-02  5.4816E+01  2.0594E-02
  2.7440E+00  9.1531E+00 -9.5027E-03  9.5638E-01  5.2948E-02  5.4816E+01  2.0614E-02
  2.7520E+00  9.1798E+00 -9.5359E-03  9.5654E-01  5.2948E-02  5.4816E+01  2.0634E-02
  2.7600E+00  9.2065E+00 -9.5690E-03  9.5670E-01  5.2948E-02  5.4816E+01  2.0654E-02
  2.7680E+00  9.2331E+00 -9.6022E-03  9.5687E-01  5.2948E-02  5.4816E+01  2.0673E-02
  2.7760E+00  9.2598E+00 -9.6353E-03  9.5703E-01  5.2948E-02  5.4816E+01  2.0693E-02
  2.7840E+00  9.2865E+00 -9.6685E-03  9.5719E-01  5.2948E-02  5.4816E+01  2.0713E-02
  2.7920E+00  9.3132E+00 -9.7017E-03  9.5736E-01  5.2948E-02  5.4815E+01  2.0733E-02
  2.8000E+00  9.3399E+00 -9.7348E-03  9.5752E-01  5.2948E-02  5.4815E+01  2.0753E-02
  2.8080E+00  9.3666E+00 -9.7680E-03  9.5769E-01  5.2948E-02  5.4815E+01  2.0773E-02
  2.8160E+00  9.3933E+00 -9.8011E-03  9.5785E-01  5.2948E-02  5.4815E+01  2.0793E-02
  2.8240E+00  9.4199E+00 -9.8343E-03  9.5802E-01  5.2948E-02  5.4815E+01  2.0812E-02
  2.8320E+00  9.4466E+00 -9.8674E-03  9.5818E-01  5.2948E-02  5.4815E+01  2.0832E-02
  2.8400E+00  9.4733E+00 -9.9006E-03  9.5835E-01  5.2948E-02  5.4815E+01  2.0852E-02
  2.8480E+00  9.5000E+00 -9.9337E-03  9.5851E-01  5.2948E-02  5.4815E+01  2.0872E-02
  2.8560E+00  9.5267E+00 -9.9669E-03  9.5868E-01  5.2948E-02  5.4815E+01  2.0892E-02
  2.8640E+00  9.5534E+00 -1.0000E-02  9.5884E-01  5.2948E-02  5.4814E+01  2.0911E-02
  2.8720E+00  9.5801E+00 -1.0033E-02  9.5901E-01  5.2948E-02  5.4814E+01  2.0931E-02
  2.8800E+00  9.6067E+00 -1.0066E-02  9.5917E-01  5.2948E-02  5.4814E+01  2.0951E-02
  2.8880E+00  9.6334E+00 -1.0099E-02  9.5934E-01  5.2948E-02  5.4814E+01  2.0971E-02
  2.8960E+00  9.6601E+00 -1.0133E-02  9.5950E-01  5.2948E-02  5.4814E+01  2.0990E-02
  2.9040E+00  9.6868E+00 -1.0166E-02  9.5967E-01  5.2948E-02  5.4814E+01  2.1010E-02
  2.9120E+00  9.7135E+00 -1.0199E-02  9.5984E-01  5.2948E-02  5.4814E+01  2.1030E-02
  2.9200E+00  9.7402E+00 -1.0232E-02  9.6000E-01  5.2948E-02  5.4814E+01  2.1049E-02
  2.9280E+00  9.7668E+00 -1.0265E-02  9.6017E-01  5.2948E-02  5.4814E+01  2.1069E-02
  2.9360E+00  9.7935E+00 -1.0298E-02  9.6034E-01  5.2948E-02  5.4813E+01  2.1089E-02
  2.9440E+00  9.8202E+00 -1.0332E-02  9.6050E-01  5.2948E-02  5.4813E+01  2.1108E-02
  2.9520E+00  9.8469E+00 -1.0365E-02  9.6067E-01  5.2948E-02  5.4813E+01  2.1128E-02
  2.9600E+00  9.8736E+00 -1.0398E-02  9.6084E-01  5.2948E-02  5.4813E+01  2.1148E-02
  2.9680E+00  9.9003E+00 -1.0431E-02  9.6101E-01  5.2948E-02  5.4813E+01  2.1167E-02
  2.9760E+00  9.9270E+00 -1.0464E-02  9.6117E-01  5.2948E-02  5.4813E+01  2.1187E-02
  2.9840E+00  9.9536E+00 -1.0497E-02  9.6134E-01  5.2948E-02  5.4813E+01  2.1207E-02
  2.9920E+00  9.9803E+00 -1.0530E-02  9.6151E-01  5.2948E-02  5.4813E+01  2.1226E-02
  3.0000E+00  1.0007E+01 -1.0564E-02  9.6168E-01  5.2948E-02  5.4813E+01  2.1246E-02
  3.0080E+00  1.0034E+01 -1.0597E-02  9.6185E-01  5.2948E-02  5.4812E+01  2.1265E-02
  3.0160E+00  1.0060E+01 -1.0630E-02  9.6201E-01  5.2948E-02  5.4812E+01  2.1285E-02
  3.0240E+00  1.0087E+01 -1.0663E-02  9.6218E-01  5.2948E-02  5.4812E+01  2.1305E-02
  3.0320E+00  1.0114E+01 -1.0696E-02  9.6235E-01  5.2948E-02  5.4812E+01  2.1324E-02
  3.0400E+00  1.0140E+01 -1.0729E-02  9.6252E-01  5.2948E-02  5.4812E+01  2.1344E-02
  3.0480E+00  1.0167E+01 -1.0763E-02  9.6269E-01  5.2948E-02  5.4812E+01  2.1363E-02
  3.0560E+00  1.0194E+01 -1.0796E-02  9.6286E-01  5.2948E-02  5.4812E+01  2.1383E-02
  3.0640E+00  1.0220E+01 -1.0829E-02  9.6303E-01  5.2948E-02  5.4812E+01  2.1402E-02
  3.0720E+00  1.0247E+01 -1.0862E-02  9.6320E-01  5.2948E-02  5.4812E+01  2.1422E-02
  3.0800E+00  1.0274E+01 -1.0895E-02  9.6337E-01  5.2948E-02  5.4811E+01  2.1441E-02
  3.0880E+00  1.0301E+01 -1.0928E-02  9.6354E-01  5.2948E-02  5.4811E+01  2.1461E-02
  3.0960E+00  1.0327E+01 -1.0961E-02  9.6371E-01  5.2948E-02  5.4811E+01  2.1480E-02
  3.1040E+00  1.0354E+01 -1.0995E-02  9.6388E-01  5.2948E-02  5.4811E+01  2.1500E-02
  3.1120E+00  1.0381E+01 -1.1028E-02  9.6405E-01  5.2948E-02  5.4811E+01  2.1519E-02
  3.1200E+00  1.0407E+01 -1.1061E-02  9.6422E-01  5.2948E-02  5.4811E+01  2.1538E-02
  3.1280E+00  1.0434E+01 -1.1094E-02  9.6439E-01  5.2948E-02  5.4811E+01  2.1558E-02
  3.1360E+00  1.0461E+01 -1.1127E-02  9.6456E-01  5.2948E-02  5.4811E+01  2.1577E-02
  3.1440E+00  1.0487E+01 -1.1160E-02  9.6473E-01  5.2948E-02  5.4810E+01  2.1597E-02
  3.1520E+00  1.0514E+01 -1.1194E-02  9.6490E-01  5.2948E-02  5.4810E+01  2.1616E-02
  3.1600E+00  1.0541E+01 -1.1227E-02  9.6507E-01  5.2948E-02  5.4810E+01  2.1636E-02
  3.1680E+00  1.0567E+01 -1.1260E-02  9.6524E-01  5.2948E-02  5.4810E+01  2.1655E-02
  3.1760E+00  1.0594E+01 -1.1293E-02  9.6541E-01  5.2948E-02  5.4810E+01  2.1674E-02
  3.1840E+00  1.0621E+01 -1.1326E-02  9.6559E-01  5.2948E-02  5.4810E+01  2.1694E-02
  3.1920E+00  1.0647E+01 -1.1359E-02  9.6576E-01  5.2948E-02  5.4810E+01  2.1713E-02
  3.2000E+00  1.0674E+01 -1.1392E-02  9.6593E-01  5.2948E-02  5.4810E+01  2.1732E-02
  3.2080E+00  1.0701E+01 -1.1426E-02  9.6610E-01  5.2948E-02  5.4810E+01  2.1752E-02
  3.2160E+00  1.0728E+01 -1.1459E-02  9.6627E-01  5.2948E-02  5.4809E+01  2.1771E-02
  3.2240E+00  1.0754E+01 -1.1492E-02  9.6645E-01  5.2948E-02  5.4809E+01  2.1790E-02
  3.2320E+00  1.0781E+01 -1.1525E-02  9.6662E-01  5.2948E-02  5.4809E+01  2.1810E-02
  3.2400E+00  1.0808E+01 -1.1558E-02  9.6679E-01  5.2948E-02  5.4809E+01  2.1829E-02
  3.2480E+00  1.0834E+01 -1.1591E-02  9.6696E-01  5.2948E-02  5.4809E+01  2.1848E-02
  3.2560E+00  1.0861E+01 -1.1625E-02  9.6714E-01  5.2948E-02  5.4809E+01  2.1867E-02
  3.2640E+00  1.0888E+01 -1.1658E-02  9.6731E-01  5.2948E-02  5.4809E+01  2.1887E-02
  3.2720E+00  1.0914E+01 -1.1691E-02  9.6748E-01  5.2948E-02  5.4809E+01  2.1906E-02
  3.2800E+00  1.0941E+01 -1.1724E-02  9.6766E-01  5.2948E-02  5.4809E+01  2.1925E-02
  3.2880E+00  1.0968E+01 -1.1757E-02  9.6783E-01  5.2948E-02  5.4808E+01  2.1944E-02
  3.2960E+00  1.0994E+01 -1.1790E-02  9.6801E-01  5.2948E-02  5.4808E+01  2.1963E-02
  3.3040E+00  1.1021E+01 -1.1823E-02  9.6818E-01  5.2948E-02  5.4808E+01  2.1983E-02
  3.3120E+00  1.1048E+01 -1.1857E-02  9.6835E-01  5.2948E-02  5.4808E+01  2.2002E-02
  3.3200E+00  1.1074E+01 -1.1890E-02  9.6853E-01  5.2948E-02  5.4808E+01  2.2021E-02
  3.3280E+00  1.1101E+01 -1.1923E-02  9.6870E-01  5.2948E-02  5.4808E+01  2.2040E-02
  3.3360E+00  1.1128E+01 -1.1956E-02  9.6888E-01  5.2948E-02  5.4808E+01  2.2059E-02
  3.3440E+00  1.1154E+01 -1.1989E-02  9.6905E-01  5.2948E-02  5.4808E+01  2.2079E-02
  3.3520E+00  1.1181E+01 -1.2022E-02  9.6923E-01  5.2948E-02  5.4808E+01  2.2098E-02
  3.3600E+00  1.1208E+01 -1.2056E-02  9.6940E-01  5.2948E-02  5.4807E+01  2.2117E-02
  3.3680E+00  1.1235E+01 -1.2089E-02  9.6958E-01  5.2948E-02  5.4807E+01  2.2136E-02
  3.3760E+00  1.1261E+01 -1.2122E-02  9.6975E-01  5.2948E-02  5.4807E+01  2.2155E-02
  3.3840E+00  1.1288E+01 -1.2155E-02  9.6993E-01  5.2948E-02  5.4807E+01  2.2174E-02
  3.3920E+00  1.1315E+01 -1.2188E-02  9.7010E-01  5.2948E-02  5.4807E+01  2.2193E-02
  3.4000E+00  1.1341E+01 -1.2221E-02  9.7028E-01  5.2948E-02  5.4807E+01  2.2212E-02
  3.4080E+00  1.1368E+01 -1.2254E-02  9.7045E-01  5.2948E-02  5.4807E+01  2.2231E-02
  3.4160E+00  1.1395E+01 -1.2288E-02  9.7063E-01  5.2948E-02  5.4807E+01  2.2250E-02
  3.4240E+00  1.1421E+01 -1.2321E-02  9.7081E-01  5.2948E-02  5.4807E+01  2.2269E-02
  3.4320E+00  1.1448E+01 -1.2354E-02  9.7098E-01  5.2948E-02  5.4806E+01  2.2288E-02
  3.4400E+00  1.1475E+01 -1.2387E-02  9.7116E-01  5.2948E-02  5.4806E+01  2.2307E-02
  3.4480E+00  1.1501E+01 -1.2420E-02  9.7134E-01  5.2948E-02  5.4806E+01  2.2326E-02
  3.4560E+00  1.1528E+01 -1.2453E-02  9.7151E-01  5.2948E-02  5.4806E+01  2.2345E-02
  3.4640E+00  1.1555E+01 -1.2487E-02  9.7169E-01  5.2948E-02  5.4806E+01  2.2364E-02
  3.4720E+00  1.1581E+01 -1.2520E-02  9.7187E-01  5.2948E-02  5.4806E+01  2.2383E-02
  3.4800E+00  1.1608E+01 -1.2553E-02  9.7205E-01  5.2948E-02  5.4806E+01  2.2402E-02
  3.4880E+00  1.1635E+01 -1.2586E-02  9.7222E-01  5.2948E-02  5.4806E+01  2.2421E-02
  3.4960E+00  1.1661E+01 -1.2619E-02  9.7240E-01  5.2948E-02  5.4805E+01  2.2440E-02
  3.5040E+00  1.1688E+01 -1.2652E-02  9.7258E-01  5.2948E-02  5.4805E+01  2.2459E-02
  3.5120E+00  1.1715E+01 -1.2685E-02  9.7276E-01  5.2948E-02  5.4805E+01  2.2478E-02
  3.5200E+00  1.1742E+01 -1.2719E-02  9.7293E-01  5.2948E-02  5.4805E+01  2.2497E-02
  3.5280E+00  1.1768E+01 -1.2752E-02  9.7311E-01  5.2948E-02  5.4805E+01  2.2516E-02
  3.5360E+00  1.1795E+01 -1.2785E-02  9.7329E-01  5.2948E-02  5.4805E+01  2.2535E-02
  3.5440E+00  1.1822E+01 -1.2818E-02  9.7347E-01  5.2948E-02  5.4805E+01  2.2554E-02
  3.5520E+00  1.1848E+01 -1.2851E-02  9.7365E-01  5.2948E-02  5.4805E+01  2.2573E-02
  3.5600E+00  1.1875E+01 -1.2884E-02  9.7383E-01  5.2948E-02  5.4805E+01  2.2592E-02
  3.5680E+00  1.1902E+01 -1.2918E-02  9.7401E-01  5.2948E-02  5.4804E+01  2.2610E-02
  3.5760E+00  1.1928E+01 -1.2951E-02  9.7419E-01  5.2948E-02  5.4804E+01  2.2629E-02
  3.5840E+00  1.1955E+01 -1.2984E-02  9.7436E-01  5.2948E-02  5.4804E+01  2.2648E-02
  3.5920E+00  1.1982E+01 -1.3017E-02  9.7454E-01  5.2948E-02  5.4804E+01  2.2667E-02
  3.6000E+00  1.2008E+01 -1.3050E-02  9.7472E-01  5.2948E-02  5.4804E+01  2.2686E-02
  3.6080E+00  1.2035E+01 -1.3083E-02  9.7490E-01  5.2948E-02  5.4804E+01  2.2705E-02
  3.6160E+00  1.2062E+01 -1.3116E-02  9.7508E-01  5.2948E-02  5.4804E+01  2.2723E-02
  3.6240E+00  1.2088E+01 -1.3150E-02  9.7526E-01  5.2948E-02  5.4804E+01  2.2742E-02
  3.6320E+00  1.2115E+01 -1.3183E-02  9.7544E-01  5.2948E-02  5.4804E+01  2.2761E-02
  3.6400E+00  1.2142E+01 -1.3216E-02  9.7562E-01  5.2948E-02  5.4803E+01  2.2780E-02
  3.6480E+00  1.2169E+01 -1.3249E-02  9.7580E-01  5.2948E-02  5.4803E+01  2.2798E-02
  3.6560E+00  1.2195E+01 -1.3282E-02  9.7599E-01  5.2948E-02  5.4803E+01  2.2817E-02
  3.6640E+00  1.2222E+01 -1.3315E-02  9.7617E-01  5.2948E-02  5.4803E+01  2.2836E-02
  3.6720E+00  1.2249E+01 -1.3349E-02  9.7635E-01  5.2948E-02  5.4803E+01  2.2855E-02
  3.6800E+00  1.2275E+01 -1.3382E-02  9.7653E-01  5.2948E-02  5.4803E+01  2.2873E-02
  3.6880E+00  1.2302E+01 -1.3415E-02  9.7671E-01  5.2948E-02  5.4803E+01  2.2892E-02
  3.6960E+00  1.2329E+01 -1.3448E-02  9.7689E-01  5.2948E-02  5.4803E+01  2.2911E-02
  3.7040E+00  1.2355E+01 -1.3481E-02  9.7707E-01  5.2948E-02  5.4803E+01  2.2929E-02
  3.7120E+00  1.2382E+01 -1.3514E-02  9.7725E-01  5.2948E-02  5.4802E+01  2.2948E-02
  3.7200E+00  1.2409E+01 -1.3547E-02  9.7744E-01  5.2948E-02  5.4802E+01  2.2967E-02
  3.7280E+00  1.2435E+01 -1.3581E-02  9.7762E-01  5.2948E-02  5.4802E+01  2.2985E-02
  3.7360E+00  1.2462E+01 -1.3614E-02  9.7780E-01  5.2948E-02  5.4802E+01  2.3004E-02
  3.7440E+00  1.2489E+01 -1.3647E-02  9.7798E-01  5.2948E-02  5.4802E+01  2.3023E-02
  3.7520E+00  1.2515E+01 -1.3680E-02  9.7816E-01  5.2948E-02  5.4802E+01  2.3041E-02
  3.7600E+00  1.2542E+01 -1.3713E-02  9.7835E-01  5.2948E-02  5.4802E+01  2.3060E-02
  3.7680E+00  1.2569E+01 -1.3746E-02  9.7853E-01  5.2948E-02  5.4802E+01  2.3078E-02
  3.7760E+00  1.2595E+01 -1.3780E-02  9.7871E-01  5.2948E-02  5.4802E+01  2.3097E-02
  3.7840E+00  1.2622E+01 -1.3813E-02  9.7890E-01  5.2948E-02  5.4801E+01  2.3116E-02
  3.7920E+00  1.2649E+01 -1.3846E-02  9.7908E-01  5.2948E-02  5.4801E+01  2.3134E-02
  3.8000E+00  1.2676E+01 -1.3879E-02  9.7926E-01  5.2948E-02  5.4801E+01  2.3153E-02
  3.8080E+00  1.2702E+01 -1.3912E-02  9.7945E-01  5.2948E-02  5.4801E+01  2.3171E-02
  3.8160E+00  1.2729E+01 -1.3945E-02  9.7963E-01  5.2948E-02  5.4801E+01  2.3190E-02
  3.8240E+00  1.2756E+01 -1.3978E-02  9.7981E-01  5.2948E-02  5.4801E+01  2.3208E-02
  3.8320E+00  1.2782E+01 -1.4012E-02  9.8000E-01  5.2948E-02  5.4801E+01  2.3227E-02
  3.8400E+00  1.2809E+01 -1.4045E-02  9.8018E-01  5.2948E-02  5.4801E+01  2.3245E-02
  3.8480E+00  1.2836E+01 -1.4078E-02  9.8037E-01  5.2948E-02  5.4801E+01  2.3264E-02
  3.8560E+00  1.2862E+01 -1.4111E-02  9.8055E-01  5.2948E-02  5.4800E+01  2.3282E-02
  3.8640E+00  1.2889E+01 -1.4144E-02  9.8074E-01  5.2948E-02  5.4800E+01  2.3301E-02
  3.8720E+00  1.2916E+01 -1.4177E-02  9.8092E-01  5.2948E-02  5.4800E+01  2.3319E-02
  3.8800E+00  1.2942E+01 -1.4211E-02  9.8110E-01  5.2948E-02  5.4800E+01  2.3338E-02
  3.8880E+00  1.2969E+01 -1.4244E-02  9.8129E-01  5.2948E-02  5.4800E+01  2.3356E-02
  3.8960E+00  1.2996E+01 -1.4277E-02  9.8147E-01  5.2948E-02  5.4800E+01  2.3374E-02
  3.9040E+00  1.3022E+01 -1.4310E-02  9.8166E-01  5.2948E-02  5.4800E+01  2.3393E-02
  3.9120E+00  1.3049E+01 -1.4343E-02  9.8185E-01  5.2948E-02  5.4800E+01  2.3411E-02
  3.9200E+00  1.3076E+01 -1.4376E-02  9.8203E-01  5.2948E-02  5.4799E+01  2.3430E-02
  3.9280E+00  1.3102E+01 -1.4409E-02  9.8222E-01  5.2948E-02  5.4799E+01  2.3448E-02
  3.9360E+00  1.3129E+01 -1.4443E-02  9.8240E-01  5.2948E-02  5.4799E+01  2.3466E-02
  3.9440E+00  1.3156E+01 -1.4476E-02  9.8259E-01  5.2948E-02  5.4799E+01  2.3485E-02
  3.9520E+00  1.3183E+01 -1.4509E-02  9.8277E-01  5.2948E-02  5.4799E+01  2.3503E-02
  3.9600E+00  1.3209E+01 -1.4542E-02  9.8296E-01  5.2948E-02  5.4799E+01  2.3522E-02
  3.9680E+00  1.3236E+01 -1.4575E-02  9.8315E-01  5.2948E-02  5.4799E+01  2.3540E-02
  3.9760E+00  1.3263E+01 -1.4608E-02  9.8333E-01  5.2948E-02  5.4799E+01  2.3558E-02
  3.9840E+00  1.3289E+01 -1.4642E-02  9.8352E-01  5.2948E-02  5.4799E+01  2.3576E-02
  4.0000E+00  1.3343E+01 -1.4708E-02  9.8389E-01  5.2948E-02  5.4798E+01  2.3613E-02
