  0.0000E+00  0.0000E+00  7.8902E+00  0.0000E+00  0.0000E+00  7.0051E+08  2.6319E+01 -2.0000E-03   1   5
  1.6285E-04 -2.4801E-04 -7.7802E+00  1.0179E+06 -1.5738E+06  1.2010E+06 -2.5952E+01 -2.0000E-03   1 -15
  6.4697E-04 -7.0960E-04 -7.7800E+00  4.1386E+06 -4.5312E+06  4.2331E+06 -2.5951E+01 -2.0000E-03   1 -15
 -3.6760E-05  1.0672E-04 -7.7800E+00 -2.3970E+05  6.7329E+05  5.8928E+05 -2.5951E+01 -2.0000E-03   1 -15
 -2.2237E-04 -6.9910E-04 -7.7801E+00 -1.3989E+06 -4.4507E+06 -8.2999E+04 -2.5952E+01 -2.0000E-03   1 -15
 -8.2543E-04 -5.3848E-05 -7.7800E+00 -5.2464E+06 -3.2974E+05  1.5195E+06 -2.5951E+01 -2.0000E-03   1 -15
  9.9212E-04 -2.2557E-04 -7.7799E+00  6.2804E+06 -1.4476E+06  1.1327E+06 -2.5951E+01 -2.0000E-03   1 -15
  4.4862E-04  3.0626E-04 -7.7802E+00  2.8494E+06  1.9512E+06 -1.0029E+06 -2.5952E+01 -2.0000E-03   1 -15
  2.3829E-04  5.0419E-04 -7.7799E+00  1.5160E+06  3.2074E+06  3.6166E+06 -2.5951E+01 -2.0000E-03   1 -15
  2.1031E-04 -3.6343E-04 -7.7801E+00  1.3225E+06 -2.3191E+06  4.6121E+06 -2.5952E+01 -2.0000E-03   1 -15
  6.1229E-04  4.8959E-04 -7.7799E+00  3.8822E+06  3.1155E+06  3.0929E+05 -2.5951E+01 -2.0000E-03   1 -15
 -6.8820E-04 -4.1691E-06 -7.7802E+00 -4.3939E+06 -3.2771E+04 -1.4059E+06 -2.5952E+01 -2.0000E-03   1 -15
 -4.5816E-04  1.8602E-04 -7.7802E+00 -2.8859E+06  1.1805E+06 -2.2601E+05 -2.5951E+01 -2.0000E-03   1 -15
 -5.3994E-04 -3.9969E-04 -7.7801E+00 -3.4395E+06 -2.5451E+06 -1.4145E+06 -2.5952E+01 -2.0000E-03   1 -15
  1.0269E-04 -2.9102E-04 -7.7800E+00  6.7540E+05 -1.8611E+06 -5.5188E+05 -2.5952E+01 -2.0000E-03   1 -15
 -5.0060E-04  7.4768E-05 -7.7802E+00 -3.2259E+06  4.5992E+05  3.9937E+06 -2.5952E+01 -2.0000E-03   1 -15
  6.3962E-04  4.2264E-04 -7.7799E+00  4.0371E+06  2.6968E+06  4.4640E+05 -2.5951E+01 -2.0000E-03   1 -15
 -1.6519E-04  4.0894E-04 -7.7801E+00 -1.0607E+06  2.6130E+06  3.1996E+06 -2.5952E+01 -2.0000E-03   1 -15
  4.0199E-04  2.7918E-04 -7.7802E+00  2.5487E+06  1.7832E+06 -2.5602E+05 -2.5952E+01 -2.0000E-03   1 -15
 -1.1909E-04  1.9859E-04 -7.7801E+00 -7.7389E+05  1.2632E+06 -1.9753E+05 -2.5952E+01 -2.0000E-03   1 -15
 -2.3854E-04 -1.3434E-04 -7.7802E+00 -1.5259E+06 -8.6856E+05  6.9910E+05 -2.5952E+01 -2.0000E-03   1 -15
 -4.4390E-04  2.7667E-04 -7.7801E+00 -2.8504E+06  1.7728E+06  5.8029E+06 -2.5952E+01 -2.0000E-03   1 -15
 -2.1731E-04  5.1585E-05 -7.7802E+00 -1.3765E+06  3.0675E+05 -1.6946E+04 -2.5952E+01 -2.0000E-03   1 -15
  1.1571E-04 -4.6819E-04 -7.7801E+00  7.2607E+05 -2.9868E+06 -1.3765E+06 -2.5952E+01 -2.0000E-03   1 -15
  3.2837E-04  5.8362E-04 -7.7800E+00  2.0632E+06  3.7100E+06  1.6407E+05 -2.5951E+01 -2.0000E-03   1 -15
 -2.9302E-04  3.7567E-04 -7.7802E+00 -1.8635E+06  2.4087E+06  3.2626E+06 -2.5952E+01 -2.0000E-03   1 -15
 -1.4519E-03 -2.5019E-04 -7.7800E+00 -9.2123E+06 -1.5923E+06  1.0687E+06 -2.5951E+01 -2.0000E-03   1 -15
 -7.8869E-05  7.1252E-04 -7.7801E+00 -4.9962E+05  4.5361E+06  6.7455E+05 -2.5952E+01 -2.0000E-03   1 -15
  5.9783E-04  1.8717E-05 -7.7802E+00  3.7876E+06  1.1781E+05 -4.4494E+06 -2.5952E+01 -2.0000E-03   1 -15
 -3.0518E-04 -3.2268E-04 -7.7802E+00 -1.9438E+06 -2.0692E+06  1.2010E+06 -2.5952E+01 -2.0000E-03   1 -15
  5.4346E-04 -3.4018E-04 -7.7799E+00  3.4807E+06 -2.1955E+06  3.1336E+06 -2.5951E+01 -2.0000E-03   1 -15
 -3.7186E-04 -6.9942E-04 -7.7802E+00 -2.3529E+06 -4.4707E+06  3.2693E+06 -2.5952E+01 -2.0000E-03   1 -15
  2.4138E-04 -3.1228E-04 -7.7802E+00  1.5395E+06 -1.9800E+06  5.2256E+05 -2.5952E+01 -2.0000E-03   1 -15
  6.4273E-04  2.5790E-04 -7.7801E+00  4.1016E+06  1.6608E+06  5.9125E+06 -2.5951E+01 -2.0000E-03   1 -15
 -1.8015E-05  2.7327E-04 -7.7800E+00 -1.1574E+05  1.7322E+06 -1.5935E+06 -2.5952E+01 -2.0000E-03   1 -15
 -5.6781E-04  1.3735E-04 -7.7802E+00 -3.6223E+06  8.8052E+05  1.6806E+06 -2.5952E+01 -2.0000E-03   1 -15
  5.3040E-04 -1.2787E-04 -7.7800E+00  3.3593E+06 -8.0521E+05  3.6715E+06 -2.5951E+01 -2.0000E-03   1 -15
 -6.0839E-06 -3.2783E-04 -7.7802E+00 -3.5054E+04 -2.0952E+06  4.1531E+06 -2.5952E+01 -2.0000E-03   1 -15
 -8.2004E-04  9.7401E-04 -7.7802E+00 -5.2135E+06  6.2218E+06  3.8282E+05 -2.5952E+01 -2.0000E-03   1 -15
  2.3585E-05 -9.8582E-04 -7.7800E+00  1.6137E+05 -6.2827E+06  1.1388E+06 -2.5951E+01 -2.0000E-03   1 -15
  2.8096E-04  9.0200E-04 -7.7801E+00  1.7810E+06  5.7850E+06 -9.3310E+05 -2.5952E+01 -2.0000E-03   1 -15
 -2.3657E-04 -1.2132E-03 -7.7800E+00 -1.4785E+06 -7.6965E+06 -2.3930E+06 -2.5951E+01 -2.0000E-03   1 -15
 -6.7933E-04  8.1162E-04 -7.7800E+00 -4.3275E+06  5.1920E+06  4.9928E+06 -2.5952E+01 -2.0000E-03   1 -15
  1.1762E-04 -7.9832E-05 -7.7800E+00  7.3018E+05 -4.9476E+05 -2.8796E+06 -2.5951E+01 -2.0000E-03   1 -15
 -6.9865E-04  8.8403E-05 -7.7800E+00 -4.4231E+06  5.6239E+05 -2.6413E+06 -2.5952E+01 -2.0000E-03   1 -15
 -8.3135E-04 -9.7450E-04 -7.7802E+00 -5.2496E+06 -6.1511E+06 -7.0163E+06 -2.5952E+01 -2.0000E-03   1 -15
  6.0285E-05  7.4064E-04 -7.7801E+00  3.8775E+05  4.6999E+06 -2.0625E+06 -2.5951E+01 -2.0000E-03   1 -15
 -1.3852E-04 -1.0307E-04 -7.7799E+00 -8.6177E+05 -6.6473E+05  9.2813E+05 -2.5951E+01 -2.0000E-03   1 -15
  6.8082E-04 -3.1507E-04 -7.7801E+00  4.3447E+06 -2.0098E+06 -1.4545E+06 -2.5952E+01 -2.0000E-03   1 -15
 -2.4878E-04 -1.7029E-04 -7.7800E+00 -1.5885E+06 -1.0892E+06 -1.9537E+06 -2.5951E+01 -2.0000E-03   1 -15
 -4.7527E-04 -1.0380E-03 -7.7800E+00 -3.0380E+06 -6.6545E+06  3.4230E+06 -2.5952E+01 -2.0000E-03   1 -15
 -4.3931E-04  9.6919E-05 -7.7800E+00 -2.7821E+06  6.3419E+05 -2.1002E+06 -2.5951E+01 -2.0000E-03   1 -15
 -1.9742E-04 -6.9107E-04 -7.7800E+00 -1.2501E+06 -4.3575E+06 -5.5332E+06 -2.5951E+01 -2.0000E-03   1 -15
  3.2561E-04  3.2275E-04 -7.7802E+00  2.0812E+06  2.0698E+06  3.8951E+03 -2.5952E+01 -2.0000E-03   1 -15
  4.7026E-04 -4.2060E-04 -7.7800E+00  2.9910E+06 -2.6942E+06  4.5815E+06 -2.5951E+01 -2.0000E-03   1 -15
  8.7677E-05 -6.8648E-04 -7.7802E+00  5.7326E+05 -4.3513E+06 -1.2416E+06 -2.5952E+01 -2.0000E-03   1 -15
 -5.6385E-04 -4.9693E-04 -7.7800E+00 -3.5364E+06 -3.1416E+06 -3.6103E+06 -2.5952E+01 -2.0000E-03   1 -15
  1.1533E-04 -2.5239E-04 -7.7802E+00  7.4144E+05 -1.6171E+06  5.1750E+06 -2.5952E+01 -2.0000E-03   1 -15
 -8.6052E-04  2.8323E-04 -7.7799E+00 -5.4630E+06  1.8168E+06  1.0513E+06 -2.5951E+01 -2.0000E-03   1 -15
 -2.1463E-05 -5.9855E-04 -7.7802E+00 -1.6693E+05 -3.8325E+06  8.3865E+05 -2.5952E+01 -2.0000E-03   1 -15
  1.7438E-05  1.0048E-03 -7.7801E+00  1.1585E+05  6.4110E+06  1.3329E+06 -2.5952E+01 -2.0000E-03   1 -15
 -8.1201E-05 -9.5098E-04 -7.7802E+00 -5.0741E+05 -6.0389E+06 -2.7552E+06 -2.5952E+01 -2.0000E-03   1 -15
  2.9750E-04  1.7886E-04 -7.7801E+00  1.8675E+06  1.1140E+06 -5.0513E+06 -2.5952E+01 -2.0000E-03   1 -15
 -6.1460E-04 -5.3263E-04 -7.7800E+00 -3.8579E+06 -3.3843E+06 -3.2680E+06 -2.5951E+01 -2.0000E-03   1 -15
 -1.6392E-04 -3.4036E-05 -7.7800E+00 -1.0486E+06 -2.3551E+05  3.8287E+06 -2.5951E+01 -2.0000E-03   1 -15
  1.7279E-04 -2.8572E-04 -7.7802E+00  1.0873E+06 -1.8270E+06  2.8002E+05 -2.5952E+01 -2.0000E-03   1 -15
  7.6086E-04 -8.4821E-04 -7.7801E+00  4.8619E+06 -5.4006E+06 -1.6127E+05 -2.5952E+01 -2.0000E-03   1 -15
 -8.8119E-04 -2.1127E-05 -7.7801E+00 -5.6050E+06 -1.5093E+05 -1.7852E+05 -2.5952E+01 -2.0000E-03   1 -15
  5.7460E-04 -8.9405E-04 -7.7800E+00  3.6153E+06 -5.6481E+06 -3.2175E+06 -2.5951E+01 -2.0000E-03   1 -15
  3.5343E-04  8.4276E-04 -7.7800E+00  2.2400E+06  5.3774E+06 -3.7273E+06 -2.5952E+01 -2.0000E-03   1 -15
 -5.8252E-04 -6.4724E-04 -7.7801E+00 -3.7055E+06 -4.1217E+06 -1.7317E+06 -2.5952E+01 -2.0000E-03   1 -15
  6.4273E-04 -1.5875E-04 -7.7801E+00  4.1229E+06 -1.0230E+06  1.9338E+06 -2.5952E+01 -2.0000E-03   1 -15
  6.8633E-05  1.8128E-04 -7.7800E+00  4.3231E+05  1.1834E+06 -3.4495E+06 -2.5951E+01 -2.0000E-03   1 -15
 -2.4477E-04 -2.2083E-05 -7.7802E+00 -1.5617E+06 -1.4035E+05  3.9676E+06 -2.5952E+01 -2.0000E-03   1 -15
  2.1539E-04  7.0022E-06 -7.7801E+00  1.3622E+06  5.8232E+04  1.8664E+05 -2.5951E+01 -2.0000E-03   1 -15
 -4.9860E-04 -7.2031E-05 -7.7800E+00 -3.1698E+06 -4.6194E+05 -2.7118E+05 -2.5952E+01 -2.0000E-03   1 -15
  2.7136E-04  1.0028E-05 -7.7801E+00  1.7219E+06  3.3984E+04 -4.2136E+05 -2.5952E+01 -2.0000E-03   1 -15
 -4.4524E-04  4.0394E-04 -7.7800E+00 -2.8254E+06  2.5601E+06  5.1154E+05 -2.5951E+01 -2.0000E-03   1 -15
  2.1083E-04  7.5229E-04 -7.7801E+00  1.3232E+06  4.7806E+06 -3.8718E+06 -2.5952E+01 -2.0000E-03   1 -15
  5.2897E-04 -2.9252E-04 -7.7800E+00  3.3490E+06 -1.8663E+06  1.2271E+06 -2.5951E+01 -2.0000E-03   1 -15
 -1.5219E-04 -4.9941E-05 -7.7801E+00 -9.7938E+05 -3.4959E+05 -9.6222E+05 -2.5952E+01 -2.0000E-03   1 -15
 -3.4300E-04  9.7333E-04 -7.7801E+00 -2.2219E+06  6.2089E+06  1.9115E+06 -2.5952E+01 -2.0000E-03   1 -15
  3.8466E-04 -2.1729E-04 -7.7801E+00  2.4451E+06 -1.3854E+06  3.8033E+06 -2.5952E+01 -2.0000E-03   1 -15
  2.7586E-04  7.0970E-05 -7.7799E+00  1.7643E+06  4.7509E+05  3.0692E+06 -2.5951E+01 -2.0000E-03   1 -15
  2.0750E-04  6.5493E-04 -7.7800E+00  1.3054E+06  4.1494E+06 -4.8541E+06 -2.5951E+01 -2.0000E-03   1 -15
 -4.2389E-05  3.5930E-04 -7.7799E+00 -2.4966E+05  2.2959E+06  1.0762E+06 -2.5951E+01 -2.0000E-03   1 -15
 -4.3263E-04 -1.1103E-03 -7.7799E+00 -2.7263E+06 -7.0692E+06  7.5125E+05 -2.5951E+01 -2.0000E-03   1 -15
 -6.6770E-04 -1.7085E-04 -7.7802E+00 -4.2525E+06 -1.0848E+06 -1.7692E+06 -2.5952E+01 -2.0000E-03   1 -15
 -3.0674E-04 -8.2835E-05 -7.7800E+00 -1.9602E+06 -5.3013E+05  6.4093E+06 -2.5951E+01 -2.0000E-03   1 -15
 -3.2015E-04  6.3995E-04 -7.7801E+00 -2.0423E+06  4.0646E+06  9.4156E+05 -2.5952E+01 -2.0000E-03   1 -15
  1.3476E-04  4.0725E-04 -7.7800E+00  8.5412E+05  2.5759E+06 -3.4997E+06 -2.5951E+01 -2.0000E-03   1 -15
 -1.1015E-04 -7.9717E-04 -7.7802E+00 -6.9753E+05 -5.0918E+06 -4.8079E+05 -2.5952E+01 -2.0000E-03   1 -15
  1.2497E-04 -2.4922E-04 -7.7799E+00  7.9031E+05 -1.5881E+06 -4.9313E+06 -2.5951E+01 -2.0000E-03   1 -15
 -4.9031E-04  5.9903E-04 -7.7801E+00 -3.1057E+06  3.7893E+06 -1.4504E+06 -2.5951E+01 -2.0000E-03   1 -15
  7.1511E-05 -1.5843E-04 -7.7800E+00  4.4947E+05 -1.0197E+06 -2.1188E+06 -2.5951E+01 -2.0000E-03   1 -15
 -4.9151E-04  6.6443E-04 -7.7802E+00 -3.1343E+06  4.2392E+06  9.6729E+05 -2.5952E+01 -2.0000E-03   1 -15
 -7.3953E-04 -1.8296E-04 -7.7800E+00 -4.6749E+06 -1.1491E+06 -3.3772E+06 -2.5951E+01 -2.0000E-03   1 -15
 -7.2768E-04 -6.9168E-04 -7.7800E+00 -4.6404E+06 -4.4094E+06 -7.9648E+05 -2.5951E+01 -2.0000E-03   1 -15
 -1.7045E-04  4.4530E-04 -7.7799E+00 -1.0736E+06  2.8474E+06 -3.1541E+05 -2.5951E+01 -2.0000E-03   1 -15
 -1.0554E-03 -1.0128E-03 -7.7802E+00 -6.7177E+06 -6.4494E+06 -8.3820E+05 -2.5952E+01 -2.0000E-03   1 -15
  8.1673E-04  7.6353E-04 -7.7799E+00  5.1769E+06  4.8749E+06 -1.4018E+06 -2.5952E+01 -2.0000E-03   1 -15
  1.3192E-04 -4.3900E-04 -7.7800E+00  8.1575E+05 -2.7515E+06 -3.1081E+06 -2.5951E+01 -2.0000E-03   1 -15
  1.0145E-04 -7.4166E-04 -7.7799E+00  6.5438E+05 -4.7684E+06  4.8441E+06 -2.5951E+01 -2.0000E-03   1 -15
  1.8542E-04  1.5951E-04 -7.7800E+00  1.1706E+06  1.0156E+06 -1.6580E+06 -2.5951E+01 -2.0000E-03   1 -15
  2.9355E-04 -1.1181E-04 -7.7801E+00  1.8642E+06 -6.9492E+05 -5.8385E+06 -2.5952E+01 -2.0000E-03   1 -15
 -3.7198E-05  5.6561E-04 -7.7800E+00 -2.4115E+05  3.5810E+06 -3.1961E+06 -2.5951E+01 -2.0000E-03   1 -15
 -4.1329E-04 -3.3581E-04 -7.7800E+00 -2.6047E+06 -2.1113E+06 -2.3970E+06 -2.5951E+01 -2.0000E-03   1 -15
 -3.4617E-05 -9.0644E-05 -7.7801E+00 -2.3091E+05 -5.7726E+05 -1.7319E+06 -2.5952E+01 -2.0000E-03   1 -15
 -1.3578E-04  4.4200E-04 -7.7800E+00 -8.6335E+05  2.8284E+06  2.1011E+06 -2.5951E+01 -2.0000E-03   1 -15
 -1.2194E-03  2.1390E-04 -7.7801E+00 -7.7503E+06  1.3771E+06 -1.5703E+06 -2.5952E+01 -2.0000E-03   1 -15
  6.9848E-04 -1.9461E-04 -7.7801E+00  4.4013E+06 -1.2429E+06 -3.2322E+06 -2.5951E+01 -2.0000E-03   1 -15
 -1.7877E-04 -2.9957E-04 -7.7800E+00 -1.1580E+06 -1.9196E+06  6.0998E+06 -2.5951E+01 -2.0000E-03   1 -15
 -5.8036E-04  9.0083E-04 -7.7802E+00 -3.6959E+06  5.7218E+06 -2.6443E+06 -2.5952E+01 -2.0000E-03   1 -15
 -6.4171E-04 -1.7096E-04 -7.7801E+00 -4.0563E+06 -1.0713E+06 -4.4012E+06 -2.5952E+01 -2.0000E-03   1 -15
  2.0075E-04  7.4110E-04 -7.7802E+00  1.3141E+06  4.7378E+06  1.7166E+06 -2.5952E+01 -2.0000E-03   1 -15
  3.1522E-04  7.6810E-04 -7.7800E+00  2.0176E+06  4.9024E+06  1.6594E+06 -2.5952E+01 -2.0000E-03   1 -15
 -6.5575E-04  8.0128E-04 -7.7800E+00 -4.1462E+06  5.0990E+06  2.5456E+05 -2.5951E+01 -2.0000E-03   1 -15
 -9.4039E-04  2.3550E-04 -7.7802E+00 -6.0083E+06  1.4954E+06  3.8361E+06 -2.5952E+01 -2.0000E-03   1 -15
 -2.7482E-05 -3.9698E-04 -7.7800E+00 -1.6706E+05 -2.5490E+06  3.6790E+06 -2.5951E+01 -2.0000E-03   1 -15
  2.2047E-04 -2.3470E-04 -7.7799E+00  1.3911E+06 -1.5164E+06 -1.0354E+06 -2.5951E+01 -2.0000E-03   1 -15
 -3.0925E-04  6.2280E-05 -7.7800E+00 -1.9459E+06  3.8862E+05 -8.2422E+05 -2.5951E+01 -2.0000E-03   1 -15
 -2.2959E-04 -2.8857E-04 -7.7801E+00 -1.4683E+06 -1.8476E+06  2.6647E+06 -2.5952E+01 -2.0000E-03   1 -15
 -2.2591E-04  4.7918E-04 -7.7802E+00 -1.4459E+06  3.0517E+06  2.2926E+06 -2.5952E+01 -2.0000E-03   1 -15
  2.3374E-04  3.8859E-04 -7.7800E+00  1.4915E+06  2.4751E+06 -6.1592E+06 -2.5952E+01 -2.0000E-03   1 -15
 -3.0284E-04  4.6372E-04 -7.7799E+00 -1.9235E+06  2.9480E+06 -2.8976E+06 -2.5951E+01 -2.0000E-03   1 -15
 -9.3919E-05  1.9018E-05 -7.7800E+00 -6.0577E+05  1.0436E+05 -3.1739E+06 -2.5951E+01 -2.0000E-03   1 -15
  3.9536E-04 -1.9744E-04 -7.7802E+00  2.5257E+06 -1.2459E+06  5.0839E+06 -2.5952E+01 -2.0000E-03   1 -15
  4.7006E-05 -1.1252E-05 -7.7801E+00  2.7888E+05 -6.8016E+04 -1.5114E+06 -2.5952E+01 -2.0000E-03   1 -15
 -2.2830E-04 -9.4112E-04 -7.7800E+00 -1.4358E+06 -6.0336E+06  4.2901E+06 -2.5951E+01 -2.0000E-03   1 -15
  3.3181E-04  3.8354E-04 -7.7800E+00  2.0949E+06  2.4261E+06 -2.6104E+06 -2.5951E+01 -2.0000E-03   1 -15
 -1.9584E-04  8.1161E-05 -7.7802E+00 -1.2458E+06  5.1421E+05 -5.6031E+06 -2.5952E+01 -2.0000E-03   1 -15
 -2.5331E-05  3.5404E-04 -7.7800E+00 -1.8252E+05  2.2429E+06 -4.8265E+05 -2.5951E+01 -2.0000E-03   1 -15
 -4.7871E-05  9.7569E-05 -7.7800E+00 -3.1197E+05  6.4402E+05  3.1568E+06 -2.5952E+01 -2.0000E-03   1 -15
 -9.8139E-05  2.8131E-04 -7.7801E+00 -6.2367E+05  1.7806E+06 -1.9786E+06 -2.5951E+01 -2.0000E-03   1 -15
 -4.9427E-04  7.8552E-04 -7.7801E+00 -3.1115E+06  4.9728E+06 -4.0919E+06 -2.5951E+01 -2.0000E-03   1 -15
  3.2503E-04 -6.6750E-05 -7.7801E+00  2.0523E+06 -4.4239E+05  9.6905E+05 -2.5952E+01 -2.0000E-03   1 -15
 -1.5861E-04 -5.8566E-04 -7.7800E+00 -9.8894E+05 -3.7702E+06  3.8318E+06 -2.5951E+01 -2.0000E-03   1 -15
 -5.9662E-04  6.7541E-05 -7.7799E+00 -3.7666E+06  4.2719E+05 -2.9560E+06 -2.5951E+01 -2.0000E-03   1 -15
 -1.8594E-04  1.0860E-04 -7.7800E+00 -1.1907E+06  6.9554E+05  9.6286E+05 -2.5951E+01 -2.0000E-03   1 -15
  3.3906E-04 -1.2202E-04 -7.7802E+00  2.1382E+06 -7.8598E+05 -4.2940E+06 -2.5952E+01 -2.0000E-03   1 -15
 -7.5927E-05  1.4537E-04 -7.7799E+00 -4.8539E+05  9.1831E+05  1.6077E+06 -2.5951E+01 -2.0000E-03   1 -15
  2.4110E-04  9.7660E-05 -7.7799E+00  1.5519E+06  5.8998E+05  3.6532E+06 -2.5951E+01 -2.0000E-03   1 -15
 -1.0734E-04  8.2744E-04 -7.7801E+00 -6.6877E+05  5.2507E+06 -3.7049E+06 -2.5952E+01 -2.0000E-03   1 -15
 -3.9461E-04  4.7162E-04 -7.7802E+00 -2.5563E+06  3.0094E+06  2.0799E+06 -2.5952E+01 -2.0000E-03   1 -15
  1.5623E-04 -5.9491E-06 -7.7801E+00  9.9233E+05 -4.7775E+04  4.6139E+06 -2.5952E+01 -2.0000E-03   1 -15
  2.3351E-04 -9.2186E-05 -7.7799E+00  1.4882E+06 -5.9078E+05 -1.3618E+06 -2.5951E+01 -2.0000E-03   1 -15
 -6.3953E-04  5.0004E-04 -7.7800E+00 -4.0600E+06  3.1985E+06  9.2211E+05 -2.5951E+01 -2.0000E-03   1 -15
  4.5488E-04 -4.1633E-04 -7.7801E+00  2.8855E+06 -2.6472E+06 -1.8598E+06 -2.5952E+01 -2.0000E-03   1 -15
  1.1040E-04  5.4280E-05 -7.7801E+00  7.0545E+05  3.6730E+05 -1.7496E+06 -2.5951E+01 -2.0000E-03   1 -15
  9.1480E-04 -5.8478E-04 -7.7800E+00  5.8136E+06 -3.7390E+06  1.9379E+05 -2.5952E+01 -2.0000E-03   1 -15
 -3.3934E-04  2.3976E-04 -7.7801E+00 -2.1575E+06  1.5426E+06  7.0301E+05 -2.5952E+01 -2.0000E-03   1 -15
 -3.4675E-05 -1.7986E-04 -7.7799E+00 -2.1823E+05 -1.1685E+06 -4.4669E+06 -2.5951E+01 -2.0000E-03   1 -15
  7.3901E-04  1.1263E-04 -7.7802E+00  4.7473E+06  7.1868E+05  4.1879E+06 -2.5952E+01 -2.0000E-03   1 -15
  3.1801E-04 -2.2181E-05 -7.7799E+00  2.0153E+06 -1.6075E+05 -1.6884E+06 -2.5951E+01 -2.0000E-03   1 -15
 -4.7914E-04  3.4969E-04 -7.7799E+00 -3.0086E+06  2.1913E+06 -3.7263E+06 -2.5951E+01 -2.0000E-03   1 -15
 -2.7914E-04  3.9998E-04 -7.7800E+00 -1.7781E+06  2.5123E+06  5.7607E+05 -2.5951E+01 -2.0000E-03   1 -15
 -8.0605E-04 -5.5952E-04 -7.7801E+00 -5.1385E+06 -3.5969E+06  5.3041E+06 -2.5952E+01 -2.0000E-03   1 -15
  1.7057E-04  6.4659E-04 -7.7800E+00  1.0723E+06  4.1453E+06  8.9052E+05 -2.5952E+01 -2.0000E-03   1 -15
  1.1243E-03 -2.4441E-04 -7.7799E+00  7.1796E+06 -1.5722E+06  5.4208E+06 -2.5951E+01 -2.0000E-03   1 -15
 -3.0411E-04  2.5072E-04 -7.7801E+00 -1.9109E+06  1.6034E+06 -3.1311E+06 -2.5952E+01 -2.0000E-03   1 -15
  3.5848E-05 -5.8389E-04 -7.7799E+00  2.2694E+05 -3.7300E+06  2.5025E+05 -2.5951E+01 -2.0000E-03   1 -15
 -5.6100E-04  2.0721E-04 -7.7801E+00 -3.5782E+06  1.3340E+06  1.9102E+06 -2.5952E+01 -2.0000E-03   1 -15
  4.1853E-04 -1.1492E-04 -7.7801E+00  2.6423E+06 -7.3595E+05  7.9600E+05 -2.5951E+01 -2.0000E-03   1 -15
  7.1367E-05 -7.3717E-06 -7.7802E+00  4.5552E+05 -4.3758E+04 -5.8793E+06 -2.5952E+01 -2.0000E-03   1 -15
  3.4630E-04 -2.4452E-04 -7.7802E+00  2.2110E+06 -1.5664E+06  2.5552E+06 -2.5952E+01 -2.0000E-03   1 -15
  5.6240E-04  8.9716E-04 -7.7800E+00  3.5593E+06  5.6762E+06 -6.0451E+06 -2.5951E+01 -2.0000E-03   1 -15
  3.2038E-04 -1.0649E-03 -7.7800E+00  2.0114E+06 -6.7701E+06  7.0252E+05 -2.5951E+01 -2.0000E-03   1 -15
 -6.8690E-04 -3.6731E-04 -7.7802E+00 -4.3807E+06 -2.3623E+06 -1.2233E+06 -2.5952E+01 -2.0000E-03   1 -15
 -1.7406E-04 -3.9004E-04 -7.7800E+00 -1.0947E+06 -2.5002E+06  4.6305E+05 -2.5951E+01 -2.0000E-03   1 -15
  1.0919E-04  3.0958E-04 -7.7801E+00  6.9171E+05  1.9662E+06 -4.9319E+06 -2.5951E+01 -2.0000E-03   1 -15
 -3.4647E-04  6.6545E-04 -7.7802E+00 -2.2134E+06  4.2401E+06  7.0770E+04 -2.5952E+01 -2.0000E-03   1 -15
  2.6314E-04  1.3008E-03 -7.7800E+00  1.6833E+06  8.3185E+06  2.6862E+06 -2.5951E+01 -2.0000E-03   1 -15
  2.8385E-04 -3.9071E-04 -7.7802E+00  1.7874E+06 -2.4597E+06 -4.2512E+06 -2.5952E+01 -2.0000E-03   1 -15
  7.7807E-04 -2.7860E-04 -7.7802E+00  4.9278E+06 -1.7944E+06 -2.4001E+06 -2.5952E+01 -2.0000E-03   1 -15
  5.6249E-04 -2.9755E-04 -7.7799E+00  3.5529E+06 -1.8719E+06 -1.5626E+06 -2.5951E+01 -2.0000E-03   1 -15
 -5.9514E-04  3.1323E-04 -7.7801E+00 -3.7953E+06  1.9971E+06  1.4645E+06 -2.5952E+01 -2.0000E-03   1 -15
 -6.7495E-04 -1.4455E-04 -7.7800E+00 -4.2770E+06 -9.2630E+05 -7.0417E+05 -2.5952E+01 -2.0000E-03   1 -15
 -4.5234E-06  3.7676E-04 -7.7802E+00 -4.1188E+04  2.4016E+06 -1.9233E+04 -2.5952E+01 -2.0000E-03   1 -15
  1.0314E-04 -5.0787E-05 -7.7800E+00  6.4217E+05 -3.2836E+05 -3.1467E+06 -2.5951E+01 -2.0000E-03   1 -15
 -6.5781E-05 -2.8740E-04 -7.7801E+00 -4.1983E+05 -1.8218E+06 -3.1917E+06 -2.5952E+01 -2.0000E-03   1 -15
 -4.4445E-04 -2.4040E-04 -7.7799E+00 -2.8297E+06 -1.5320E+06  3.5818E+06 -2.5951E+01 -2.0000E-03   1 -15
  2.5988E-04 -3.1250E-04 -7.7799E+00  1.6417E+06 -1.9804E+06  7.2364E+05 -2.5951E+01 -2.0000E-03   1 -15
  4.7470E-04 -5.2721E-04 -7.7801E+00  2.9979E+06 -3.3606E+06  1.1502E+06 -2.5952E+01 -2.0000E-03   1 -15
 -5.6133E-04  9.0635E-05 -7.7801E+00 -3.5693E+06  5.8672E+05 -1.0938E+06 -2.5952E+01 -2.0000E-03   1 -15
  8.8851E-05 -4.4556E-04 -7.7800E+00  5.6346E+05 -2.8101E+06 -6.0657E+05 -2.5951E+01 -2.0000E-03   1 -15
 -5.9638E-04 -2.8607E-04 -7.7802E+00 -3.7813E+06 -1.7837E+06 -2.7216E+06 -2.5951E+01 -2.0000E-03   1 -15
  3.5945E-04 -4.9494E-05 -7.7802E+00  2.3057E+06 -3.1834E+05  3.8823E+05 -2.5952E+01 -2.0000E-03   1 -15
 -2.5188E-04  4.0250E-04 -7.7802E+00 -1.5990E+06  2.5642E+06  4.2111E+05 -2.5952E+01 -2.0000E-03   1 -15
 -4.9655E-05  2.8780E-04 -7.7801E+00 -3.1956E+05  1.8262E+06 -1.5182E+05 -2.5951E+01 -2.0000E-03   1 -15
  5.5994E-04 -2.8603E-04 -7.7802E+00  3.5688E+06 -1.8118E+06  2.2782E+06 -2.5952E+01 -2.0000E-03   1 -15
 -6.5442E-05  2.2322E-04 -7.7799E+00 -4.2282E+05  1.4052E+06  2.8264E+06 -2.5951E+01 -2.0000E-03   1 -15
 -4.0743E-04 -1.1371E-04 -7.7800E+00 -2.5728E+06 -7.2212E+05 -2.6051E+06 -2.5952E+01 -2.0000E-03   1 -15
 -8.1045E-04 -1.0851E-04 -7.7801E+00 -5.1721E+06 -6.9123E+05  2.9116E+06 -2.5952E+01 -2.0000E-03   1 -15
  1.1356E-03  1.0247E-04 -7.7800E+00  7.2041E+06  6.6938E+05  2.7998E+06 -2.5951E+01 -2.0000E-03   1 -15
  3.8980E-04  8.2108E-06 -7.7799E+00  2.4764E+06  3.7899E+04  2.0804E+06 -2.5951E+01 -2.0000E-03   1 -15
 -1.6816E-04  5.7008E-04 -7.7799E+00 -1.0669E+06  3.6601E+06  2.3662E+06 -2.5951E+01 -2.0000E-03   1 -15
 -5.5346E-04  3.8469E-04 -7.7800E+00 -3.4944E+06  2.4637E+06  8.8743E+05 -2.5951E+01 -2.0000E-03   1 -15
  5.7897E-04  1.7789E-04 -7.7801E+00  3.6504E+06  1.1271E+06 -7.2573E+06 -2.5952E+01 -2.0000E-03   1 -15
  2.7362E-04  4.4548E-04 -7.7799E+00  1.7306E+06  2.8275E+06 -5.0103E+06 -2.5951E+01 -2.0000E-03   1 -15
 -1.2369E-04  1.8972E-04 -7.7801E+00 -7.8925E+05  1.2180E+06 -3.0882E+04 -2.5951E+01 -2.0000E-03   1 -15
 -3.2697E-04 -1.8996E-04 -7.7801E+00 -2.0710E+06 -1.2136E+06 -1.7206E+06 -2.5952E+01 -2.0000E-03   1 -15
 -4.7413E-04 -4.8543E-04 -7.7802E+00 -2.9957E+06 -3.0736E+06 -3.5207E+06 -2.5952E+01 -2.0000E-03   1 -15
  2.6981E-04  1.4940E-04 -7.7799E+00  1.6970E+06  9.4941E+05 -1.7209E+06 -2.5951E+01 -2.0000E-03   1 -15
 -1.8269E-04 -5.8345E-05 -7.7800E+00 -1.1674E+06 -3.6590E+05 -1.3868E+06 -2.5951E+01 -2.0000E-03   1 -15
 -3.3685E-04  1.4834E-04 -7.7799E+00 -2.1153E+06  9.3658E+05  3.4052E+05 -2.5951E+01 -2.0000E-03   1 -15
  8.4581E-04 -8.2414E-04 -7.7800E+00  5.3682E+06 -5.2753E+06  1.5387E+06 -2.5951E+01 -2.0000E-03   1 -15
  2.6044E-04  1.2515E-04 -7.7802E+00  1.6382E+06  8.2074E+05  8.9548E+05 -2.5952E+01 -2.0000E-03   1 -15
 -1.0355E-03  1.5829E-04 -7.7799E+00 -6.5694E+06  1.0295E+06 -6.4108E+05 -2.5951E+01 -2.0000E-03   1 -15
  4.3753E-05 -5.3849E-04 -7.7802E+00  2.5804E+05 -3.4505E+06  4.4740E+06 -2.5952E+01 -2.0000E-03   1 -15
  6.6889E-05 -5.3342E-04 -7.7802E+00  4.3653E+05 -3.3699E+06 -3.9863E+06 -2.5952E+01 -2.0000E-03   1 -15
  1.0445E-03  6.0291E-05 -7.7802E+00  6.6519E+06  3.7672E+05  5.1487E+05 -2.5952E+01 -2.0000E-03   1 -15
  3.7496E-04 -1.2036E-04 -7.7799E+00  2.3919E+06 -7.7704E+05  1.5875E+06 -2.5951E+01 -2.0000E-03   1 -15
  1.7029E-04 -4.2430E-04 -7.7799E+00  1.0705E+06 -2.7177E+06  7.0796E+05 -2.5951E+01 -2.0000E-03   1 -15
  2.1613E-06 -3.9320E-04 -7.7800E+00  1.1891E+04 -2.4980E+06  1.5673E+06 -2.5951E+01 -2.0000E-03   1 -15
 -2.9338E-04 -1.5835E-04 -7.7801E+00 -1.8941E+06 -1.0133E+06  3.3616E+06 -2.5952E+01 -2.0000E-03   1 -15
  9.9247E-04 -1.9451E-04 -7.7802E+00  6.2876E+06 -1.2389E+06 -3.7846E+06 -2.5952E+01 -2.0000E-03   1 -15
  2.3053E-04 -3.6726E-04 -7.7801E+00  1.4499E+06 -2.3171E+06 -2.1852E+06 -2.5951E+01 -2.0000E-03   1 -15
  1.5494E-04  2.8851E-04 -7.7802E+00  1.0028E+06  1.8520E+06 -6.9957E+05 -2.5952E+01 -2.0000E-03   1 -15
  4.6164E-04  1.7299E-04 -7.7801E+00  2.9564E+06  1.1089E+06  3.1142E+06 -2.5951E+01 -2.0000E-03   1 -15
  2.4411E-04 -8.8622E-04 -7.7801E+00  1.5567E+06 -5.6712E+06  4.4405E+06 -2.5952E+01 -2.0000E-03   1 -15
  6.8265E-04 -5.2202E-04 -7.7799E+00  4.3162E+06 -3.3241E+06 -6.2639E+05 -2.5951E+01 -2.0000E-03   1 -15
  2.3506E-04  2.8048E-04 -7.7802E+00  1.4900E+06  1.7991E+06  1.0137E+06 -2.5953E+01 -2.0000E-03   1 -15
  1.3113E-03 -3.0312E-04 -7.7800E+00  8.3024E+06 -1.9131E+06 -1.4791E+06 -2.5951E+01 -2.0000E-03   1 -15
 -1.7163E-04 -1.6607E-04 -7.7800E+00 -1.0984E+06 -1.0651E+06  2.4005E+06 -2.5951E+01 -2.0000E-03   1 -15
  3.3880E-04 -7.5256E-04 -7.7801E+00  2.1458E+06 -4.7803E+06 -3.4420E+05 -2.5952E+01 -2.0000E-03   1 -15
  3.7986E-04  5.0281E-04 -7.7801E+00  2.4388E+06  3.2090E+06  3.8440E+06 -2.5951E+01 -2.0000E-03   1 -15
 -5.7285E-05  1.2820E-04 -7.7800E+00 -3.8296E+05  8.2223E+05 -4.3705E+05 -2.5951E+01 -2.0000E-03   1 -15
  3.2375E-05  1.1572E-04 -7.7801E+00  1.9838E+05  7.2443E+05 -2.8662E+05 -2.5951E+01 -2.0000E-03   1 -15
 -5.7248E-04 -4.0846E-05 -7.7800E+00 -3.6431E+06 -2.5002E+05 -1.6311E+06 -2.5951E+01 -2.0000E-03   1 -15
  2.3193E-04  4.0997E-04 -7.7799E+00  1.4856E+06  2.6193E+06  1.6546E+04 -2.5951E+01 -2.0000E-03   1 -15
  2.3946E-05 -2.1476E-04 -7.7802E+00  1.3810E+05 -1.3611E+06 -2.9098E+06 -2.5952E+01 -2.0000E-03   1 -15
  1.1276E-04 -2.1997E-04 -7.7802E+00  7.1759E+05 -1.3967E+06  3.6490E+06 -2.5952E+01 -2.0000E-03   1 -15
 -7.1377E-05  6.3951E-04 -7.7800E+00 -4.6560E+05  4.1035E+06  1.4238E+06 -2.5951E+01 -2.0000E-03   1 -15
  3.6446E-04  4.9971E-04 -7.7800E+00  2.3282E+06  3.1947E+06  2.8155E+06 -2.5951E+01 -2.0000E-03   1 -15
 -6.8807E-05  4.2972E-04 -7.7800E+00 -4.3116E+05  2.7459E+06 -2.6832E+04 -2.5952E+01 -2.0000E-03   1 -15
 -2.5268E-04  3.1347E-04 -7.7802E+00 -1.6074E+06  2.0269E+06 -1.6648E+06 -2.5952E+01 -2.0000E-03   1 -15
  4.7907E-04 -3.6640E-05 -7.7801E+00  3.0411E+06 -2.3424E+05  2.0666E+06 -2.5952E+01 -2.0000E-03   1 -15
 -3.3623E-04 -8.2671E-04 -7.7800E+00 -2.1258E+06 -5.2552E+06  1.4510E+06 -2.5951E+01 -2.0000E-03   1 -15
 -4.9452E-04 -3.0464E-04 -7.7800E+00 -3.1203E+06 -1.9431E+06 -1.3802E+06 -2.5951E+01 -2.0000E-03   1 -15
 -4.1821E-04 -5.3778E-04 -7.7802E+00 -2.6759E+06 -3.4346E+06  3.5896E+06 -2.5952E+01 -2.0000E-03   1 -15
 -5.2046E-04  8.2136E-05 -7.7800E+00 -3.2949E+06  5.3441E+05 -7.7752E+05 -2.5952E+01 -2.0000E-03   1 -15
  1.8110E-04 -5.3868E-04 -7.7799E+00  1.1541E+06 -3.4136E+06 -3.3235E+05 -2.5951E+01 -2.0000E-03   1 -15
  1.1427E-05 -2.0315E-05 -7.7800E+00  1.0147E+05 -1.2866E+05 -4.6325E+05 -2.5951E+01 -2.0000E-03   1 -15
  4.0596E-05 -7.0609E-04 -7.7800E+00  2.4781E+05 -4.4954E+06 -3.9196E+05 -2.5951E+01 -2.0000E-03   1 -15
 -7.3173E-04  5.3657E-05 -7.7800E+00 -4.6567E+06  3.4952E+05  2.1835E+06 -2.5951E+01 -2.0000E-03   1 -15
  2.0612E-04 -7.1044E-04 -7.7799E+00  1.2980E+06 -4.5528E+06  3.3853E+05 -2.5951E+01 -2.0000E-03   1 -15
 -2.0440E-04 -4.8384E-04 -7.7801E+00 -1.3203E+06 -3.0925E+06  3.4896E+06 -2.5952E+01 -2.0000E-03   1 -15
 -3.8298E-04 -5.0143E-04 -7.7800E+00 -2.4229E+06 -3.1950E+06  7.0508E+04 -2.5951E+01 -2.0000E-03   1 -15
 -5.2616E-04 -5.1737E-04 -7.7801E+00 -3.3572E+06 -3.3016E+06  1.0759E+06 -2.5951E+01 -2.0000E-03   1 -15
  3.0518E-04 -4.1024E-04 -7.7802E+00  1.9476E+06 -2.6348E+06  4.8819E+06 -2.5952E+01 -2.0000E-03   1 -15
  3.2908E-04 -3.7278E-04 -7.7800E+00  2.0752E+06 -2.3868E+06 -7.1239E+05 -2.5952E+01 -2.0000E-03   1 -15
 -2.1713E-04  1.5765E-04 -7.7801E+00 -1.3650E+06  1.0179E+06 -6.8125E+05 -2.5952E+01 -2.0000E-03   1 -15
 -1.7866E-04  4.8877E-04 -7.7802E+00 -1.1414E+06  3.1369E+06  2.5005E+06 -2.5952E+01 -2.0000E-03   1 -15
  1.2849E-04 -6.9720E-04 -7.7800E+00  8.1480E+05 -4.4409E+06  3.6194E+06 -2.5951E+01 -2.0000E-03   1 -15
 -1.9452E-04  2.8604E-04 -7.7802E+00 -1.2372E+06  1.8136E+06 -1.2865E+06 -2.5952E+01 -2.0000E-03   1 -15
  1.2868E-03  7.1886E-04 -7.7801E+00  8.1234E+06  4.5385E+06 -3.6245E+06 -2.5951E+01 -2.0000E-03   1 -15
 -5.0697E-04  8.7401E-04 -7.7799E+00 -3.2355E+06  5.5904E+06  4.4773E+06 -2.5951E+01 -2.0000E-03   1 -15
 -6.0998E-04 -1.2014E-04 -7.7801E+00 -3.8774E+06 -7.6453E+05 -3.8775E+06 -2.5952E+01 -2.0000E-03   1 -15
  3.3478E-04  9.8708E-04 -7.7799E+00  2.0953E+06  6.2823E+06 -3.5506E+06 -2.5951E+01 -2.0000E-03   1 -15
  2.7650E-04 -9.4148E-04 -7.7800E+00  1.7588E+06 -6.0133E+06 -5.6858E+05 -2.5952E+01 -2.0000E-03   1 -15
  3.9589E-04  1.3435E-04 -7.7801E+00  2.5172E+06  8.5599E+05  1.5474E+05 -2.5952E+01 -2.0000E-03   1 -15
  2.0135E-04 -1.6022E-05 -7.7800E+00  1.2916E+06 -1.0642E+05  3.3694E+06 -2.5951E+01 -2.0000E-03   1 -15
  4.4506E-04 -2.3572E-04 -7.7802E+00  2.8392E+06 -1.5159E+06 -2.1615E+05 -2.5952E+01 -2.0000E-03   1 -15
 -5.9567E-04  3.6389E-04 -7.7800E+00 -3.7987E+06  2.3332E+06  3.0165E+06 -2.5951E+01 -2.0000E-03   1 -15
 -9.0217E-05 -1.1730E-04 -7.7799E+00 -5.5479E+05 -7.5773E+05 -4.9523E+06 -2.5951E+01 -2.0000E-03   1 -15
 -3.1346E-04 -1.5956E-04 -7.7801E+00 -2.0121E+06 -1.0380E+06  5.5624E+06 -2.5952E+01 -2.0000E-03   1 -15
 -1.3710E-03  7.0201E-04 -7.7799E+00 -8.6215E+06  4.4602E+06 -3.6392E+06 -2.5951E+01 -2.0000E-03   1 -15
  8.1907E-04  7.4827E-04 -7.7799E+00  5.1832E+06  4.7713E+06 -9.1500E+05 -2.5951E+01 -2.0000E-03   1 -15
  6.5253E-04  3.3486E-04 -7.7801E+00  4.1587E+06  2.1357E+06  3.2539E+06 -2.5952E+01 -2.0000E-03   1 -15
 -4.4060E-04 -2.3887E-04 -7.7801E+00 -2.7919E+06 -1.5553E+06  2.3789E+06 -2.5952E+01 -2.0000E-03   1 -15
 -3.5001E-04 -7.3492E-04 -7.7800E+00 -2.2293E+06 -4.6993E+06  2.2829E+06 -2.5951E+01 -2.0000E-03   1 -15
 -5.0950E-04  4.1404E-04 -7.7802E+00 -3.2685E+06  2.6306E+06  6.2916E+06 -2.5952E+01 -2.0000E-03   1 -15
 -4.8332E-04 -8.3760E-04 -7.7799E+00 -3.0804E+06 -5.3327E+06  1.3460E+06 -2.5951E+01 -2.0000E-03   1 -15
  6.0379E-04 -1.7409E-04 -7.7802E+00  3.8793E+06 -1.1159E+06 -1.7094E+06 -2.5952E+01 -2.0000E-03   1 -15
 -2.8358E-04 -2.7547E-04 -7.7800E+00 -1.7667E+06 -1.7306E+06 -5.0848E+06 -2.5951E+01 -2.0000E-03   1 -15
 -3.3072E-04  7.6683E-04 -7.7799E+00 -2.0831E+06  4.8748E+06  1.3450E+06 -2.5951E+01 -2.0000E-03   1 -15
 -1.7787E-04 -3.2741E-04 -7.7801E+00 -1.1333E+06 -2.1106E+06  2.8196E+06 -2.5952E+01 -2.0000E-03   1 -15
  7.5313E-05 -8.3855E-04 -7.7800E+00  4.6737E+05 -5.3254E+06 -3.2532E+06 -2.5951E+01 -2.0000E-03   1 -15
  8.6973E-05  5.0658E-05 -7.7800E+00  5.5402E+05  3.1880E+05  1.7460E+06 -2.5951E+01 -2.0000E-03   1 -15
  4.1460E-05 -3.0350E-04 -7.7801E+00  2.4700E+05 -1.9369E+06  1.7648E+06 -2.5951E+01 -2.0000E-03   1 -15
  2.6523E-04 -4.6429E-04 -7.7800E+00  1.6397E+06 -2.9290E+06 -6.9016E+06 -2.5951E+01 -2.0000E-03   1 -15
 -1.4307E-04  3.3911E-05 -7.7802E+00 -9.2718E+05  2.0923E+05  5.1837E+06 -2.5952E+01 -2.0000E-03   1 -15
 -2.9654E-04 -1.1531E-05 -7.7802E+00 -1.8778E+06 -8.4684E+04  2.7030E+06 -2.5952E+01 -2.0000E-03   1 -15
  1.0618E-03  5.8306E-04 -7.7800E+00  6.7824E+06  3.7389E+06  3.4651E+06 -2.5951E+01 -2.0000E-03   1 -15
 -3.2675E-04  6.7716E-04 -7.7801E+00 -2.0949E+06  4.3286E+06 -4.3685E+05 -2.5952E+01 -2.0000E-03   1 -15
  1.3275E-05 -3.5713E-04 -7.7801E+00  7.3421E+04 -2.2696E+06  8.0728E+05 -2.5952E+01 -2.0000E-03   1 -15
 -7.3814E-04 -9.5688E-04 -7.7800E+00 -4.6357E+06 -6.0570E+06 -4.5228E+06 -2.5951E+01 -2.0000E-03   1 -15
  6.3652E-04 -6.6443E-05 -7.7800E+00  4.0328E+06 -4.2561E+05  2.8225E+04 -2.5951E+01 -2.0000E-03   1 -15
  3.5972E-04 -2.1300E-04 -7.7799E+00  2.2916E+06 -1.3564E+06  3.8686E+06 -2.5951E+01 -2.0000E-03   1 -15
 -6.8454E-05 -3.3328E-04 -7.7800E+00 -4.3790E+05 -2.0819E+06 -5.1720E+06 -2.5951E+01 -2.0000E-03   1 -15
 -2.8607E-04  4.8508E-04 -7.7801E+00 -1.8159E+06  3.1037E+06  1.0852E+06 -2.5952E+01 -2.0000E-03   1 -15
  4.9038E-04  4.4064E-04 -7.7800E+00  3.1137E+06  2.7910E+06  7.9204E+05 -2.5951E+01 -2.0000E-03   1 -15
 -3.9624E-04 -1.3389E-04 -7.7799E+00 -2.5190E+06 -8.4832E+05  1.7097E+06 -2.5951E+01 -2.0000E-03   1 -15
 -2.0866E-04  9.5166E-05 -7.7800E+00 -1.3174E+06  6.0697E+05  1.5862E+06 -2.5951E+01 -2.0000E-03   1 -15
  8.5345E-04 -3.6943E-05 -7.7801E+00  5.3768E+06 -2.4903E+05 -5.3305E+06 -2.5952E+01 -2.0000E-03   1 -15
 -2.6061E-04 -6.4887E-05 -7.7799E+00 -1.6459E+06 -4.4988E+05 -1.8750E+06 -2.5951E+01 -2.0000E-03   1 -15
 -2.9317E-04 -9.1341E-05 -7.7800E+00 -1.8648E+06 -5.7874E+05 -9.9713E+05 -2.5951E+01 -2.0000E-03   1 -15
 -2.8088E-04  1.3940E-04 -7.7801E+00 -1.8081E+06  8.8436E+05  3.7383E+06 -2.5952E+01 -2.0000E-03   1 -15
  1.0996E-03 -3.7257E-04 -7.7802E+00  7.0253E+06 -2.3869E+06  1.7817E+06 -2.5952E+01 -2.0000E-03   1 -15
 -2.3314E-04 -3.3013E-04 -7.7801E+00 -1.4998E+06 -2.0807E+06 -1.2380E+06 -2.5951E+01 -2.0000E-03   1 -15
 -5.4860E-04 -4.3296E-04 -7.7800E+00 -3.4911E+06 -2.7659E+06  5.4456E+06 -2.5951E+01 -2.0000E-03   1 -15
 -6.0089E-06 -1.9146E-05 -7.7800E+00 -2.9329E+04 -1.3328E+05  4.0417E+05 -2.5951E+01 -2.0000E-03   1 -15
  3.4331E-04 -4.2759E-04 -7.7799E+00  2.1576E+06 -2.7240E+06 -2.1186E+05 -2.5951E+01 -2.0000E-03   1 -15
  5.4357E-04 -4.2608E-04 -7.7802E+00  3.4353E+06 -2.6703E+06 -5.8876E+06 -2.5952E+01 -2.0000E-03   1 -15
  6.1797E-04  3.5344E-04 -7.7802E+00  3.9375E+06  2.2682E+06  8.1845E+05 -2.5952E+01 -2.0000E-03   1 -15
  1.2178E-03  4.5906E-04 -7.7799E+00  7.7628E+06  2.9375E+06  4.0662E+06 -2.5951E+01 -2.0000E-03   1 -15
  1.0320E-04  3.9091E-04 -7.7799E+00  6.3691E+05  2.4868E+06 -2.7770E+06 -2.5951E+01 -2.0000E-03   1 -15
 -1.5315E-04 -5.0039E-04 -7.7801E+00 -9.6537E+05 -3.1939E+06 -8.4117E+05 -2.5952E+01 -2.0000E-03   1 -15
  2.1926E-05 -8.6222E-04 -7.7801E+00  1.4141E+05 -5.5087E+06  2.7891E+06 -2.5951E+01 -2.0000E-03   1 -15
  1.3549E-04  1.2417E-03 -7.7800E+00  8.7501E+05  7.9527E+06  3.8935E+06 -2.5951E+01 -2.0000E-03   1 -15
 -7.5525E-04 -2.2237E-04 -7.7802E+00 -4.7941E+06 -1.4087E+06 -8.7312E+05 -2.5952E+01 -2.0000E-03   1 -15
 -4.9203E-04 -4.5496E-04 -7.7801E+00 -3.1213E+06 -2.9129E+06  6.3358E+04 -2.5951E+01 -2.0000E-03   1 -15
 -6.9420E-04  4.5427E-04 -7.7800E+00 -4.4295E+06  2.9374E+06  3.6909E+06 -2.5951E+01 -2.0000E-03   1 -15
 -4.5556E-04 -1.4831E-04 -7.7800E+00 -2.8610E+06 -9.3234E+05  9.7705E+05 -2.5951E+01 -2.0000E-03   1 -15
  4.5685E-04  2.6682E-04 -7.7801E+00  2.8785E+06  1.6951E+06 -8.9060E+05 -2.5952E+01 -2.0000E-03   1 -15
  5.1352E-04 -4.6693E-04 -7.7801E+00  3.2827E+06 -2.9798E+06  4.8064E+06 -2.5952E+01 -2.0000E-03   1 -15
  7.3915E-05 -4.2398E-04 -7.7801E+00  4.6265E+05 -2.7563E+06  4.8793E+06 -2.5952E+01 -2.0000E-03   1 -15
 -4.6311E-04  3.2163E-04 -7.7801E+00 -2.9329E+06  2.0377E+06 -2.0222E+06 -2.5951E+01 -2.0000E-03   1 -15
 -1.5336E-05 -3.9254E-04 -7.7801E+00 -1.1402E+05 -2.5234E+06 -1.0599E+06 -2.5952E+01 -2.0000E-03   1 -15
  7.8772E-04 -5.6267E-04 -7.7802E+00  4.9942E+06 -3.5870E+06  5.5678E+05 -2.5952E+01 -2.0000E-03   1 -15
 -4.5609E-04 -4.5139E-05 -7.7799E+00 -2.8824E+06 -3.0739E+05 -1.3628E+06 -2.5951E+01 -2.0000E-03   1 -15
  3.8077E-05 -1.5544E-04 -7.7801E+00  2.5271E+05 -9.9911E+05  9.7176E+05 -2.5952E+01 -2.0000E-03   1 -15
 -3.3736E-04 -4.5151E-04 -7.7799E+00 -2.1232E+06 -2.8733E+06  1.0413E+06 -2.5951E+01 -2.0000E-03   1 -15
 -9.5962E-05 -4.5442E-04 -7.7800E+00 -6.1515E+05 -2.8740E+06 -1.8250E+06 -2.5951E+01 -2.0000E-03   1 -15
 -1.8418E-04 -7.9916E-04 -7.7802E+00 -1.1523E+06 -5.0243E+06 -6.5780E+06 -2.5952E+01 -2.0000E-03   1 -15
 -1.5286E-04 -2.7185E-04 -7.7802E+00 -9.7480E+05 -1.7264E+06  2.0671E+06 -2.5952E+01 -2.0000E-03   1 -15
  9.1197E-04 -1.5955E-04 -7.7801E+00  5.7485E+06 -1.0268E+06 -2.2843E+06 -2.5951E+01 -2.0000E-03   1 -15
 -1.2022E-04  1.9541E-04 -7.7802E+00 -7.4772E+05  1.2383E+06 -1.8861E+06 -2.5952E+01 -2.0000E-03   1 -15
 -6.6718E-05 -2.2448E-04 -7.7800E+00 -4.3530E+05 -1.4500E+06 -3.6588E+05 -2.5951E+01 -2.0000E-03   1 -15
 -1.9789E-04  4.3643E-04 -7.7802E+00 -1.2576E+06  2.7703E+06  2.2699E+06 -2.5952E+01 -2.0000E-03   1 -15
  4.7906E-04  8.6416E-04 -7.7802E+00  3.0611E+06  5.5137E+06 -2.6776E+05 -2.5952E+01 -2.0000E-03   1 -15
 -5.4458E-04  8.9864E-05 -7.7801E+00 -3.4851E+06  5.8521E+05  3.1157E+06 -2.5952E+01 -2.0000E-03   1 -15
  5.0566E-04  4.4178E-04 -7.7799E+00  3.2491E+06  2.8372E+06  5.6351E+06 -2.5951E+01 -2.0000E-03   1 -15
 -2.9543E-04 -4.6348E-04 -7.7800E+00 -1.8540E+06 -2.9495E+06  7.6843E+05 -2.5951E+01 -2.0000E-03   1 -15
 -2.1508E-04 -6.2907E-04 -7.7801E+00 -1.3501E+06 -4.0099E+06  2.6879E+06 -2.5951E+01 -2.0000E-03   1 -15
 -3.7746E-05  1.4802E-04 -7.7801E+00 -2.4265E+05  9.4644E+05  1.5835E+06 -2.5952E+01 -2.0000E-03   1 -15
  6.7611E-04 -2.9116E-04 -7.7802E+00  4.3138E+06 -1.8380E+06  2.7154E+06 -2.5952E+01 -2.0000E-03   1 -15
 -1.7528E-04  2.5434E-04 -7.7800E+00 -1.1175E+06  1.6249E+06 -4.8487E+06 -2.5951E+01 -2.0000E-03   1 -15
 -1.8994E-05 -3.1226E-04 -7.7800E+00 -9.4351E+04 -2.0093E+06 -1.1149E+06 -2.5951E+01 -2.0000E-03   1 -15
 -9.2865E-05 -5.3480E-04 -7.7801E+00 -5.8540E+05 -3.4145E+06  2.0177E+06 -2.5952E+01 -2.0000E-03   1 -15
 -5.9456E-04  5.7221E-04 -7.7802E+00 -3.7924E+06  3.6538E+06  4.3784E+06 -2.5951E+01 -2.0000E-03   1 -15
  7.3586E-04  3.7571E-05 -7.7800E+00  4.6677E+06  2.3191E+05  1.6508E+05 -2.5951E+01 -2.0000E-03   1 -15
 -1.0012E-03 -1.5114E-04 -7.7802E+00 -6.3260E+06 -9.5469E+05 -2.2592E+06 -2.5951E+01 -2.0000E-03   1 -15
 -7.5766E-06 -1.3894E-04 -7.7801E+00 -5.8755E+04 -8.9598E+05 -1.4593E+06 -2.5951E+01 -2.0000E-03   1 -15
 -1.1520E-04 -7.0873E-04 -7.7802E+00 -7.5351E+05 -4.5556E+06  1.8961E+06 -2.5952E+01 -2.0000E-03   1 -15
  7.3344E-04  3.0217E-04 -7.7800E+00  4.6795E+06  1.9292E+06  2.0442E+06 -2.5951E+01 -2.0000E-03   1 -15
  7.6825E-04 -3.2853E-05 -7.7800E+00  4.8670E+06 -2.0110E+05  1.6019E+05 -2.5951E+01 -2.0000E-03   1 -15
 -5.1061E-04  1.6090E-04 -7.7800E+00 -3.2431E+06  1.0077E+06  7.1520E+05 -2.5952E+01 -2.0000E-03   1 -15
 -2.4459E-04 -1.7862E-04 -7.7801E+00 -1.5553E+06 -1.1277E+06  3.7984E+06 -2.5952E+01 -2.0000E-03   1 -15
  3.0214E-05  3.4752E-04 -7.7799E+00  1.8639E+05  2.2078E+06  1.2585E+06 -2.5951E+01 -2.0000E-03   1 -15
  1.9789E-04 -3.4119E-04 -7.7802E+00  1.2811E+06 -2.1675E+06  1.2014E+06 -2.5952E+01 -2.0000E-03   1 -15
 -5.9416E-04  3.7332E-04 -7.7801E+00 -3.7858E+06  2.3988E+06  9.4253E+04 -2.5952E+01 -2.0000E-03   1 -15
 -1.8574E-04  3.6257E-04 -7.7800E+00 -1.1892E+06  2.3136E+06  4.2113E+06 -2.5951E+01 -2.0000E-03   1 -15
  9.5870E-04 -4.2817E-04 -7.7800E+00  6.0934E+06 -2.7479E+06  2.2169E+06 -2.5952E+01 -2.0000E-03   1 -15
  2.2470E-04 -2.4770E-04 -7.7802E+00  1.4078E+06 -1.5743E+06 -1.1303E+06 -2.5952E+01 -2.0000E-03   1 -15
 -2.4400E-04  2.2317E-04 -7.7801E+00 -1.5437E+06  1.4002E+06 -3.0554E+06 -2.5951E+01 -2.0000E-03   1 -15
  4.4655E-04  2.3313E-04 -7.7800E+00  2.8258E+06  1.4828E+06 -4.5037E+06 -2.5951E+01 -2.0000E-03   1 -15
 -7.4550E-04  6.0859E-04 -7.7802E+00 -4.7576E+06  3.8766E+06  1.3286E+06 -2.5952E+01 -2.0000E-03   1 -15
  6.5766E-04 -8.8246E-04 -7.7801E+00  4.2131E+06 -5.6279E+06  1.3705E+06 -2.5952E+01 -2.0000E-03   1 -15
  1.6623E-04  2.0401E-06 -7.7799E+00  1.0339E+06  2.5565E+04 -3.1189E+06 -2.5951E+01 -2.0000E-03   1 -15
 -3.8450E-04 -2.7105E-05 -7.7801E+00 -2.4607E+06 -1.7285E+05  3.5547E+06 -2.5952E+01 -2.0000E-03   1 -15
  6.0796E-04  9.6571E-04 -7.7800E+00  3.8318E+06  6.1289E+06 -3.6724E+06 -2.5951E+01 -2.0000E-03   1 -15
 -2.1764E-04  2.0230E-04 -7.7801E+00 -1.3709E+06  1.2777E+06 -1.5111E+06 -2.5952E+01 -2.0000E-03   1 -15
  5.7846E-04 -3.3833E-04 -7.7800E+00  3.6723E+06 -2.1350E+06 -4.8440E+05 -2.5951E+01 -2.0000E-03   1 -15
  5.8176E-04  3.1640E-04 -7.7800E+00  3.7014E+06  2.0155E+06  8.9284E+05 -2.5951E+01 -2.0000E-03   1 -15
 -6.1887E-04 -5.6492E-04 -7.7800E+00 -3.9220E+06 -3.6035E+06 -5.5600E+03 -2.5951E+01 -2.0000E-03   1 -15
  2.0168E-04  2.4463E-04 -7.7802E+00  1.2872E+06  1.5646E+06  5.0315E+05 -2.5952E+01 -2.0000E-03   1 -15
  2.6901E-04 -6.2796E-04 -7.7802E+00  1.7150E+06 -3.9826E+06 -2.9319E+06 -2.5952E+01 -2.0000E-03   1 -15
 -6.3131E-05 -9.9444E-04 -7.7802E+00 -4.2843E+05 -6.3433E+06  9.6368E+05 -2.5952E+01 -2.0000E-03   1 -15
  6.7052E-04  2.3255E-04 -7.7800E+00  4.2600E+06  1.4973E+06  2.1893E+06 -2.5951E+01 -2.0000E-03   1 -15
 -6.5905E-04  2.3806E-04 -7.7802E+00 -4.1875E+06  1.4971E+06 -4.2779E+05 -2.5952E+01 -2.0000E-03   1 -15
  1.6897E-04  2.0862E-04 -7.7801E+00  1.0987E+06  1.3261E+06  8.9107E+05 -2.5952E+01 -2.0000E-03   1 -15
 -8.0867E-05  1.8863E-04 -7.7802E+00 -4.9928E+05  1.2089E+06  3.1108E+06 -2.5952E+01 -2.0000E-03   1 -15
 -1.3502E-04 -6.0278E-04 -7.7801E+00 -8.6466E+05 -3.8467E+06  1.8867E+06 -2.5952E+01 -2.0000E-03   1 -15
 -5.1703E-04  7.3451E-04 -7.7801E+00 -3.3123E+06  4.6972E+06  4.1743E+06 -2.5952E+01 -2.0000E-03   1 -15
  1.7621E-04 -1.1723E-04 -7.7802E+00  1.1367E+06 -7.5418E+05  2.9653E+06 -2.5952E+01 -2.0000E-03   1 -15
  1.9199E-04  5.7381E-05 -7.7800E+00  1.2220E+06  3.7763E+05 -2.9389E+06 -2.5951E+01 -2.0000E-03   1 -15
 -1.7225E-05  7.7110E-04 -7.7802E+00 -9.2035E+04  4.9134E+06  1.1311E+06 -2.5952E+01 -2.0000E-03   1 -15
 -1.8539E-05  4.2292E-05 -7.7802E+00 -1.1267E+05  2.6872E+05  2.0848E+06 -2.5952E+01 -2.0000E-03   1 -15
  4.1102E-04 -7.0560E-05 -7.7799E+00  2.5939E+06 -4.5003E+05  1.3370E+06 -2.5951E+01 -2.0000E-03   1 -15
 -5.3804E-04  8.6455E-04 -7.7802E+00 -3.4099E+06  5.5138E+06  8.4481E+05 -2.5952E+01 -2.0000E-03   1 -15
  5.7084E-04  1.8035E-04 -7.7800E+00  3.6453E+06  1.1654E+06  4.3113E+06 -2.5951E+01 -2.0000E-03   1 -15
  9.6386E-05  7.4824E-04 -7.7801E+00  6.2326E+05  4.7272E+06 -2.2020E+06 -2.5951E+01 -2.0000E-03   1 -15
 -7.3720E-04  3.1093E-04 -7.7802E+00 -4.6800E+06  1.9834E+06  4.7934E+05 -2.5952E+01 -2.0000E-03   1 -15
 -3.6008E-04  2.6035E-04 -7.7802E+00 -2.2890E+06  1.6375E+06 -7.9374E+05 -2.5952E+01 -2.0000E-03   1 -15
  1.5346E-05  2.9043E-04 -7.7800E+00  1.0393E+05  1.8301E+06 -5.0947E+05 -2.5951E+01 -2.0000E-03   1 -15
 -3.1252E-04  8.5670E-05 -7.7800E+00 -1.9966E+06  5.5499E+05 -3.9270E+06 -2.5951E+01 -2.0000E-03   1 -15
 -1.4463E-04  1.0050E-04 -7.7801E+00 -9.0849E+05  6.2090E+05  2.9575E+06 -2.5952E+01 -2.0000E-03   1 -15
  2.4704E-04 -4.8548E-04 -7.7802E+00  1.5629E+06 -3.0819E+06 -2.0385E+06 -2.5952E+01 -2.0000E-03   1 -15
 -1.3054E-04  1.0272E-04 -7.7800E+00 -8.2977E+05  6.5948E+05  3.7913E+06 -2.5951E+01 -2.0000E-03   1 -15
  1.7882E-05 -2.5761E-04 -7.7801E+00  1.1926E+05 -1.6450E+06 -2.4681E+06 -2.5952E+01 -2.0000E-03   1 -15
  2.9088E-04  7.4554E-04 -7.7802E+00  1.8438E+06  4.7237E+06 -5.1140E+06 -2.5952E+01 -2.0000E-03   1 -15
  1.8524E-04 -4.2064E-04 -7.7800E+00  1.1544E+06 -2.6735E+06 -3.1512E+06 -2.5951E+01 -2.0000E-03   1 -15
  5.2364E-04  2.9213E-05 -7.7801E+00  3.3534E+06  1.9808E+05  1.0467E+06 -2.5951E+01 -2.0000E-03   1 -15
  6.5956E-04  7.4872E-05 -7.7802E+00  4.2099E+06  4.6527E+05 -2.8381E+06 -2.5952E+01 -2.0000E-03   1 -15
  3.1103E-04  2.4397E-04 -7.7801E+00  2.0211E+06  1.5636E+06  5.0247E+06 -2.5951E+01 -2.0000E-03   1 -15
  3.0671E-04  4.5263E-04 -7.7801E+00  1.9379E+06  2.9069E+06  1.5899E+06 -2.5952E+01 -2.0000E-03   1 -15
  3.8370E-04 -6.1032E-04 -7.7800E+00  2.4518E+06 -3.9091E+06  4.9234E+06 -2.5951E+01 -2.0000E-03   1 -15
  8.9728E-05 -4.6028E-04 -7.7802E+00  5.6559E+05 -2.9563E+06  2.0702E+06 -2.5952E+01 -2.0000E-03   1 -15
  2.9923E-05  1.2974E-04 -7.7799E+00  1.9953E+05  8.5385E+05 -3.6298E+06 -2.5951E+01 -2.0000E-03   1 -15
  1.1247E-03  3.3265E-04 -7.7800E+00  7.1360E+06  2.1184E+06  9.1219E+05 -2.5951E+01 -2.0000E-03   1 -15
  5.1930E-04  4.3259E-05 -7.7801E+00  3.3220E+06  2.6556E+05  6.7557E+04 -2.5951E+01 -2.0000E-03   1 -15
 -7.0943E-04  1.0189E-03 -7.7801E+00 -4.4972E+06  6.4748E+06 -1.2847E+06 -2.5952E+01 -2.0000E-03   1 -15
 -3.1948E-04  6.5979E-04 -7.7800E+00 -2.0338E+06  4.1863E+06 -1.9107E+06 -2.5951E+01 -2.0000E-03   1 -15
  1.5166E-03  5.1209E-04 -7.7802E+00  9.7093E+06  3.2947E+06  3.7833E+06 -2.5952E+01 -2.0000E-03   1 -15
  4.4677E-04  1.0495E-03 -7.7801E+00  2.8573E+06  6.6835E+06  1.6221E+06 -2.5951E+01 -2.0000E-03   1 -15
  1.9752E-04 -1.3850E-04 -7.7800E+00  1.2570E+06 -8.8410E+05  1.4379E+06 -2.5951E+01 -2.0000E-03   1 -15
  3.5819E-04  4.7371E-04 -7.7802E+00  2.2829E+06  3.0190E+06 -7.5573E+05 -2.5952E+01 -2.0000E-03   1 -15
 -9.1525E-04  8.7727E-04 -7.7802E+00 -5.8382E+06  5.5947E+06  1.6137E+06 -2.5952E+01 -2.0000E-03   1 -15
 -9.5639E-05  4.1011E-04 -7.7800E+00 -5.9347E+05  2.6337E+06  4.6424E+06 -2.5951E+01 -2.0000E-03   1 -15
  1.5239E-04  3.6077E-04 -7.7800E+00  9.8013E+05  2.3072E+06  8.9174E+05 -2.5952E+01 -2.0000E-03   1 -15
 -5.9451E-05 -8.0652E-04 -7.7799E+00 -3.7460E+05 -5.1495E+06  2.9053E+06 -2.5951E+01 -2.0000E-03   1 -15
  1.1805E-03  2.9901E-04 -7.7800E+00  7.4634E+06  1.8953E+06 -4.3877E+05 -2.5951E+01 -2.0000E-03   1 -15
  1.2192E-03 -3.2314E-04 -7.7801E+00  7.7910E+06 -2.0647E+06  3.3924E+06 -2.5951E+01 -2.0000E-03   1 -15
  1.1832E-04  7.6752E-04 -7.7801E+00  7.2443E+05  4.8499E+06 -6.7771E+06 -2.5951E+01 -2.0000E-03   1 -15
 -6.1455E-05  1.2192E-04 -7.7802E+00 -3.7704E+05  7.9662E+05  2.6901E+06 -2.5952E+01 -2.0000E-03   1 -15
 -1.2080E-03 -3.4187E-04 -7.7800E+00 -7.6845E+06 -2.1921E+06  3.2284E+06 -2.5951E+01 -2.0000E-03   1 -15
  1.4861E-04 -1.1225E-05 -7.7802E+00  9.4533E+05 -6.9464E+04 -4.0584E+05 -2.5952E+01 -2.0000E-03   1 -15
  2.3209E-04 -1.8827E-04 -7.7800E+00  1.4400E+06 -1.1930E+06 -1.6193E+06 -2.5951E+01 -2.0000E-03   1 -15
  2.1368E-04 -1.6121E-04 -7.7801E+00  1.3367E+06 -1.0151E+06 -4.7502E+06 -2.5952E+01 -2.0000E-03   1 -15
 -1.2558E-04 -2.9439E-04 -7.7801E+00 -7.9962E+05 -1.8747E+06  9.4995E+05 -2.5952E+01 -2.0000E-03   1 -15
 -5.4120E-04 -7.7321E-04 -7.7802E+00 -3.4458E+06 -4.9197E+06  8.0466E+05 -2.5952E+01 -2.0000E-03   1 -15
 -1.7679E-04  2.3761E-04 -7.7802E+00 -1.1180E+06  1.5162E+06  7.9178E+05 -2.5952E+01 -2.0000E-03   1 -15
 -1.9710E-04 -1.6642E-04 -7.7802E+00 -1.2425E+06 -1.0565E+06 -1.5057E+06 -2.5952E+01 -2.0000E-03   1 -15
 -6.7233E-05  2.4090E-05 -7.7801E+00 -4.2769E+05  1.7086E+05 -2.8096E+06 -2.5952E+01 -2.0000E-03   1 -15
  3.7902E-04  8.4674E-04 -7.7799E+00  2.3996E+06  5.3896E+06  3.3351E+06 -2.5951E+01 -2.0000E-03   1 -15
  3.0779E-04  5.4595E-04 -7.7800E+00  1.9627E+06  3.5047E+06  4.1158E+06 -2.5951E+01 -2.0000E-03   1 -15
 -3.6022E-04 -3.6202E-04 -7.7801E+00 -2.3111E+06 -2.3074E+06  1.5070E+06 -2.5952E+01 -2.0000E-03   1 -15
  5.5104E-04  1.3478E-04 -7.7800E+00  3.4906E+06  8.7023E+05  1.1147E+06 -2.5952E+01 -2.0000E-03   1 -15
  8.1053E-04 -1.9322E-04 -7.7800E+00  5.1289E+06 -1.2125E+06 -8.4686E+04 -2.5951E+01 -2.0000E-03   1 -15
  4.6233E-04  4.3999E-04 -7.7800E+00  2.9179E+06  2.7793E+06 -3.8854E+06 -2.5951E+01 -2.0000E-03   1 -15
  5.2743E-04 -1.2969E-04 -7.7802E+00  3.3517E+06 -8.2315E+05 -1.3153E+06 -2.5952E+01 -2.0000E-03   1 -15
  3.6231E-05 -7.8437E-05 -7.7801E+00  2.2832E+05 -5.0470E+05  1.7228E+06 -2.5952E+01 -2.0000E-03   1 -15
 -1.1144E-04 -8.6691E-04 -7.7802E+00 -6.8369E+05 -5.5379E+06  1.5380E+06 -2.5952E+01 -2.0000E-03   1 -15
 -6.3584E-04  9.9881E-04 -7.7801E+00 -4.0639E+06  6.3795E+06  1.9929E+06 -2.5952E+01 -2.0000E-03   1 -15
  8.5826E-04  3.2162E-04 -7.7802E+00  5.4821E+06  2.0442E+06  2.0557E+06 -2.5952E+01 -2.0000E-03   1 -15
  7.4088E-05  1.0301E-04 -7.7801E+00  4.4825E+05  6.5524E+05 -2.4593E+06 -2.5951E+01 -2.0000E-03   1 -15
 -3.4350E-04  6.3920E-04 -7.7801E+00 -2.1945E+06  4.0879E+06  2.0191E+06 -2.5952E+01 -2.0000E-03   1 -15
  5.0277E-04 -1.1986E-03 -7.7802E+00  3.1975E+06 -7.5979E+06 -3.3641E+06 -2.5952E+01 -2.0000E-03   1 -15
  2.6823E-04 -7.3469E-04 -7.7800E+00  1.6857E+06 -4.6443E+06 -3.8647E+06 -2.5951E+01 -2.0000E-03   1 -15
 -8.5852E-05 -2.2925E-04 -7.7800E+00 -5.3172E+05 -1.4986E+06  4.2484E+06 -2.5951E+01 -2.0000E-03   1 -15
  5.1224E-04 -1.0612E-04 -7.7802E+00  3.2784E+06 -6.7979E+05 -7.9507E+05 -2.5952E+01 -2.0000E-03   1 -15
 -4.1364E-04 -5.7002E-04 -7.7800E+00 -2.6222E+06 -3.6124E+06 -1.3382E+06 -2.5951E+01 -2.0000E-03   1 -15
  6.5215E-05  1.3003E-04 -7.7802E+00  3.8625E+05  8.1015E+05 -3.1936E+06 -2.5952E+01 -2.0000E-03   1 -15
  4.7497E-04  5.1749E-04 -7.7800E+00  3.0030E+06  3.2806E+06 -3.7325E+06 -2.5951E+01 -2.0000E-03   1 -15
 -2.6777E-05  3.1378E-04 -7.7801E+00 -1.6617E+05  1.9944E+06 -4.0636E+06 -2.5952E+01 -2.0000E-03   1 -15
 -7.1279E-04 -2.0791E-04 -7.7801E+00 -4.5048E+06 -1.3263E+06 -1.3257E+06 -2.5951E+01 -2.0000E-03   1 -15
 -4.4425E-04  1.9851E-05 -7.7799E+00 -2.8200E+06  1.3162E+05 -1.0331E+06 -2.5951E+01 -2.0000E-03   1 -15
 -4.0435E-04 -9.6175E-04 -7.7801E+00 -2.5654E+06 -6.1244E+06  8.8383E+05 -2.5952E+01 -2.0000E-03   1 -15
  1.2607E-04 -1.1434E-04 -7.7801E+00  7.7271E+05 -7.1374E+05 -3.3403E+06 -2.5951E+01 -2.0000E-03   1 -15
  4.3586E-05 -8.1069E-04 -7.7800E+00  2.8958E+05 -5.1649E+06  1.0733E+05 -2.5951E+01 -2.0000E-03   1 -15
  2.8718E-04  1.9571E-05 -7.7800E+00  1.8240E+06  1.2263E+05  4.0148E+06 -2.5951E+01 -2.0000E-03   1 -15
  1.7769E-04 -4.5065E-04 -7.7802E+00  1.1201E+06 -2.8632E+06 -2.3560E+06 -2.5952E+01 -2.0000E-03   1 -15
 -1.1764E-04  2.3156E-04 -7.7801E+00 -7.5993E+05  1.5016E+06  4.4136E+06 -2.5952E+01 -2.0000E-03   1 -15
 -6.6622E-04 -1.1991E-04 -7.7799E+00 -4.2508E+06 -7.6877E+05  4.4349E+06 -2.5951E+01 -2.0000E-03   1 -15
  6.2378E-04  1.6355E-04 -7.7801E+00  3.9571E+06  1.0703E+06 -4.6472E+05 -2.5952E+01 -2.0000E-03   1 -15
 -1.8429E-04 -8.5364E-04 -7.7801E+00 -1.1727E+06 -5.4650E+06  3.4552E+06 -2.5951E+01 -2.0000E-03   1 -15
 -3.9576E-04 -5.7064E-04 -7.7800E+00 -2.5268E+06 -3.6464E+06  4.2251E+06 -2.5951E+01 -2.0000E-03   1 -15
 -3.1101E-04 -1.0779E-04 -7.7800E+00 -1.9710E+06 -6.9888E+05 -1.4161E+06 -2.5951E+01 -2.0000E-03   1 -15
 -1.6479E-04  5.8291E-04 -7.7800E+00 -1.0610E+06  3.7356E+06  3.3468E+06 -2.5951E+01 -2.0000E-03   1 -15
 -4.7127E-04  9.6168E-05 -7.7800E+00 -2.9799E+06  6.1848E+05 -2.7485E+06 -2.5951E+01 -2.0000E-03   1 -15
  1.9774E-04 -7.3039E-05 -7.7799E+00  1.2616E+06 -4.9352E+05  3.1758E+05 -2.5951E+01 -2.0000E-03   1 -15
 -3.7317E-04 -4.4392E-05 -7.7802E+00 -2.3798E+06 -2.7428E+05 -5.5315E+04 -2.5952E+01 -2.0000E-03   1 -15
  1.8897E-04  7.2003E-04 -7.7799E+00  1.2187E+06  4.5667E+06 -1.9923E+06 -2.5951E+01 -2.0000E-03   1 -15
  5.0523E-04  4.3344E-04 -7.7802E+00  3.2292E+06  2.7499E+06  1.3706E+06 -2.5952E+01 -2.0000E-03   1 -15
  6.7127E-05  7.8450E-04 -7.7799E+00  4.2911E+05  5.0114E+06  3.6373E+06 -2.5951E+01 -2.0000E-03   1 -15
 -4.4050E-04  7.4129E-04 -7.7800E+00 -2.7887E+06  4.7087E+06 -7.2400E+05 -2.5951E+01 -2.0000E-03   1 -15
 -1.3136E-03  4.7075E-04 -7.7802E+00 -8.3585E+06  3.0124E+06  1.1616E+06 -2.5952E+01 -2.0000E-03   1 -15
 -1.0628E-03  5.0407E-04 -7.7801E+00 -6.8073E+06  3.2247E+06  4.9401E+06 -2.5952E+01 -2.0000E-03   1 -15
 -5.3529E-04 -2.9648E-04 -7.7802E+00 -3.4105E+06 -1.8619E+06 -1.2643E+06 -2.5952E+01 -2.0000E-03   1 -15
  9.4920E-05 -2.6883E-04 -7.7800E+00  5.8006E+05 -1.7038E+06 -1.2934E+06 -2.5951E+01 -2.0000E-03   1 -15
  6.5638E-04  8.6205E-04 -7.7801E+00  4.1826E+06  5.5064E+06 -4.7440E+05 -2.5952E+01 -2.0000E-03   1 -15
  2.5206E-04 -1.0280E-05 -7.7800E+00  1.6079E+06 -6.7412E+04  9.1906E+05 -2.5951E+01 -2.0000E-03   1 -15
  2.2314E-04 -3.8659E-05 -7.7801E+00  1.4285E+06 -2.4178E+05 -3.1897E+05 -2.5952E+01 -2.0000E-03   1 -15
 -2.3468E-04  5.8571E-04 -7.7801E+00 -1.4952E+06  3.7332E+06  9.6681E+05 -2.5951E+01 -2.0000E-03   1 -15
 -2.3000E-04  4.4219E-05 -7.7801E+00 -1.4713E+06  2.8935E+05  3.4639E+06 -2.5952E+01 -2.0000E-03   1 -15
  1.0967E-04 -1.7970E-04 -7.7799E+00  7.1851E+05 -1.1380E+06  6.2315E+06 -2.5951E+01 -2.0000E-03   1 -15
  6.4002E-04  3.5666E-04 -7.7800E+00  4.0596E+06  2.2660E+06  1.1183E+06 -2.5951E+01 -2.0000E-03   1 -15
 -1.0561E-04 -2.7414E-04 -7.7799E+00 -6.5681E+05 -1.7519E+06  5.1673E+05 -2.5951E+01 -2.0000E-03   1 -15
 -1.0443E-04  4.9228E-04 -7.7801E+00 -6.6804E+05  3.1134E+06 -2.8375E+06 -2.5951E+01 -2.0000E-03   1 -15
 -5.0776E-04 -5.6064E-04 -7.7799E+00 -3.1982E+06 -3.5889E+06 -8.9361E+05 -2.5951E+01 -2.0000E-03   1 -15
 -1.8394E-04 -2.4705E-04 -7.7800E+00 -1.1808E+06 -1.5867E+06  9.6235E+05 -2.5951E+01 -2.0000E-03   1 -15
  3.8133E-04  4.5370E-04 -7.7802E+00  2.4046E+06  2.8946E+06  1.6436E+06 -2.5952E+01 -2.0000E-03   1 -15
  2.0911E-04 -4.3050E-05 -7.7802E+00  1.3374E+06 -2.8360E+05  2.8095E+06 -2.5952E+01 -2.0000E-03   1 -15
  8.2109E-04  5.9621E-04 -7.7800E+00  5.2015E+06  3.7754E+06  1.7874E+05 -2.5951E+01 -2.0000E-03   1 -15
 -4.3197E-04 -4.6317E-05 -7.7799E+00 -2.7275E+06 -2.8089E+05 -1.7148E+06 -2.5951E+01 -2.0000E-03   1 -15
  2.9857E-04  7.0857E-04 -7.7801E+00  1.8803E+06  4.4852E+06 -3.2628E+06 -2.5951E+01 -2.0000E-03   1 -15
 -1.0002E-04 -2.7793E-04 -7.7800E+00 -6.2671E+05 -1.7745E+06  4.7477E+06 -2.5951E+01 -2.0000E-03   1 -15
  5.0918E-04 -4.8712E-04 -7.7801E+00  3.2236E+06 -3.0983E+06  5.8294E+05 -2.5952E+01 -2.0000E-03   1 -15
 -6.8560E-05 -1.4778E-04 -7.7801E+00 -4.5979E+05 -9.2060E+05  9.3909E+05 -2.5951E+01 -2.0000E-03   1 -15
  8.3218E-04  5.6214E-04 -7.7800E+00  5.3119E+06  3.6164E+06  3.9864E+06 -2.5951E+01 -2.0000E-03   1 -15
  1.0324E-04  1.5742E-04 -7.7802E+00  6.3999E+05  9.8926E+05  1.6522E+06 -2.5952E+01 -2.0000E-03   1 -15
 -3.2774E-04  4.0429E-04 -7.7800E+00 -2.0754E+06  2.5545E+06 -4.4211E+05 -2.5952E+01 -2.0000E-03   1 -15
 -5.8450E-04 -2.9147E-04 -7.7801E+00 -3.7155E+06 -1.8619E+06  1.5919E+05 -2.5952E+01 -2.0000E-03   1 -15
 -4.3415E-04 -4.2557E-04 -7.7800E+00 -2.7493E+06 -2.7442E+06  2.2375E+06 -2.5952E+01 -2.0000E-03   1 -15
  1.1792E-04  1.3153E-03 -7.7802E+00  7.4040E+05  8.3332E+06 -2.8435E+06 -2.5952E+01 -2.0000E-03   1 -15
 -3.1048E-04 -2.0162E-04 -7.7799E+00 -1.9644E+06 -1.3041E+06  8.5076E+05 -2.5951E+01 -2.0000E-03   1 -15
  2.3004E-05  1.4459E-04 -7.7800E+00  1.4136E+05  9.0978E+05 -1.3897E+04 -2.5952E+01 -2.0000E-03   1 -15
 -2.5813E-04  5.5362E-04 -7.7802E+00 -1.6449E+06  3.5459E+06  2.5018E+06 -2.5952E+01 -2.0000E-03   1 -15
  3.1411E-04  3.6144E-04 -7.7801E+00  2.0079E+06  2.3317E+06  5.3319E+06 -2.5952E+01 -2.0000E-03   1 -15
