  0.0000E+00  0.0000E+00  2.6000E+00  0.0000E+00  0.0000E+00  2.5000E+14  8.6727E+00 -2.0000E-03   1   5
 -1.9361E-07 -3.8030E-08  6.3860E-05 -3.5802E+04  4.7372E+05 -5.9545E+06  0.0000E+00 -2.0000E-03   1   5
  8.4677E-07  1.0702E-06 -7.6723E-05  6.0574E+05 -4.2007E+05 -3.8064E+05  0.0000E+00 -2.0000E-03   1   5
 -7.7369E-07 -3.2894E-07 -1.3274E-04 -1.5825E+05  7.1425E+05 -4.6864E+06  0.0000E+00 -2.0000E-03   1   5
 -2.5459E-07 -1.1298E-06  8.4309E-05 -3.3006E+05 -3.5472E+05  2.6905E+06  0.0000E+00 -2.0000E-03   1   5
 -1.0878E-06 -3.0829E-06  6.0913E-05 -5.5088E+04 -1.6301E+05  1.7086E+06  0.0000E+00 -2.0000E-03   1   5
  2.9050E-06 -1.7346E-10 -1.8173E-04 -2.8914E+05 -1.1667E+05 -1.6533E+06  0.0000E+00 -2.0000E-03   1   5
 -1.3814E-06  2.5428E-06 -5.5319E-05  6.9222E+04 -6.8718E+04  1.7914E+06  0.0000E+00 -2.0000E-03   1   5
 -1.1113E-06  1.9819E-06  5.3334E-05  2.0703E+05 -1.2132E+05 -4.0665E+05  0.0000E+00 -2.0000E-03   1   5
 -2.6321E-06 -3.0784E-06  4.2408E-05  2.9908E+05  8.4765E+04 -5.2190E+06  0.0000E+00 -2.0000E-03   1   5
 -5.2630E-07 -3.0281E-06  7.6535E-05  1.1629E+04 -5.5693E+05 -1.4138E+06  0.0000E+00 -2.0000E-03   1   5
 -9.8348E-07  3.5308E-06  7.9262E-07 -3.4087E+05  3.4790E+05 -1.6277E+06  0.0000E+00 -2.0000E-03   1   5
  2.3430E-06 -7.0426E-07 -6.4879E-06  1.2334E+05  6.9402E+04 -2.9995E+06  0.0000E+00 -2.0000E-03   1   5
  6.3542E-07 -3.1215E-06 -1.8698E-04 -1.7098E+05 -9.9113E+04 -1.8524E+06  0.0000E+00 -2.0000E-03   1   5
 -9.2177E-07 -1.4652E-06  4.5822E-05 -5.3168E+05 -1.0944E+05  2.4060E+06  0.0000E+00 -2.0000E-03   1   5
 -3.9622E-07 -3.6167E-06 -1.9722E-04  6.1439E+03 -3.5734E+05  2.3554E+06  0.0000E+00 -2.0000E-03   1   5
 -1.1090E-06 -4.0928E-07 -2.4306E-05  2.2019E+05  3.4435E+05  1.1955E+07  0.0000E+00 -2.0000E-03   1   5
 -4.5684E-07  1.1632E-06 -7.5075E-05 -2.4922E+05  6.8141E+04  6.0089E+06  0.0000E+00 -2.0000E-03   1   5
  2.7246E-06  2.0676E-06 -1.2926E-04  2.3611E+05 -4.9588E+05  1.0926E+06  0.0000E+00 -2.0000E-03   1   5
 -4.0935E-06  1.3007E-06 -5.7116E-05 -5.6068E+04  1.8620E+05  1.8283E+06  0.0000E+00 -2.0000E-03   1   5
 -3.6848E-06  6.9044E-07  9.6806E-06  1.5167E+04  1.2328E+05 -3.7644E+06  0.0000E+00 -2.0000E-03   1   5
 -1.8625E-07  2.6439E-06  2.6122E-05  1.4930E+05 -2.6890E+05  2.5565E+05  0.0000E+00 -2.0000E-03   1   5
 -4.0517E-06 -4.7122E-07 -6.5224E-05  4.8475E+04 -2.6996E+05 -1.1584E+06  0.0000E+00 -2.0000E-03   1   5
  4.4516E-07  6.6077E-07 -4.3840E-05 -1.8130E+05 -6.3886E+04 -6.7952E+06  0.0000E+00 -2.0000E-03   1   5
 -1.2334E-06 -5.0950E-07  5.5527E-07 -3.5967E+04  2.9580E+05 -4.0247E+05  0.0000E+00 -2.0000E-03   1   5
  2.0302E-06 -1.1567E-06 -1.2007E-04 -2.5762E+05  9.3289E+04  4.5343E+06  0.0000E+00 -2.0000E-03   1   5
 -8.6836E-07  7.3319E-07 -7.5013E-06 -1.3684E+05 -5.1689E+05  3.1836E+06  0.0000E+00 -2.0000E-03   1   5
  1.3488E-06  3.1919E-06  8.2900E-05 -5.9509E+05 -3.5501E+05  3.0177E+06  0.0000E+00 -2.0000E-03   1   5
 -6.9272E-07  2.7457E-06  6.1286E-05  2.4735E+05 -4.8479E+04  1.5872E+05  0.0000E+00 -2.0000E-03   1   5
 -1.0719E-06  1.5186E-06 -6.4785E-05  3.7348E+05 -1.0248E+05  1.5831E+05  0.0000E+00 -2.0000E-03   1   5
 -2.2971E-07  2.8170E-06  9.3963E-05 -4.3680E+03 -7.2474E+05  1.6692E+05  0.0000E+00 -2.0000E-03   1   5
 -2.4296E-06 -1.0287E-08  1.4252E-04  2.4886E+05 -3.2030E+05 -5.2125E+06  0.0000E+00 -2.0000E-03   1   5
 -1.8169E-06 -1.2582E-07  2.0135E-04  6.8300E+04 -4.5173E+05  2.9227E+06  0.0000E+00 -2.0000E-03   1   5
 -2.5000E-06 -2.0492E-06 -1.0059E-04  1.7934E+05  2.2513E+05  2.2008E+06  0.0000E+00 -2.0000E-03   1   5
 -6.2358E-07  1.9025E-06 -3.5776E-05 -1.8751E+05  8.3248E+03 -2.0461E+04  0.0000E+00 -2.0000E-03   1   5
 -1.1093E-07  2.2539E-06  5.1815E-05  2.9085E+05  1.1875E+05 -1.2903E+06  0.0000E+00 -2.0000E-03   1   5
  3.5547E-07  2.9278E-06  5.6874E-05 -1.1460E+05 -1.3278E+05  2.0930E+06  0.0000E+00 -2.0000E-03   1   5
  1.9380E-06 -9.3723E-09  6.0531E-05 -5.0598E+05 -2.3974E+05  3.7733E+06  0.0000E+00 -2.0000E-03   1   5
  5.8760E-07  5.4366E-08 -5.8059E-05  1.4398E+05  1.3200E+05 -1.5106E+06  0.0000E+00 -2.0000E-03   1   5
  3.3051E-06  1.4579E-06  1.8155E-05 -5.6772E+05 -3.5908E+05 -1.4791E+06  0.0000E+00 -2.0000E-03   1   5
 -1.3454E-06  1.9028E-06 -8.0380E-05 -5.2062E+04 -2.0394E+05 -2.7162E+06  0.0000E+00 -2.0000E-03   1   5
  1.7939E-08 -1.1636E-06  6.5909E-05  7.1458E+04  3.4644E+04 -3.9029E+06  0.0000E+00 -2.0000E-03   1   5
 -1.8340E-06 -1.6139E-06 -1.2506E-04  2.6983E+05 -4.8921E+05 -2.5620E+05  0.0000E+00 -2.0000E-03   1   5
 -4.8649E-07 -1.0801E-06 -2.1239E-05 -2.9796E+05 -4.0552E+05 -1.5551E+06  0.0000E+00 -2.0000E-03   1   5
  1.6964E-06 -3.3890E-06  3.2587E-05 -1.3283E+05  4.2640E+05  3.1720E+06  0.0000E+00 -2.0000E-03   1   5
 -8.3258E-07  3.3960E-07 -8.7915E-05  1.6647E+05  1.4562E+05 -5.2765E+06  0.0000E+00 -2.0000E-03   1   5
 -3.9908E-06 -2.6007E-07 -5.1088E-05 -5.7421E+05  4.1028E+04  3.8687E+06  0.0000E+00 -2.0000E-03   1   5
 -1.8651E-06  1.2076E-06  2.0519E-05  4.4115E+05  7.4631E+04  4.6178E+05  0.0000E+00 -2.0000E-03   1   5
  1.7289E-06  7.9324E-07  6.3921E-05  5.6704E+05 -3.9511E+05  3.2790E+06  0.0000E+00 -2.0000E-03   1   5
 -7.9780E-07  8.5559E-07 -2.2915E-06 -5.2908E+04  1.1828E+05  4.4987E+06  0.0000E+00 -2.0000E-03   1   5
  3.7620E-06  2.5610E-06  2.9355E-04  1.1382E+05  5.1589E+05  4.7566E+06  0.0000E+00 -2.0000E-03   1   5
  5.0357E-07 -6.2759E-08 -8.2635E-06 -5.9039E+05  4.9541E+05 -1.3032E+06  0.0000E+00 -2.0000E-03   1   5
  2.4853E-06 -1.3930E-06 -1.1395E-04  2.8978E+05  2.3837E+05 -1.2111E+06  0.0000E+00 -2.0000E-03   1   5
  2.6569E-08 -2.2772E-06 -1.8884E-04 -2.7700E+05  4.4758E+04 -3.6602E+06  0.0000E+00 -2.0000E-03   1   5
  7.4583E-07  2.8904E-06 -8.4166E-05 -8.6393E+04 -6.9241E+04 -5.2483E+06  0.0000E+00 -2.0000E-03   1   5
 -1.5898E-06 -3.1333E-06 -9.8302E-05 -3.7800E+05  1.7898E+05  1.0639E+06  0.0000E+00 -2.0000E-03   1   5
 -6.7714E-07 -4.8336E-07 -6.7607E-05 -3.0785E+05  1.5880E+05 -2.6341E+06  0.0000E+00 -2.0000E-03   1   5
 -4.0744E-07  3.3613E-07  1.1127E-04  1.4327E+05 -9.2543E+04 -2.4396E+05  0.0000E+00 -2.0000E-03   1   5
 -1.0392E-06  1.8316E-07 -6.5950E-07  2.9303E+05  4.3976E+05 -4.9687E+05  0.0000E+00 -2.0000E-03   1   5
 -5.6981E-06 -1.2110E-06 -1.7603E-04 -3.4241E+04 -5.7256E+04 -4.3616E+06  0.0000E+00 -2.0000E-03   1   5
  2.6357E-06  6.7017E-08 -1.0543E-04 -2.2492E+05 -1.9541E+05  3.0871E+06  0.0000E+00 -2.0000E-03   1   5
 -1.6264E-06 -5.9992E-07 -2.5419E-04  2.8119E+05 -4.1503E+05  2.0943E+06  0.0000E+00 -2.0000E-03   1   5
 -3.0473E-06  4.9451E-06 -1.3887E-04  2.0991E+05 -7.3189E+04 -1.7175E+06  0.0000E+00 -2.0000E-03   1   5
 -9.3299E-07  1.2575E-06  2.1196E-05  7.0066E+04 -7.7374E+04 -1.2965E+06  0.0000E+00 -2.0000E-03   1   5
 -5.5111E-07  1.2624E-06  7.7803E-05  1.4200E+05  2.1924E+05 -1.9966E+06  0.0000E+00 -2.0000E-03   1   5
  4.6419E-07 -1.2397E-07 -1.0411E-05 -1.2513E+05  2.8627E+05 -1.3853E+06  0.0000E+00 -2.0000E-03   1   5
  7.3686E-07 -5.3273E-07  6.1321E-06 -2.3434E+05  8.4935E+03 -1.9524E+06  0.0000E+00 -2.0000E-03   1   5
  1.3944E-06 -4.6615E-08  8.9983E-05 -5.1081E+04  3.5986E+05  3.8418E+06  0.0000E+00 -2.0000E-03   1   5
  4.5873E-07  4.3047E-08  5.6841E-05 -6.4564E+04 -1.9382E+05  1.5514E+06  0.0000E+00 -2.0000E-03   1   5
  1.4994E-06 -2.2454E-06  1.4194E-04  3.3386E+05  2.1902E+05 -3.4592E+06  0.0000E+00 -2.0000E-03   1   5
 -4.1787E-07  4.2939E-08  4.1421E-05 -1.5695E+05  1.2875E+03  1.1262E+06  0.0000E+00 -2.0000E-03   1   5
 -4.2047E-06 -1.3392E-06  6.8500E-05 -2.8334E+05  4.3907E+05 -2.4107E+06  0.0000E+00 -2.0000E-03   1   5
  2.8555E-06 -3.3708E-07  8.1198E-05  2.5992E+05 -7.4386E+05 -2.7347E+05  0.0000E+00 -2.0000E-03   1   5
  3.7698E-06 -4.2708E-06  3.2853E-05 -1.1288E+05  1.7111E+05 -6.9213E+06  0.0000E+00 -2.0000E-03   1   5
  1.8124E-06  3.2300E-06  1.0447E-04 -6.5084E+05 -2.6239E+05 -1.1402E+06  0.0000E+00 -2.0000E-03   1   5
  2.1635E-06  1.3724E-06  8.9733E-05  2.7790E+04  3.8673E+04 -4.6088E+06  0.0000E+00 -2.0000E-03   1   5
 -2.0108E-06 -1.2581E-06 -2.4869E-06  1.6785E+05  1.0575E+05  2.3430E+06  0.0000E+00 -2.0000E-03   1   5
 -1.2089E-06 -2.5559E-06  3.7600E-05 -2.9235E+05  7.7108E+04  1.6763E+06  0.0000E+00 -2.0000E-03   1   5
 -1.2921E-06  1.0905E-06  2.4351E-04 -3.2994E+05  4.6679E+05  4.1307E+06  0.0000E+00 -2.0000E-03   1   5
 -1.7132E-06  2.3094E-06  5.1465E-05 -3.4941E+05  4.4890E+05  1.6516E+05  0.0000E+00 -2.0000E-03   1   5
 -2.0084E-06  2.9911E-06  1.0884E-04  1.6277E+05  2.1085E+05  4.7862E+06  0.0000E+00 -2.0000E-03   1   5
  2.0375E-06  4.5789E-08  1.9298E-04 -2.2855E+05  4.3212E+05 -1.6284E+06  0.0000E+00 -2.0000E-03   1   5
  1.1426E-06  1.2496E-06  1.1007E-04  4.3810E+05  1.5007E+04 -3.4055E+06  0.0000E+00 -2.0000E-03   1   5
 -8.0795E-07  5.0917E-07 -1.9088E-04 -1.4924E+05 -1.7331E+05 -2.5385E+06  0.0000E+00 -2.0000E-03   1   5
 -9.1412E-07  1.9748E-06  6.9726E-05 -7.7319E+04  5.2845E+05  3.2778E+06  0.0000E+00 -2.0000E-03   1   5
 -5.2021E-07  3.1837E-06  1.1195E-04 -1.6059E+05  1.7817E+05  7.4545E+06  0.0000E+00 -2.0000E-03   1   5
 -2.6823E-08 -1.2437E-06 -4.2239E-05  5.9919E+04  5.6238E+05 -9.8349E+05  0.0000E+00 -2.0000E-03   1   5
 -3.5547E-07  7.7341E-08 -1.1216E-04  6.4391E+05 -6.9861E+04 -1.0598E+06  0.0000E+00 -2.0000E-03   1   5
  1.8839E-06  1.0114E-06  2.6786E-05  9.6942E+04 -2.7638E+05 -9.4086E+05  0.0000E+00 -2.0000E-03   1   5
  2.8949E-06 -1.1325E-06 -1.8983E-04  1.7403E+05  1.1165E+04  1.1298E+06  0.0000E+00 -2.0000E-03   1   5
 -1.4308E-06  3.2905E-06  1.2758E-05  2.2938E+05  6.8478E+04 -2.8727E+06  0.0000E+00 -2.0000E-03   1   5
 -5.5388E-07 -2.6048E-07 -6.6236E-05  3.4119E+05  3.9647E+05  4.6636E+06  0.0000E+00 -2.0000E-03   1   5
 -8.2812E-07 -1.1230E-06  1.6576E-04 -1.5702E+05 -2.0319E+05 -4.4722E+06  0.0000E+00 -2.0000E-03   1   5
  8.7262E-07  2.2044E-06 -5.4044E-06 -2.8778E+05  3.2886E+05 -1.6782E+06  0.0000E+00 -2.0000E-03   1   5
 -4.4721E-07 -1.1158E-06  1.1449E-04 -2.1015E+05 -1.5885E+05  3.7130E+06  0.0000E+00 -2.0000E-03   1   5
  1.1125E-06  2.9344E-06 -2.9283E-05  3.0156E+05 -1.4410E+05 -1.9803E+06  0.0000E+00 -2.0000E-03   1   5
 -3.1719E-06 -4.9318E-07  1.5419E-04  4.6291E+05  1.4489E+05 -3.2422E+06  0.0000E+00 -2.0000E-03   1   5
 -3.6541E-06 -8.0701E-07  1.0310E-04 -3.3589E+04  2.2459E+05  1.4031E+06  0.0000E+00 -2.0000E-03   1   5
  1.0225E-06  8.0894E-07  1.0284E-05  5.3132E+04  5.1116E+05 -2.8081E+05  0.0000E+00 -2.0000E-03   1   5
  1.1430E-06 -3.3555E-06  7.0333E-05  4.5137E+05  5.3171E+05  1.6187E+06  0.0000E+00 -2.0000E-03   1   5
  5.0247E-07  4.4918E-07  9.2209E-05  8.0845E+04  1.7433E+04  3.5860E+06  0.0000E+00 -2.0000E-03   1   5
  1.0457E-06 -3.0245E-06 -4.7758E-05  1.3358E+05  2.1724E+05 -2.6511E+06  0.0000E+00 -2.0000E-03   1   5
  1.3957E-06 -1.6590E-06  2.0037E-05 -3.1279E+05 -1.5826E+05 -1.7467E+06  0.0000E+00 -2.0000E-03   1   5
  1.7236E-06 -1.1049E-06  9.7917E-05  9.8605E+04 -1.9660E+05 -2.4275E+06  0.0000E+00 -2.0000E-03   1   5
  8.1475E-07  1.8867E-06 -6.1155E-05 -5.7427E+05 -5.8279E+04 -2.0803E+06  0.0000E+00 -2.0000E-03   1   5
  1.6303E-06  2.3710E-07 -7.9133E-05  1.3954E+05 -1.9126E+05  1.7560E+05  0.0000E+00 -2.0000E-03   1   5
 -8.7525E-07  3.3443E-06 -7.2042E-05 -4.8208E+04 -3.0153E+05  1.1596E+06  0.0000E+00 -2.0000E-03   1   5
 -1.5403E-06 -2.1510E-06 -8.6058E-06 -7.2060E+03 -6.0460E+04 -8.3762E+05  0.0000E+00 -2.0000E-03   1   5
  1.3206E-06 -3.2502E-06  1.8478E-04 -1.6875E+05 -3.3442E+05  5.4650E+06  0.0000E+00 -2.0000E-03   1   5
 -1.7140E-06  4.0392E-06 -1.9879E-04  7.8521E+04  3.3319E+05  3.0279E+06  0.0000E+00 -2.0000E-03   1   5
  1.6638E-06 -4.0748E-06  3.5579E-06  1.0966E+05  3.9425E+05  1.4726E+06  0.0000E+00 -2.0000E-03   1   5
 -2.0377E-06 -4.1167E-07  1.8412E-04 -5.6356E+04  1.6118E+05  1.1295E+06  0.0000E+00 -2.0000E-03   1   5
 -4.9126E-07 -4.4582E-06  9.1198E-05 -1.0971E+05  3.3916E+05  3.2685E+06  0.0000E+00 -2.0000E-03   1   5
  1.0125E-06 -7.7248E-07  4.6204E-05  4.0602E+05  7.2050E+05  8.6725E+05  0.0000E+00 -2.0000E-03   1   5
  4.9018E-06 -8.5941E-07  6.0426E-05 -1.8035E+05 -2.2205E+05  7.0347E+06  0.0000E+00 -2.0000E-03   1   5
 -9.3451E-08  6.6271E-06  1.5771E-04  3.6516E+05  6.4780E+05  2.2583E+06  0.0000E+00 -2.0000E-03   1   5
 -3.2768E-06 -2.1811E-06  2.4824E-05  4.6928E+05 -5.1445E+05 -3.3326E+05  0.0000E+00 -2.0000E-03   1   5
 -4.8616E-06 -4.6854E-07  1.5310E-04 -3.1951E+05 -6.0877E+04  1.7276E+06  0.0000E+00 -2.0000E-03   1   5
 -3.4593E-07  2.9661E-06  1.4164E-05  2.3520E+05 -2.4972E+05 -1.7914E+06  0.0000E+00 -2.0000E-03   1   5
  1.1464E-06  1.1561E-06 -4.0613E-05 -1.0216E+05  1.8873E+05 -6.1350E+05  0.0000E+00 -2.0000E-03   1   5
 -3.7623E-06 -1.2708E-06  6.3139E-06 -6.1918E+05  5.5004E+04 -2.8848E+06  0.0000E+00 -2.0000E-03   1   5
 -1.3434E-06 -7.4001E-07 -6.2744E-05 -1.4233E+05 -7.6259E+04  1.5030E+06  0.0000E+00 -2.0000E-03   1   5
 -1.7045E-07  1.0931E-06  1.1408E-04  2.4948E+05 -3.9966E+05  3.1145E+06  0.0000E+00 -2.0000E-03   1   5
 -3.6843E-06 -1.2061E-06  4.8251E-05 -7.4124E+04  2.9675E+05 -2.5249E+06  0.0000E+00 -2.0000E-03   1   5
 -1.9938E-07  6.6632E-07  9.9943E-05 -1.1161E+05  2.9880E+05 -1.7366E+05  0.0000E+00 -2.0000E-03   1   5
  1.5389E-06  1.0296E-06  1.6354E-05 -8.1721E+04 -3.1338E+05 -3.0131E+06  0.0000E+00 -2.0000E-03   1   5
  2.8771E-06 -2.3610E-06  1.9142E-04  2.3244E+05 -3.0392E+05 -4.0342E+06  0.0000E+00 -2.0000E-03   1   5
 -2.3514E-06 -3.0990E-07  2.1153E-04  4.2407E+05  4.5299E+05  1.8179E+06  0.0000E+00 -2.0000E-03   1   5
 -3.1693E-06 -4.4348E-06 -3.5784E-05 -6.8652E+04 -8.3754E+04  4.1407E+06  0.0000E+00 -2.0000E-03   1   5
 -2.0539E-06 -3.9366E-07 -3.5874E-05  2.5025E+05 -3.4038E+05  8.0943E+05  0.0000E+00 -2.0000E-03   1   5
  1.7566E-06 -6.0996E-07 -5.3729E-05  7.1809E+04 -8.6132E+04  8.5086E+05  0.0000E+00 -2.0000E-03   1   5
 -1.4549E-07 -3.5348E-06  1.6338E-06 -4.8964E+05  2.2030E+05 -1.1932E+05  0.0000E+00 -2.0000E-03   1   5
  5.6433E-07  1.0228E-06  1.4073E-04 -5.2193E+05  3.0254E+05  1.6528E+06  0.0000E+00 -2.0000E-03   1   5
  7.0415E-08  1.4447E-06  1.2152E-04 -4.0656E+05  3.9753E+05 -1.7472E+06  0.0000E+00 -2.0000E-03   1   5
 -2.7219E-06  6.4354E-07 -1.4046E-05 -3.1494E+05 -2.5847E+05  1.3991E+06  0.0000E+00 -2.0000E-03   1   5
  1.0695E-06 -3.5395E-06 -1.5997E-04  1.7603E+04 -1.0289E+05  4.2803E+05  0.0000E+00 -2.0000E-03   1   5
 -1.0090E-07 -2.9631E-06  4.2529E-05 -9.7020E+04 -1.8633E+05  3.1925E+06  0.0000E+00 -2.0000E-03   1   5
  1.6259E-06 -3.1143E-07 -7.1252E-05 -2.7441E+05 -2.8215E+05 -7.9399E+05  0.0000E+00 -2.0000E-03   1   5
 -1.6234E-06 -1.1677E-06  3.8923E-05 -1.6386E+04  4.0881E+05  1.2284E+06  0.0000E+00 -2.0000E-03   1   5
  1.2421E-06  1.9028E-06  5.4062E-05  4.4525E+05  2.5904E+05  3.0582E+06  0.0000E+00 -2.0000E-03   1   5
  3.4232E-06 -2.7407E-06 -1.4777E-04 -5.1737E+05  5.6833E+04  7.7212E+04  0.0000E+00 -2.0000E-03   1   5
  6.0779E-08 -1.6310E-06 -6.7236E-05 -6.4056E+05  1.1697E+05 -9.3843E+05  0.0000E+00 -2.0000E-03   1   5
 -7.3754E-07  3.7051E-06 -4.6626E-05 -1.2068E+05  3.9686E+05  4.3636E+05  0.0000E+00 -2.0000E-03   1   5
 -1.7187E-06  1.0061E-07  5.0375E-05  3.2161E+05 -1.2531E+05  5.0974E+06  0.0000E+00 -2.0000E-03   1   5
 -3.6472E-06  3.1208E-06  1.2574E-04  2.7298E+05  2.6379E+05 -6.5692E+05  0.0000E+00 -2.0000E-03   1   5
  2.9683E-06 -1.3339E-06 -1.2702E-04 -1.9273E+05  3.9461E+05 -5.3119E+06  0.0000E+00 -2.0000E-03   1   5
 -9.2515E-07  2.1395E-06  9.0626E-05  3.0812E+05 -6.5215E+05  1.0210E+06  0.0000E+00 -2.0000E-03   1   5
  1.9007E-06 -7.7835E-07 -2.4499E-04 -2.1280E+05  1.4458E+04  4.5011E+06  0.0000E+00 -2.0000E-03   1   5
  3.2134E-06  1.6595E-06 -1.7104E-05 -1.2331E+05 -3.5577E+04  1.4125E+06  0.0000E+00 -2.0000E-03   1   5
  1.2863E-06  1.0110E-06  2.9057E-05  9.8364E+05 -3.1073E+05  2.6552E+06  0.0000E+00 -2.0000E-03   1   5
 -3.1266E-07 -1.3448E-06 -4.2388E-05 -2.6913E+05  2.8794E+05  1.6561E+04  0.0000E+00 -2.0000E-03   1   5
 -9.4911E-07  3.1579E-06 -1.9101E-05  3.6351E+05  8.3627E+04 -5.1824E+06  0.0000E+00 -2.0000E-03   1   5
  1.7563E-06 -5.6783E-08 -2.2738E-05 -3.4299E+05 -2.4032E+04  5.9633E+04  0.0000E+00 -2.0000E-03   1   5
 -4.2753E-06  1.5925E-06  2.5427E-04 -1.6691E+04  4.4483E+05  4.0352E+05  0.0000E+00 -2.0000E-03   1   5
 -1.4554E-06  2.8876E-06  3.9459E-05 -1.7479E+05  3.6187E+05  2.3356E+06  0.0000E+00 -2.0000E-03   1   5
  1.4973E-06  8.0717E-08  1.7223E-04  3.2741E+05  5.3480E+05  1.4446E+06  0.0000E+00 -2.0000E-03   1   5
 -3.0029E-06 -4.2518E-06 -7.4849E-05  3.2312E+05  7.5313E+04 -3.3558E+06  0.0000E+00 -2.0000E-03   1   5
 -2.3100E-06 -1.4982E-06 -1.2449E-04 -6.9855E+05  1.9698E+05 -1.2323E+06  0.0000E+00 -2.0000E-03   1   5
  5.0538E-07  3.7558E-06  2.8772E-05 -4.7961E+05  1.7113E+05  1.8095E+06  0.0000E+00 -2.0000E-03   1   5
  4.5356E-06  9.9936E-07 -6.0323E-05 -1.4318E+05 -1.0927E+05  3.6040E+06  0.0000E+00 -2.0000E-03   1   5
 -4.4328E-06  4.1487E-06  6.8413E-05  1.8291E+04 -2.5893E+05 -8.6071E+05  0.0000E+00 -2.0000E-03   1   5
  2.4959E-07 -3.7943E-07  1.7196E-05  3.8582E+04 -1.2592E+05  3.2419E+06  0.0000E+00 -2.0000E-03   1   5
  2.2669E-06 -3.1238E-06  2.1391E-05  2.2100E+05  5.6465E+05 -1.6413E+05  0.0000E+00 -2.0000E-03   1   5
  3.8142E-06  1.4273E-06 -2.3369E-06  4.1320E+05 -2.4122E+05 -4.8421E+06  0.0000E+00 -2.0000E-03   1   5
  4.7362E-06  1.6692E-08 -2.1392E-05 -2.5297E+05 -3.9954E+05 -3.2567E+05  0.0000E+00 -2.0000E-03   1   5
 -2.3701E-07 -2.1637E-06  1.0519E-05 -2.9154E+05  3.3871E+04 -2.8599E+06  0.0000E+00 -2.0000E-03   1   5
 -2.1148E-06  1.8803E-06 -1.6886E-04 -2.0470E+05 -6.9208E+04 -2.3247E+06  0.0000E+00 -2.0000E-03   1   5
  7.8400E-07  1.3323E-06  5.4717E-06  3.2203E+05  2.6446E+05 -1.0087E+06  0.0000E+00 -2.0000E-03   1   5
 -1.7373E-06  4.3527E-06  9.4120E-05  1.7303E+05 -8.6518E+04  1.0053E+07  0.0000E+00 -2.0000E-03   1   5
  1.0472E-06 -1.3854E-06 -1.9913E-05 -3.5994E+05 -5.6228E+05 -1.2948E+05  0.0000E+00 -2.0000E-03   1   5
 -9.8076E-07 -9.7082E-07  6.3584E-05  3.2587E+05 -4.1177E+04  1.1720E+06  0.0000E+00 -2.0000E-03   1   5
  1.4939E-07 -2.6167E-06  4.3934E-05 -4.1599E+05  2.9079E+05 -2.2948E+06  0.0000E+00 -2.0000E-03   1   5
  7.0486E-07  2.4512E-06 -1.0104E-04 -2.4718E+05 -2.0731E+05 -1.0290E+06  0.0000E+00 -2.0000E-03   1   5
 -1.8292E-06 -1.3823E-06 -1.2083E-04 -5.6339E+05 -2.4600E+05 -7.9382E+05  0.0000E+00 -2.0000E-03   1   5
 -1.5979E-07  1.7356E-07  3.9921E-05 -2.9140E+05 -1.9331E+05 -4.5423E+06  0.0000E+00 -2.0000E-03   1   5
  3.6749E-06 -2.5351E-06  3.2089E-05 -2.5959E+05  4.4526E+05 -4.6680E+06  0.0000E+00 -2.0000E-03   1   5
  2.1319E-07 -7.9783E-07  7.8221E-05  1.4281E+05 -1.5259E+05 -1.9867E+05  0.0000E+00 -2.0000E-03   1   5
  1.0968E-07 -1.1640E-06  1.1603E-04  1.9355E+05  1.8350E+05  5.1307E+06  0.0000E+00 -2.0000E-03   1   5
 -4.5290E-07  3.0502E-06  1.0952E-04 -3.1445E+05  9.7905E+05  3.5204E+06  0.0000E+00 -2.0000E-03   1   5
  1.3520E-06 -5.5835E-07  1.3425E-04  3.0759E+05  8.1358E+04 -2.2748E+06  0.0000E+00 -2.0000E-03   1   5
 -1.3532E-06  2.0321E-06 -1.8930E-04 -1.1795E+05 -8.6297E+04  2.7760E+06  0.0000E+00 -2.0000E-03   1   5
  3.4973E-06 -1.2138E-06  1.3586E-04  4.2503E+05 -8.9640E+04  2.4841E+06  0.0000E+00 -2.0000E-03   1   5
 -2.1541E-06 -3.2761E-06  1.3498E-04 -1.9010E+04 -1.2157E+05  1.4920E+06  0.0000E+00 -2.0000E-03   1   5
 -9.2058E-07 -1.7715E-06 -2.7778E-05  6.7290E+04 -6.7388E+04 -3.1976E+05  0.0000E+00 -2.0000E-03   1   5
  3.1577E-09  3.5090E-08  4.0439E-05  1.1935E+05 -2.5413E+05 -2.4920E+06  0.0000E+00 -2.0000E-03   1   5
 -8.3904E-07  9.4282E-07  6.5782E-05  5.4693E+05 -1.1963E+05 -2.6167E+06  0.0000E+00 -2.0000E-03   1   5
 -1.8010E-06  1.5360E-06 -2.1189E-05  1.0492E+05  9.7723E+04  1.5345E+06  0.0000E+00 -2.0000E-03   1   5
 -2.6401E-06  2.2422E-07  4.8781E-05  6.5803E+04  1.9332E+05  1.9188E+06  0.0000E+00 -2.0000E-03   1   5
 -1.1797E-06  3.4127E-06 -2.7907E-05 -3.7339E+05  1.9338E+05  2.1938E+06  0.0000E+00 -2.0000E-03   1   5
  6.3392E-07  3.3796E-07  1.1279E-04 -1.9947E+05 -7.0845E+04 -2.0819E+06  0.0000E+00 -2.0000E-03   1   5
  2.1636E-06 -3.7681E-07 -1.0930E-04 -5.0417E+05  2.4225E+05  3.6200E+06  0.0000E+00 -2.0000E-03   1   5
 -1.2093E-06 -1.5846E-06  8.5943E-06  2.2833E+05  4.8761E+05 -1.8758E+06  0.0000E+00 -2.0000E-03   1   5
 -1.1977E-06 -7.4217E-07 -1.5763E-04  2.9396E+05  6.1279E+05  7.2132E+05  0.0000E+00 -2.0000E-03   1   5
 -1.3974E-06 -1.3520E-06 -7.3481E-07 -4.5836E+05 -3.2847E+05  2.2054E+06  0.0000E+00 -2.0000E-03   1   5
 -1.1821E-06 -6.7847E-07  2.7345E-04 -4.7332E+04  2.6150E+05  6.6415E+06  0.0000E+00 -2.0000E-03   1   5
  4.4515E-07 -3.2158E-06  7.5340E-05  6.6029E+04  4.8786E+05 -9.1765E+05  0.0000E+00 -2.0000E-03   1   5
 -9.8835E-07  5.9863E-07  4.2336E-05 -5.8340E+04  4.0390E+05 -1.7256E+06  0.0000E+00 -2.0000E-03   1   5
  2.0686E-06 -3.4668E-06  3.2616E-05 -4.3957E+05 -1.3822E+05  5.9729E+06  0.0000E+00 -2.0000E-03   1   5
 -1.0734E-07  5.1362E-08 -2.7042E-04  3.1608E+05  6.7981E+05  1.4193E+05  0.0000E+00 -2.0000E-03   1   5
 -2.0355E-06  1.7636E-07  8.9310E-05  3.7461E+05  6.8316E+04  4.4309E+06  0.0000E+00 -2.0000E-03   1   5
 -9.1447E-07 -8.7193E-07  9.5430E-06  5.3037E+04 -6.9904E+05  3.5771E+06  0.0000E+00 -2.0000E-03   1   5
 -3.2098E-06 -2.1639E-06 -5.4832E-05 -8.3479E+04 -4.0942E+04 -2.5770E+06  0.0000E+00 -2.0000E-03   1   5
  1.3793E-06 -2.4463E-06  6.7866E-05 -2.4558E+05  4.1235E+05  2.0348E+06  0.0000E+00 -2.0000E-03   1   5
  4.4715E-06  6.0771E-08  3.5338E-06  3.5803E+05 -2.5798E+05  1.5976E+06  0.0000E+00 -2.0000E-03   1   5
 -1.2129E-06 -1.2770E-06 -9.0680E-05  6.8821E+04 -1.3586E+05  1.5200E+06  0.0000E+00 -2.0000E-03   1   5
 -4.1792E-06  1.3895E-06 -1.7367E-04  7.7616E+04  2.1028E+05  6.7080E+06  0.0000E+00 -2.0000E-03   1   5
  1.4688E-07 -3.0500E-07  5.8898E-05  3.5510E+05 -8.5601E+04  7.9779E+05  0.0000E+00 -2.0000E-03   1   5
 -3.4555E-06 -5.3414E-07  3.2787E-05  7.4170E+05 -5.1500E+04 -3.8859E+06  0.0000E+00 -2.0000E-03   1   5
 -4.8221E-07  7.7906E-07 -2.0430E-04  4.3225E+05  1.3864E+04 -3.4688E+06  0.0000E+00 -2.0000E-03   1   5
 -1.3137E-06 -1.2086E-06  5.4936E-05 -1.1138E+05  4.1617E+04  5.9369E+05  0.0000E+00 -2.0000E-03   1   5
  1.6222E-06 -1.9328E-06  2.5859E-05 -1.6487E+05  4.9483E+03  1.4674E+06  0.0000E+00 -2.0000E-03   1   5
  3.0200E-06  2.8019E-07 -9.1756E-06 -2.3455E+05  3.5455E+05 -1.0326E+06  0.0000E+00 -2.0000E-03   1   5
 -1.8548E-07  2.0756E-06 -4.3661E-05  2.9633E+05 -3.7804E+05 -3.9588E+06  0.0000E+00 -2.0000E-03   1   5
 -2.5363E-06 -1.7693E-06  4.6094E-05  5.7721E+04  1.4390E+05 -9.6633E+05  0.0000E+00 -2.0000E-03   1   5
 -2.0402E-06 -6.8720E-08  1.9818E-04  3.0050E+05  5.1139E+04 -6.4744E+06  0.0000E+00 -2.0000E-03   1   5
 -1.7839E-06 -6.3383E-07 -6.1042E-05  2.7746E+04 -1.3945E+04 -8.6989E+06  0.0000E+00 -2.0000E-03   1   5
 -1.2282E-06 -2.6090E-06  6.4462E-05  2.1830E+05  5.1008E+05 -6.1383E+05  0.0000E+00 -2.0000E-03   1   5
  6.5005E-09 -1.8532E-06 -8.9657E-05  3.4222E+05 -8.9268E+04  3.8618E+06  0.0000E+00 -2.0000E-03   1   5
  2.1575E-06  4.7035E-07  5.6118E-05 -2.8114E+05  3.8029E+05 -1.8119E+05  0.0000E+00 -2.0000E-03   1   5
 -2.0251E-06 -1.9518E-06  3.8875E-05  5.7235E+05 -3.2760E+05  4.4139E+06  0.0000E+00 -2.0000E-03   1   5
 -9.8367E-07 -1.7630E-06 -5.0860E-05  8.1708E+05 -8.1882E+05 -2.6048E+06  0.0000E+00 -2.0000E-03   1   5
 -7.6900E-08  1.2407E-06 -4.7394E-05 -2.2102E+05  2.9780E+05 -2.5483E+06  0.0000E+00 -2.0000E-03   1   5
  3.9920E-06  3.4820E-06  2.2102E-04  4.8564E+04 -1.4211E+04 -4.0092E+05  0.0000E+00 -2.0000E-03   1   5
  7.3895E-08 -1.9829E-06 -2.6410E-05  2.3065E+05 -2.1613E+05 -6.5075E+05  0.0000E+00 -2.0000E-03   1   5
  1.1059E-06 -1.3673E-06  1.2667E-04 -6.7767E+05 -3.6268E+05 -2.7729E+06  0.0000E+00 -2.0000E-03   1   5
 -4.5565E-07  3.3255E-06 -8.9051E-05 -2.4960E+05  9.8529E+04  2.4031E+06  0.0000E+00 -2.0000E-03   1   5
  3.5856E-07 -1.1327E-06 -3.7059E-05 -1.1121E+05 -4.4216E+05  1.8411E+06  0.0000E+00 -2.0000E-03   1   5
  1.5645E-06  1.7953E-06  3.3096E-05 -4.0868E+05  5.1530E+05  5.1837E+06  0.0000E+00 -2.0000E-03   1   5
  1.0092E-06 -4.1679E-07  3.9324E-06 -4.0673E+05 -1.0952E+05  2.5744E+05  0.0000E+00 -2.0000E-03   1   5
  1.8671E-06  5.7549E-07 -1.0377E-04 -4.6049E+05  5.8624E+04 -3.0485E+06  0.0000E+00 -2.0000E-03   1   5
  1.1544E-06 -1.6323E-06 -3.5735E-05 -4.2097E+05 -2.0963E+05  1.9182E+06  0.0000E+00 -2.0000E-03   1   5
  9.0875E-08 -4.0069E-06 -8.1381E-05 -4.9575E+05 -5.7019E+05 -2.0036E+06  0.0000E+00 -2.0000E-03   1   5
 -2.2375E-09  2.2462E-06  3.0635E-05  2.0363E+05  1.8570E+05 -1.8528E+06  0.0000E+00 -2.0000E-03   1   5
  2.4619E-06 -2.5830E-06 -4.6138E-05 -4.1257E+05 -5.1274E+04  4.4246E+06  0.0000E+00 -2.0000E-03   1   5
  2.4894E-06  8.1538E-07 -1.5729E-04 -1.8552E+04  6.1483E+05  3.1562E+06  0.0000E+00 -2.0000E-03   1   5
 -2.3068E-07  1.4448E-06  4.7935E-05 -2.3362E+05 -5.0600E+05  1.8113E+06  0.0000E+00 -2.0000E-03   1   5
 -4.5578E-06  1.7393E-07  4.2739E-05  6.1441E+04  2.6345E+05 -1.0394E+06  0.0000E+00 -2.0000E-03   1   5
 -1.8363E-06 -3.1327E-06 -7.5097E-05 -4.4774E+05 -2.2716E+04  2.6970E+06  0.0000E+00 -2.0000E-03   1   5
  2.7565E-06  1.6965E-06  1.2341E-05 -8.0592E+04 -6.9114E+04 -1.7470E+06  0.0000E+00 -2.0000E-03   1   5
 -1.5048E-06 -7.4670E-07  1.2307E-04  4.3182E+05 -3.4486E+05 -7.3662E+06  0.0000E+00 -2.0000E-03   1   5
  7.3059E-07  3.2416E-06 -1.0619E-05  2.1435E+05 -3.3066E+05 -3.3710E+06  0.0000E+00 -2.0000E-03   1   5
 -3.4180E-07  2.3866E-06  1.2912E-04  6.9003E+04 -1.4171E+05 -2.6104E+06  0.0000E+00 -2.0000E-03   1   5
 -2.9537E-06  2.7895E-06  1.8054E-05 -4.4223E+05  5.8300E+05 -1.5599E+06  0.0000E+00 -2.0000E-03   1   5
  1.1393E-06 -1.4074E-06 -8.3914E-05  1.0445E+05 -9.2272E+04 -1.7586E+06  0.0000E+00 -2.0000E-03   1   5
  1.8813E-06 -1.0303E-07  3.8651E-05 -3.0638E+05  3.5401E+05  4.5240E+06  0.0000E+00 -2.0000E-03   1   5
  7.8606E-07 -2.2078E-06  2.3470E-05 -1.9153E+05  3.1766E+05  1.6849E+06  0.0000E+00 -2.0000E-03   1   5
  1.3024E-10 -1.7900E-07 -1.3701E-04  2.2482E+05  9.1441E+04  2.1110E+06  0.0000E+00 -2.0000E-03   1   5
  1.6407E-06 -2.0766E-06 -1.1185E-04 -3.1937E+05  2.8730E+04 -4.4446E+06  0.0000E+00 -2.0000E-03   1   5
 -3.5605E-07  1.7522E-06  1.8540E-05 -6.0843E+05 -6.5994E+05  4.4664E+05  0.0000E+00 -2.0000E-03   1   5
  8.5022E-07  2.3215E-06  6.1593E-05 -3.1884E+05 -3.2130E+05  2.4117E+05  0.0000E+00 -2.0000E-03   1   5
  1.5998E-06  2.0990E-06 -1.4260E-04 -2.2042E+05 -2.1109E+05  4.7274E+06  0.0000E+00 -2.0000E-03   1   5
  3.9742E-07 -6.2800E-07  7.1864E-05 -3.9733E+05 -1.6383E+05 -1.0857E+06  0.0000E+00 -2.0000E-03   1   5
 -8.6713E-07 -5.9628E-07  8.8406E-05 -5.0451E+05 -6.2229E+05 -5.8990E+05  0.0000E+00 -2.0000E-03   1   5
 -2.0018E-06  5.9393E-07 -7.5058E-05 -1.2431E+05  5.6117E+04 -1.7050E+06  0.0000E+00 -2.0000E-03   1   5
 -3.1199E-06 -2.0202E-06 -1.8103E-04  1.3077E+05 -3.5536E+05 -4.1610E+06  0.0000E+00 -2.0000E-03   1   5
  4.1321E-08  5.1362E-06  1.0921E-04  1.4900E+05 -3.6699E+05 -1.6165E+06  0.0000E+00 -2.0000E-03   1   5
  1.4556E-06  3.2946E-06 -1.4078E-05  1.3983E+05 -4.7020E+05 -4.2461E+05  0.0000E+00 -2.0000E-03   1   5
  1.9508E-07  1.8168E-06  2.0438E-05  1.3995E+05  4.1959E+05 -1.9378E+06  0.0000E+00 -2.0000E-03   1   5
 -1.7681E-06  7.9184E-07 -1.8920E-04 -1.1866E+05  2.0545E+05  1.8034E+06  0.0000E+00 -2.0000E-03   1   5
 -1.6382E-06 -4.0446E-07 -1.3648E-04  1.1708E+05 -1.0234E+05  5.2396E+06  0.0000E+00 -2.0000E-03   1   5
 -3.8289E-06  5.4105E-07 -1.6276E-04  1.2905E+04 -2.9252E+05  5.8192E+06  0.0000E+00 -2.0000E-03   1   5
  2.5890E-07 -1.3595E-07 -3.0070E-05 -1.1137E+05 -2.7388E+05 -3.1724E+05  0.0000E+00 -2.0000E-03   1   5
  1.8983E-06 -9.3742E-07  7.8911E-05  1.5824E+05 -1.8637E+05 -6.9536E+05  0.0000E+00 -2.0000E-03   1   5
  3.0061E-07  1.2177E-06 -2.8713E-05  8.0213E+04  1.2997E+05 -7.5990E+06  0.0000E+00 -2.0000E-03   1   5
  3.6495E-07  1.6631E-06  1.0320E-05  5.1814E+05 -3.7322E+05 -2.8767E+06  0.0000E+00 -2.0000E-03   1   5
  4.4203E-06 -2.3586E-06 -6.2351E-05  5.0886E+05 -1.1392E+05  1.2439E+06  0.0000E+00 -2.0000E-03   1   5
 -7.4804E-07 -2.4024E-06 -1.4849E-05  1.4229E+05  2.7321E+05 -6.4953E+05  0.0000E+00 -2.0000E-03   1   5
  1.7772E-06  1.4620E-07 -2.1516E-04 -1.7722E+05 -1.1123E+05  4.1203E+05  0.0000E+00 -2.0000E-03   1   5
  4.1232E-07 -9.4775E-07  1.6532E-05  5.8968E+05 -2.7874E+05  4.1200E+05  0.0000E+00 -2.0000E-03   1   5
  4.1208E-06  1.0605E-06  5.6218E-05 -4.7079E+05 -8.7113E+04 -1.9997E+06  0.0000E+00 -2.0000E-03   1   5
  3.5271E-07  7.2751E-07 -4.8470E-05  3.3636E+05 -4.6540E+05 -3.2239E+06  0.0000E+00 -2.0000E-03   1   5
 -1.3613E-06  1.5016E-06 -1.1527E-04 -9.9399E+04  3.7573E+05  2.2594E+06  0.0000E+00 -2.0000E-03   1   5
 -1.4965E-06 -2.2191E-06  1.8828E-05 -2.5530E+05  2.7792E+05 -2.2023E+06  0.0000E+00 -2.0000E-03   1   5
  1.3043E-06  3.6143E-06  9.0692E-05  7.3847E+04 -3.5340E+04  1.9361E+06  0.0000E+00 -2.0000E-03   1   5
 -2.1437E-06  4.0355E-07 -4.2851E-05 -5.2414E+04 -2.7438E+05  2.6810E+06  0.0000E+00 -2.0000E-03   1   5
  2.0055E-06  3.0502E-06  4.5889E-05  2.6736E+05 -1.3805E+05 -2.2724E+05  0.0000E+00 -2.0000E-03   1   5
 -2.6453E-06 -3.6654E-06 -1.8487E-05 -6.2216E+05  3.3042E+05  1.1057E+06  0.0000E+00 -2.0000E-03   1   5
 -1.7904E-06  1.2464E-06 -1.8105E-05  8.7071E+04 -2.0189E+05  5.4900E+06  0.0000E+00 -2.0000E-03   1   5
  1.5565E-06  1.4657E-06  8.3044E-07 -1.4115E+05  1.2195E+05 -4.2822E+06  0.0000E+00 -2.0000E-03   1   5
  5.6589E-07 -2.0733E-06 -7.4521E-05  2.2662E+05 -4.1218E+05  7.7767E+05  0.0000E+00 -2.0000E-03   1   5
 -3.0768E-06 -5.0024E-07  9.0014E-05  2.2307E+05 -1.8087E+05 -5.6205E+05  0.0000E+00 -2.0000E-03   1   5
  1.1484E-06 -1.2421E-06  1.6193E-04 -2.1088E+05  2.9456E+05 -4.1743E+05  0.0000E+00 -2.0000E-03   1   5
 -2.2110E-06  1.4657E-06 -8.9117E-05  5.9930E+05  5.4964E+04  3.4424E+06  0.0000E+00 -2.0000E-03   1   5
  5.5588E-07 -8.1765E-07 -2.5454E-04  1.9644E+05 -1.6326E+05 -8.0294E+03  0.0000E+00 -2.0000E-03   1   5
  2.1402E-06  3.6325E-06 -2.2304E-05  3.8781E+05  3.0292E+05  7.1620E+06  0.0000E+00 -2.0000E-03   1   5
 -2.1592E-06  4.1843E-07 -1.1811E-04  3.3896E+05 -3.0164E+05 -1.2027E+06  0.0000E+00 -2.0000E-03   1   5
  2.6519E-06  5.4977E-07  7.7335E-05  2.8592E+05 -2.8374E+05 -2.3895E+06  0.0000E+00 -2.0000E-03   1   5
  1.2071E-06 -2.1049E-06 -5.2784E-05  2.0266E+05 -4.0277E+05  4.9998E+06  0.0000E+00 -2.0000E-03   1   5
  3.1700E-07  1.2202E-06 -1.2117E-04 -1.7727E+04  3.1161E+05  4.0378E+06  0.0000E+00 -2.0000E-03   1   5
 -4.2729E-07 -2.4019E-06  4.1512E-05 -3.8641E+05  2.7931E+05  1.1419E+06  0.0000E+00 -2.0000E-03   1   5
  2.4321E-06 -8.5202E-07  3.7014E-05 -2.2587E+05 -9.4575E+04 -1.8706E+06  0.0000E+00 -2.0000E-03   1   5
  3.9722E-07 -6.2327E-07 -5.3113E-05 -3.6174E+05  4.4328E+04 -6.4698E+05  0.0000E+00 -2.0000E-03   1   5
 -9.7342E-07 -2.0574E-06 -5.8016E-06  2.1591E+05 -1.4399E+05  3.4791E+06  0.0000E+00 -2.0000E-03   1   5
 -1.5437E-06  8.8489E-08  8.1332E-05 -2.1429E+05  3.4710E+05  2.3924E+06  0.0000E+00 -2.0000E-03   1   5
  2.0022E-06  1.2181E-06 -4.2028E-05 -6.1450E+04 -1.7599E+04  8.3931E+05  0.0000E+00 -2.0000E-03   1   5
 -1.0713E-06 -7.8641E-07  1.0076E-04  2.4847E+05 -1.3269E+05  1.0982E+06  0.0000E+00 -2.0000E-03   1   5
 -3.8792E-07  6.2952E-06  3.2477E-05  1.8868E+05 -3.8725E+05  4.4095E+06  0.0000E+00 -2.0000E-03   1   5
  3.1358E-08 -6.6429E-07 -2.2566E-05 -3.9928E+05 -2.6320E+05  2.1236E+06  0.0000E+00 -2.0000E-03   1   5
  8.5323E-08 -2.2424E-06  5.4099E-05  5.0402E+04  8.4812E+04 -1.0509E+06  0.0000E+00 -2.0000E-03   1   5
 -1.2436E-06  9.1058E-07  7.9479E-06 -2.1687E+05 -9.5540E+04  3.2705E+06  0.0000E+00 -2.0000E-03   1   5
 -3.3641E-06  3.5852E-07  3.6375E-07  2.8483E+05 -4.4454E+05  3.3924E+06  0.0000E+00 -2.0000E-03   1   5
  8.2466E-07  2.3159E-06  4.2598E-05  2.7472E+05 -2.9562E+05 -1.3998E+06  0.0000E+00 -2.0000E-03   1   5
  3.8078E-06 -8.9595E-07  1.2601E-04 -4.1712E+04 -2.2790E+04  1.2168E+06  0.0000E+00 -2.0000E-03   1   5
  5.3319E-06 -1.8884E-06  4.1145E-06 -3.2878E+05 -2.8498E+05 -2.2538E+06  0.0000E+00 -2.0000E-03   1   5
  4.0681E-07  1.2306E-06  9.9962E-05 -7.9735E+04 -3.8297E+05  1.1325E+06  0.0000E+00 -2.0000E-03   1   5
  8.4985E-07 -1.3199E-07 -7.8187E-05  1.1353E+05  3.6532E+05  1.5433E+06  0.0000E+00 -2.0000E-03   1   5
  3.4556E-07  4.7109E-07 -2.0059E-04  5.5697E+05 -3.8183E+03  1.3947E+06  0.0000E+00 -2.0000E-03   1   5
  5.9730E-07  6.8499E-07  7.0551E-05 -3.3180E+04 -2.9963E+05  1.0640E+06  0.0000E+00 -2.0000E-03   1   5
  6.5806E-07 -2.6932E-07  1.9652E-04  1.3823E+05  3.8589E+05 -1.9866E+05  0.0000E+00 -2.0000E-03   1   5
 -2.9352E-06 -4.3036E-07 -1.1365E-04 -2.6730E+05  6.6745E+04 -3.3445E+06  0.0000E+00 -2.0000E-03   1   5
  3.2858E-07  1.9193E-06 -2.3630E-05  2.0356E+05 -2.8264E+05 -4.1834E+06  0.0000E+00 -2.0000E-03   1   5
 -8.6160E-07 -2.5495E-08  1.1396E-04  1.8797E+05 -2.6121E+05 -2.2023E+06  0.0000E+00 -2.0000E-03   1   5
  2.2560E-06 -8.8147E-07  4.6979E-05 -4.2417E+05 -3.0115E+05 -2.6634E+04  0.0000E+00 -2.0000E-03   1   5
  2.7822E-06 -1.0700E-07  2.0113E-04 -7.6922E+04 -9.8395E+04  3.0542E+06  0.0000E+00 -2.0000E-03   1   5
 -2.7782E-06  7.7374E-07 -4.1526E-05 -1.9543E+05 -1.8231E+05  1.8923E+06  0.0000E+00 -2.0000E-03   1   5
 -1.5020E-06 -1.4667E-06 -1.4444E-06 -5.6137E+04  4.1528E+05 -8.9468E+04  0.0000E+00 -2.0000E-03   1   5
  1.2922E-07 -1.7405E-06 -6.0214E-05  1.8675E+05  3.1695E+05  9.9513E+05  0.0000E+00 -2.0000E-03   1   5
 -2.8220E-06 -2.1152E-06  1.2198E-04 -6.3777E+05 -4.2018E+05  1.5010E+06  0.0000E+00 -2.0000E-03   1   5
  3.9653E-07  1.8274E-06 -1.4865E-05  3.4873E+05  9.2264E+03  6.3490E+05  0.0000E+00 -2.0000E-03   1   5
 -1.3895E-06  1.2958E-06  2.2725E-05 -4.2363E+05  3.4084E+05 -1.9366E+06  0.0000E+00 -2.0000E-03   1   5
 -8.8122E-07  3.0211E-06 -3.7088E-05 -4.5172E+05 -9.6739E+04 -1.7996E+06  0.0000E+00 -2.0000E-03   1   5
 -3.7788E-06 -2.8257E-06  3.8906E-05  5.2018E+05 -2.5470E+05 -2.5966E+06  0.0000E+00 -2.0000E-03   1   5
  2.1656E-06  1.3371E-06  4.5697E-05  1.3487E+05 -4.0632E+05 -2.1286E+06  0.0000E+00 -2.0000E-03   1   5
  1.5618E-06  1.1864E-06 -6.6668E-05  1.1397E+05 -4.3447E+05  1.9930E+06  0.0000E+00 -2.0000E-03   1   5
 -2.2145E-06 -3.1086E-06  8.7879E-05  5.0530E+05 -6.4265E+05  2.0311E+06  0.0000E+00 -2.0000E-03   1   5
  4.5749E-06  1.9140E-06 -9.7822E-06  2.4982E+05 -4.4931E+04  5.1929E+05  0.0000E+00 -2.0000E-03   1   5
  6.6304E-07  7.6314E-07 -9.9410E-05  3.6020E+05 -1.5223E+05 -2.7564E+06  0.0000E+00 -2.0000E-03   1   5
 -5.8329E-07 -1.1578E-07 -8.5371E-05  2.1526E+05  1.6474E+05 -4.4777E+05  0.0000E+00 -2.0000E-03   1   5
  5.4173E-07  1.9948E-07 -1.0024E-04  2.6733E+05 -4.2413E+05  1.9291E+06  0.0000E+00 -2.0000E-03   1   5
  2.6570E-06  1.1796E-06  4.4359E-06 -2.6799E+04  3.4234E+05 -6.2264E+05  0.0000E+00 -2.0000E-03   1   5
 -1.9097E-06 -8.7350E-08 -9.3612E-05  2.5913E+05  2.7537E+05  1.6424E+06  0.0000E+00 -2.0000E-03   1   5
 -1.8071E-06  3.2627E-06  1.4373E-04 -1.5023E+04 -1.1028E+05  3.5142E+06  0.0000E+00 -2.0000E-03   1   5
  3.3527E-07  3.8182E-06 -5.6452E-05  4.0184E+04 -3.2408E+05 -7.8645E+04  0.0000E+00 -2.0000E-03   1   5
 -1.0546E-06  1.4499E-06 -1.3469E-06  2.9505E+05  6.7174E+04  2.1489E+06  0.0000E+00 -2.0000E-03   1   5
  9.9484E-07 -1.3037E-07 -1.1889E-04 -3.3454E+05  6.0238E+05  8.7593E+05  0.0000E+00 -2.0000E-03   1   5
  1.6197E-06  1.5077E-06 -1.2785E-05  3.9928E+05 -1.4433E+05 -1.1676E+06  0.0000E+00 -2.0000E-03   1   5
  5.0939E-07 -7.2551E-08 -8.9373E-05 -3.5951E+05 -1.0818E+05  5.6389E+05  0.0000E+00 -2.0000E-03   1   5
  9.2768E-07 -3.5910E-08  1.5656E-04 -2.0214E+05 -2.1771E+05  1.3429E+06  0.0000E+00 -2.0000E-03   1   5
  1.7032E-06  1.3976E-06 -1.0033E-04  3.2836E+05 -1.4683E+05  1.9588E+06  0.0000E+00 -2.0000E-03   1   5
 -1.9885E-07 -1.5976E-07 -2.0940E-04 -8.4439E+04  7.5442E+04 -4.0883E+06  0.0000E+00 -2.0000E-03   1   5
 -1.2899E-07 -3.8520E-06 -1.2778E-04 -2.3172E+05  4.0417E+05 -8.3827E+05  0.0000E+00 -2.0000E-03   1   5
  1.3894E-06 -7.7848E-07 -6.9042E-05  1.7915E+05 -4.0660E+05  2.6061E+06  0.0000E+00 -2.0000E-03   1   5
 -2.9487E-06  1.0715E-06 -2.1137E-04 -9.6977E+04 -1.3367E+05 -2.7344E+06  0.0000E+00 -2.0000E-03   1   5
  1.0037E-06 -4.5326E-07 -2.5783E-05  2.8230E+05 -9.0865E+04  2.9897E+06  0.0000E+00 -2.0000E-03   1   5
 -2.4223E-06 -2.2889E-07  1.7032E-04  2.6665E+05 -1.9073E+05  3.3520E+06  0.0000E+00 -2.0000E-03   1   5
  8.2089E-07  9.9731E-07 -5.4323E-05 -1.3190E+05  4.2085E+05  1.8180E+05  0.0000E+00 -2.0000E-03   1   5
  1.3931E-06  9.3448E-07  1.6736E-05  5.3788E+04  2.3592E+05  3.4440E+06  0.0000E+00 -2.0000E-03   1   5
 -8.4642E-08 -4.3358E-06 -4.4770E-05  4.2806E+05 -9.1153E+04  1.9580E+06  0.0000E+00 -2.0000E-03   1   5
  1.6006E-06 -4.6497E-07  1.8882E-04  3.8087E+05 -2.0600E+05 -2.3580E+06  0.0000E+00 -2.0000E-03   1   5
 -2.1276E-06 -2.8530E-06  6.6178E-05  2.7000E+05 -3.1530E+05 -3.2379E+06  0.0000E+00 -2.0000E-03   1   5
 -2.0929E-06 -3.9477E-06 -2.5429E-05 -5.2594E+05  3.1591E+05 -6.4079E+05  0.0000E+00 -2.0000E-03   1   5
 -3.3581E-07 -3.7271E-07  1.5552E-04 -2.3609E+04  3.3594E+05 -2.4893E+06  0.0000E+00 -2.0000E-03   1   5
  2.1692E-06  1.0871E-06 -9.7607E-05 -2.5574E+05  3.2919E+05 -1.3263E+06  0.0000E+00 -2.0000E-03   1   5
  7.3999E-07 -3.2724E-06  2.4891E-05  1.1048E+05 -1.2950E+05 -2.0010E+06  0.0000E+00 -2.0000E-03   1   5
 -1.6926E-07 -6.9115E-07 -1.2902E-04 -5.2649E+04 -6.1192E+04  2.0292E+06  0.0000E+00 -2.0000E-03   1   5
 -4.8897E-07 -3.4150E-06 -2.2370E-05  1.7800E+05  2.9877E+05  1.6586E+06  0.0000E+00 -2.0000E-03   1   5
  1.8321E-06 -5.6612E-08  5.2017E-05  3.2373E+05  1.2311E+05 -5.2139E+05  0.0000E+00 -2.0000E-03   1   5
 -1.2339E-07  2.1705E-06 -2.5035E-05 -6.4914E+04  4.9260E+04  7.7766E+05  0.0000E+00 -2.0000E-03   1   5
 -6.5174E-07  1.7196E-06 -1.2433E-04 -1.9382E+05 -8.3824E+04 -1.9234E+05  0.0000E+00 -2.0000E-03   1   5
  3.1030E-06  4.3048E-06  3.4338E-06  3.7953E+05  1.3089E+05  7.3361E+06  0.0000E+00 -2.0000E-03   1   5
  4.3171E-07 -6.4537E-07 -5.7206E-05  4.6380E+05  1.8395E+05 -1.1940E+05  0.0000E+00 -2.0000E-03   1   5
 -1.1423E-06 -1.8374E-07 -5.0208E-05 -1.0939E+05 -2.3240E+04 -2.0356E+06  0.0000E+00 -2.0000E-03   1   5
 -4.0139E-06  6.3985E-08 -1.2020E-04 -3.9944E+05  1.0675E+05 -1.7403E+06  0.0000E+00 -2.0000E-03   1   5
  1.4551E-06 -3.3743E-06 -1.2688E-04 -2.6992E+05 -4.0329E+05  2.2391E+06  0.0000E+00 -2.0000E-03   1   5
 -1.2735E-06 -4.0608E-06  2.1419E-04  1.1523E+03  4.2675E+05 -1.3026E+06  0.0000E+00 -2.0000E-03   1   5
  4.3780E-06 -1.6586E-08  1.4246E-04 -2.4692E+05 -1.7057E+05 -3.0388E+06  0.0000E+00 -2.0000E-03   1   5
  1.9928E-06  2.1025E-06 -4.6198E-05  1.6708E+05 -7.5395E+04  2.7041E+06  0.0000E+00 -2.0000E-03   1   5
 -2.5642E-06  7.8572E-07  2.3208E-04 -6.7365E+04 -3.6516E+05 -3.9507E+06  0.0000E+00 -2.0000E-03   1   5
  2.2932E-06 -2.4102E-06 -7.4783E-05 -4.8127E+05 -1.7689E+05 -1.0664E+06  0.0000E+00 -2.0000E-03   1   5
  2.7346E-06 -2.1526E-06 -1.5730E-04  4.8661E+05  1.8261E+05  6.0007E+05  0.0000E+00 -2.0000E-03   1   5
  2.2454E-06  3.4825E-06 -4.8254E-05  2.7755E+05  3.6006E+05 -4.2274E+06  0.0000E+00 -2.0000E-03   1   5
 -9.8178E-07  3.8830E-07 -8.4631E-05  7.1154E+05  2.5122E+05 -3.8125E+04  0.0000E+00 -2.0000E-03   1   5
 -3.1620E-06 -3.0118E-06 -1.0059E-04 -9.5463E+04 -2.2764E+05 -3.2076E+06  0.0000E+00 -2.0000E-03   1   5
  4.2681E-07 -2.7519E-06 -1.2707E-04  3.7635E+05 -1.5616E+04 -1.1233E+06  0.0000E+00 -2.0000E-03   1   5
  4.7657E-07 -1.8903E-07 -1.7529E-05 -4.1237E+04 -1.8468E+05  2.9230E+06  0.0000E+00 -2.0000E-03   1   5
  2.2420E-06 -1.0886E-06  2.2307E-04 -2.8079E+05  5.5262E+05 -1.3426E+06  0.0000E+00 -2.0000E-03   1   5
  1.2433E-06  7.3908E-08  5.8331E-05  3.7962E+05  3.6087E+05  8.4018E+05  0.0000E+00 -2.0000E-03   1   5
 -6.7629E-07  4.5208E-07  1.2012E-05 -2.6354E+05 -7.3323E+04 -3.2005E+06  0.0000E+00 -2.0000E-03   1   5
  3.9242E-06  1.5754E-06 -8.1195E-05  4.3132E+05  3.6732E+03 -8.8223E+05  0.0000E+00 -2.0000E-03   1   5
 -6.3790E-07 -7.3977E-07 -3.6912E-05  4.4442E+05 -5.4330E+04 -6.5852E+05  0.0000E+00 -2.0000E-03   1   5
  2.4637E-06 -9.4068E-07 -1.3801E-04  3.6616E+05 -3.5725E+05  1.8355E+06  0.0000E+00 -2.0000E-03   1   5
  1.4659E-06 -1.9815E-06  4.8503E-05 -1.9709E+05  2.4130E+05 -2.4171E+06  0.0000E+00 -2.0000E-03   1   5
  2.0733E-06  1.8428E-06  1.1613E-04 -1.7735E+05  4.3051E+05  7.0179E+06  0.0000E+00 -2.0000E-03   1   5
  1.0888E-06  1.5119E-07 -2.0604E-04  6.6523E+05  1.0087E+05 -1.8365E+05  0.0000E+00 -2.0000E-03   1   5
 -3.6799E-08  4.7570E-06  5.6379E-05  4.7104E+05 -1.8957E+05  5.2965E+06  0.0000E+00 -2.0000E-03   1   5
  2.8179E-06 -1.1830E-07 -5.8021E-06  1.0150E+05 -3.9450E+05  3.0098E+06  0.0000E+00 -2.0000E-03   1   5
 -1.2286E-06  1.8210E-07  1.0747E-04  2.6458E+05 -2.4376E+05 -1.4607E+06  0.0000E+00 -2.0000E-03   1   5
 -5.9612E-06 -2.9063E-06  8.6659E-05 -1.9578E+05  6.1939E+05  3.2487E+06  0.0000E+00 -2.0000E-03   1   5
 -4.0294E-07  7.6250E-07  1.4318E-05  9.0735E+04  2.8158E+05  6.6963E+06  0.0000E+00 -2.0000E-03   1   5
  1.9515E-06  6.1817E-07  2.0755E-05  3.4676E+05 -2.7747E+05  1.3348E+06  0.0000E+00 -2.0000E-03   1   5
 -4.2914E-07  1.0110E-06 -1.4550E-05  1.9584E+04 -7.3008E+05 -4.9340E+05  0.0000E+00 -2.0000E-03   1   5
  2.6144E-07 -9.5584E-07  6.0980E-05 -1.3980E+05  8.1824E+04  2.6665E+06  0.0000E+00 -2.0000E-03   1   5
  1.2336E-06 -1.0847E-06 -1.7532E-05 -1.3462E+05 -1.9530E+05  2.6988E+06  0.0000E+00 -2.0000E-03   1   5
  2.7702E-06 -8.9748E-07  6.3860E-05  5.1106E+05 -3.1779E+05  4.1355E+06  0.0000E+00 -2.0000E-03   1   5
  2.5488E-06  2.4940E-06  4.8463E-05  3.0576E+05  1.9523E+05 -3.3574E+06  0.0000E+00 -2.0000E-03   1   5
  5.6284E-07  1.0683E-06  4.6134E-05 -2.2177E+05 -2.1688E+05 -8.7367E+04  0.0000E+00 -2.0000E-03   1   5
  1.7070E-06  3.7982E-06  2.0546E-04  1.1486E+05 -4.3778E+05 -6.2127E+05  0.0000E+00 -2.0000E-03   1   5
  1.4476E-06 -5.6868E-07  5.2145E-05  2.2797E+05 -1.9494E+05  2.2719E+05  0.0000E+00 -2.0000E-03   1   5
  1.0934E-06 -5.4530E-07 -1.8548E-04 -4.5197E+05 -1.6933E+05  3.2697E+05  0.0000E+00 -2.0000E-03   1   5
 -8.4780E-07 -6.1024E-07 -7.2148E-06  7.7798E+04  5.7873E+05  4.2447E+06  0.0000E+00 -2.0000E-03   1   5
 -1.8873E-06 -9.1962E-08  4.1813E-05 -2.1871E+04 -1.7336E+05  1.2841E+06  0.0000E+00 -2.0000E-03   1   5
 -7.4989E-07  2.1979E-06 -9.9563E-05  3.8138E+05  2.3232E+02 -3.3710E+06  0.0000E+00 -2.0000E-03   1   5
  1.4961E-06 -2.9493E-07 -2.4304E-05 -1.5841E+05  3.8240E+05 -2.4576E+06  0.0000E+00 -2.0000E-03   1   5
 -3.0270E-08  9.2564E-07 -8.7058E-05  2.4424E+05  1.9909E+05  6.3958E+06  0.0000E+00 -2.0000E-03   1   5
 -1.7892E-06  3.5677E-07  1.2486E-04 -7.5708E+04 -5.8319E+04 -1.6755E+06  0.0000E+00 -2.0000E-03   1   5
 -1.6474E-06  6.8566E-07  1.5117E-05  1.2476E+05 -5.4048E+05 -1.6390E+06  0.0000E+00 -2.0000E-03   1   5
 -1.4082E-06  3.0625E-06  5.4221E-05  3.9580E+05  2.5132E+05 -2.4198E+06  0.0000E+00 -2.0000E-03   1   5
  6.2335E-07 -2.6596E-06  4.7720E-05  7.6833E+05 -4.0578E+04 -3.7158E+06  0.0000E+00 -2.0000E-03   1   5
  1.6063E-06  4.2974E-06 -1.7594E-05 -9.6394E+04  2.6812E+05 -1.6656E+06  0.0000E+00 -2.0000E-03   1   5
  1.3942E-06  5.4013E-07 -3.8406E-05  1.4512E+04 -2.8331E+05 -6.0468E+06  0.0000E+00 -2.0000E-03   1   5
 -2.1894E-07 -7.8895E-07 -5.2399E-05  7.4187E+04 -5.7584E+05  1.5877E+06  0.0000E+00 -2.0000E-03   1   5
 -1.6731E-06 -2.9780E-07 -1.1210E-04 -1.3803E+05 -5.4120E+04  2.0195E+05  0.0000E+00 -2.0000E-03   1   5
  9.1333E-07  1.5714E-06  2.1112E-04  2.5789E+05  5.4091E+05 -1.9140E+06  0.0000E+00 -2.0000E-03   1   5
  1.1767E-06  3.1038E-06 -7.2992E-05  3.8467E+04 -5.8837E+04  4.2040E+06  0.0000E+00 -2.0000E-03   1   5
 -1.1322E-06 -1.6756E-07 -6.2303E-05  1.7976E+05 -2.3654E+05 -5.4781E+06  0.0000E+00 -2.0000E-03   1   5
  2.3799E-06 -5.3840E-06 -1.1932E-05 -2.0666E+05  2.3166E+05  2.9241E+06  0.0000E+00 -2.0000E-03   1   5
 -9.2718E-07 -2.6700E-06 -6.0588E-05 -2.6713E+05  4.0857E+04  5.2696E+06  0.0000E+00 -2.0000E-03   1   5
 -3.0712E-06 -1.5800E-06 -2.2256E-05  1.8054E+05  2.4949E+05 -5.4574E+06  0.0000E+00 -2.0000E-03   1   5
  4.0092E-06  2.6637E-06 -7.3857E-05 -2.8739E+05  5.1448E+04  3.9255E+05  0.0000E+00 -2.0000E-03   1   5
  3.0627E-07 -1.4355E-06  9.4961E-05  6.6577E+04  1.9043E+05 -5.2970E+06  0.0000E+00 -2.0000E-03   1   5
  2.2814E-06 -3.2006E-06 -1.8192E-04 -1.6303E+05 -6.5641E+04  2.5130E+06  0.0000E+00 -2.0000E-03   1   5
  1.1504E-06  1.6825E-07 -8.5774E-05 -1.3307E+05 -1.6322E+04 -9.2026E+06  0.0000E+00 -2.0000E-03   1   5
  2.9388E-06  1.0722E-06 -1.6725E-04 -2.2324E+05  3.3200E+05  3.5764E+06  0.0000E+00 -2.0000E-03   1   5
 -2.1677E-06  2.2533E-06  1.6500E-04 -2.2991E+05 -7.8141E+04 -8.2268E+06  0.0000E+00 -2.0000E-03   1   5
  8.5485E-07  6.2464E-07  1.7149E-04 -4.8794E+05  8.3692E+04 -1.0374E+06  0.0000E+00 -2.0000E-03   1   5
 -5.0306E-06  1.7654E-06 -3.1283E-05 -3.0295E+05 -9.3378E+04 -1.3892E+06  0.0000E+00 -2.0000E-03   1   5
 -3.3654E-06 -8.7602E-07 -6.0343E-05  9.0823E+04 -6.4189E+04 -9.4483E+05  0.0000E+00 -2.0000E-03   1   5
  2.9548E-06  4.3391E-06 -1.6575E-04  3.0482E+05  4.5545E+05 -4.4463E+05  0.0000E+00 -2.0000E-03   1   5
  2.8325E-06 -8.8575E-07 -9.6559E-05 -2.2294E+05 -5.0730E+04 -4.0767E+06  0.0000E+00 -2.0000E-03   1   5
 -1.9141E-06  9.5451E-07 -8.2062E-05 -3.8989E+05 -6.6015E+04 -2.9844E+06  0.0000E+00 -2.0000E-03   1   5
 -6.8928E-07  7.8267E-08 -6.7283E-05  1.9705E+05  1.0931E+05 -2.8077E+06  0.0000E+00 -2.0000E-03   1   5
 -1.5133E-06  5.3762E-06 -7.7442E-05  2.0112E+05 -9.1459E+04 -2.4476E+06  0.0000E+00 -2.0000E-03   1   5
 -3.0497E-07 -2.4102E-06 -9.8143E-06 -3.0745E+05  1.7819E+05 -2.9788E+06  0.0000E+00 -2.0000E-03   1   5
 -1.1478E-08 -1.5284E-06 -1.7050E-04  1.4449E+05  2.0889E+05  1.1634E+06  0.0000E+00 -2.0000E-03   1   5
 -1.0543E-06 -3.2549E-06  4.8415E-05 -5.6761E+05 -1.5875E+04 -2.9118E+05  0.0000E+00 -2.0000E-03   1   5
  1.5149E-06  3.3453E-07 -1.4289E-04 -1.8289E+05 -1.9847E+05  1.9306E+06  0.0000E+00 -2.0000E-03   1   5
  4.4629E-06 -2.4544E-06  3.0641E-05  6.4739E+05  6.2106E+04  2.3465E+06  0.0000E+00 -2.0000E-03   1   5
 -2.2991E-06  2.0836E-06  7.2500E-05  1.1703E+05 -3.6021E+05  1.9735E+06  0.0000E+00 -2.0000E-03   1   5
  2.9552E-06  4.8421E-07 -3.9534E-05 -4.3440E+04 -4.3729E+05  1.8606E+06  0.0000E+00 -2.0000E-03   1   5
 -1.0174E-06  2.3788E-06  1.9768E-04 -2.9567E+05  3.9313E+05  6.3217E+05  0.0000E+00 -2.0000E-03   1   5
  2.6465E-07 -1.3116E-06  5.7893E-05  2.7233E+05 -4.3362E+05  9.4427E+05  0.0000E+00 -2.0000E-03   1   5
 -1.5735E-06 -2.5457E-06 -1.5405E-04 -2.6865E+05 -3.5242E+05  3.4021E+06  0.0000E+00 -2.0000E-03   1   5
 -2.6490E-06 -3.0264E-06  7.8903E-05  2.6545E+05 -2.3078E+05 -2.2085E+06  0.0000E+00 -2.0000E-03   1   5
 -1.7167E-06  2.6990E-07 -2.1593E-05 -7.2805E+04  2.4888E+04 -2.3024E+05  0.0000E+00 -2.0000E-03   1   5
 -8.7201E-08 -7.1643E-07  1.0459E-04  1.4182E+05 -3.4482E+04 -1.0757E+06  0.0000E+00 -2.0000E-03   1   5
  4.7852E-06  7.3175E-07  2.1684E-05  3.7820E+05 -1.6757E+04 -5.5719E+06  0.0000E+00 -2.0000E-03   1   5
  3.0339E-06  6.9965E-07  4.5322E-06 -2.3680E+05  5.2314E+05 -1.2012E+05  0.0000E+00 -2.0000E-03   1   5
  2.3417E-06  5.4619E-07 -2.5515E-05  1.7110E+05  2.4426E+04 -3.8870E+05  0.0000E+00 -2.0000E-03   1   5
 -1.0467E-06  7.7378E-07 -1.3863E-04 -1.6859E+04  2.2984E+05  3.5469E+06  0.0000E+00 -2.0000E-03   1   5
  3.2484E-06 -7.5679E-07  9.8426E-05 -7.3142E+05 -2.9194E+05  4.2082E+06  0.0000E+00 -2.0000E-03   1   5
 -2.3478E-06  3.4040E-06 -1.2525E-04  1.0008E+05  5.4855E+04 -3.4299E+05  0.0000E+00 -2.0000E-03   1   5
 -1.5393E-06 -2.6889E-06  1.8861E-05 -1.6567E+05  4.7053E+05 -1.6097E+06  0.0000E+00 -2.0000E-03   1   5
  1.8363E-07 -3.4858E-06  3.6097E-05  8.2618E+04 -2.0941E+05 -2.9368E+06  0.0000E+00 -2.0000E-03   1   5
  1.7405E-06  2.6327E-06  6.0422E-05 -2.0762E+05 -2.1558E+05  2.8786E+06  0.0000E+00 -2.0000E-03   1   5
  8.8999E-07  2.4142E-06  2.5002E-04 -2.9109E+05 -2.9596E+05  1.7531E+06  0.0000E+00 -2.0000E-03   1   5
  3.4664E-06  1.1543E-07  8.0555E-05 -7.5638E+04  1.1829E+05  3.4594E+06  0.0000E+00 -2.0000E-03   1   5
 -1.5943E-06 -4.8063E-07 -1.5143E-05 -8.0259E+03  2.3408E+05 -3.5746E+05  0.0000E+00 -2.0000E-03   1   5
 -2.0261E-06 -3.3176E-07 -1.0974E-04 -1.3648E+05  4.9870E+04 -3.1777E+05  0.0000E+00 -2.0000E-03   1   5
  1.7705E-06 -1.3557E-07  1.1992E-04  7.4108E+05 -7.5966E+05  2.8552E+05  0.0000E+00 -2.0000E-03   1   5
 -1.1190E-06  1.1827E-06 -1.1565E-04 -2.3449E+05  5.9554E+05  2.6523E+06  0.0000E+00 -2.0000E-03   1   5
  4.1178E-06 -4.6278E-06  6.5516E-05 -3.8499E+04 -4.4108E+04  4.3373E+06  0.0000E+00 -2.0000E-03   1   5
  1.2645E-06 -1.4205E-06 -2.9285E-05  3.9649E+04 -1.9773E+05  3.8699E+06  0.0000E+00 -2.0000E-03   1   5
  1.7099E-06  1.9411E-06  3.3288E-05 -4.3662E+04  5.5833E+04 -6.7404E+05  0.0000E+00 -2.0000E-03   1   5
  5.1216E-07  3.8835E-06 -1.1060E-04 -6.7545E+04  2.3434E+05 -6.3936E+05  0.0000E+00 -2.0000E-03   1   5
  4.7535E-07  1.6498E-06 -7.5014E-05 -4.1886E+05  1.5549E+05 -3.1557E+06  0.0000E+00 -2.0000E-03   1   5
 -1.3707E-07 -7.5252E-07  2.1435E-04 -2.1386E+05 -4.7649E+05  2.9571E+06  0.0000E+00 -2.0000E-03   1   5
  2.0495E-06  5.9301E-07 -1.8920E-04  5.0280E+05  3.6470E+05  1.0370E+06  0.0000E+00 -2.0000E-03   1   5
  1.1639E-06 -4.5601E-06  4.0540E-06 -9.5960E+03 -2.1642E+05  1.8416E+05  0.0000E+00 -2.0000E-03   1   5
  2.0596E-06 -1.3726E-06 -1.3747E-04  3.3189E+05  1.6118E+05  1.7175E+06  0.0000E+00 -2.0000E-03   1   5
 -2.7442E-06 -9.8739E-07 -1.3594E-04 -4.1146E+05 -2.9378E+05 -4.5497E+05  0.0000E+00 -2.0000E-03   1   5
  4.0903E-06  8.7712E-09 -6.7473E-05 -1.8142E+05 -6.0527E+05 -6.1831E+06  0.0000E+00 -2.0000E-03   1   5
 -2.2246E-06 -9.1865E-07 -3.1741E-05  1.3519E+05 -4.2197E+04  9.8209E+05  0.0000E+00 -2.0000E-03   1   5
  8.2805E-08  2.7529E-08 -8.5564E-05  1.7174E+05  4.5243E+05 -4.8501E+06  0.0000E+00 -2.0000E-03   1   5
 -8.6902E-07 -1.7831E-06  4.0046E-05 -9.5566E+04 -2.2651E+05  1.2573E+06  0.0000E+00 -2.0000E-03   1   5
  2.6476E-06  8.2034E-07 -4.3308E-05 -4.1140E+05  1.7348E+05 -2.4435E+06  0.0000E+00 -2.0000E-03   1   5
  3.9692E-06 -4.2154E-06  1.8702E-05 -6.3992E+03  8.0386E+04 -6.7577E+05  0.0000E+00 -2.0000E-03   1   5
 -6.3953E-07 -2.1303E-07 -6.5051E-05  2.6673E+05  6.8583E+05 -1.4511E+05  0.0000E+00 -2.0000E-03   1   5
 -4.6268E-07 -4.3923E-07 -4.8885E-06  3.0366E+05  5.7834E+04 -6.0678E+06  0.0000E+00 -2.0000E-03   1   5
 -1.1471E-06  2.0194E-06  1.1825E-04 -5.3708E+04 -1.7284E+05 -1.3304E+04  0.0000E+00 -2.0000E-03   1   5
 -5.3513E-07 -2.0031E-06 -2.5561E-05 -5.7852E+05 -3.2963E+05 -3.6507E+06  0.0000E+00 -2.0000E-03   1   5
 -8.5117E-07 -8.3829E-07  6.5882E-05 -3.0110E+04  3.5241E+05  2.6418E+06  0.0000E+00 -2.0000E-03   1   5
  5.4768E-07 -5.0177E-07 -5.8966E-05  6.2556E+03  1.0713E+05 -1.2548E+06  0.0000E+00 -2.0000E-03   1   5
 -4.9920E-06  1.8252E-06  9.5735E-05 -3.1044E+05 -4.7376E+05  1.4001E+06  0.0000E+00 -2.0000E-03   1   5
 -1.9719E-06  1.1540E-07  2.0854E-04  3.0039E+05  4.2413E+05 -6.3820E+05  0.0000E+00 -2.0000E-03   1   5
  3.8088E-07  2.0197E-06 -4.0833E-05  9.6200E+04  2.9138E+05  1.2934E+06  0.0000E+00 -2.0000E-03   1   5
  3.9735E-07  6.0845E-07 -7.5814E-05 -7.1340E+05  1.2614E+05 -2.6941E+06  0.0000E+00 -2.0000E-03   1   5
 -3.1461E-06 -4.6265E-10  1.9859E-04 -1.1193E+05  9.6360E+04 -1.8627E+06  0.0000E+00 -2.0000E-03   1   5
  1.9149E-07  3.1043E-06  1.3540E-04  2.3615E+05 -1.7751E+05  3.3841E+06  0.0000E+00 -2.0000E-03   1   5
 -3.4778E-06  6.9198E-07 -1.4475E-04 -3.2998E+05  1.1424E+05  2.7954E+06  0.0000E+00 -2.0000E-03   1   5
 -7.1347E-07  3.0510E-07  3.8251E-05 -2.0174E+04  6.3341E+04 -1.4589E+06  0.0000E+00 -2.0000E-03   1   5
 -2.5879E-06  3.0881E-07  2.9376E-05 -1.2809E+05  2.5369E+05  2.3705E+05  0.0000E+00 -2.0000E-03   1   5
 -1.1139E-08 -6.9052E-07 -1.2925E-06  1.4678E+05 -1.5183E+05  3.0181E+06  0.0000E+00 -2.0000E-03   1   5
 -9.8743E-07 -3.8575E-06 -3.7823E-05  2.7748E+05 -2.6036E+05 -2.3398E+06  0.0000E+00 -2.0000E-03   1   5
  1.3001E-06 -1.2675E-06  4.0623E-05  8.8481E+04 -1.6583E+05  3.2618E+06  0.0000E+00 -2.0000E-03   1   5
  8.8703E-07 -1.4453E-06  4.7640E-05  3.7195E+05  5.9982E+04 -7.4992E+05  0.0000E+00 -2.0000E-03   1   5
 -2.3156E-06 -2.2561E-06 -2.9630E-05 -6.7515E+04  5.8511E+04  2.3888E+06  0.0000E+00 -2.0000E-03   1   5
  2.0979E-06 -5.8544E-07  6.3935E-05 -5.0829E+05  1.4959E+05  3.6358E+06  0.0000E+00 -2.0000E-03   1   5
  3.5926E-07 -2.1976E-06 -2.1419E-05 -4.8503E+04 -3.5521E+05 -1.2673E+06  0.0000E+00 -2.0000E-03   1   5
 -3.1502E-06  4.5911E-07  1.8112E-04 -3.3214E+05  3.9747E+05 -4.3376E+06  0.0000E+00 -2.0000E-03   1   5
 -3.7292E-06  9.8029E-07 -8.6301E-05  3.1030E+05 -9.2202E+04  1.1363E+06  0.0000E+00 -2.0000E-03   1   5
