  0.0000E+00  0.0000E+00 -7.5650E-08  2.0000E-03  1.8877E+01  2.9577E+01  2.2843E-05
  2.0000E-03  6.6724E-03  1.6364E-05  3.7810E-02  1.8877E+01  2.9855E+01  1.8850E+01
  4.0000E-03  1.3345E-02  3.2804E-05  7.5541E-02  1.8877E+01  3.0750E+01  1.8869E+01
  6.0000E-03  2.0017E-02  4.9244E-05  1.1329E-01  1.8877E+01  3.2210E+01  1.8873E+01
  8.0000E-03  2.6690E-02  6.5684E-05  1.5104E-01  1.8877E+01  3.4163E+01  1.8874E+01
  1.0000E-02  3.3362E-02  8.2124E-05  1.8880E-01  1.8877E+01  3.6530E+01  1.8875E+01
  1.2000E-02  4.0035E-02  9.8564E-05  2.2655E-01  1.8877E+01  3.9236E+01  1.8875E+01
  1.4000E-02  4.6707E-02  1.1500E-04  2.6431E-01  1.8877E+01  4.2216E+01  1.8875E+01
  1.6000E-02  5.3380E-02  1.3144E-04  3.0207E-01  1.8877E+01  4.5416E+01  1.8876E+01
  1.8000E-02  6.0052E-02  1.4788E-04  3.3983E-01  1.8877E+01  4.8793E+01  1.8876E+01
  2.0000E-02  6.6725E-02  1.6432E-04  3.7758E-01  1.8877E+01  5.2313E+01  1.8876E+01
  2.2000E-02  7.3397E-02  1.8076E-04  4.1534E-01  1.8877E+01  5.5948E+01  1.8876E+01
  2.4000E-02  8.0070E-02  1.9720E-04  4.5310E-01  1.8877E+01  5.9678E+01  1.8876E+01
  2.6000E-02  8.6742E-02  2.1364E-04  4.9085E-01  1.8877E+01  6.3485E+01  1.8876E+01
  2.8000E-02  9.3415E-02  2.3008E-04  5.2861E-01  1.8877E+01  6.7357E+01  1.8876E+01
  3.0000E-02  1.0009E-01  2.4652E-04  5.6637E-01  1.8877E+01  7.1284E+01  1.8876E+01
  3.2000E-02  1.0676E-01  2.6296E-04  6.0413E-01  1.8877E+01  7.5256E+01  1.8876E+01
  3.4000E-02  1.1343E-01  2.7940E-04  6.4188E-01  1.8877E+01  7.9267E+01  1.8876E+01
  3.6000E-02  1.2010E-01  2.9584E-04  6.7964E-01  1.8877E+01  8.3311E+01  1.8876E+01
  3.8000E-02  1.2678E-01  3.1228E-04  7.1740E-01  1.8877E+01  8.7383E+01  1.8876E+01
  4.0000E-02  1.3345E-01  3.2872E-04  7.5516E-01  1.8877E+01  9.1481E+01  1.8876E+01
  4.2000E-02  1.4012E-01  3.4516E-04  7.9291E-01  1.8877E+01  9.5600E+01  1.8876E+01
  4.4000E-02  1.4679E-01  3.6160E-04  8.3067E-01  1.8877E+01  9.9738E+01  1.8876E+01
  4.6000E-02  1.5347E-01  3.7804E-04  8.6843E-01  1.8877E+01  1.0389E+02  1.8876E+01
  4.8000E-02  1.6014E-01  3.9448E-04  9.0619E-01  1.8877E+01  1.0806E+02  1.8876E+01
  5.0000E-02  1.6681E-01  4.1092E-04  9.4395E-01  1.8877E+01  1.1224E+02  1.8876E+01
  5.2000E-02  1.7348E-01  4.2736E-04  9.8170E-01  1.8877E+01  1.1644E+02  1.8876E+01
  5.4000E-02  1.8016E-01  4.4380E-04  1.0195E+00  1.8877E+01  1.2064E+02  1.8876E+01
  5.6000E-02  1.8683E-01  4.6024E-04  1.0572E+00  1.8877E+01  1.2486E+02  1.8876E+01
  5.8000E-02  1.9350E-01  4.7668E-04  1.0950E+00  1.8877E+01  1.2908E+02  1.8876E+01
  6.0000E-02  2.0017E-01  4.9312E-04  1.1327E+00  1.8877E+01  1.3331E+02  1.8876E+01
  6.2000E-02  2.0685E-01  5.0956E-04  1.1705E+00  1.8877E+01  1.3755E+02  1.8876E+01
  6.4000E-02  2.1352E-01  5.2600E-04  1.2082E+00  1.8877E+01  1.4179E+02  1.8876E+01
  6.6000E-02  2.2019E-01  5.4244E-04  1.2460E+00  1.8877E+01  1.4604E+02  1.8876E+01
  6.8000E-02  2.2686E-01  5.5888E-04  1.2838E+00  1.8877E+01  1.5029E+02  1.8876E+01
  7.0000E-02  2.3354E-01  5.7532E-04  1.3215E+00  1.8877E+01  1.5455E+02  1.8876E+01
  7.2000E-02  2.4021E-01  5.9176E-04  1.3593E+00  1.8877E+01  1.5882E+02  1.8876E+01
  7.4000E-02  2.4688E-01  6.0820E-04  1.3970E+00  1.8877E+01  1.6308E+02  1.8876E+01
  7.6000E-02  2.5355E-01  6.2464E-04  1.4348E+00  1.8877E+01  1.6735E+02  1.8876E+01
  7.8000E-02  2.6023E-01  6.4108E-04  1.4726E+00  1.8877E+01  1.7163E+02  1.8876E+01
  8.0000E-02  2.6690E-01  6.5752E-04  1.5103E+00  1.8877E+01  1.7591E+02  1.8876E+01
  8.2000E-02  2.7357E-01  6.7396E-04  1.5481E+00  1.8877E+01  1.8019E+02  1.8876E+01
  8.4000E-02  2.8024E-01  6.9040E-04  1.5858E+00  1.8877E+01  1.8447E+02  1.8876E+01
  8.6000E-02  2.8692E-01  7.0684E-04  1.6236E+00  1.8877E+01  1.8876E+02  1.8876E+01
  8.8000E-02  2.9359E-01  7.2328E-04  1.6613E+00  1.8877E+01  1.9305E+02  1.8876E+01
  9.0000E-02  3.0026E-01  7.3972E-04  1.6991E+00  1.8877E+01  1.9734E+02  1.8876E+01
  9.2000E-02  3.0693E-01  7.5616E-04  1.7369E+00  1.8877E+01  2.0164E+02  1.8876E+01
  9.4000E-02  3.1361E-01  7.7260E-04  1.7746E+00  1.8877E+01  2.0593E+02  1.8876E+01
  9.6000E-02  3.2028E-01  7.8904E-04  1.8124E+00  1.8877E+01  2.1023E+02  1.8876E+01
  9.8000E-02  3.2695E-01  8.0548E-04  1.8501E+00  1.8877E+01  2.1453E+02  1.8876E+01
  1.0000E-01  3.3362E-01  8.2192E-04  1.8879E+00  1.8877E+01  2.1883E+02  1.8876E+01
  1.0200E-01  3.4030E-01  8.3836E-04  1.9256E+00  1.8877E+01  2.2313E+02  1.8876E+01
  1.0400E-01  3.4697E-01  8.5480E-04  1.9634E+00  1.8877E+01  2.2744E+02  1.8876E+01
  1.0600E-01  3.5364E-01  8.7124E-04  2.0012E+00  1.8877E+01  2.3174E+02  1.8876E+01
  1.0800E-01  3.6031E-01  8.8768E-04  2.0389E+00  1.8877E+01  2.3605E+02  1.8876E+01
  1.1000E-01  3.6699E-01  9.0412E-04  2.0767E+00  1.8877E+01  2.4036E+02  1.8876E+01
  1.1200E-01  3.7366E-01  9.2056E-04  2.1144E+00  1.8877E+01  2.4467E+02  1.8876E+01
  1.1400E-01  3.8033E-01  9.3700E-04  2.1522E+00  1.8877E+01  2.4898E+02  1.8876E+01
  1.1600E-01  3.8700E-01  9.5344E-04  2.1900E+00  1.8877E+01  2.5329E+02  1.8876E+01
  1.1800E-01  3.9368E-01  9.6988E-04  2.2277E+00  1.8877E+01  2.5760E+02  1.8876E+01
  1.2000E-01  4.0035E-01  9.8632E-04  2.2655E+00  1.8877E+01  2.6192E+02  1.8876E+01
  1.2200E-01  4.0702E-01  1.0028E-03  2.3032E+00  1.8877E+01  2.6623E+02  1.8876E+01
  1.2400E-01  4.1369E-01  1.0192E-03  2.3410E+00  1.8877E+01  2.7055E+02  1.8876E+01
  1.2600E-01  4.2037E-01  1.0356E-03  2.3787E+00  1.8877E+01  2.7486E+02  1.8876E+01
  1.2800E-01  4.2704E-01  1.0521E-03  2.4165E+00  1.8877E+01  2.7918E+02  1.8876E+01
  1.3000E-01  4.3371E-01  1.0685E-03  2.4543E+00  1.8877E+01  2.8350E+02  1.8876E+01
  1.3200E-01  4.4038E-01  1.0850E-03  2.4920E+00  1.8877E+01  2.8782E+02  1.8876E+01
  1.3400E-01  4.4706E-01  1.1014E-03  2.5298E+00  1.8877E+01  2.9213E+02  1.8876E+01
  1.3600E-01  4.5373E-01  1.1178E-03  2.5675E+00  1.8877E+01  2.9645E+02  1.8876E+01
  1.3800E-01  4.6040E-01  1.1343E-03  2.6053E+00  1.8877E+01  3.0077E+02  1.8876E+01
  1.4000E-01  4.6707E-01  1.1507E-03  2.6430E+00  1.8877E+01  3.0510E+02  1.8876E+01
  1.4200E-01  4.7375E-01  1.1672E-03  2.6808E+00  1.8877E+01  3.0942E+02  1.8876E+01
  1.4400E-01  4.8042E-01  1.1836E-03  2.7186E+00  1.8877E+01  3.1374E+02  1.8876E+01
  1.4600E-01  4.8709E-01  1.2000E-03  2.7563E+00  1.8877E+01  3.1806E+02  1.8876E+01
  1.4800E-01  4.9376E-01  1.2165E-03  2.7941E+00  1.8877E+01  3.2239E+02  1.8876E+01
  1.5000E-01  5.0044E-01  1.2329E-03  2.8318E+00  1.8877E+01  3.2671E+02  1.8876E+01
  1.5200E-01  5.0711E-01  1.2494E-03  2.8696E+00  1.8877E+01  3.3103E+02  1.8876E+01
  1.5400E-01  5.1378E-01  1.2658E-03  2.9073E+00  1.8877E+01  3.3536E+02  1.8876E+01
  1.5600E-01  5.2045E-01  1.2822E-03  2.9451E+00  1.8877E+01  3.3968E+02  1.8876E+01
  1.5800E-01  5.2713E-01  1.2987E-03  2.9829E+00  1.8877E+01  3.4401E+02  1.8876E+01
  1.6000E-01  5.3380E-01  1.3151E-03  3.0206E+00  1.8877E+01  3.4833E+02  1.8876E+01
  1.6200E-01  5.4047E-01  1.3316E-03  3.0584E+00  1.8877E+01  3.5266E+02  1.8876E+01
  1.6400E-01  5.4714E-01  1.3480E-03  3.0961E+00  1.8877E+01  3.5699E+02  1.8876E+01
  1.6600E-01  5.5382E-01  1.3644E-03  3.1339E+00  1.8877E+01  3.6131E+02  1.8876E+01
  1.6800E-01  5.6049E-01  1.3809E-03  3.1717E+00  1.8877E+01  3.6564E+02  1.8876E+01
  1.7000E-01  5.6716E-01  1.3973E-03  3.2094E+00  1.8877E+01  3.6997E+02  1.8876E+01
  1.7200E-01  5.7383E-01  1.4138E-03  3.2472E+00  1.8877E+01  3.7430E+02  1.8876E+01
  1.7400E-01  5.8051E-01  1.4302E-03  3.2849E+00  1.8877E+01  3.7863E+02  1.8876E+01
  1.7600E-01  5.8718E-01  1.4466E-03  3.3227E+00  1.8877E+01  3.8296E+02  1.8876E+01
  1.7800E-01  5.9385E-01  1.4631E-03  3.3604E+00  1.8877E+01  3.8728E+02  1.8876E+01
  1.8000E-01  6.0052E-01  1.4795E-03  3.3982E+00  1.8877E+01  3.9161E+02  1.8876E+01
  1.8200E-01  6.0720E-01  1.4960E-03  3.4360E+00  1.8877E+01  3.9594E+02  1.8876E+01
  1.8400E-01  6.1387E-01  1.5124E-03  3.4737E+00  1.8877E+01  4.0027E+02  1.8876E+01
  1.8600E-01  6.2054E-01  1.5288E-03  3.5115E+00  1.8877E+01  4.0460E+02  1.8876E+01
  1.8800E-01  6.2721E-01  1.5453E-03  3.5492E+00  1.8877E+01  4.0893E+02  1.8876E+01
  1.9000E-01  6.3389E-01  1.5617E-03  3.5870E+00  1.8877E+01  4.1326E+02  1.8876E+01
  1.9200E-01  6.4056E-01  1.5782E-03  3.6247E+00  1.8877E+01  4.1759E+02  1.8876E+01
  1.9400E-01  6.4723E-01  1.5946E-03  3.6625E+00  1.8853E+01  4.2210E+02  1.8852E+01
  1.9600E-01  6.5390E-01  1.6109E-03  3.7001E+00  1.8795E+01  4.2655E+02  1.8794E+01
  1.9800E-01  6.6058E-01  1.6272E-03  3.7376E+00  1.8670E+01  4.3135E+02  1.8669E+01
  2.0000E-01  6.6725E-01  1.6432E-03  3.7748E+00  1.8408E+01  4.3793E+02  1.8407E+01
  2.0200E-01  6.7384E-01 -2.2760E-02  1.9063E+00  8.9262E+00  1.0615E+02  8.9259E+00
  2.0400E-01  6.8050E-01 -1.7389E-02  1.9056E+00  8.4062E+00  1.0636E+02  8.4059E+00
  2.0600E-01  6.8717E-01 -6.2522E-03  1.8920E+00  7.7141E+00  1.0489E+02  7.7138E+00
  2.0800E-01  6.9384E-01 -1.2104E-02  1.9030E+00  7.0917E+00  1.0450E+02  7.0914E+00
  2.1000E-01  7.0051E-01 -1.2329E-02  1.8939E+00  6.3826E+00  1.0159E+02  6.3822E+00
  2.1200E-01  7.0718E-01 -1.8340E-02  1.8868E+00  5.6848E+00  1.0091E+02  5.6844E+00
  2.1400E-01  7.1386E-01 -1.8498E-02  1.8898E+00  5.0199E+00  1.0091E+02  5.0195E+00
  2.1600E-01  7.2053E-01 -3.6484E-02  1.8874E+00  4.3495E+00  1.0076E+02  4.3490E+00
  2.1800E-01  7.2720E-01 -2.4889E-02  1.8879E+00  3.6981E+00  1.0072E+02  3.6975E+00
  2.2000E-01  7.3387E-01 -1.9057E-02  1.8908E+00  3.0570E+00  1.0061E+02  3.0562E+00
  2.2200E-01  7.4054E-01 -1.9117E-02  1.8963E+00  2.4254E+00  1.0070E+02  2.4244E+00
  2.2400E-01  7.4721E-01 -1.3306E-02  1.8968E+00  1.7935E+00  1.0063E+02  1.7923E+00
  2.2600E-01  7.5388E-01 -1.3359E-02  1.8920E+00  1.1643E+00  9.9979E+01  1.1623E+00
  2.2800E-01  7.6055E-01 -1.3379E-02  1.8937E+00  5.4285E-01  9.9989E+01  5.3865E-01
  2.3000E-01  7.6723E-01 -1.3390E-02  1.8941E+00  1.0765E-01  9.9987E+01 -8.3971E-02
  2.3200E-01  7.7390E-01 -1.3392E-02  1.8934E+00  6.9714E-01  9.9982E+01 -6.9388E-01
  2.3400E-01  7.8057E-01 -1.3387E-02  1.8914E+00  1.2666E+00  9.9977E+01 -1.2648E+00
  2.3600E-01  7.8724E-01 -1.3375E-02  1.8883E+00  1.7525E+00  9.9960E+01 -1.7512E+00
  2.3800E-01  7.9391E-01 -1.3357E-02  1.8845E+00  2.0631E+00  9.9960E+01 -2.0619E+00
  2.4000E-01  8.0058E-01 -1.3336E-02  1.8802E+00  2.2297E+00  9.9988E+01 -2.2287E+00
  2.4200E-01  8.0725E-01 -1.3314E-02  1.8757E+00  2.2943E+00  1.0004E+02 -2.2933E+00
  2.4400E-01  8.1392E-01 -1.3291E-02  1.8710E+00  2.3251E+00  1.0010E+02 -2.3241E+00
  2.4600E-01  8.2060E-01 -1.3268E-02  1.8664E+00  2.3403E+00  1.0016E+02 -2.3393E+00
  2.4800E-01  8.2727E-01 -1.3244E-02  1.8617E+00  2.3430E+00  1.0023E+02 -2.3420E+00
  2.5000E-01  8.3394E-01 -1.3221E-02  1.8570E+00  2.3430E+00  1.0029E+02 -2.3419E+00
  2.5200E-01  8.4061E-01 -1.3198E-02  1.8523E+00  2.3430E+00  1.0036E+02 -2.3419E+00
  2.5400E-01  8.4728E-01 -1.3174E-02  1.8476E+00  2.3430E+00  1.0043E+02 -2.3419E+00
  2.5600E-01  8.5395E-01 -1.3151E-02  1.8430E+00  2.3430E+00  1.0049E+02 -2.3419E+00
  2.5800E-01  8.6062E-01 -1.3128E-02  1.8383E+00  2.3430E+00  1.0056E+02 -2.3419E+00
  2.6000E-01  8.6730E-01 -1.3104E-02  1.8336E+00  2.3430E+00  1.0062E+02 -2.3419E+00
  2.6200E-01  8.7397E-01 -1.3081E-02  1.8289E+00  2.3430E+00  1.0069E+02 -2.3419E+00
  2.6400E-01  8.8064E-01 -1.3058E-02  1.8242E+00  2.3430E+00  1.0076E+02 -2.3419E+00
  2.6600E-01  8.8731E-01 -1.3035E-02  1.8195E+00  2.3430E+00  1.0082E+02 -2.3419E+00
  2.6800E-01  8.9398E-01 -1.3011E-02  1.8148E+00  2.3430E+00  1.0089E+02 -2.3419E+00
  2.7000E-01  9.0065E-01 -1.2988E-02  1.8102E+00  2.3430E+00  1.0096E+02 -2.3419E+00
  2.7200E-01  9.0732E-01 -1.2965E-02  1.8055E+00  2.3430E+00  1.0102E+02 -2.3419E+00
  2.7400E-01  9.1399E-01 -1.2941E-02  1.8008E+00  2.3430E+00  1.0109E+02 -2.3419E+00
  2.7600E-01  9.2067E-01 -1.2918E-02  1.7961E+00  2.3430E+00  1.0115E+02 -2.3419E+00
  2.7800E-01  9.2734E-01 -1.2895E-02  1.7914E+00  2.3430E+00  1.0122E+02 -2.3418E+00
  2.8000E-01  9.3401E-01 -1.2871E-02  1.7867E+00  2.3430E+00  1.0129E+02 -2.3418E+00
  2.8200E-01  9.4068E-01 -1.2848E-02  1.7821E+00  2.3430E+00  1.0135E+02 -2.3418E+00
  2.8400E-01  9.4735E-01 -1.2825E-02  1.7774E+00  2.3430E+00  1.0142E+02 -2.3418E+00
  2.8600E-01  9.5402E-01 -1.2801E-02  1.7727E+00  2.3430E+00  1.0148E+02 -2.3418E+00
  2.8800E-01  9.6069E-01 -1.2778E-02  1.7680E+00  2.3430E+00  1.0155E+02 -2.3418E+00
  2.9000E-01  9.6737E-01 -1.2755E-02  1.7633E+00  2.3430E+00  1.0162E+02 -2.3418E+00
  2.9200E-01  9.7404E-01 -1.2731E-02  1.7586E+00  2.3430E+00  1.0168E+02 -2.3418E+00
  2.9400E-01  9.8071E-01 -1.2708E-02  1.7539E+00  2.3430E+00  1.0175E+02 -2.3418E+00
  2.9600E-01  9.8738E-01 -1.2685E-02  1.7493E+00  2.3430E+00  1.0181E+02 -2.3418E+00
  2.9800E-01  9.9405E-01 -1.2661E-02  1.7446E+00  2.3430E+00  1.0188E+02 -2.3418E+00
  3.0000E-01  1.0007E+00 -1.2638E-02  1.7399E+00  2.3430E+00  1.0195E+02 -2.3418E+00
  3.0200E-01  1.0074E+00 -1.2615E-02  1.7352E+00  2.3430E+00  1.0201E+02 -2.3418E+00
  3.0400E-01  1.0141E+00 -1.2591E-02  1.7305E+00  2.3430E+00  1.0208E+02 -2.3417E+00
  3.0600E-01  1.0207E+00 -1.2568E-02  1.7258E+00  2.3430E+00  1.0214E+02 -2.3417E+00
  3.0800E-01  1.0274E+00 -1.2545E-02  1.7212E+00  2.3430E+00  1.0221E+02 -2.3417E+00
  3.1000E-01  1.0341E+00 -1.2521E-02  1.7165E+00  2.3430E+00  1.0228E+02 -2.3417E+00
  3.1200E-01  1.0407E+00 -1.2498E-02  1.7118E+00  2.3430E+00  1.0234E+02 -2.3417E+00
  3.1400E-01  1.0474E+00 -1.2475E-02  1.7071E+00  2.3430E+00  1.0241E+02 -2.3417E+00
  3.1600E-01  1.0541E+00 -1.2452E-02  1.7024E+00  2.3430E+00  1.0247E+02 -2.3417E+00
  3.1800E-01  1.0608E+00 -1.2428E-02  1.6977E+00  2.3430E+00  1.0254E+02 -2.3417E+00
  3.2000E-01  1.0674E+00 -1.2405E-02  1.6931E+00  2.3430E+00  1.0261E+02 -2.3417E+00
  3.2200E-01  1.0741E+00 -1.2382E-02  1.6884E+00  2.3430E+00  1.0267E+02 -2.3417E+00
  3.2400E-01  1.0808E+00 -1.2358E-02  1.6837E+00  2.3430E+00  1.0274E+02 -2.3417E+00
  3.2600E-01  1.0874E+00 -1.2335E-02  1.6790E+00  2.3430E+00  1.0281E+02 -2.3417E+00
  3.2800E-01  1.0941E+00 -1.2312E-02  1.6743E+00  2.3430E+00  1.0287E+02 -2.3416E+00
  3.3000E-01  1.1008E+00 -1.2288E-02  1.6696E+00  2.3430E+00  1.0294E+02 -2.3416E+00
  3.3200E-01  1.1075E+00 -1.2265E-02  1.6650E+00  2.3430E+00  1.0300E+02 -2.3416E+00
  3.3400E-01  1.1141E+00 -1.2242E-02  1.6603E+00  2.3430E+00  1.0307E+02 -2.3416E+00
  3.3600E-01  1.1208E+00 -1.2218E-02  1.6556E+00  2.3430E+00  1.0314E+02 -2.3416E+00
  3.3800E-01  1.1275E+00 -1.2195E-02  1.6509E+00  2.3430E+00  1.0320E+02 -2.3416E+00
  3.4000E-01  1.1341E+00 -1.2172E-02  1.6462E+00  2.3430E+00  1.0327E+02 -2.3416E+00
  3.4200E-01  1.1408E+00 -1.2148E-02  1.6415E+00  2.3430E+00  1.0333E+02 -2.3416E+00
  3.4400E-01  1.1475E+00 -1.2125E-02  1.6368E+00  2.3430E+00  1.0340E+02 -2.3416E+00
  3.4600E-01  1.1542E+00 -1.2102E-02  1.6322E+00  2.3430E+00  1.0347E+02 -2.3416E+00
  3.4800E-01  1.1608E+00 -1.2078E-02  1.6275E+00  2.3430E+00  1.0353E+02 -2.3416E+00
  3.5000E-01  1.1675E+00 -1.2055E-02  1.6228E+00  2.3430E+00  1.0360E+02 -2.3415E+00
  3.5200E-01  1.1742E+00 -1.2032E-02  1.6181E+00  2.3430E+00  1.0366E+02 -2.3415E+00
  3.5400E-01  1.1808E+00 -1.2008E-02  1.6134E+00  2.3430E+00  1.0373E+02 -2.3415E+00
  3.5600E-01  1.1875E+00 -1.1985E-02  1.6087E+00  2.3430E+00  1.0380E+02 -2.3415E+00
  3.5800E-01  1.1942E+00 -1.1962E-02  1.6041E+00  2.3430E+00  1.0386E+02 -2.3415E+00
  3.6000E-01  1.2009E+00 -1.1938E-02  1.5994E+00  2.3430E+00  1.0393E+02 -2.3415E+00
  3.6200E-01  1.2075E+00 -1.1915E-02  1.5947E+00  2.3430E+00  1.0400E+02 -2.3415E+00
  3.6400E-01  1.2142E+00 -1.1892E-02  1.5900E+00  2.3430E+00  1.0406E+02 -2.3415E+00
  3.6600E-01  1.2209E+00 -1.1868E-02  1.5853E+00  2.3430E+00  1.0413E+02 -2.3415E+00
  3.6800E-01  1.2275E+00 -1.1845E-02  1.5806E+00  2.3430E+00  1.0419E+02 -2.3414E+00
  3.7000E-01  1.2342E+00 -1.1822E-02  1.5760E+00  2.3430E+00  1.0426E+02 -2.3414E+00
  3.7200E-01  1.2409E+00 -1.1799E-02  1.5713E+00  2.3430E+00  1.0433E+02 -2.3414E+00
  3.7400E-01  1.2476E+00 -1.1775E-02  1.5666E+00  2.3430E+00  1.0439E+02 -2.3414E+00
  3.7600E-01  1.2542E+00 -1.1752E-02  1.5619E+00  2.3430E+00  1.0446E+02 -2.3414E+00
  3.7800E-01  1.2609E+00 -1.1729E-02  1.5572E+00  2.3430E+00  1.0452E+02 -2.3414E+00
  3.8000E-01  1.2676E+00 -1.1705E-02  1.5525E+00  2.3430E+00  1.0459E+02 -2.3414E+00
  3.8200E-01  1.2742E+00 -1.1682E-02  1.5479E+00  2.3430E+00  1.0466E+02 -2.3414E+00
  3.8400E-01  1.2809E+00 -1.1659E-02  1.5432E+00  2.3430E+00  1.0472E+02 -2.3414E+00
  3.8600E-01  1.2876E+00 -1.1635E-02  1.5385E+00  2.3430E+00  1.0479E+02 -2.3413E+00
  3.8800E-01  1.2943E+00 -1.1612E-02  1.5338E+00  2.3430E+00  1.0485E+02 -2.3413E+00
  3.9000E-01  1.3009E+00 -1.1589E-02  1.5291E+00  2.3430E+00  1.0492E+02 -2.3413E+00
  3.9200E-01  1.3076E+00 -1.1565E-02  1.5244E+00  2.3430E+00  1.0499E+02 -2.3413E+00
  3.9400E-01  1.3143E+00 -1.1542E-02  1.5198E+00  2.3430E+00  1.0505E+02 -2.3413E+00
  3.9600E-01  1.3209E+00 -1.1519E-02  1.5151E+00  2.3430E+00  1.0512E+02 -2.3413E+00
  3.9800E-01  1.3276E+00 -1.1495E-02  1.5104E+00  2.3430E+00  1.0518E+02 -2.3413E+00
  4.0000E-01  1.3343E+00 -1.1472E-02  1.5057E+00  2.3430E+00  1.0525E+02 -2.3413E+00
  4.0200E-01  1.3410E+00 -1.1449E-02  1.5010E+00  2.3430E+00  1.0532E+02 -2.3412E+00
  4.0400E-01  1.3476E+00 -1.1425E-02  1.4963E+00  2.3430E+00  1.0538E+02 -2.3412E+00
  4.0600E-01  1.3543E+00 -1.1402E-02  1.4917E+00  2.3430E+00  1.0545E+02 -2.3412E+00
  4.0800E-01  1.3610E+00 -1.1379E-02  1.4870E+00  2.3430E+00  1.0552E+02 -2.3412E+00
  4.1000E-01  1.3676E+00 -1.1355E-02  1.4823E+00  2.3430E+00  1.0558E+02 -2.3412E+00
  4.1200E-01  1.3743E+00 -1.1332E-02  1.4776E+00  2.3430E+00  1.0565E+02 -2.3412E+00
  4.1400E-01  1.3810E+00 -1.1309E-02  1.4729E+00  2.3430E+00  1.0571E+02 -2.3412E+00
  4.1600E-01  1.3877E+00 -1.1285E-02  1.4683E+00  2.3430E+00  1.0578E+02 -2.3412E+00
  4.1800E-01  1.3943E+00 -1.1262E-02  1.4636E+00  2.3430E+00  1.0585E+02 -2.3411E+00
  4.2000E-01  1.4010E+00 -1.1239E-02  1.4589E+00  2.3430E+00  1.0591E+02 -2.3411E+00
  4.2200E-01  1.4077E+00 -1.1215E-02  1.4542E+00  2.3430E+00  1.0598E+02 -2.3411E+00
  4.2400E-01  1.4143E+00 -1.1192E-02  1.4495E+00  2.3430E+00  1.0604E+02 -2.3411E+00
  4.2600E-01  1.4210E+00 -1.1169E-02  1.4448E+00  2.3430E+00  1.0611E+02 -2.3411E+00
  4.2800E-01  1.4277E+00 -1.1146E-02  1.4402E+00  2.3430E+00  1.0618E+02 -2.3411E+00
  4.3000E-01  1.4344E+00 -1.1122E-02  1.4355E+00  2.3430E+00  1.0624E+02 -2.3411E+00
  4.3200E-01  1.4410E+00 -1.1099E-02  1.4308E+00  2.3430E+00  1.0631E+02 -2.3410E+00
  4.3400E-01  1.4477E+00 -1.1076E-02  1.4261E+00  2.3430E+00  1.0638E+02 -2.3410E+00
  4.3600E-01  1.4544E+00 -1.1052E-02  1.4214E+00  2.3430E+00  1.0644E+02 -2.3410E+00
  4.3800E-01  1.4610E+00 -1.1029E-02  1.4167E+00  2.3430E+00  1.0651E+02 -2.3410E+00
  4.4000E-01  1.4677E+00 -1.1006E-02  1.4121E+00  2.3430E+00  1.0657E+02 -2.3410E+00
  4.4200E-01  1.4744E+00 -1.0982E-02  1.4074E+00  2.3430E+00  1.0664E+02 -2.3410E+00
  4.4400E-01  1.4811E+00 -1.0959E-02  1.4027E+00  2.3430E+00  1.0671E+02 -2.3409E+00
  4.4600E-01  1.4877E+00 -1.0936E-02  1.3980E+00  2.3430E+00  1.0677E+02 -2.3409E+00
  4.4800E-01  1.4944E+00 -1.0912E-02  1.3933E+00  2.3430E+00  1.0684E+02 -2.3409E+00
  4.5000E-01  1.5011E+00 -1.0889E-02  1.3887E+00  2.3430E+00  1.0690E+02 -2.3409E+00
  4.5200E-01  1.5077E+00 -1.0866E-02  1.3840E+00  2.3430E+00  1.0697E+02 -2.3409E+00
  4.5400E-01  1.5144E+00 -1.0842E-02  1.3793E+00  2.3430E+00  1.0704E+02 -2.3409E+00
  4.5600E-01  1.5211E+00 -1.0819E-02  1.3746E+00  2.3430E+00  1.0710E+02 -2.3408E+00
  4.5800E-01  1.5278E+00 -1.0796E-02  1.3699E+00  2.3430E+00  1.0717E+02 -2.3408E+00
  4.6000E-01  1.5344E+00 -1.0772E-02  1.3652E+00  2.3430E+00  1.0724E+02 -2.3408E+00
  4.6200E-01  1.5411E+00 -1.0749E-02  1.3606E+00  2.3430E+00  1.0730E+02 -2.3408E+00
  4.6400E-01  1.5478E+00 -1.0726E-02  1.3559E+00  2.3430E+00  1.0737E+02 -2.3408E+00
  4.6600E-01  1.5544E+00 -1.0702E-02  1.3512E+00  2.3430E+00  1.0743E+02 -2.3408E+00
  4.6800E-01  1.5611E+00 -1.0679E-02  1.3465E+00  2.3430E+00  1.0750E+02 -2.3407E+00
  4.7000E-01  1.5678E+00 -1.0656E-02  1.3418E+00  2.3430E+00  1.0757E+02 -2.3407E+00
  4.7200E-01  1.5745E+00 -1.0632E-02  1.3372E+00  2.3430E+00  1.0763E+02 -2.3407E+00
  4.7400E-01  1.5811E+00 -1.0609E-02  1.3325E+00  2.3430E+00  1.0770E+02 -2.3407E+00
  4.7600E-01  1.5878E+00 -1.0586E-02  1.3278E+00  2.3430E+00  1.0776E+02 -2.3407E+00
  4.7800E-01  1.5945E+00 -1.0562E-02  1.3231E+00  2.3430E+00  1.0783E+02 -2.3406E+00
  4.8000E-01  1.6011E+00 -1.0539E-02  1.3184E+00  2.3430E+00  1.0790E+02 -2.3406E+00
  4.8200E-01  1.6078E+00 -1.0516E-02  1.3137E+00  2.3430E+00  1.0796E+02 -2.3406E+00
  4.8400E-01  1.6145E+00 -1.0493E-02  1.3091E+00  2.3430E+00  1.0803E+02 -2.3406E+00
  4.8600E-01  1.6212E+00 -1.0469E-02  1.3044E+00  2.3430E+00  1.0810E+02 -2.3406E+00
  4.8800E-01  1.6278E+00 -1.0446E-02  1.2997E+00  2.3430E+00  1.0816E+02 -2.3406E+00
  4.9000E-01  1.6345E+00 -1.0423E-02  1.2950E+00  2.3430E+00  1.0823E+02 -2.3405E+00
  4.9200E-01  1.6412E+00 -1.0399E-02  1.2903E+00  2.3430E+00  1.0829E+02 -2.3405E+00
  4.9400E-01  1.6478E+00 -1.0376E-02  1.2857E+00  2.3430E+00  1.0836E+02 -2.3405E+00
  4.9600E-01  1.6545E+00 -1.0353E-02  1.2810E+00  2.3430E+00  1.0843E+02 -2.3405E+00
  4.9800E-01  1.6612E+00 -1.0329E-02  1.2763E+00  2.3430E+00  1.0849E+02 -2.3404E+00
  5.0000E-01  1.6679E+00 -1.0306E-02  1.2716E+00  2.3430E+00  1.0856E+02 -2.3404E+00
  5.0200E-01  1.6745E+00 -1.0283E-02  1.2669E+00  2.3430E+00  1.0862E+02 -2.3404E+00
  5.0400E-01  1.6812E+00 -1.0259E-02  1.2623E+00  2.3430E+00  1.0869E+02 -2.3404E+00
  5.0600E-01  1.6879E+00 -1.0236E-02  1.2576E+00  2.3430E+00  1.0876E+02 -2.3404E+00
  5.0800E-01  1.6945E+00 -1.0213E-02  1.2529E+00  2.3430E+00  1.0882E+02 -2.3403E+00
  5.1000E-01  1.7012E+00 -1.0189E-02  1.2482E+00  2.3430E+00  1.0889E+02 -2.3403E+00
  5.1200E-01  1.7079E+00 -1.0166E-02  1.2435E+00  2.3430E+00  1.0896E+02 -2.3403E+00
  5.1400E-01  1.7146E+00 -1.0143E-02  1.2388E+00  2.3430E+00  1.0902E+02 -2.3403E+00
  5.1600E-01  1.7212E+00 -1.0119E-02  1.2342E+00  2.3430E+00  1.0909E+02 -2.3402E+00
  5.1800E-01  1.7279E+00 -1.0096E-02  1.2295E+00  2.3430E+00  1.0915E+02 -2.3402E+00
  5.2000E-01  1.7346E+00 -1.0073E-02  1.2248E+00  2.3430E+00  1.0922E+02 -2.3402E+00
  5.2200E-01  1.7412E+00 -1.0049E-02  1.2201E+00  2.3430E+00  1.0929E+02 -2.3402E+00
  5.2400E-01  1.7479E+00 -1.0026E-02  1.2154E+00  2.3430E+00  1.0935E+02 -2.3401E+00
  5.2600E-01  1.7546E+00 -1.0003E-02  1.2108E+00  2.3430E+00  1.0942E+02 -2.3401E+00
  5.2800E-01  1.7613E+00 -9.9795E-03  1.2061E+00  2.3430E+00  1.0948E+02 -2.3401E+00
  5.3000E-01  1.7679E+00 -9.9561E-03  1.2014E+00  2.3430E+00  1.0955E+02 -2.3401E+00
  5.3200E-01  1.7746E+00 -9.9328E-03  1.1967E+00  2.3430E+00  1.0962E+02 -2.3400E+00
  5.3400E-01  1.7813E+00 -9.9095E-03  1.1920E+00  2.3430E+00  1.0968E+02 -2.3400E+00
  5.3600E-01  1.7879E+00 -9.8862E-03  1.1874E+00  2.3430E+00  1.0975E+02 -2.3400E+00
  5.3800E-01  1.7946E+00 -9.8629E-03  1.1827E+00  2.3430E+00  1.0982E+02 -2.3400E+00
  5.4000E-01  1.8013E+00 -9.8395E-03  1.1780E+00  2.3430E+00  1.0988E+02 -2.3399E+00
  5.4200E-01  1.8080E+00 -9.8162E-03  1.1733E+00  2.3430E+00  1.0995E+02 -2.3399E+00
  5.4400E-01  1.8146E+00 -9.7929E-03  1.1686E+00  2.3430E+00  1.1001E+02 -2.3399E+00
  5.4600E-01  1.8213E+00 -9.7696E-03  1.1640E+00  2.3430E+00  1.1008E+02 -2.3398E+00
  5.4800E-01  1.8280E+00 -9.7462E-03  1.1593E+00  2.3430E+00  1.1015E+02 -2.3398E+00
  5.5000E-01  1.8346E+00 -9.7229E-03  1.1546E+00  2.3430E+00  1.1021E+02 -2.3398E+00
  5.5200E-01  1.8413E+00 -9.6996E-03  1.1499E+00  2.3430E+00  1.1028E+02 -2.3398E+00
  5.5400E-01  1.8480E+00 -9.6763E-03  1.1452E+00  2.3430E+00  1.1034E+02 -2.3397E+00
  5.5600E-01  1.8547E+00 -9.6530E-03  1.1406E+00  2.3430E+00  1.1041E+02 -2.3397E+00
  5.5800E-01  1.8613E+00 -9.6296E-03  1.1359E+00  2.3430E+00  1.1048E+02 -2.3397E+00
  5.6000E-01  1.8680E+00 -9.6063E-03  1.1312E+00  2.3430E+00  1.1054E+02 -2.3396E+00
  5.6200E-01  1.8747E+00 -9.5830E-03  1.1265E+00  2.3430E+00  1.1061E+02 -2.3396E+00
  5.6400E-01  1.8813E+00 -9.5597E-03  1.1219E+00  2.3430E+00  1.1068E+02 -2.3396E+00
  5.6600E-01  1.8880E+00 -9.5364E-03  1.1172E+00  2.3430E+00  1.1074E+02 -2.3395E+00
  5.6800E-01  1.8947E+00 -9.5130E-03  1.1125E+00  2.3430E+00  1.1081E+02 -2.3395E+00
  5.7000E-01  1.9014E+00 -9.4897E-03  1.1078E+00  2.3430E+00  1.1087E+02 -2.3395E+00
  5.7200E-01  1.9080E+00 -9.4664E-03  1.1031E+00  2.3430E+00  1.1094E+02 -2.3394E+00
  5.7400E-01  1.9147E+00 -9.4431E-03  1.0985E+00  2.3430E+00  1.1101E+02 -2.3394E+00
  5.7600E-01  1.9214E+00 -9.4198E-03  1.0938E+00  2.3430E+00  1.1107E+02 -2.3394E+00
  5.7800E-01  1.9280E+00 -9.3964E-03  1.0891E+00  2.3430E+00  1.1114E+02 -2.3393E+00
  5.8000E-01  1.9347E+00 -9.3731E-03  1.0844E+00  2.3430E+00  1.1121E+02 -2.3393E+00
  5.8200E-01  1.9414E+00 -9.3498E-03  1.0797E+00  2.3430E+00  1.1127E+02 -2.3393E+00
  5.8400E-01  1.9480E+00 -9.3265E-03  1.0751E+00  2.3430E+00  1.1134E+02 -2.3392E+00
  5.8600E-01  1.9547E+00 -9.3031E-03  1.0704E+00  2.3430E+00  1.1140E+02 -2.3392E+00
  5.8800E-01  1.9614E+00 -9.2798E-03  1.0657E+00  2.3430E+00  1.1147E+02 -2.3392E+00
  5.9000E-01  1.9681E+00 -9.2565E-03  1.0610E+00  2.3430E+00  1.1154E+02 -2.3391E+00
  5.9200E-01  1.9747E+00 -9.2332E-03  1.0564E+00  2.3430E+00  1.1160E+02 -2.3391E+00
  5.9400E-01  1.9814E+00 -9.2099E-03  1.0517E+00  2.3430E+00  1.1167E+02 -2.3390E+00
  5.9600E-01  1.9881E+00 -9.1865E-03  1.0470E+00  2.3430E+00  1.1173E+02 -2.3390E+00
  5.9800E-01  1.9947E+00 -9.1632E-03  1.0423E+00  2.3430E+00  1.1180E+02 -2.3390E+00
  6.0000E-01  2.0014E+00 -9.1399E-03  1.0376E+00  2.3430E+00  1.1187E+02 -2.3389E+00
  6.0200E-01  2.0081E+00 -9.1166E-03  1.0330E+00  2.3430E+00  1.1193E+02 -2.3389E+00
  6.0400E-01  2.0148E+00 -9.0933E-03  1.0283E+00  2.3430E+00  1.1200E+02 -2.3388E+00
  6.0600E-01  2.0214E+00 -9.0699E-03  1.0236E+00  2.3430E+00  1.1207E+02 -2.3388E+00
  6.0800E-01  2.0281E+00 -9.0466E-03  1.0189E+00  2.3430E+00  1.1213E+02 -2.3387E+00
  6.1000E-01  2.0348E+00 -9.0233E-03  1.0143E+00  2.3430E+00  1.1220E+02 -2.3387E+00
  6.1200E-01  2.0414E+00 -9.0000E-03  1.0096E+00  2.3430E+00  1.1226E+02 -2.3387E+00
  6.1400E-01  2.0481E+00 -8.9766E-03  1.0049E+00  2.3430E+00  1.1233E+02 -2.3386E+00
  6.1600E-01  2.0548E+00 -8.9533E-03  1.0002E+00  2.3430E+00  1.1240E+02 -2.3386E+00
  6.1800E-01  2.0615E+00 -8.9300E-03  9.9555E-01  2.3430E+00  1.1246E+02 -2.3385E+00
  6.2000E-01  2.0681E+00 -8.9067E-03  9.9087E-01  2.3430E+00  1.1253E+02 -2.3385E+00
  6.2200E-01  2.0748E+00 -8.8834E-03  9.8620E-01  2.3430E+00  1.1260E+02 -2.3384E+00
  6.2400E-01  2.0815E+00 -8.8600E-03  9.8152E-01  2.3430E+00  1.1266E+02 -2.3384E+00
  6.2600E-01  2.0881E+00 -8.8367E-03  9.7685E-01  2.3430E+00  1.1273E+02 -2.3383E+00
  6.2800E-01  2.0948E+00 -8.8134E-03  9.7217E-01  2.3430E+00  1.1279E+02 -2.3383E+00
  6.3000E-01  2.1015E+00 -8.7901E-03  9.6749E-01  2.3430E+00  1.1286E+02 -2.3382E+00
  6.3200E-01  2.1082E+00 -8.7668E-03  9.6282E-01  2.3430E+00  1.1293E+02 -2.3382E+00
  6.3400E-01  2.1148E+00 -8.7434E-03  9.5814E-01  2.3430E+00  1.1299E+02 -2.3381E+00
  6.3600E-01  2.1215E+00 -8.7201E-03  9.5347E-01  2.3430E+00  1.1306E+02 -2.3381E+00
  6.3800E-01  2.1282E+00 -8.6968E-03  9.4879E-01  2.3430E+00  1.1312E+02 -2.3380E+00
  6.4000E-01  2.1348E+00 -8.6735E-03  9.4412E-01  2.3430E+00  1.1319E+02 -2.3380E+00
  6.4200E-01  2.1415E+00 -8.6502E-03  9.3944E-01  2.3430E+00  1.1326E+02 -2.3379E+00
  6.4400E-01  2.1482E+00 -8.6268E-03  9.3477E-01  2.3430E+00  1.1332E+02 -2.3378E+00
  6.4600E-01  2.1549E+00 -8.6035E-03  9.3009E-01  2.3430E+00  1.1339E+02 -2.3378E+00
  6.4800E-01  2.1615E+00 -8.5802E-03  9.2542E-01  2.3430E+00  1.1346E+02 -2.3377E+00
  6.5000E-01  2.1682E+00 -8.5569E-03  9.2074E-01  2.3430E+00  1.1352E+02 -2.3377E+00
  6.5200E-01  2.1749E+00 -8.5335E-03  9.1607E-01  2.3430E+00  1.1359E+02 -2.3376E+00
  6.5400E-01  2.1815E+00 -8.5102E-03  9.1139E-01  2.3430E+00  1.1365E+02 -2.3375E+00
  6.5600E-01  2.1882E+00 -8.4869E-03  9.0672E-01  2.3430E+00  1.1372E+02 -2.3375E+00
  6.5800E-01  2.1949E+00 -8.4636E-03  9.0204E-01  2.3430E+00  1.1379E+02 -2.3374E+00
  6.6000E-01  2.2016E+00 -8.4403E-03  8.9737E-01  2.3430E+00  1.1385E+02 -2.3374E+00
  6.6200E-01  2.2082E+00 -8.4169E-03  8.9269E-01  2.3430E+00  1.1392E+02 -2.3373E+00
  6.6400E-01  2.2149E+00 -8.3936E-03  8.8802E-01  2.3430E+00  1.1399E+02 -2.3372E+00
  6.6600E-01  2.2216E+00 -8.3703E-03  8.8335E-01  2.3430E+00  1.1405E+02 -2.3372E+00
  6.6800E-01  2.2282E+00 -8.3470E-03  8.7867E-01  2.3430E+00  1.1412E+02 -2.3371E+00
  6.7000E-01  2.2349E+00 -8.3237E-03  8.7400E-01  2.3430E+00  1.1418E+02 -2.3370E+00
  6.7200E-01  2.2416E+00 -8.3003E-03  8.6933E-01  2.3430E+00  1.1425E+02 -2.3369E+00
  6.7400E-01  2.2483E+00 -8.2770E-03  8.6465E-01  2.3430E+00  1.1432E+02 -2.3369E+00
  6.7600E-01  2.2549E+00 -8.2537E-03  8.5998E-01  2.3430E+00  1.1438E+02 -2.3368E+00
  6.7800E-01  2.2616E+00 -8.2304E-03  8.5531E-01  2.3430E+00  1.1445E+02 -2.3367E+00
  6.8000E-01  2.2683E+00 -8.2071E-03  8.5064E-01  2.3430E+00  1.1452E+02 -2.3367E+00
  6.8200E-01  2.2749E+00 -8.1837E-03  8.4596E-01  2.3430E+00  1.1458E+02 -2.3366E+00
  6.8400E-01  2.2816E+00 -8.1604E-03  8.4129E-01  2.3430E+00  1.1465E+02 -2.3365E+00
  6.8600E-01  2.2883E+00 -8.1371E-03  8.3662E-01  2.3430E+00  1.1471E+02 -2.3364E+00
  6.8800E-01  2.2950E+00 -8.1138E-03  8.3195E-01  2.3430E+00  1.1478E+02 -2.3363E+00
  6.9000E-01  2.3016E+00 -8.0904E-03  8.2728E-01  2.3430E+00  1.1485E+02 -2.3363E+00
  6.9200E-01  2.3083E+00 -8.0671E-03  8.2261E-01  2.3430E+00  1.1491E+02 -2.3362E+00
  6.9400E-01  2.3150E+00 -8.0438E-03  8.1793E-01  2.3430E+00  1.1498E+02 -2.3361E+00
  6.9600E-01  2.3216E+00 -8.0205E-03  8.1326E-01  2.3430E+00  1.1505E+02 -2.3360E+00
  6.9800E-01  2.3283E+00 -7.9972E-03  8.0859E-01  2.3430E+00  1.1511E+02 -2.3359E+00
  7.0000E-01  2.3350E+00 -7.9738E-03  8.0392E-01  2.3430E+00  1.1518E+02 -2.3358E+00
  7.0200E-01  2.3417E+00 -7.9505E-03  7.9925E-01  2.3430E+00  1.1524E+02 -2.3357E+00
  7.0400E-01  2.3483E+00 -7.9272E-03  7.9458E-01  2.3430E+00  1.1531E+02 -2.3356E+00
  7.0600E-01  2.3550E+00 -7.9039E-03  7.8991E-01  2.3430E+00  1.1538E+02 -2.3355E+00
  7.0800E-01  2.3617E+00 -7.8806E-03  7.8524E-01  2.3430E+00  1.1544E+02 -2.3354E+00
  7.1000E-01  2.3683E+00 -7.8572E-03  7.8057E-01  2.3430E+00  1.1551E+02 -2.3353E+00
  7.1200E-01  2.3750E+00 -7.8339E-03  7.7590E-01  2.3430E+00  1.1558E+02 -2.3352E+00
  7.1400E-01  2.3817E+00 -7.8106E-03  7.7123E-01  2.3430E+00  1.1564E+02 -2.3351E+00
  7.1600E-01  2.3884E+00 -7.7873E-03  7.6656E-01  2.3430E+00  1.1571E+02 -2.3350E+00
  7.1800E-01  2.3950E+00 -7.7639E-03  7.6189E-01  2.3430E+00  1.1577E+02 -2.3349E+00
  7.2000E-01  2.4017E+00 -7.7406E-03  7.5723E-01  2.3430E+00  1.1584E+02 -2.3348E+00
  7.2200E-01  2.4084E+00 -7.7173E-03  7.5256E-01  2.3430E+00  1.1591E+02 -2.3347E+00
  7.2400E-01  2.4150E+00 -7.6940E-03  7.4789E-01  2.3430E+00  1.1597E+02 -2.3346E+00
  7.2600E-01  2.4217E+00 -7.6707E-03  7.4322E-01  2.3430E+00  1.1604E+02 -2.3345E+00
  7.2800E-01  2.4284E+00 -7.6473E-03  7.3855E-01  2.3430E+00  1.1611E+02 -2.3344E+00
  7.3000E-01  2.4351E+00 -7.6240E-03  7.3389E-01  2.3430E+00  1.1617E+02 -2.3342E+00
  7.3200E-01  2.4417E+00 -7.6007E-03  7.2922E-01  2.3430E+00  1.1624E+02 -2.3341E+00
  7.3400E-01  2.4484E+00 -7.5774E-03  7.2455E-01  2.3430E+00  1.1630E+02 -2.3340E+00
  7.3600E-01  2.4551E+00 -7.5541E-03  7.1989E-01  2.3430E+00  1.1637E+02 -2.3339E+00
  7.3800E-01  2.4617E+00 -7.5307E-03  7.1522E-01  2.3430E+00  1.1644E+02 -2.3337E+00
  7.4000E-01  2.4684E+00 -7.5074E-03  7.1055E-01  2.3430E+00  1.1650E+02 -2.3336E+00
  7.4200E-01  2.4751E+00 -7.4841E-03  7.0589E-01  2.3430E+00  1.1657E+02 -2.3335E+00
  7.4400E-01  2.4818E+00 -7.4608E-03  7.0122E-01  2.3430E+00  1.1664E+02 -2.3333E+00
  7.4600E-01  2.4884E+00 -7.4375E-03  6.9656E-01  2.3430E+00  1.1670E+02 -2.3332E+00
  7.4800E-01  2.4951E+00 -7.4141E-03  6.9189E-01  2.3430E+00  1.1677E+02 -2.3330E+00
  7.5000E-01  2.5018E+00 -7.3908E-03  6.8723E-01  2.3430E+00  1.1683E+02 -2.3329E+00
  7.5200E-01  2.5084E+00 -7.3675E-03  6.8257E-01  2.3430E+00  1.1690E+02 -2.3327E+00
  7.5400E-01  2.5151E+00 -7.3442E-03  6.7790E-01  2.3430E+00  1.1697E+02 -2.3326E+00
  7.5600E-01  2.5218E+00 -7.3208E-03  6.7324E-01  2.3430E+00  1.1703E+02 -2.3324E+00
  7.5800E-01  2.5285E+00 -7.2975E-03  6.6858E-01  2.3430E+00  1.1710E+02 -2.3323E+00
  7.6000E-01  2.5351E+00 -7.2742E-03  6.6391E-01  2.3430E+00  1.1717E+02 -2.3321E+00
  7.6200E-01  2.5418E+00 -7.2509E-03  6.5925E-01  2.3430E+00  1.1723E+02 -2.3319E+00
  7.6400E-01  2.5485E+00 -7.2276E-03  6.5459E-01  2.3430E+00  1.1730E+02 -2.3318E+00
  7.6600E-01  2.5551E+00 -7.2042E-03  6.4993E-01  2.3430E+00  1.1736E+02 -2.3316E+00
  7.6800E-01  2.5618E+00 -7.1809E-03  6.4527E-01  2.3430E+00  1.1743E+02 -2.3314E+00
  7.7000E-01  2.5685E+00 -7.1576E-03  6.4061E-01  2.3430E+00  1.1750E+02 -2.3312E+00
  7.7200E-01  2.5752E+00 -7.1343E-03  6.3594E-01  2.3430E+00  1.1756E+02 -2.3311E+00
  7.7400E-01  2.5818E+00 -7.1110E-03  6.3128E-01  2.3430E+00  1.1763E+02 -2.3309E+00
  7.7600E-01  2.5885E+00 -7.0876E-03  6.2663E-01  2.3430E+00  1.1770E+02 -2.3307E+00
  7.7800E-01  2.5952E+00 -7.0643E-03  6.2197E-01  2.3430E+00  1.1776E+02 -2.3305E+00
  7.8000E-01  2.6018E+00 -7.0410E-03  6.1731E-01  2.3430E+00  1.1783E+02 -2.3303E+00
  7.8200E-01  2.6085E+00 -7.0177E-03  6.1265E-01  2.3430E+00  1.1789E+02 -2.3301E+00
  7.8400E-01  2.6152E+00 -6.9943E-03  6.0799E-01  2.3430E+00  1.1796E+02 -2.3298E+00
  7.8600E-01  2.6219E+00 -6.9710E-03  6.0333E-01  2.3430E+00  1.1803E+02 -2.3296E+00
  7.8800E-01  2.6285E+00 -6.9477E-03  5.9868E-01  2.3430E+00  1.1809E+02 -2.3294E+00
  7.9000E-01  2.6352E+00 -6.9244E-03  5.9402E-01  2.3430E+00  1.1816E+02 -2.3292E+00
  7.9200E-01  2.6419E+00 -6.9011E-03  5.8936E-01  2.3430E+00  1.1823E+02 -2.3289E+00
  7.9400E-01  2.6485E+00 -6.8777E-03  5.8471E-01  2.3430E+00  1.1829E+02 -2.3287E+00
  7.9600E-01  2.6552E+00 -6.8544E-03  5.8005E-01  2.3430E+00  1.1836E+02 -2.3284E+00
  7.9800E-01  2.6619E+00 -6.8311E-03  5.7540E-01  2.3430E+00  1.1842E+02 -2.3282E+00
  8.0000E-01  2.6686E+00 -6.8078E-03  5.7075E-01  2.3430E+00  1.1849E+02 -2.3279E+00
  8.0200E-01  2.6752E+00 -6.7845E-03  5.6609E-01  2.3430E+00  1.1856E+02 -2.3277E+00
  8.0400E-01  2.6819E+00 -6.7611E-03  5.6144E-01  2.3430E+00  1.1862E+02 -2.3274E+00
  8.0600E-01  2.6886E+00 -6.7378E-03  5.5679E-01  2.3430E+00  1.1869E+02 -2.3271E+00
  8.0800E-01  2.6952E+00 -6.7145E-03  5.5214E-01  2.3430E+00  1.1876E+02 -2.3268E+00
  8.1000E-01  2.7019E+00 -6.6912E-03  5.4749E-01  2.3430E+00  1.1882E+02 -2.3265E+00
  8.1200E-01  2.7086E+00 -6.6679E-03  5.4284E-01  2.3430E+00  1.1889E+02 -2.3262E+00
  8.1400E-01  2.7153E+00 -6.6445E-03  5.3819E-01  2.3430E+00  1.1895E+02 -2.3259E+00
  8.1600E-01  2.7219E+00 -6.6212E-03  5.3354E-01  2.3430E+00  1.1902E+02 -2.3256E+00
  8.1800E-01  2.7286E+00 -6.5979E-03  5.2889E-01  2.3430E+00  1.1909E+02 -2.3253E+00
  8.2000E-01  2.7353E+00 -6.5746E-03  5.2424E-01  2.3430E+00  1.1915E+02 -2.3249E+00
  8.2200E-01  2.7419E+00 -6.5512E-03  5.1959E-01  2.3430E+00  1.1922E+02 -2.3246E+00
  8.2400E-01  2.7486E+00 -6.5279E-03  5.1495E-01  2.3430E+00  1.1929E+02 -2.3242E+00
  8.2600E-01  2.7553E+00 -6.5046E-03  5.1030E-01  2.3430E+00  1.1935E+02 -2.3239E+00
  8.2800E-01  2.7620E+00 -6.4813E-03  5.0566E-01  2.3430E+00  1.1942E+02 -2.3235E+00
  8.3000E-01  2.7686E+00 -6.4580E-03  5.0101E-01  2.3430E+00  1.1948E+02 -2.3231E+00
  8.3200E-01  2.7753E+00 -6.4346E-03  4.9637E-01  2.3430E+00  1.1955E+02 -2.3227E+00
  8.3400E-01  2.7820E+00 -6.4113E-03  4.9173E-01  2.3430E+00  1.1962E+02 -2.3223E+00
  8.3600E-01  2.7886E+00 -6.3880E-03  4.8709E-01  2.3430E+00  1.1968E+02 -2.3219E+00
  8.3800E-01  2.7953E+00 -6.3647E-03  4.8245E-01  2.3430E+00  1.1975E+02 -2.3215E+00
  8.4000E-01  2.8020E+00 -6.3414E-03  4.7781E-01  2.3430E+00  1.1982E+02 -2.3210E+00
  8.4200E-01  2.8087E+00 -6.3180E-03  4.7317E-01  2.3430E+00  1.1988E+02 -2.3205E+00
  8.4400E-01  2.8153E+00 -6.2947E-03  4.6853E-01  2.3430E+00  1.1995E+02 -2.3201E+00
  8.4600E-01  2.8220E+00 -6.2714E-03  4.6390E-01  2.3430E+00  1.2001E+02 -2.3196E+00
  8.4800E-01  2.8287E+00 -6.2481E-03  4.5926E-01  2.3430E+00  1.2008E+02 -2.3191E+00
  8.5000E-01  2.8353E+00 -6.2247E-03  4.5463E-01  2.3430E+00  1.2015E+02 -2.3186E+00
  8.5200E-01  2.8420E+00 -6.2014E-03  4.4999E-01  2.3430E+00  1.2021E+02 -2.3180E+00
  8.5400E-01  2.8487E+00 -6.1781E-03  4.4536E-01  2.3430E+00  1.2028E+02 -2.3175E+00
  8.5600E-01  2.8553E+00 -6.1548E-03  4.4073E-01  2.3430E+00  1.2035E+02 -2.3169E+00
  8.5800E-01  2.8620E+00 -6.1315E-03  4.3610E-01  2.3430E+00  1.2041E+02 -2.3163E+00
  8.6000E-01  2.8687E+00 -6.1081E-03  4.3147E-01  2.3430E+00  1.2048E+02 -2.3157E+00
  8.6200E-01  2.8754E+00 -6.0848E-03  4.2685E-01  2.3430E+00  1.2054E+02 -2.3151E+00
  8.6400E-01  2.8820E+00 -6.0615E-03  4.2222E-01  2.3430E+00  1.2061E+02 -2.3144E+00
  8.6600E-01  2.8887E+00 -6.0382E-03  4.1760E-01  2.3430E+00  1.2068E+02 -2.3138E+00
  8.6800E-01  2.8954E+00 -6.0149E-03  4.1297E-01  2.3430E+00  1.2074E+02 -2.3131E+00
  8.7000E-01  2.9020E+00 -5.9915E-03  4.0835E-01  2.3430E+00  1.2081E+02 -2.3123E+00
  8.7200E-01  2.9087E+00 -5.9682E-03  4.0373E-01  2.3430E+00  1.2088E+02 -2.3116E+00
  8.7400E-01  2.9154E+00 -5.9449E-03  3.9911E-01  2.3430E+00  1.2094E+02 -2.3108E+00
  8.7600E-01  2.9221E+00 -5.9216E-03  3.9450E-01  2.3430E+00  1.2101E+02 -2.3100E+00
  8.7800E-01  2.9287E+00 -5.8983E-03  3.8988E-01  2.3430E+00  1.2108E+02 -2.3092E+00
  8.8000E-01  2.9354E+00 -5.8749E-03  3.8527E-01  2.3430E+00  1.2114E+02 -2.3083E+00
  8.8200E-01  2.9421E+00 -5.8516E-03  3.8066E-01  2.3430E+00  1.2121E+02 -2.3075E+00
  8.8400E-01  2.9487E+00 -5.8283E-03  3.7605E-01  2.3430E+00  1.2127E+02 -2.3065E+00
  8.8600E-01  2.9554E+00 -5.8050E-03  3.7144E-01  2.3430E+00  1.2134E+02 -2.3056E+00
  8.8800E-01  2.9621E+00 -5.7816E-03  3.6684E-01  2.3430E+00  1.2141E+02 -2.3046E+00
  8.9000E-01  2.9688E+00 -5.7583E-03  3.6223E-01  2.3430E+00  1.2147E+02 -2.3035E+00
  8.9200E-01  2.9754E+00 -5.7350E-03  3.5763E-01  2.3430E+00  1.2154E+02 -2.3025E+00
  8.9400E-01  2.9821E+00 -5.7117E-03  3.5303E-01  2.3430E+00  1.2161E+02 -2.3014E+00
  8.9600E-01  2.9888E+00 -5.6884E-03  3.4844E-01  2.3430E+00  1.2167E+02 -2.3002E+00
  8.9800E-01  2.9954E+00 -5.6650E-03  3.4384E-01  2.3430E+00  1.2174E+02 -2.2990E+00
  9.0000E-01  3.0021E+00 -5.6417E-03  3.3925E-01  2.3430E+00  1.2180E+02 -2.2977E+00
  9.0200E-01  3.0088E+00 -5.6184E-03  3.3466E-01  2.3430E+00  1.2187E+02 -2.2964E+00
  9.0400E-01  3.0155E+00 -5.5951E-03  3.3008E-01  2.3430E+00  1.2194E+02 -2.2950E+00
  9.0600E-01  3.0221E+00 -5.5718E-03  3.2549E-01  2.3430E+00  1.2200E+02 -2.2936E+00
  9.0800E-01  3.0288E+00 -5.5484E-03  3.2091E-01  2.3430E+00  1.2207E+02 -2.2921E+00
  9.1000E-01  3.0355E+00 -5.5251E-03  3.1634E-01  2.3430E+00  1.2214E+02 -2.2906E+00
  9.1200E-01  3.0421E+00 -5.5018E-03  3.1176E-01  2.3430E+00  1.2220E+02 -2.2889E+00
  9.1400E-01  3.0488E+00 -5.4785E-03  3.0719E-01  2.3430E+00  1.2227E+02 -2.2872E+00
  9.1600E-01  3.0555E+00 -5.4552E-03  3.0263E-01  2.3430E+00  1.2233E+02 -2.2855E+00
  9.1800E-01  3.0622E+00 -5.4318E-03  2.9806E-01  2.3430E+00  1.2240E+02 -2.2836E+00
  9.2000E-01  3.0688E+00 -5.4085E-03  2.9350E-01  2.3430E+00  1.2247E+02 -2.2817E+00
  9.2200E-01  3.0755E+00 -5.3852E-03  2.8895E-01  2.3430E+00  1.2253E+02 -2.2796E+00
  9.2400E-01  3.0822E+00 -5.3619E-03  2.8440E-01  2.3430E+00  1.2260E+02 -2.2775E+00
  9.2600E-01  3.0888E+00 -5.3385E-03  2.7985E-01  2.3430E+00  1.2267E+02 -2.2752E+00
  9.2800E-01  3.0955E+00 -5.3152E-03  2.7531E-01  2.3430E+00  1.2273E+02 -2.2728E+00
  9.3000E-01  3.1022E+00 -5.2919E-03  2.7078E-01  2.3430E+00  1.2280E+02 -2.2704E+00
  9.3200E-01  3.1089E+00 -5.2686E-03  2.6624E-01  2.3430E+00  1.2287E+02 -2.2677E+00
  9.3400E-01  3.1155E+00 -5.2453E-03  2.6172E-01  2.3430E+00  1.2293E+02 -2.2650E+00
  9.3600E-01  3.1222E+00 -5.2219E-03  2.5720E-01  2.3430E+00  1.2300E+02 -2.2621E+00
  9.3800E-01  3.1289E+00 -5.1986E-03  2.5269E-01  2.3430E+00  1.2306E+02 -2.2590E+00
  9.4000E-01  3.1355E+00 -5.1753E-03  2.4818E-01  2.3430E+00  1.2313E+02 -2.2558E+00
  9.4200E-01  3.1422E+00 -5.1520E-03  2.4368E-01  2.3430E+00  1.2320E+02 -2.2524E+00
  9.4400E-01  3.1489E+00 -5.1287E-03  2.3919E-01  2.3430E+00  1.2326E+02 -2.2488E+00
  9.4600E-01  3.1556E+00 -5.1053E-03  2.3470E-01  2.3430E+00  1.2333E+02 -2.2450E+00
  9.4800E-01  3.1622E+00 -5.0820E-03  2.3022E-01  2.3430E+00  1.2340E+02 -2.2409E+00
  9.5000E-01  3.1689E+00 -5.0587E-03  2.2576E-01  2.3430E+00  1.2346E+02 -2.2366E+00
  9.5200E-01  3.1756E+00 -5.0354E-03  2.2130E-01  2.3430E+00  1.2353E+02 -2.2321E+00
  9.5400E-01  3.1822E+00 -5.0120E-03  2.1685E-01  2.3430E+00  1.2359E+02 -2.2272E+00
  9.5600E-01  3.1889E+00 -4.9887E-03  2.1241E-01  2.3430E+00  1.2366E+02 -2.2221E+00
  9.5800E-01  3.1956E+00 -4.9654E-03  2.0798E-01  2.3430E+00  1.2373E+02 -2.2166E+00
  9.6000E-01  3.2023E+00 -4.9421E-03  2.0356E-01  2.3430E+00  1.2379E+02 -2.2107E+00
  9.6200E-01  3.2089E+00 -4.9188E-03  1.9916E-01  2.3430E+00  1.2386E+02 -2.2045E+00
  9.6400E-01  3.2156E+00 -4.8954E-03  1.9476E-01  2.3430E+00  1.2393E+02 -2.1978E+00
  9.6600E-01  3.2223E+00 -4.8721E-03  1.9039E-01  2.3430E+00  1.2399E+02 -2.1906E+00
  9.6800E-01  3.2289E+00 -4.8488E-03  1.8602E-01  2.3430E+00  1.2406E+02 -2.1829E+00
  9.7000E-01  3.2356E+00 -4.8255E-03  1.8168E-01  2.3430E+00  1.2412E+02 -2.1747E+00
  9.7200E-01  3.2423E+00 -4.8022E-03  1.7735E-01  2.3430E+00  1.2419E+02 -2.1659E+00
  9.7400E-01  3.2490E+00 -4.7788E-03  1.7304E-01  2.3430E+00  1.2426E+02 -2.1563E+00
  9.7600E-01  3.2556E+00 -4.7555E-03  1.6875E-01  2.3430E+00  1.2432E+02 -2.1461E+00
  9.7800E-01  3.2623E+00 -4.7322E-03  1.6448E-01  2.3430E+00  1.2439E+02 -2.1350E+00
  9.8000E-01  3.2690E+00 -4.7089E-03  1.6024E-01  2.3430E+00  1.2446E+02 -2.1230E+00
  9.8200E-01  3.2756E+00 -4.6856E-03  1.5602E-01  2.3430E+00  1.2452E+02 -2.1100E+00
  9.8400E-01  3.2823E+00 -4.6622E-03  1.5183E-01  2.3430E+00  1.2459E+02 -2.0959E+00
  9.8600E-01  3.2890E+00 -4.6389E-03  1.4766E-01  2.3430E+00  1.2466E+02 -2.0806E+00
  9.8800E-01  3.2957E+00 -4.6156E-03  1.4353E-01  2.3430E+00  1.2472E+02 -2.0640E+00
  9.9000E-01  3.3023E+00 -4.5923E-03  1.3944E-01  2.3430E+00  1.2479E+02 -2.0458E+00
  9.9200E-01  3.3090E+00 -4.5689E-03  1.3538E-01  2.3430E+00  1.2485E+02 -2.0260E+00
  9.9400E-01  3.3157E+00 -4.5456E-03  1.3137E-01  2.3430E+00  1.2492E+02 -2.0043E+00
  9.9600E-01  3.3223E+00 -4.5223E-03  1.2740E-01  2.3430E+00  1.2499E+02 -1.9805E+00
  1.0000E+00  3.3357E+00 -4.4757E-03  1.1962E-01  2.3430E+00  1.2512E+02 -1.9256E+00
