  1.5245E-08  0.0000E+00  8.3773E-08  2.0000E-03  1.2000E-06  1.1742E+00  1.2201E-12
  3.5076E-03  1.1700E-02  8.3779E-08  2.0000E-03  1.2000E-06  1.1742E+00  3.7455E-12
  7.1051E-03  2.3700E-02  8.3784E-08  2.0000E-03  1.2000E-06  1.1742E+00  6.3357E-12
  1.0703E-02  3.5700E-02  8.3789E-08  2.0000E-03  1.2000E-06  1.1742E+00  8.9260E-12
  1.4300E-02  4.7700E-02  8.3794E-08  2.0000E-03  1.2000E-06  1.1742E+00  1.1516E-11
  1.7913E-02  5.9750E-02  8.3799E-08  2.0000E-03  1.2000E-06  1.1742E+00  1.4117E-11
  2.1510E-02  7.1750E-02  8.3805E-08  2.0000E-03  1.2000E-06  1.1742E+00  1.6707E-11
  2.5108E-02  8.3750E-02  8.3810E-08  2.0000E-03  1.2000E-06  1.1742E+00  1.9298E-11
  2.8705E-02  9.5750E-02  8.3815E-08  2.0000E-03  1.2000E-06  1.1742E+00  2.1888E-11
  3.2303E-02  1.0775E-01  8.3820E-08  2.0000E-03  1.2000E-06  1.1742E+00  2.4478E-11
  3.5900E-02  1.1975E-01  8.3826E-08  2.0000E-03  1.2000E-06  1.1742E+00  2.7068E-11
  3.9513E-02  1.3180E-01  8.3831E-08  2.0000E-03  1.2000E-06  1.1742E+00  2.9669E-11
  4.3110E-02  1.4380E-01  8.3836E-08  2.0000E-03  1.2000E-06  1.1742E+00  3.2259E-11
  4.6708E-02  1.5580E-01  8.3841E-08  2.0000E-03  1.2000E-06  1.1742E+00  3.4850E-11
  5.0305E-02  1.6780E-01  8.3847E-08  2.0000E-03  1.2000E-06  1.1742E+00  3.7440E-11
  5.3903E-02  1.7980E-01  8.3852E-08  2.0000E-03  1.2000E-06  1.1742E+00  4.0030E-11
  5.7500E-02  1.9180E-01  8.3857E-08  2.0000E-03  1.2000E-06  1.1742E+00  4.2620E-11
  6.1113E-02  2.0385E-01  8.3862E-08  2.0000E-03  1.2000E-06  1.1742E+00  4.5221E-11
  6.4710E-02  2.1585E-01  8.3868E-08  2.0000E-03  1.2000E-06  1.1742E+00  4.7811E-11
  6.8308E-02  2.2785E-01  8.3873E-08  2.0000E-03  1.2000E-06  1.1742E+00  5.0402E-11
  7.1905E-02  2.3985E-01  8.3878E-08  2.0000E-03  1.2000E-06  1.1742E+00  5.2992E-11
  7.5503E-02  2.5185E-01  8.3883E-08  2.0000E-03  1.2000E-06  1.1742E+00  5.5582E-11
  7.9100E-02  2.6385E-01  8.3888E-08  2.0000E-03  1.2000E-06  1.1742E+00  5.8172E-11
  8.2713E-02  2.7590E-01  8.3894E-08  2.0000E-03  1.2000E-06  1.1742E+00  6.0773E-11
  8.6310E-02  2.8790E-01  8.3899E-08  2.0000E-03  1.2000E-06  1.1742E+00  6.3363E-11
  8.9908E-02  2.9990E-01  8.3904E-08  2.0000E-03  1.2000E-06  1.1742E+00  6.5954E-11
  9.3505E-02  3.1190E-01  8.3909E-08  2.0000E-03  1.2000E-06  1.1742E+00  6.8544E-11
  9.7103E-02  3.2390E-01  8.3915E-08  2.0000E-03  1.2000E-06  1.1742E+00  7.1134E-11
  1.0070E-01  3.3590E-01  8.3920E-08  2.0000E-03  1.2000E-06  1.1742E+00  7.3724E-11
  1.0431E-01  3.4795E-01  8.3925E-08  2.0000E-03  1.2000E-06  1.1742E+00  7.6325E-11
  1.0791E-01  3.5995E-01  8.3930E-08  2.0000E-03  1.2000E-06  1.1742E+00  7.8916E-11
  1.1151E-01  3.7195E-01  8.3936E-08  2.0000E-03  1.2000E-06  1.1742E+00  8.1506E-11
  1.1511E-01  3.8395E-01  8.3941E-08  2.0000E-03  1.2000E-06  1.1742E+00  8.4096E-11
  1.1870E-01  3.9595E-01  8.3946E-08  2.0000E-03  1.2000E-06  1.1742E+00  8.6686E-11
  1.2230E-01  4.0795E-01  8.3951E-08  2.0000E-03  1.2000E-06  1.1742E+00  8.9276E-11
  1.2591E-01  4.2000E-01  8.3957E-08  2.0000E-03  1.2000E-06  1.1742E+00  9.1877E-11
  1.2951E-01  4.3200E-01  8.3962E-08  2.0000E-03  1.2000E-06  1.1742E+00  9.4468E-11
  1.3311E-01  4.4400E-01  8.3967E-08  2.0000E-03  1.2000E-06  1.1742E+00  9.7058E-11
  1.3671E-01  4.5600E-01  8.3972E-08  2.0000E-03  1.2000E-06  1.1742E+00  9.9648E-11
  1.4030E-01  4.6800E-01  8.3977E-08  2.0000E-03  1.2000E-06  1.1742E+00  1.0224E-10
  1.4390E-01  4.8000E-01  8.3983E-08  2.0000E-03  1.2000E-06  1.1742E+00  1.0483E-10
  1.4751E-01  4.9205E-01  8.3988E-08  2.0000E-03  1.2000E-06  1.1742E+00  1.0743E-10
  1.5111E-01  5.0405E-01  8.3993E-08  2.0000E-03  1.2000E-06  1.1742E+00  1.1002E-10
  1.5471E-01  5.1605E-01  8.3998E-08  2.0000E-03  1.2000E-06  1.1742E+00  1.1261E-10
  1.5831E-01  5.2805E-01  8.4004E-08  2.0000E-03  1.2000E-06  1.1742E+00  1.1520E-10
  1.6190E-01  5.4005E-01  8.4009E-08  2.0000E-03  1.2000E-06  1.1742E+00  1.1779E-10
  1.6550E-01  5.5205E-01  8.4014E-08  2.0000E-03  1.2000E-06  1.1742E+00  1.2038E-10
  1.6911E-01  5.6410E-01  8.4019E-08  2.0000E-03  1.2000E-06  1.1742E+00  1.2298E-10
  1.7271E-01  5.7610E-01  8.4025E-08  2.0000E-03  1.2000E-06  1.1742E+00  1.2557E-10
  1.7631E-01  5.8810E-01  8.4030E-08  2.0000E-03  1.2000E-06  1.1742E+00  1.2816E-10
  1.7991E-01  6.0010E-01  8.4035E-08  2.0000E-03  1.2000E-06  1.1742E+00  1.3075E-10
  1.8350E-01  6.1210E-01  8.4040E-08  2.0000E-03  1.2000E-06  1.1742E+00  1.3334E-10
  1.8710E-01  6.2410E-01  8.4046E-08  2.0000E-03  1.2000E-06  1.1742E+00  1.3593E-10
  1.9071E-01  6.3615E-01  8.4051E-08  2.0000E-03  1.2000E-06  1.1742E+00  1.3853E-10
  1.9431E-01  6.4815E-01  8.4056E-08  2.0000E-03  1.2000E-06  1.1742E+00  1.4112E-10
  1.9791E-01  6.6015E-01  8.4061E-08  2.0000E-03  1.2000E-06  1.1742E+00  1.4371E-10
  2.0151E-01  6.7215E-01  8.4067E-08  2.0000E-03  1.2000E-06  1.1742E+00 -6.5766E-10
  2.0510E-01  6.8415E-01  8.4072E-08  2.0000E-03  1.2000E-06  1.1742E+00 -2.5705E-09
  2.0870E-01  6.9615E-01  8.4077E-08  2.0000E-03  1.2000E-06  1.1742E+00 -4.4833E-09
  2.1231E-01  7.0820E-01  8.4082E-08  2.0000E-03  1.2000E-06  1.1742E+00 -6.4041E-09
  2.1591E-01  7.2020E-01  8.4087E-08  2.0000E-03  1.2000E-06  1.1742E+00 -8.3170E-09
  2.1951E-01  7.3220E-01  8.4093E-08  2.0000E-03  1.2000E-06  1.1742E+00 -1.0230E-08
  2.2311E-01  7.4420E-01  8.4098E-08  2.0000E-03  1.2001E-06  1.1742E+00 -1.2143E-08
  2.2670E-01  7.5620E-01  8.4103E-08  2.0000E-03  1.2001E-06  1.1742E+00 -1.4055E-08
  2.3030E-01  7.6820E-01  8.4108E-08  2.0000E-03  1.2001E-06  1.1742E+00 -1.5968E-08
  2.3391E-01  7.8025E-01  8.4114E-08  2.0000E-03  1.2001E-06  1.1742E+00 -1.7889E-08
  2.3751E-01  7.9225E-01  8.4119E-08  2.0000E-03  1.2002E-06  1.1742E+00 -1.9097E-08
  2.4111E-01  8.0425E-01  8.4124E-08  2.0000E-03  1.2002E-06  1.1742E+00 -1.9094E-08
  2.4471E-01  8.1625E-01  8.4129E-08  2.0000E-03  1.2002E-06  1.1742E+00 -1.9091E-08
  2.4830E-01  8.2825E-01  8.4135E-08  2.0000E-03  1.2002E-06  1.1742E+00 -1.9089E-08
  2.5190E-01  8.4025E-01  8.4140E-08  2.0000E-03  1.2002E-06  1.1742E+00 -1.9086E-08
  2.5551E-01  8.5230E-01  8.4145E-08  2.0000E-03  1.2002E-06  1.1742E+00 -1.9084E-08
  2.5911E-01  8.6430E-01  8.4150E-08  2.0000E-03  1.2002E-06  1.1742E+00 -1.9081E-08
  2.6271E-01  8.7630E-01  8.4156E-08  2.0000E-03  1.2002E-06  1.1742E+00 -1.9078E-08
  2.6631E-01  8.8830E-01  8.4161E-08  2.0000E-03  1.2002E-06  1.1742E+00 -1.9076E-08
  2.6990E-01  9.0030E-01  8.4166E-08  2.0000E-03  1.2002E-06  1.1742E+00 -1.9073E-08
  2.7350E-01  9.1230E-01  8.4171E-08  2.0000E-03  1.2002E-06  1.1742E+00 -1.9071E-08
  2.7711E-01  9.2435E-01  8.4176E-08  2.0000E-03  1.2002E-06  1.1742E+00 -1.9068E-08
  2.8071E-01  9.3635E-01  8.4182E-08  2.0000E-03  1.2002E-06  1.1742E+00 -1.9065E-08
  2.8431E-01  9.4835E-01  8.4187E-08  2.0000E-03  1.2002E-06  1.1742E+00 -1.9063E-08
  2.8791E-01  9.6035E-01  8.4192E-08  2.0000E-03  1.2002E-06  1.1742E+00 -1.9060E-08
  2.9150E-01  9.7235E-01  8.4197E-08  2.0000E-03  1.2002E-06  1.1742E+00 -1.9058E-08
  2.9510E-01  9.8435E-01  8.4203E-08  2.0000E-03  1.2002E-06  1.1742E+00 -1.9055E-08
  2.9871E-01  9.9640E-01  8.4208E-08  2.0000E-03  1.2002E-06  1.1742E+00 -1.9053E-08
  3.0231E-01  1.0084E+00  8.4213E-08  2.0000E-03  1.2002E-06  1.1742E+00 -1.9050E-08
  3.0591E-01  1.0204E+00  8.4218E-08  2.0000E-03  1.2002E-06  1.1742E+00 -1.9047E-08
  3.0951E-01  1.0324E+00  8.4224E-08  2.0000E-03  1.2002E-06  1.1742E+00 -1.9045E-08
  3.1310E-01  1.0444E+00  8.4229E-08  2.0000E-03  1.2002E-06  1.1742E+00 -1.9042E-08
  3.1670E-01  1.0564E+00  8.4234E-08  2.0000E-03  1.2002E-06  1.1742E+00 -1.9040E-08
  3.2031E-01  1.0685E+00  8.4239E-08  2.0000E-03  1.2002E-06  1.1742E+00 -1.9037E-08
  3.2391E-01  1.0805E+00  8.4244E-08  2.0000E-03  1.2002E-06  1.1742E+00 -1.9034E-08
  3.2751E-01  1.0925E+00  8.4250E-08  2.0000E-03  1.2002E-06  1.1742E+00 -1.9032E-08
  3.3111E-01  1.1045E+00  8.4255E-08  2.0000E-03  1.2002E-06  1.1742E+00 -1.9029E-08
  3.3470E-01  1.1165E+00  8.4260E-08  2.0000E-03  1.2002E-06  1.1742E+00 -1.9027E-08
  3.3830E-01  1.1285E+00  8.4265E-08  2.0000E-03  1.2002E-06  1.1742E+00 -1.9024E-08
  3.4191E-01  1.1405E+00  8.4271E-08  2.0000E-03  1.2002E-06  1.1742E+00 -1.9021E-08
  3.4551E-01  1.1525E+00  8.4276E-08  2.0000E-03  1.2002E-06  1.1742E+00 -1.9019E-08
  3.4911E-01  1.1645E+00  8.4281E-08  2.0000E-03  1.2002E-06  1.1742E+00 -1.9016E-08
  3.5271E-01  1.1765E+00  8.4286E-08  2.0000E-03  1.2002E-06  1.1742E+00 -1.9014E-08
  3.5630E-01  1.1885E+00  8.4292E-08  2.0000E-03  1.2002E-06  1.1742E+00 -1.9011E-08
  3.5990E-01  1.2005E+00  8.4297E-08  2.0000E-03  1.2002E-06  1.1742E+00 -1.9008E-08
  3.6351E-01  1.2126E+00  8.4302E-08  2.0000E-03  1.2002E-06  1.1742E+00 -1.9006E-08
  3.6711E-01  1.2246E+00  8.4307E-08  2.0000E-03  1.2002E-06  1.1742E+00 -1.9003E-08
  3.7071E-01  1.2366E+00  8.4313E-08  2.0000E-03  1.2002E-06  1.1742E+00 -1.9001E-08
  3.7431E-01  1.2486E+00  8.4318E-08  2.0000E-03  1.2002E-06  1.1742E+00 -1.8998E-08
  3.7790E-01  1.2606E+00  8.4323E-08  2.0000E-03  1.2002E-06  1.1742E+00 -1.8995E-08
  3.8150E-01  1.2726E+00  8.4328E-08  2.0000E-03  1.2002E-06  1.1742E+00 -1.8993E-08
  3.8511E-01  1.2846E+00  8.4333E-08  2.0000E-03  1.2002E-06  1.1742E+00 -1.8990E-08
  3.8871E-01  1.2966E+00  8.4339E-08  2.0000E-03  1.2002E-06  1.1742E+00 -1.8988E-08
  3.9231E-01  1.3086E+00  8.4344E-08  2.0000E-03  1.2002E-06  1.1742E+00 -1.8985E-08
  3.9591E-01  1.3206E+00  8.4349E-08  2.0000E-03  1.2002E-06  1.1742E+00 -1.8983E-08
  3.9950E-01  1.3326E+00  8.4354E-08  2.0000E-03  1.2002E-06  1.1742E+00 -1.8980E-08
  4.0310E-01  1.3446E+00  8.4360E-08  2.0000E-03  1.2002E-06  1.1742E+00 -1.8977E-08
  4.0671E-01  1.3567E+00  8.4365E-08  2.0000E-03  1.2002E-06  1.1742E+00 -1.8975E-08
  4.1031E-01  1.3687E+00  8.4370E-08  2.0000E-03  1.2002E-06  1.1742E+00 -1.8972E-08
  4.1391E-01  1.3807E+00  8.4375E-08  2.0000E-03  1.2002E-06  1.1742E+00 -1.8970E-08
  4.1751E-01  1.3927E+00  8.4381E-08  2.0000E-03  1.2002E-06  1.1742E+00 -1.8967E-08
  4.2110E-01  1.4047E+00  8.4386E-08  2.0000E-03  1.2002E-06  1.1742E+00 -1.8964E-08
  4.2470E-01  1.4167E+00  8.4391E-08  2.0000E-03  1.2002E-06  1.1742E+00 -1.8962E-08
  4.2831E-01  1.4287E+00  8.4396E-08  2.0000E-03  1.2002E-06  1.1742E+00 -1.8959E-08
  4.3191E-01  1.4407E+00  8.4402E-08  2.0000E-03  1.2002E-06  1.1742E+00 -1.8957E-08
  4.3551E-01  1.4527E+00  8.4407E-08  2.0000E-03  1.2002E-06  1.1742E+00 -1.8954E-08
  4.3911E-01  1.4647E+00  8.4412E-08  2.0000E-03  1.2002E-06  1.1742E+00 -1.8951E-08
  4.4270E-01  1.4767E+00  8.4417E-08  2.0000E-03  1.2002E-06  1.1742E+00 -1.8949E-08
  4.4630E-01  1.4887E+00  8.4422E-08  2.0000E-03  1.2002E-06  1.1742E+00 -1.8946E-08
  4.4991E-01  1.5008E+00  8.4428E-08  2.0000E-03  1.2002E-06  1.1742E+00 -1.8938E-08
  4.5351E-01  1.5128E+00  8.4433E-08  2.0000E-03  1.2001E-06  1.1742E+00 -1.8138E-08
  4.5711E-01  1.5248E+00  8.4438E-08  2.0000E-03  1.2001E-06  1.1742E+00 -1.7325E-08
  4.6071E-01  1.5368E+00  8.4443E-08  2.0000E-03  1.2001E-06  1.1742E+00 -1.6511E-08
  4.6430E-01  1.5488E+00  8.4449E-08  2.0000E-03  1.2001E-06  1.1742E+00 -1.5697E-08
  4.6790E-01  1.5608E+00  8.4454E-08  2.0000E-03  1.2001E-06  1.1742E+00 -1.4884E-08
  4.7151E-01  1.5728E+00  8.4459E-08  2.0000E-03  1.2001E-06  1.1742E+00 -1.4067E-08
  4.7511E-01  1.5848E+00  8.4464E-08  2.0000E-03  1.2001E-06  1.1742E+00 -1.3253E-08
  4.7871E-01  1.5968E+00  8.4470E-08  2.0000E-03  1.2001E-06  1.1742E+00 -1.2440E-08
  4.8231E-01  1.6088E+00  8.4475E-08  2.0000E-03  1.2001E-06  1.1742E+00 -1.1626E-08
  4.8590E-01  1.6208E+00  8.4480E-08  2.0000E-03  1.2001E-06  1.1742E+00 -1.0812E-08
  4.8950E-01  1.6328E+00  8.4485E-08  2.0000E-03  1.2000E-06  1.1742E+00 -9.9987E-09
  4.9311E-01  1.6449E+00  8.4490E-08  2.0000E-03  1.2000E-06  1.1742E+00 -9.1817E-09
  4.9671E-01  1.6569E+00  8.4496E-08  2.0000E-03  1.2000E-06  1.1742E+00 -8.3681E-09
  5.0031E-01  1.6689E+00  8.4501E-08  2.0000E-03  1.2000E-06  1.1742E+00 -7.5545E-09
  5.0391E-01  1.6809E+00  8.4506E-08  2.0000E-03  1.2000E-06  1.1742E+00 -6.7408E-09
  5.0750E-01  1.6929E+00  8.4511E-08  2.0000E-03  1.2000E-06  1.1742E+00 -5.9272E-09
  5.1110E-01  1.7049E+00  8.4517E-08  2.0000E-03  1.2000E-06  1.1742E+00 -5.1136E-09
  5.1471E-01  1.7169E+00  8.4522E-08  2.0000E-03  1.2000E-06  1.1742E+00 -4.2966E-09
  5.1831E-01  1.7289E+00  8.4527E-08  2.0000E-03  1.2000E-06  1.1742E+00 -3.4830E-09
  5.2191E-01  1.7409E+00  8.4532E-08  2.0000E-03  1.2000E-06  1.1742E+00 -2.6693E-09
  5.2551E-01  1.7529E+00  8.4538E-08  2.0000E-03  1.2000E-06  1.1742E+00 -1.8557E-09
  5.2910E-01  1.7649E+00  8.4543E-08  2.0000E-03  1.2000E-06  1.1742E+00 -1.0421E-09
  5.3270E-01  1.7769E+00  8.4548E-08  2.0000E-03  1.2000E-06  1.1742E+00 -2.2845E-10
  5.3631E-01  1.7890E+00  8.4553E-08  2.0000E-03  1.2000E-06  1.1742E+00  5.8856E-10
  5.3991E-01  1.8010E+00  8.4559E-08  2.0000E-03  1.2000E-06  1.1742E+00  1.4022E-09
  5.4351E-01  1.8130E+00  8.4564E-08  2.0000E-03  1.2000E-06  1.1742E+00  2.2158E-09
  5.4711E-01  1.8250E+00  8.4569E-08  2.0000E-03  1.2000E-06  1.1742E+00  3.0294E-09
  5.5070E-01  1.8370E+00  8.4574E-08  2.0000E-03  1.2000E-06  1.1742E+00  3.8431E-09
  5.5430E-01  1.8490E+00  8.4579E-08  2.0000E-03  1.2000E-06  1.1742E+00  4.6567E-09
  5.5791E-01  1.8610E+00  8.4585E-08  2.0000E-03  1.2000E-06  1.1742E+00  5.4737E-09
  5.6151E-01  1.8730E+00  8.4590E-08  2.0000E-03  1.2000E-06  1.1742E+00  6.2873E-09
  5.6511E-01  1.8850E+00  8.4595E-08  2.0000E-03  1.2000E-06  1.1742E+00  7.1010E-09
  5.6871E-01  1.8970E+00  8.4600E-08  2.0000E-03  1.2000E-06  1.1742E+00  7.9146E-09
  5.7230E-01  1.9090E+00  8.4606E-08  2.0000E-03  1.2000E-06  1.1742E+00  8.7282E-09
  5.7590E-01  1.9210E+00  8.4611E-08  2.0000E-03  1.2000E-06  1.1742E+00  9.1674E-09
  5.7951E-01  1.9331E+00  8.4616E-08  2.0000E-03  1.2000E-06  1.1742E+00  9.1700E-09
  5.8311E-01  1.9451E+00  8.4621E-08  2.0000E-03  1.2000E-06  1.1742E+00  9.1726E-09
  5.8671E-01  1.9571E+00  8.4627E-08  2.0000E-03  1.2000E-06  1.1742E+00  9.1752E-09
  5.9031E-01  1.9691E+00  8.4632E-08  2.0000E-03  1.2000E-06  1.1742E+00  9.1778E-09
  5.9390E-01  1.9811E+00  8.4637E-08  2.0000E-03  1.2000E-06  1.1742E+00  9.1803E-09
  5.9750E-01  1.9931E+00  8.4642E-08  2.0000E-03  1.2000E-06  1.1742E+00  9.1829E-09
  6.0111E-01  2.0051E+00  8.4648E-08  2.0000E-03  1.2000E-06  1.1742E+00  9.1855E-09
  6.0471E-01  2.0171E+00  8.4653E-08  2.0000E-03  1.2000E-06  1.1742E+00  9.1881E-09
  6.0831E-01  2.0291E+00  8.4658E-08  2.0000E-03  1.2000E-06  1.1742E+00  9.1907E-09
  6.1191E-01  2.0411E+00  8.4663E-08  2.0000E-03  1.2000E-06  1.1742E+00  9.1933E-09
  6.1550E-01  2.0531E+00  8.4669E-08  2.0000E-03  1.2000E-06  1.1742E+00  9.1959E-09
  6.1910E-01  2.0651E+00  8.4674E-08  2.0000E-03  1.2000E-06  1.1742E+00  9.1985E-09
  6.2271E-01  2.0772E+00  8.4679E-08  2.0000E-03  1.2000E-06  1.1742E+00  9.2011E-09
  6.2631E-01  2.0892E+00  8.4684E-08  2.0000E-03  1.2000E-06  1.1742E+00  9.2037E-09
  6.2991E-01  2.1012E+00  8.4689E-08  2.0000E-03  1.2000E-06  1.1742E+00  9.2063E-09
  6.3351E-01  2.1132E+00  8.4695E-08  2.0000E-03  1.2000E-06  1.1742E+00  9.2089E-09
  6.3710E-01  2.1252E+00  8.4700E-08  2.0000E-03  1.2000E-06  1.1742E+00  9.2114E-09
  6.4070E-01  2.1372E+00  8.4705E-08  2.0000E-03  1.2000E-06  1.1742E+00  9.2140E-09
  6.4431E-01  2.1492E+00  8.4710E-08  2.0000E-03  1.2000E-06  1.1742E+00  9.2166E-09
  6.4791E-01  2.1612E+00  8.4716E-08  2.0000E-03  1.2000E-06  1.1742E+00  9.2192E-09
  6.5151E-01  2.1732E+00  8.4721E-08  2.0000E-03  1.2000E-06  1.1742E+00  9.2218E-09
  6.5511E-01  2.1852E+00  8.4726E-08  2.0000E-03  1.2000E-06  1.1742E+00  9.2244E-09
  6.5870E-01  2.1972E+00  8.4731E-08  2.0000E-03  1.2000E-06  1.1742E+00  9.2270E-09
  6.6230E-01  2.2092E+00  8.4737E-08  2.0000E-03  1.2000E-06  1.1742E+00  9.2296E-09
  6.6591E-01  2.2213E+00  8.4742E-08  2.0000E-03  1.2000E-06  1.1742E+00  9.2322E-09
  6.6951E-01  2.2333E+00  8.4747E-08  2.0000E-03  1.2000E-06  1.1742E+00  9.2348E-09
  6.7311E-01  2.2453E+00  8.4752E-08  2.0000E-03  1.2000E-06  1.1742E+00  9.2374E-09
  6.7671E-01  2.2573E+00  8.4758E-08  2.0000E-03  1.2000E-06  1.1742E+00  8.9363E-09
  6.8030E-01  2.2693E+00  8.4763E-08  2.0000E-03  1.2000E-06  1.1742E+00  8.4470E-09
  6.8390E-01  2.2813E+00  8.4768E-08  2.0000E-03  1.2000E-06  1.1742E+00  7.9578E-09
  6.8751E-01  2.2933E+00  8.4773E-08  2.0000E-03  1.2000E-06  1.1742E+00  7.4666E-09
  6.9111E-01  2.3053E+00  8.4779E-08  2.0000E-03  1.2000E-06  1.1742E+00  6.9774E-09
  6.9471E-01  2.3173E+00  8.4784E-08  2.0000E-03  1.2000E-06  1.1742E+00  6.4882E-09
  6.9831E-01  2.3293E+00  8.4789E-08  2.0000E-03  1.2000E-06  1.1742E+00  5.9990E-09
  7.0190E-01  2.3413E+00  8.4794E-08  2.0000E-03  1.2000E-06  1.1742E+00  5.5098E-09
  7.0550E-01  2.3533E+00  8.4799E-08  2.0000E-03  1.2000E-06  1.1742E+00  5.0206E-09
  7.0911E-01  2.3654E+00  8.4805E-08  2.0000E-03  1.2000E-06  1.1742E+00  4.5293E-09
  7.1271E-01  2.3774E+00  8.4810E-08  2.0000E-03  1.2000E-06  1.1742E+00  4.0401E-09
  7.1631E-01  2.3894E+00  8.4815E-08  2.0000E-03  1.2000E-06  1.1742E+00  3.5509E-09
  7.1991E-01  2.4014E+00  8.4820E-08  2.0000E-03  1.2000E-06  1.1742E+00  3.0617E-09
  7.2350E-01  2.4134E+00  8.4826E-08  2.0000E-03  1.2000E-06  1.1742E+00  2.5725E-09
  7.2710E-01  2.4254E+00  8.4831E-08  2.0000E-03  1.2000E-06  1.1742E+00  2.0833E-09
  7.3071E-01  2.4374E+00  8.4836E-08  2.0000E-03  1.2000E-06  1.1742E+00  1.5920E-09
  7.3431E-01  2.4494E+00  8.4841E-08  2.0000E-03  1.2000E-06  1.1742E+00  1.1028E-09
  7.3791E-01  2.4614E+00  8.4847E-08  2.0000E-03  1.2000E-06  1.1742E+00  6.1361E-10
  7.4151E-01  2.4734E+00  8.4852E-08  2.0000E-03  1.2000E-06  1.1742E+00  1.2440E-10
  7.4510E-01  2.4854E+00  8.4857E-08  2.0000E-03  1.2000E-06  1.1742E+00 -3.6481E-10
  7.4870E-01  2.4974E+00  8.4862E-08  2.0000E-03  1.2000E-06  1.1742E+00 -8.5402E-10
  7.5231E-01  2.5095E+00  8.4868E-08  2.0000E-03  1.2000E-06  1.1742E+00 -1.3453E-09
  7.5591E-01  2.5215E+00  8.4873E-08  2.0000E-03  1.2000E-06  1.1742E+00 -1.8345E-09
  7.5951E-01  2.5335E+00  8.4878E-08  2.0000E-03  1.2000E-06  1.1742E+00 -2.3237E-09
  7.6311E-01  2.5455E+00  8.4883E-08  2.0000E-03  1.2000E-06  1.1742E+00 -2.8129E-09
  7.6670E-01  2.5575E+00  8.4889E-08  2.0000E-03  1.2000E-06  1.1742E+00 -3.3021E-09
  7.7030E-01  2.5695E+00  8.4894E-08  2.0000E-03  1.2000E-06  1.1742E+00 -3.7906E-09
  7.7391E-01  2.5815E+00  8.4899E-08  2.0000E-03  1.2000E-06  1.1742E+00 -3.8082E-09
  7.7751E-01  2.5935E+00  8.4904E-08  2.0000E-03  1.2000E-06  1.1742E+00 -3.8056E-09
  7.8111E-01  2.6055E+00  8.4909E-08  2.0000E-03  1.2000E-06  1.1742E+00 -3.8030E-09
  7.8471E-01  2.6175E+00  8.4915E-08  2.0000E-03  1.2000E-06  1.1742E+00 -3.8005E-09
  7.8830E-01  2.6295E+00  8.4920E-08  2.0000E-03  1.2000E-06  1.1742E+00 -3.7979E-09
  7.9190E-01  2.6415E+00  8.4925E-08  2.0000E-03  1.2000E-06  1.1742E+00 -3.7953E-09
  7.9551E-01  2.6536E+00  8.4930E-08  2.0000E-03  1.2000E-06  1.1742E+00 -3.7927E-09
  7.9911E-01  2.6656E+00  8.4936E-08  2.0000E-03  1.2000E-06  1.1742E+00 -3.7901E-09
  8.0271E-01  2.6776E+00  8.4941E-08  2.0000E-03  1.2000E-06  1.1742E+00 -3.7875E-09
  8.0631E-01  2.6896E+00  8.4946E-08  2.0000E-03  1.2000E-06  1.1742E+00 -3.7849E-09
  8.0990E-01  2.7016E+00  8.4951E-08  2.0000E-03  1.2000E-06  1.1742E+00 -3.7823E-09
  8.1350E-01  2.7136E+00  8.4957E-08  2.0000E-03  1.2000E-06  1.1742E+00 -3.7797E-09
  8.1711E-01  2.7256E+00  8.4962E-08  2.0000E-03  1.2000E-06  1.1742E+00 -3.7771E-09
  8.2071E-01  2.7376E+00  8.4967E-08  2.0000E-03  1.2000E-06  1.1742E+00 -3.7745E-09
  8.2431E-01  2.7496E+00  8.4972E-08  2.0000E-03  1.2000E-06  1.1742E+00 -3.7719E-09
  8.2791E-01  2.7616E+00  8.4978E-08  2.0000E-03  1.2000E-06  1.1742E+00 -3.7693E-09
  8.3150E-01  2.7736E+00  8.4983E-08  2.0000E-03  1.2000E-06  1.1742E+00 -3.7668E-09
  8.3510E-01  2.7856E+00  8.4988E-08  2.0000E-03  1.2000E-06  1.1742E+00 -3.7642E-09
  8.3871E-01  2.7977E+00  8.4993E-08  2.0000E-03  1.2000E-06  1.1742E+00 -3.7616E-09
  8.4231E-01  2.8097E+00  8.4998E-08  2.0000E-03  1.2000E-06  1.1742E+00 -3.7590E-09
  8.4591E-01  2.8217E+00  8.5004E-08  2.0000E-03  1.2000E-06  1.1742E+00 -3.7564E-09
  8.4951E-01  2.8337E+00  8.5009E-08  2.0000E-03  1.2000E-06  1.1742E+00 -3.7538E-09
  8.5310E-01  2.8457E+00  8.5014E-08  2.0000E-03  1.2000E-06  1.1742E+00 -3.7512E-09
  8.5670E-01  2.8577E+00  8.5019E-08  2.0000E-03  1.2000E-06  1.1742E+00 -3.7486E-09
  8.6031E-01  2.8697E+00  8.5025E-08  2.0000E-03  1.2000E-06  1.1742E+00 -3.7460E-09
  8.6391E-01  2.8817E+00  8.5030E-08  2.0000E-03  1.2000E-06  1.1742E+00 -3.7434E-09
  8.6751E-01  2.8937E+00  8.5035E-08  2.0000E-03  1.2000E-06  1.1742E+00 -3.7408E-09
  8.7111E-01  2.9057E+00  8.5040E-08  2.0000E-03  1.2000E-06  1.1742E+00 -3.7382E-09
  8.7470E-01  2.9177E+00  8.5046E-08  2.0000E-03  1.2000E-06  1.1742E+00 -3.7357E-09
  8.7830E-01  2.9297E+00  8.5051E-08  2.0000E-03  1.2000E-06  1.1742E+00 -3.7331E-09
  8.8191E-01  2.9417E+00  8.5056E-08  2.0000E-03  1.2000E-06  1.1742E+00 -3.7305E-09
  8.8551E-01  2.9537E+00  8.5061E-08  2.0000E-03  1.2000E-06  1.1742E+00 -3.7279E-09
  8.8911E-01  2.9657E+00  8.5067E-08  2.0000E-03  1.2000E-06  1.1742E+00 -3.7253E-09
  8.9271E-01  2.9777E+00  8.5072E-08  2.0000E-03  1.2000E-06  1.1742E+00 -3.7227E-09
  8.9630E-01  2.9897E+00  8.5077E-08  2.0000E-03  1.2000E-06  1.1742E+00 -3.7201E-09
  8.9990E-01  3.0017E+00  8.5082E-08  2.0000E-03  1.2000E-06  1.1742E+00 -3.7175E-09
  9.0351E-01  3.0138E+00  8.5088E-08  2.0000E-03  1.2000E-06  1.1742E+00 -3.7149E-09
  9.0711E-01  3.0258E+00  8.5093E-08  2.0000E-03  1.2000E-06  1.1742E+00 -3.7123E-09
  9.1071E-01  3.0378E+00  8.5098E-08  2.0000E-03  1.2000E-06  1.1742E+00 -3.7097E-09
  9.1431E-01  3.0498E+00  8.5103E-08  2.0000E-03  1.2000E-06  1.1742E+00 -3.7071E-09
  9.1790E-01  3.0618E+00  8.5108E-08  2.0000E-03  1.2000E-06  1.1742E+00 -3.7046E-09
  9.2150E-01  3.0738E+00  8.5114E-08  2.0000E-03  1.2000E-06  1.1742E+00 -3.7020E-09
  9.2511E-01  3.0858E+00  8.5119E-08  2.0000E-03  1.2000E-06  1.1742E+00 -3.6994E-09
  9.2871E-01  3.0978E+00  8.5124E-08  2.0000E-03  1.2000E-06  1.1742E+00 -3.6968E-09
  9.3231E-01  3.1098E+00  8.5129E-08  2.0000E-03  1.2000E-06  1.1742E+00 -3.6942E-09
  9.3591E-01  3.1218E+00  8.5135E-08  2.0000E-03  1.2000E-06  1.1742E+00 -3.6916E-09
  9.3950E-01  3.1338E+00  8.5140E-08  2.0000E-03  1.2000E-06  1.1742E+00 -3.6890E-09
  9.4310E-01  3.1458E+00  8.5145E-08  2.0000E-03  1.2000E-06  1.1742E+00 -3.6864E-09
  9.4671E-01  3.1579E+00  8.5150E-08  2.0000E-03  1.2000E-06  1.1742E+00 -3.6838E-09
  9.5031E-01  3.1699E+00  8.5156E-08  2.0000E-03  1.2000E-06  1.1742E+00 -3.6812E-09
  9.5391E-01  3.1819E+00  8.5161E-08  2.0000E-03  1.2000E-06  1.1742E+00 -3.6786E-09
  9.5751E-01  3.1939E+00  8.5166E-08  2.0000E-03  1.2000E-06  1.1742E+00 -3.6760E-09
  9.6110E-01  3.2059E+00  8.5171E-08  2.0000E-03  1.2000E-06  1.1742E+00 -3.6734E-09
  9.6470E-01  3.2179E+00  8.5176E-08  2.0000E-03  1.2000E-06  1.1742E+00 -3.6709E-09
  9.6831E-01  3.2299E+00  8.5182E-08  2.0000E-03  1.2000E-06  1.1742E+00 -3.6683E-09
  9.7191E-01  3.2419E+00  8.5187E-08  2.0000E-03  1.2000E-06  1.1742E+00 -3.6657E-09
  9.7551E-01  3.2539E+00  8.5192E-08  2.0000E-03  1.2000E-06  1.1742E+00 -3.6631E-09
  9.7911E-01  3.2659E+00  8.5197E-08  2.0000E-03  1.2000E-06  1.1742E+00 -3.6605E-09
  9.8270E-01  3.2779E+00  8.5203E-08  2.0000E-03  1.2000E-06  1.1742E+00 -3.6579E-09
  9.8630E-01  3.2899E+00  8.5208E-08  2.0000E-03  1.2000E-06  1.1742E+00 -3.6553E-09
  9.8991E-01  3.3020E+00  8.5213E-08  2.0000E-03  1.2000E-06  1.1742E+00 -3.6527E-09
  9.9351E-01  3.3140E+00  8.5218E-08  2.0000E-03  1.2000E-06  1.1742E+00 -3.6501E-09
  9.9711E-01  3.3260E+00  8.5224E-08  2.0000E-03  1.2000E-06  1.1742E+00 -3.6475E-09
  1.0007E+00  3.3380E+00  8.5229E-08  2.0000E-03  1.2000E-06  1.1742E+00 -3.6449E-09
  1.0043E+00  3.3500E+00  8.5234E-08  2.0000E-03  1.2000E-06  1.1742E+00 -3.6423E-09
  1.0079E+00  3.3620E+00  8.5239E-08  2.0000E-03  1.2000E-06  1.1742E+00 -3.6398E-09
  1.0115E+00  3.3740E+00  8.5245E-08  2.0000E-03  1.2000E-06  1.1742E+00 -3.6372E-09
  1.0151E+00  3.3860E+00  8.5250E-08  2.0000E-03  1.2000E-06  1.1742E+00 -3.6346E-09
  1.0187E+00  3.3980E+00  8.5255E-08  2.0000E-03  1.2000E-06  1.1742E+00 -3.6320E-09
  1.0223E+00  3.4100E+00  8.5260E-08  2.0000E-03  1.2000E-06  1.1742E+00 -3.6294E-09
  1.0259E+00  3.4220E+00  8.5266E-08  2.0000E-03  1.2000E-06  1.1742E+00 -3.6268E-09
  1.0295E+00  3.4340E+00  8.5271E-08  2.0000E-03  1.2000E-06  1.1742E+00 -3.6242E-09
  1.0331E+00  3.4461E+00  8.5276E-08  2.0000E-03  1.2000E-06  1.1742E+00 -3.6216E-09
  1.0367E+00  3.4581E+00  8.5281E-08  2.0000E-03  1.2000E-06  1.1742E+00 -3.6190E-09
  1.0403E+00  3.4701E+00  8.5286E-08  2.0000E-03  1.2000E-06  1.1742E+00 -3.6164E-09
  1.0439E+00  3.4821E+00  8.5292E-08  2.0000E-03  1.2000E-06  1.1742E+00 -3.6138E-09
  1.0475E+00  3.4941E+00  8.5297E-08  2.0000E-03  1.2000E-06  1.1742E+00 -3.6112E-09
  1.0511E+00  3.5061E+00  8.5302E-08  2.0000E-03  1.2000E-06  1.1742E+00 -3.6086E-09
  1.0547E+00  3.5181E+00  8.5307E-08  2.0000E-03  1.2000E-06  1.1742E+00 -3.6060E-09
  1.0583E+00  3.5301E+00  8.5313E-08  2.0000E-03  1.2000E-06  1.1742E+00 -3.6035E-09
  1.0619E+00  3.5421E+00  8.5318E-08  2.0000E-03  1.2000E-06  1.1742E+00 -3.6009E-09
  1.0655E+00  3.5541E+00  8.5323E-08  2.0000E-03  1.2000E-06  1.1742E+00 -3.5983E-09
  1.0691E+00  3.5661E+00  8.5328E-08  2.0000E-03  1.2000E-06  1.1742E+00 -3.5957E-09
  1.0727E+00  3.5781E+00  8.5334E-08  2.0000E-03  1.2000E-06  1.1742E+00 -3.5931E-09
  1.0763E+00  3.5902E+00  8.5339E-08  2.0000E-03  1.2000E-06  1.1742E+00 -3.5905E-09
  1.0799E+00  3.6022E+00  8.5344E-08  2.0000E-03  1.2000E-06  1.1742E+00 -3.5879E-09
  1.0835E+00  3.6142E+00  8.5349E-08  2.0000E-03  1.2000E-06  1.1742E+00 -3.5853E-09
  1.0871E+00  3.6262E+00  8.5355E-08  2.0000E-03  1.2000E-06  1.1742E+00 -3.5827E-09
  1.0907E+00  3.6382E+00  8.5360E-08  2.0000E-03  1.2000E-06  1.1742E+00 -3.5801E-09
  1.0943E+00  3.6502E+00  8.5365E-08  2.0000E-03  1.2000E-06  1.1742E+00 -3.5775E-09
  1.0979E+00  3.6622E+00  8.5370E-08  2.0000E-03  1.2000E-06  1.1742E+00 -3.5749E-09
  1.1015E+00  3.6742E+00  8.5375E-08  2.0000E-03  1.2000E-06  1.1742E+00 -3.5724E-09
  1.1051E+00  3.6862E+00  8.5381E-08  2.0000E-03  1.2000E-06  1.1742E+00 -3.5698E-09
  1.1087E+00  3.6982E+00  8.5386E-08  2.0000E-03  1.2000E-06  1.1742E+00 -3.5672E-09
  1.1123E+00  3.7102E+00  8.5391E-08  2.0000E-03  1.2000E-06  1.1742E+00 -3.5646E-09
  1.1159E+00  3.7222E+00  8.5396E-08  2.0000E-03  1.2000E-06  1.1742E+00 -3.5620E-09
  1.1195E+00  3.7342E+00  8.5402E-08  2.0000E-03  1.2000E-06  1.1742E+00 -3.5594E-09
  1.1231E+00  3.7463E+00  8.5407E-08  2.0000E-03  1.2000E-06  1.1742E+00 -3.5568E-09
  1.1267E+00  3.7583E+00  8.5412E-08  2.0000E-03  1.2000E-06  1.1742E+00 -3.5542E-09
  1.1303E+00  3.7703E+00  8.5417E-08  2.0000E-03  1.2000E-06  1.1742E+00 -3.5516E-09
  1.1339E+00  3.7823E+00  8.5423E-08  2.0000E-03  1.2000E-06  1.1742E+00 -3.5490E-09
  1.1375E+00  3.7943E+00  8.5428E-08  2.0000E-03  1.2000E-06  1.1742E+00 -3.5464E-09
  1.1411E+00  3.8063E+00  8.5433E-08  2.0000E-03  1.2000E-06  1.1742E+00 -3.5438E-09
  1.1447E+00  3.8183E+00  8.5438E-08  2.0000E-03  1.2000E-06  1.1742E+00 -3.5412E-09
  1.1483E+00  3.8303E+00  8.5444E-08  2.0000E-03  1.2000E-06  1.1742E+00 -3.5387E-09
  1.1519E+00  3.8423E+00  8.5449E-08  2.0000E-03  1.2000E-06  1.1742E+00 -3.5361E-09
  1.1555E+00  3.8543E+00  8.5454E-08  2.0000E-03  1.2000E-06  1.1742E+00 -3.5335E-09
  1.1591E+00  3.8663E+00  8.5459E-08  2.0000E-03  1.2000E-06  1.1742E+00 -3.5309E-09
  1.1627E+00  3.8783E+00  8.5464E-08  2.0000E-03  1.2000E-06  1.1742E+00 -3.5283E-09
  1.1663E+00  3.8904E+00  8.5470E-08  2.0000E-03  1.2000E-06  1.1742E+00 -3.5257E-09
  1.1699E+00  3.9024E+00  8.5475E-08  2.0000E-03  1.2000E-06  1.1742E+00 -3.5231E-09
  1.1735E+00  3.9144E+00  8.5480E-08  2.0000E-03  1.2000E-06  1.1742E+00 -3.5205E-09
  1.1771E+00  3.9264E+00  8.5485E-08  2.0000E-03  1.2000E-06  1.1742E+00 -3.5179E-09
  1.1807E+00  3.9384E+00  8.5491E-08  2.0000E-03  1.2000E-06  1.1742E+00 -3.5153E-09
  1.1843E+00  3.9504E+00  8.5496E-08  2.0000E-03  1.2000E-06  1.1742E+00 -3.5127E-09
  1.1879E+00  3.9624E+00  8.5501E-08  2.0000E-03  1.2000E-06  1.1742E+00 -3.5101E-09
  1.1915E+00  3.9744E+00  8.5506E-08  2.0000E-03  1.2000E-06  1.1742E+00 -3.5076E-09
  1.1951E+00  3.9864E+00  8.5512E-08  2.0000E-03  1.2000E-06  1.1742E+00 -3.5050E-09
  1.1987E+00  3.9984E+00  8.5517E-08  2.0000E-03  1.2000E-06  1.1742E+00 -3.5024E-09
  1.2023E+00  4.0104E+00  8.5522E-08  2.0000E-03  1.2000E-06  1.1742E+00 -3.4998E-09
  1.2059E+00  4.0224E+00  8.5527E-08  2.0000E-03  1.2000E-06  1.1742E+00 -3.4972E-09
  1.2095E+00  4.0345E+00  8.5533E-08  2.0000E-03  1.2000E-06  1.1742E+00 -3.4946E-09
  1.2131E+00  4.0465E+00  8.5538E-08  2.0000E-03  1.2000E-06  1.1742E+00 -3.4920E-09
  1.2167E+00  4.0585E+00  8.5543E-08  2.0000E-03  1.2000E-06  1.1742E+00 -3.4894E-09
  1.2203E+00  4.0705E+00  8.5548E-08  2.0000E-03  1.2000E-06  1.1742E+00 -3.4868E-09
  1.2239E+00  4.0825E+00  8.5554E-08  2.0000E-03  1.2000E-06  1.1742E+00 -3.4842E-09
  1.2275E+00  4.0945E+00  8.5559E-08  2.0000E-03  1.2000E-06  1.1742E+00 -3.4816E-09
  1.2311E+00  4.1065E+00  8.5564E-08  2.0000E-03  1.2000E-06  1.1742E+00 -3.4790E-09
  1.2347E+00  4.1185E+00  8.5569E-08  2.0000E-03  1.2000E-06  1.1742E+00 -3.4764E-09
  1.2383E+00  4.1305E+00  8.5574E-08  2.0000E-03  1.2000E-06  1.1742E+00 -3.4739E-09
  1.2419E+00  4.1425E+00  8.5580E-08  2.0000E-03  1.2000E-06  1.1742E+00 -3.4713E-09
  1.2455E+00  4.1545E+00  8.5585E-08  2.0000E-03  1.2000E-06  1.1742E+00 -3.4687E-09
  1.2491E+00  4.1665E+00  8.5590E-08  2.0000E-03  1.2000E-06  1.1742E+00 -3.4661E-09
  1.2527E+00  4.1786E+00  8.5595E-08  2.0000E-03  1.2000E-06  1.1742E+00 -3.4635E-09
  1.2563E+00  4.1906E+00  8.5601E-08  2.0000E-03  1.2000E-06  1.1742E+00 -3.4609E-09
  1.2599E+00  4.2026E+00  8.5606E-08  2.0000E-03  1.2000E-06  1.1742E+00 -3.4583E-09
  1.2635E+00  4.2146E+00  8.5611E-08  2.0000E-03  1.2000E-06  1.1742E+00 -3.4557E-09
  1.2671E+00  4.2266E+00  8.5616E-08  2.0000E-03  1.2000E-06  1.1742E+00 -3.4531E-09
  1.2707E+00  4.2386E+00  8.5622E-08  2.0000E-03  1.2000E-06  1.1742E+00 -3.4505E-09
  1.2743E+00  4.2506E+00  8.5627E-08  2.0000E-03  1.2000E-06  1.1742E+00 -3.4479E-09
  1.2779E+00  4.2626E+00  8.5632E-08  2.0000E-03  1.2000E-06  1.1742E+00 -3.4453E-09
  1.2815E+00  4.2746E+00  8.5637E-08  2.0000E-03  1.2000E-06  1.1742E+00 -3.4428E-09
  1.2851E+00  4.2866E+00  8.5643E-08  2.0000E-03  1.2000E-06  1.1742E+00 -3.4402E-09
  1.2887E+00  4.2986E+00  8.5648E-08  2.0000E-03  1.2000E-06  1.1742E+00 -3.4376E-09
  1.2923E+00  4.3106E+00  8.5653E-08  2.0000E-03  1.2000E-06  1.1742E+00 -3.4350E-09
  1.2959E+00  4.3227E+00  8.5658E-08  2.0000E-03  1.2000E-06  1.1742E+00 -3.4324E-09
  1.2995E+00  4.3347E+00  8.5663E-08  2.0000E-03  1.2000E-06  1.1742E+00 -3.4298E-09
  1.3031E+00  4.3467E+00  8.5669E-08  2.0000E-03  1.2000E-06  1.1742E+00 -3.4272E-09
  1.3067E+00  4.3587E+00  8.5674E-08  2.0000E-03  1.2000E-06  1.1742E+00 -3.4246E-09
  1.3103E+00  4.3707E+00  8.5679E-08  2.0000E-03  1.2000E-06  1.1742E+00 -3.4220E-09
  1.3139E+00  4.3827E+00  8.5684E-08  2.0000E-03  1.2000E-06  1.1742E+00 -3.4194E-09
  1.3175E+00  4.3947E+00  8.5690E-08  2.0000E-03  1.2000E-06  1.1742E+00 -3.4168E-09
  1.3211E+00  4.4067E+00  8.5695E-08  2.0000E-03  1.2000E-06  1.1742E+00 -3.4142E-09
  1.3247E+00  4.4187E+00  8.5700E-08  2.0000E-03  1.2000E-06  1.1742E+00 -3.4116E-09
  1.3283E+00  4.4307E+00  8.5705E-08  2.0000E-03  1.2000E-06  1.1742E+00 -3.4091E-09
  1.3319E+00  4.4427E+00  8.5711E-08  2.0000E-03  1.2000E-06  1.1742E+00 -3.4065E-09
  1.3355E+00  4.4547E+00  8.5716E-08  2.0000E-03  1.2000E-06  1.1742E+00 -3.4039E-09
  1.3391E+00  4.4668E+00  8.5721E-08  2.0000E-03  1.2000E-06  1.1742E+00 -3.4013E-09
  1.3427E+00  4.4788E+00  8.5726E-08  2.0000E-03  1.2000E-06  1.1742E+00 -3.3987E-09
  1.3463E+00  4.4908E+00  8.5732E-08  2.0000E-03  1.2000E-06  1.1742E+00 -3.3961E-09
  1.3499E+00  4.5028E+00  8.5737E-08  2.0000E-03  1.2000E-06  1.1742E+00 -3.3935E-09
  1.3535E+00  4.5148E+00  8.5742E-08  2.0000E-03  1.2000E-06  1.1742E+00 -3.3909E-09
  1.3571E+00  4.5268E+00  8.5747E-08  2.0000E-03  1.2000E-06  1.1742E+00 -3.3883E-09
  1.3607E+00  4.5388E+00  8.5752E-08  2.0000E-03  1.2000E-06  1.1742E+00 -3.3857E-09
  1.3643E+00  4.5508E+00  8.5758E-08  2.0000E-03  1.2000E-06  1.1742E+00 -3.3831E-09
  1.3679E+00  4.5628E+00  8.5763E-08  2.0000E-03  1.2000E-06  1.1742E+00 -3.3805E-09
  1.3715E+00  4.5748E+00  8.5768E-08  2.0000E-03  1.2000E-06  1.1742E+00 -3.3780E-09
  1.3751E+00  4.5868E+00  8.5773E-08  2.0000E-03  1.2000E-06  1.1742E+00 -3.3754E-09
  1.3787E+00  4.5988E+00  8.5779E-08  2.0000E-03  1.2000E-06  1.1742E+00 -3.3728E-09
  1.3823E+00  4.6109E+00  8.5784E-08  2.0000E-03  1.2000E-06  1.1742E+00 -3.3702E-09
  1.3859E+00  4.6229E+00  8.5789E-08  2.0000E-03  1.2000E-06  1.1742E+00 -3.3676E-09
  1.3895E+00  4.6349E+00  8.5794E-08  2.0000E-03  1.2000E-06  1.1742E+00 -3.3650E-09
  1.3931E+00  4.6469E+00  8.5800E-08  2.0000E-03  1.2000E-06  1.1742E+00 -3.3624E-09
  1.3967E+00  4.6589E+00  8.5805E-08  2.0000E-03  1.2000E-06  1.1742E+00 -3.3598E-09
  1.4003E+00  4.6709E+00  8.5810E-08  2.0000E-03  1.2000E-06  1.1742E+00 -3.3572E-09
  1.4039E+00  4.6829E+00  8.5815E-08  2.0000E-03  1.2000E-06  1.1742E+00 -3.3546E-09
  1.4075E+00  4.6949E+00  8.5821E-08  2.0000E-03  1.2000E-06  1.1742E+00 -3.3520E-09
  1.4111E+00  4.7069E+00  8.5826E-08  2.0000E-03  1.2000E-06  1.1742E+00 -3.3494E-09
  1.4147E+00  4.7189E+00  8.5831E-08  2.0000E-03  1.2000E-06  1.1742E+00 -3.3469E-09
  1.4183E+00  4.7309E+00  8.5836E-08  2.0000E-03  1.2000E-06  1.1742E+00 -3.3443E-09
  1.4219E+00  4.7429E+00  8.5841E-08  2.0000E-03  1.2000E-06  1.1742E+00 -3.3417E-09
  1.4255E+00  4.7550E+00  8.5847E-08  2.0000E-03  1.2000E-06  1.1742E+00 -3.3391E-09
  1.4291E+00  4.7670E+00  8.5852E-08  2.0000E-03  1.2000E-06  1.1742E+00 -3.3365E-09
  1.4327E+00  4.7790E+00  8.5857E-08  2.0000E-03  1.2000E-06  1.1742E+00 -3.3339E-09
  1.4363E+00  4.7910E+00  8.5862E-08  2.0000E-03  1.2000E-06  1.1742E+00 -3.3313E-09
  1.4399E+00  4.8030E+00  8.5868E-08  2.0000E-03  1.2000E-06  1.1742E+00 -3.3287E-09
  1.4435E+00  4.8150E+00  8.5873E-08  2.0000E-03  1.2000E-06  1.1742E+00 -3.3261E-09
  1.4471E+00  4.8270E+00  8.5878E-08  2.0000E-03  1.2000E-06  1.1742E+00 -3.3235E-09
  1.4507E+00  4.8390E+00  8.5883E-08  2.0000E-03  1.2000E-06  1.1742E+00 -3.3209E-09
  1.4543E+00  4.8510E+00  8.5889E-08  2.0000E-03  1.2000E-06  1.1742E+00 -3.3183E-09
  1.4579E+00  4.8630E+00  8.5894E-08  2.0000E-03  1.2000E-06  1.1742E+00 -3.3157E-09
  1.4615E+00  4.8750E+00  8.5899E-08  2.0000E-03  1.2000E-06  1.1742E+00 -3.3132E-09
  1.4651E+00  4.8870E+00  8.5904E-08  2.0000E-03  1.2000E-06  1.1742E+00 -3.3106E-09
  1.4687E+00  4.8991E+00  8.5910E-08  2.0000E-03  1.2000E-06  1.1742E+00 -3.3080E-09
  1.4723E+00  4.9111E+00  8.5915E-08  2.0000E-03  1.2000E-06  1.1742E+00 -3.3054E-09
  1.4759E+00  4.9231E+00  8.5920E-08  2.0000E-03  1.2000E-06  1.1742E+00 -3.3028E-09
  1.4795E+00  4.9351E+00  8.5925E-08  2.0000E-03  1.2000E-06  1.1742E+00 -3.3002E-09
  1.4831E+00  4.9471E+00  8.5931E-08  2.0000E-03  1.2000E-06  1.1742E+00 -3.2976E-09
  1.4867E+00  4.9591E+00  8.5936E-08  2.0000E-03  1.2000E-06  1.1742E+00 -3.2950E-09
  1.4903E+00  4.9711E+00  8.5941E-08  2.0000E-03  1.2000E-06  1.1742E+00 -3.2924E-09
  1.4939E+00  4.9831E+00  8.5946E-08  2.0000E-03  1.2000E-06  1.1742E+00 -3.2898E-09
  1.4975E+00  4.9951E+00  8.5951E-08  2.0000E-03  1.2000E-06  1.1742E+00 -3.2872E-09
  1.5011E+00  5.0071E+00  8.5957E-08  2.0000E-03  1.2000E-06  1.1742E+00 -3.2846E-09
  1.5047E+00  5.0191E+00  8.5962E-08  2.0000E-03  1.2000E-06  1.1742E+00 -3.2821E-09
  1.5083E+00  5.0311E+00  8.5967E-08  2.0000E-03  1.2000E-06  1.1742E+00 -3.2795E-09
  1.5119E+00  5.0432E+00  8.5972E-08  2.0000E-03  1.2000E-06  1.1742E+00 -3.2769E-09
  1.5155E+00  5.0552E+00  8.5978E-08  2.0000E-03  1.2000E-06  1.1742E+00 -3.2743E-09
  1.5191E+00  5.0672E+00  8.5983E-08  2.0000E-03  1.2000E-06  1.1742E+00 -3.2717E-09
  1.5227E+00  5.0792E+00  8.5988E-08  2.0000E-03  1.2000E-06  1.1742E+00 -3.2691E-09
  1.5263E+00  5.0912E+00  8.5993E-08  2.0000E-03  1.2000E-06  1.1742E+00 -3.2665E-09
  1.5299E+00  5.1032E+00  8.5999E-08  2.0000E-03  1.2000E-06  1.1742E+00 -3.2639E-09
  1.5335E+00  5.1152E+00  8.6004E-08  2.0000E-03  1.2000E-06  1.1742E+00 -3.2613E-09
  1.5371E+00  5.1272E+00  8.6009E-08  2.0000E-03  1.2000E-06  1.1742E+00 -3.2587E-09
  1.5407E+00  5.1392E+00  8.6014E-08  2.0000E-03  1.2000E-06  1.1742E+00 -3.2561E-09
  1.5443E+00  5.1512E+00  8.6020E-08  2.0000E-03  1.2000E-06  1.1742E+00 -3.2535E-09
  1.5479E+00  5.1632E+00  8.6025E-08  2.0000E-03  1.2000E-06  1.1742E+00 -3.2509E-09
  1.5515E+00  5.1752E+00  8.6030E-08  2.0000E-03  1.2000E-06  1.1742E+00 -3.2484E-09
  1.5551E+00  5.1873E+00  8.6035E-08  2.0000E-03  1.2000E-06  1.1742E+00 -3.2458E-09
  1.5587E+00  5.1993E+00  8.6040E-08  2.0000E-03  1.2000E-06  1.1742E+00 -3.2432E-09
  1.5623E+00  5.2113E+00  8.6046E-08  2.0000E-03  1.2000E-06  1.1742E+00 -3.2406E-09
  1.5659E+00  5.2233E+00  8.6051E-08  2.0000E-03  1.2000E-06  1.1742E+00 -3.2380E-09
  1.5695E+00  5.2353E+00  8.6056E-08  2.0000E-03  1.2000E-06  1.1742E+00 -3.2354E-09
  1.5731E+00  5.2473E+00  8.6061E-08  2.0000E-03  1.2000E-06  1.1742E+00 -3.2328E-09
  1.5767E+00  5.2593E+00  8.6067E-08  2.0000E-03  1.2000E-06  1.1742E+00 -3.2302E-09
  1.5803E+00  5.2713E+00  8.6072E-08  2.0000E-03  1.2000E-06  1.1742E+00 -3.2276E-09
  1.5839E+00  5.2833E+00  8.6077E-08  2.0000E-03  1.2000E-06  1.1742E+00 -3.2250E-09
  1.5875E+00  5.2953E+00  8.6082E-08  2.0000E-03  1.2000E-06  1.1742E+00 -3.2224E-09
  1.5911E+00  5.3073E+00  8.6088E-08  2.0000E-03  1.2000E-06  1.1742E+00 -3.2198E-09
  1.5947E+00  5.3193E+00  8.6093E-08  2.0000E-03  1.2000E-06  1.1742E+00 -3.2173E-09
  1.5983E+00  5.3314E+00  8.6098E-08  2.0000E-03  1.2000E-06  1.1742E+00 -3.2147E-09
  1.6019E+00  5.3434E+00  8.6103E-08  2.0000E-03  1.2000E-06  1.1742E+00 -3.2121E-09
  1.6055E+00  5.3554E+00  8.6109E-08  2.0000E-03  1.2000E-06  1.1742E+00 -3.2095E-09
  1.6091E+00  5.3674E+00  8.6114E-08  2.0000E-03  1.2000E-06  1.1742E+00 -3.2069E-09
  1.6127E+00  5.3794E+00  8.6119E-08  2.0000E-03  1.2000E-06  1.1742E+00 -3.2043E-09
  1.6163E+00  5.3914E+00  8.6124E-08  2.0000E-03  1.2000E-06  1.1742E+00 -3.2017E-09
  1.6199E+00  5.4034E+00  8.6129E-08  2.0000E-03  1.2000E-06  1.1742E+00 -3.1991E-09
  1.6235E+00  5.4154E+00  8.6135E-08  2.0000E-03  1.2000E-06  1.1742E+00 -3.1965E-09
  1.6271E+00  5.4274E+00  8.6140E-08  2.0000E-03  1.2000E-06  1.1742E+00 -3.1939E-09
  1.6307E+00  5.4394E+00  8.6145E-08  2.0000E-03  1.2000E-06  1.1742E+00 -3.1913E-09
  1.6343E+00  5.4514E+00  8.6150E-08  2.0000E-03  1.2000E-06  1.1742E+00 -3.1887E-09
  1.6379E+00  5.4634E+00  8.6156E-08  2.0000E-03  1.2000E-06  1.1742E+00 -3.1861E-09
  1.6415E+00  5.4755E+00  8.6161E-08  2.0000E-03  1.2000E-06  1.1742E+00 -3.1835E-09
  1.6451E+00  5.4875E+00  8.6166E-08  2.0000E-03  1.2000E-06  1.1742E+00 -3.1810E-09
  1.6487E+00  5.4995E+00  8.6171E-08  2.0000E-03  1.2000E-06  1.1742E+00 -3.1784E-09
  1.6523E+00  5.5115E+00  8.6177E-08  2.0000E-03  1.2000E-06  1.1742E+00 -3.1758E-09
  1.6559E+00  5.5235E+00  8.6182E-08  2.0000E-03  1.2000E-06  1.1742E+00 -3.1732E-09
  1.6595E+00  5.5355E+00  8.6187E-08  2.0000E-03  1.2000E-06  1.1742E+00 -3.1706E-09
  1.6631E+00  5.5475E+00  8.6192E-08  2.0000E-03  1.2000E-06  1.1742E+00 -3.1680E-09
  1.6667E+00  5.5595E+00  8.6198E-08  2.0000E-03  1.2000E-06  1.1742E+00 -3.1654E-09
  1.6703E+00  5.5715E+00  8.6203E-08  2.0000E-03  1.2000E-06  1.1742E+00 -3.1628E-09
  1.6739E+00  5.5835E+00  8.6208E-08  2.0000E-03  1.2000E-06  1.1742E+00 -3.1602E-09
  1.6775E+00  5.5955E+00  8.6213E-08  2.0000E-03  1.2000E-06  1.1742E+00 -3.1576E-09
  1.6811E+00  5.6075E+00  8.6218E-08  2.0000E-03  1.2000E-06  1.1742E+00 -3.1550E-09
  1.6847E+00  5.6196E+00  8.6224E-08  2.0000E-03  1.2000E-06  1.1742E+00 -3.1524E-09
  1.6883E+00  5.6316E+00  8.6229E-08  2.0000E-03  1.2000E-06  1.1742E+00 -3.1499E-09
  1.6919E+00  5.6436E+00  8.6234E-08  2.0000E-03  1.2000E-06  1.1742E+00 -3.1473E-09
  1.6955E+00  5.6556E+00  8.6239E-08  2.0000E-03  1.2000E-06  1.1742E+00 -3.1447E-09
  1.6991E+00  5.6676E+00  8.6245E-08  2.0000E-03  1.2000E-06  1.1742E+00 -3.1421E-09
  1.7027E+00  5.6796E+00  8.6250E-08  2.0000E-03  1.2000E-06  1.1742E+00 -3.1395E-09
  1.7063E+00  5.6916E+00  8.6255E-08  2.0000E-03  1.2000E-06  1.1742E+00 -3.1369E-09
  1.7099E+00  5.7036E+00  8.6260E-08  2.0000E-03  1.2000E-06  1.1742E+00 -3.1343E-09
  1.7135E+00  5.7156E+00  8.6266E-08  2.0000E-03  1.2000E-06  1.1742E+00 -3.1317E-09
  1.7171E+00  5.7276E+00  8.6271E-08  2.0000E-03  1.2000E-06  1.1742E+00 -3.1291E-09
  1.7207E+00  5.7396E+00  8.6276E-08  2.0000E-03  1.2000E-06  1.1742E+00 -3.1265E-09
  1.7243E+00  5.7516E+00  8.6281E-08  2.0000E-03  1.2000E-06  1.1742E+00 -3.1239E-09
  1.7279E+00  5.7637E+00  8.6287E-08  2.0000E-03  1.2000E-06  1.1742E+00 -3.1213E-09
  1.7315E+00  5.7757E+00  8.6292E-08  2.0000E-03  1.2000E-06  1.1742E+00 -3.1187E-09
  1.7351E+00  5.7877E+00  8.6297E-08  2.0000E-03  1.2000E-06  1.1742E+00 -3.1162E-09
  1.7387E+00  5.7997E+00  8.6302E-08  2.0000E-03  1.2000E-06  1.1742E+00 -3.1136E-09
  1.7423E+00  5.8117E+00  8.6308E-08  2.0000E-03  1.2000E-06  1.1742E+00 -3.1110E-09
  1.7459E+00  5.8237E+00  8.6313E-08  2.0000E-03  1.2000E-06  1.1742E+00 -3.1084E-09
  1.7495E+00  5.8357E+00  8.6318E-08  2.0000E-03  1.2000E-06  1.1742E+00 -3.1058E-09
  1.7531E+00  5.8477E+00  8.6323E-08  2.0000E-03  1.2000E-06  1.1742E+00 -3.1032E-09
  1.7567E+00  5.8597E+00  8.6328E-08  2.0000E-03  1.2000E-06  1.1742E+00 -3.1006E-09
  1.7603E+00  5.8717E+00  8.6334E-08  2.0000E-03  1.2000E-06  1.1742E+00 -3.0980E-09
  1.7639E+00  5.8837E+00  8.6339E-08  2.0000E-03  1.2000E-06  1.1742E+00 -3.0954E-09
  1.7675E+00  5.8957E+00  8.6344E-08  2.0000E-03  1.2000E-06  1.1742E+00 -3.0928E-09
  1.7703E+00  5.9052E+00  8.6348E-08  2.0000E-03  1.2000E-06  1.1742E+00 -3.0908E-09
  1.7711E+00  5.9078E+00  8.6349E-08  2.0000E-03  1.2000E-06  1.1742E+00 -3.0902E-09
  1.7747E+00  5.9198E+00  8.6355E-08  2.0000E-03  1.2000E-06  1.1742E+00 -3.0876E-09
  1.7783E+00  5.9318E+00  8.6360E-08  2.0000E-03  1.2000E-06  1.1742E+00 -3.0851E-09
  1.7819E+00  5.9438E+00  8.6365E-08  2.0000E-03  1.2000E-06  1.1742E+00 -3.0825E-09
  1.7855E+00  5.9558E+00  8.6370E-08  2.0000E-03  1.2000E-06  1.1742E+00 -3.0799E-09
  1.7891E+00  5.9678E+00  8.6376E-08  2.0000E-03  1.2000E-06  1.1742E+00 -3.0773E-09
  1.7927E+00  5.9798E+00  8.6381E-08  2.0000E-03  1.2000E-06  1.1742E+00 -3.0747E-09
  1.8000E+00  6.0042E+00  8.6391E-08  2.0000E-03  1.2000E-06  1.1742E+00 -3.0694E-09
