  0.0000E+00  0.0000E+00  5.0000E+02  0.0000E+00  9.0599E-01  0.0000E+00  0.0000E+00
  4.0000E-03  1.3344E-02  5.0000E+02  3.0677E-04  9.0599E-01  2.7129E-04 -1.9679E-01
  8.0000E-03  2.6688E-02  5.0000E+02  6.1353E-04  9.0599E-01  5.4259E-04 -1.9679E-01
  1.2000E-02  4.0033E-02  5.0000E+02  9.2030E-04  9.0599E-01  8.1389E-04 -1.9679E-01
  1.6000E-02  5.3377E-02  5.0000E+02  1.2271E-03  9.0599E-01  1.0852E-03 -1.9679E-01
  2.0000E-02  6.6721E-02  5.0000E+02  1.5338E-03  9.0599E-01  1.3565E-03 -1.9679E-01
  2.4000E-02  8.0065E-02  5.0000E+02  1.8406E-03  9.0599E-01  1.6278E-03 -1.9679E-01
  2.8000E-02  9.3409E-02  5.0000E+02  2.1474E-03  9.0599E-01  1.8991E-03 -1.9679E-01
  3.2000E-02  1.0675E-01  5.0000E+02  2.4541E-03  9.0599E-01  2.1704E-03 -1.9679E-01
  3.6000E-02  1.2010E-01  5.0000E+02  2.7609E-03  9.0599E-01  2.4417E-03 -1.9679E-01
  4.0000E-02  1.3344E-01  5.0000E+02  3.0677E-03  9.0599E-01  2.7130E-03 -1.9679E-01
  4.4000E-02  1.4679E-01  5.0000E+02  3.3744E-03  9.0599E-01  2.9842E-03 -1.9679E-01
  4.8000E-02  1.6013E-01  5.0000E+02  3.6812E-03  9.0599E-01  3.2555E-03 -1.9679E-01
  5.2000E-02  1.7347E-01  5.0000E+02  3.9880E-03  9.0599E-01  3.5268E-03 -1.9679E-01
  5.6000E-02  1.8682E-01  5.0000E+02  4.2947E-03  9.0599E-01  3.7981E-03 -1.9679E-01
  6.0000E-02  2.0016E-01  5.0000E+02  4.6015E-03  9.0599E-01  4.0694E-03 -1.9679E-01
  6.4000E-02  2.1351E-01  5.0000E+02  4.9083E-03  9.0599E-01  4.3407E-03 -1.9679E-01
  6.8000E-02  2.2685E-01  5.0000E+02  5.2150E-03  9.0599E-01  4.6120E-03 -1.9679E-01
  7.2000E-02  2.4020E-01  5.0000E+02  5.5218E-03  9.0599E-01  4.8833E-03 -1.9679E-01
  7.6000E-02  2.5354E-01  5.0000E+02  5.8286E-03  9.0599E-01  5.1546E-03 -1.9679E-01
  8.0000E-02  2.6688E-01  5.0000E+02  6.1353E-03  9.0599E-01  5.4259E-03 -1.9679E-01
  8.4000E-02  2.8023E-01  5.0000E+02  6.4421E-03  9.0599E-01  5.6972E-03 -1.9679E-01
  8.8000E-02  2.9357E-01  5.0000E+02  6.7489E-03  9.0599E-01  5.9685E-03 -1.9679E-01
  9.2000E-02  3.0692E-01  5.0000E+02  7.0556E-03  9.0599E-01  6.2398E-03 -1.9679E-01
  9.6000E-02  3.2026E-01  5.0000E+02  7.3624E-03  9.0599E-01  6.5111E-03 -1.9679E-01
  1.0000E-01  3.3360E-01  5.0000E+02  7.6692E-03  9.0599E-01  6.7824E-03 -1.9679E-01
  1.0400E-01  3.4695E-01  5.0000E+02  7.9759E-03  9.0599E-01  7.0536E-03 -1.9681E-01
  1.0800E-01  3.6029E-01  5.0000E+02  8.2828E-03  9.0600E-01  7.3246E-03 -1.9702E-01
  1.1200E-01  3.7364E-01  5.0000E+02  8.5902E-03  9.0600E-01  7.5947E-03 -1.9795E-01
  1.1600E-01  3.8698E-01  5.0000E+02  8.9002E-03  9.0598E-01  7.8645E-03 -2.0007E-01
  1.2000E-01  4.0033E-01  5.0000E+02  9.2161E-03  9.0600E-01  8.1365E-03 -2.0345E-01
  1.2400E-01  4.1367E-01  5.0000E+02  9.5417E-03  9.0600E-01  8.4139E-03 -2.0798E-01
  1.2800E-01  4.2701E-01  5.0000E+02  9.8818E-03  9.0600E-01  8.7006E-03 -2.1357E-01
  1.3200E-01  4.4036E-01  5.0000E+02  1.0216E-02  9.0548E-01  8.9774E-03 -2.1850E-01
  1.3600E-01  4.5370E-01  5.0000E+02  1.0444E-02  9.0179E-01  9.1241E-03 -2.2369E-01
  1.4000E-01  4.6705E-01  5.0000E+02  1.0620E-02  8.9825E-01  9.2142E-03 -2.3250E-01
  1.4400E-01  4.8039E-01  5.0000E+02  1.0742E-02  8.8904E-01  9.2166E-03 -2.3302E-01
  1.4800E-01  4.9373E-01  5.0000E+02  1.1196E-02  8.8904E-01  9.5787E-03 -2.4185E-01
  1.5200E-01  5.0708E-01  5.0000E+02  1.1663E-02  8.8904E-01  9.9510E-03 -2.4998E-01
  1.5600E-01  5.2042E-01  5.0000E+02  1.2139E-02  8.8904E-01  1.0330E-02 -2.5734E-01
  1.6000E-01  5.3377E-01  5.0000E+02  1.2620E-02  8.8904E-01  1.0714E-02 -2.6401E-01
  1.6400E-01  5.4711E-01  5.0000E+02  1.3108E-02  8.8904E-01  1.1103E-02 -2.7007E-01
  1.6800E-01  5.6046E-01  5.0000E+02  1.3601E-02  8.8904E-01  1.1496E-02 -2.7560E-01
  1.7200E-01  5.7380E-01  5.0000E+02  1.4098E-02  8.8904E-01  1.1893E-02 -2.8064E-01
  1.7600E-01  5.8715E-01  5.0000E+02  1.4599E-02  8.8904E-01  1.2293E-02 -2.8526E-01
  1.8000E-01  6.0049E-01  5.0000E+02  1.5105E-02  8.8904E-01  1.2697E-02 -2.8949E-01
  1.8400E-01  6.1384E-01  5.0000E+02  1.5613E-02  8.8904E-01  1.3103E-02 -2.9339E-01
  1.8800E-01  6.2718E-01  5.0000E+02  1.6125E-02  8.8904E-01  1.3512E-02 -2.9699E-01
  1.9200E-01  6.4053E-01  5.0000E+02  1.6640E-02  8.8904E-01  1.3924E-02 -3.0032E-01
  1.9600E-01  6.5387E-01  5.0000E+02  1.7157E-02  8.8904E-01  1.4337E-02 -3.0340E-01
  2.0000E-01  6.6722E-01  5.0000E+02  1.7676E-02  8.8904E-01  1.4752E-02 -3.0626E-01
  2.0400E-01  6.8056E-01  5.0000E+02  1.8196E-02  8.8904E-01  1.5169E-02 -3.0891E-01
  2.0800E-01  6.9391E-01  5.0000E+02  1.8716E-02  8.8904E-01  1.5585E-02 -3.1136E-01
  2.1200E-01  7.0725E-01  5.0000E+02  1.9234E-02  8.8904E-01  1.6000E-02 -3.1363E-01
  2.1600E-01  7.2060E-01  5.0000E+02  1.9744E-02  8.8904E-01  1.6409E-02 -3.1568E-01
  2.2000E-01  7.3394E-01  5.0000E+02  2.0239E-02  8.8904E-01  1.6807E-02 -3.1749E-01
  2.2400E-01  7.4728E-01  5.0000E+02  2.0711E-02  8.8904E-01  1.7187E-02 -3.1904E-01
  2.2800E-01  7.6063E-01  5.0000E+02  2.1155E-02  8.8904E-01  1.7545E-02 -3.2031E-01
  2.3200E-01  7.7397E-01  5.0000E+02  2.1567E-02  8.8904E-01  1.7878E-02 -3.2131E-01
  2.3600E-01  7.8732E-01  5.0000E+02  2.1947E-02  8.8904E-01  1.8187E-02 -3.2203E-01
  2.4000E-01  8.0066E-01  5.0000E+02  2.2295E-02  8.8904E-01  1.8471E-02 -3.2251E-01
  2.4400E-01  8.1401E-01  5.0000E+02  2.2612E-02  8.8904E-01  1.8732E-02 -3.2274E-01
  2.4800E-01  8.2735E-01  5.0000E+02  2.2899E-02  8.8904E-01  1.8970E-02 -3.2273E-01
  2.5200E-01  8.4069E-01  5.0000E+02  2.3159E-02  8.8904E-01  1.9187E-02 -3.2249E-01
  2.5600E-01  8.5404E-01  5.0000E+02  2.3392E-02  8.8904E-01  1.9384E-02 -3.2203E-01
  2.6000E-01  8.6738E-01  5.0000E+02  2.3601E-02  8.8904E-01  1.9564E-02 -3.2134E-01
  2.6400E-01  8.8072E-01  5.0000E+02  2.3789E-02  8.8904E-01  1.9728E-02 -3.2042E-01
  2.6800E-01  8.9407E-01  5.0000E+02  2.3958E-02  8.8904E-01  1.9879E-02 -3.1927E-01
  2.7200E-01  9.0741E-01  5.0000E+02  2.4110E-02  8.8904E-01  2.0018E-02 -3.1788E-01
  2.7600E-01  9.2076E-01  5.0000E+02  2.4248E-02  8.8904E-01  2.0148E-02 -3.1625E-01
  2.8000E-01  9.3410E-01  5.0000E+02  2.4376E-02  8.8904E-01  2.0271E-02 -3.1436E-01
  2.8400E-01  9.4744E-01  5.0000E+02  2.4497E-02  8.8904E-01  2.0391E-02 -3.1221E-01
  2.8800E-01  9.6079E-01  5.0000E+02  2.4613E-02  8.8904E-01  2.0510E-02 -3.0979E-01
  2.9200E-01  9.7413E-01  5.0000E+02  2.4728E-02  8.8904E-01  2.0632E-02 -3.0708E-01
  2.9600E-01  9.8747E-01  5.0000E+02  2.4847E-02  8.8904E-01  2.0758E-02 -3.0408E-01
  3.0000E-01  1.0008E+00  5.0000E+02  2.4973E-02  8.8904E-01  2.0893E-02 -3.0077E-01
  3.0400E-01  1.0142E+00  5.0000E+02  2.5109E-02  8.8904E-01  2.1039E-02 -2.9715E-01
  3.0800E-01  1.0275E+00  5.0000E+02  2.5261E-02  8.8904E-01  2.1201E-02 -2.9320E-01
  3.1200E-01  1.0409E+00  5.0000E+02  2.5431E-02  8.8904E-01  2.1382E-02 -2.8893E-01
  3.1600E-01  1.0542E+00  5.0000E+02  2.5626E-02  8.8904E-01  2.1586E-02 -2.8431E-01
  3.2000E-01  1.0675E+00  5.0000E+02  2.5848E-02  8.8904E-01  2.1816E-02 -2.7936E-01
  3.2400E-01  1.0809E+00  5.0000E+02  2.6103E-02  8.8904E-01  2.2077E-02 -2.7407E-01
  3.2800E-01  1.0942E+00  5.0000E+02  2.6396E-02  8.8904E-01  2.2371E-02 -2.6846E-01
  3.3200E-01  1.1076E+00  5.0000E+02  2.6728E-02  8.8904E-01  2.2703E-02 -2.6254E-01
  3.3600E-01  1.1209E+00  5.0000E+02  2.7103E-02  8.8904E-01  2.3072E-02 -2.5635E-01
  3.4000E-01  1.1343E+00  5.0000E+02  2.7520E-02  8.8904E-01  2.3479E-02 -2.4996E-01
  3.4400E-01  1.1476E+00  5.0000E+02  2.7972E-02  8.8904E-01  2.3918E-02 -2.4345E-01
  3.4800E-01  1.1610E+00  5.0000E+02  2.8453E-02  8.8904E-01  2.4381E-02 -2.3692E-01
  3.5200E-01  1.1743E+00  5.0000E+02  2.8955E-02  8.8904E-01  2.4862E-02 -2.3044E-01
  3.5600E-01  1.1876E+00  5.0000E+02  2.9472E-02  8.8904E-01  2.5356E-02 -2.2407E-01
  3.6000E-01  1.2010E+00  5.0000E+02  3.0002E-02  8.8904E-01  2.5860E-02 -2.1782E-01
  3.6400E-01  1.2143E+00  5.0000E+02  3.0543E-02  8.8904E-01  2.6373E-02 -2.1171E-01
  3.6800E-01  1.2277E+00  5.0000E+02  3.1095E-02  8.8904E-01  2.6894E-02 -2.0575E-01
  3.7200E-01  1.2410E+00  5.0000E+02  3.1656E-02  8.8904E-01  2.7423E-02 -1.9993E-01
  3.7600E-01  1.2544E+00  5.0000E+02  3.2226E-02  8.8904E-01  2.7958E-02 -1.9426E-01
  3.8000E-01  1.2677E+00  5.0000E+02  3.2805E-02  8.8904E-01  2.8500E-02 -1.8874E-01
  3.8400E-01  1.2811E+00  5.0000E+02  3.3391E-02  8.8904E-01  2.9048E-02 -1.8337E-01
  3.8800E-01  1.2944E+00  5.0000E+02  3.3985E-02  8.8904E-01  2.9602E-02 -1.7814E-01
  3.9200E-01  1.3078E+00  5.0000E+02  3.4587E-02  8.8904E-01  3.0161E-02 -1.7306E-01
  3.9600E-01  1.3211E+00  5.0000E+02  3.5195E-02  8.8904E-01  3.0725E-02 -1.6812E-01
  4.0000E-01  1.3345E+00  5.0000E+02  3.5809E-02  8.8904E-01  3.1294E-02 -1.6332E-01
  4.0400E-01  1.3478E+00  5.0000E+02  3.6430E-02  8.8904E-01  3.1868E-02 -1.5865E-01
  4.0800E-01  1.3611E+00  5.0000E+02  3.7056E-02  8.8904E-01  3.2446E-02 -1.5411E-01
  4.1200E-01  1.3745E+00  5.0000E+02  3.7688E-02  8.8904E-01  3.3028E-02 -1.4971E-01
  4.1600E-01  1.3878E+00  5.0000E+02  3.8326E-02  8.8904E-01  3.3614E-02 -1.4542E-01
  4.2000E-01  1.4012E+00  5.0000E+02  3.8968E-02  8.8904E-01  3.4204E-02 -1.4126E-01
  4.2400E-01  1.4145E+00  5.0000E+02  3.9615E-02  8.8904E-01  3.4797E-02 -1.3722E-01
  4.2800E-01  1.4279E+00  5.0000E+02  4.0267E-02  8.8904E-01  3.5394E-02 -1.3330E-01
  4.3200E-01  1.4412E+00  5.0000E+02  4.0923E-02  8.8904E-01  3.5994E-02 -1.2948E-01
  4.3600E-01  1.4546E+00  5.0000E+02  4.1583E-02  8.8904E-01  3.6597E-02 -1.2577E-01
  4.4000E-01  1.4679E+00  5.0000E+02  4.2247E-02  8.8904E-01  3.7203E-02 -1.2217E-01
  4.4400E-01  1.4813E+00  5.0000E+02  4.2914E-02  8.8904E-01  3.7811E-02 -1.1867E-01
  4.4800E-01  1.4946E+00  5.0000E+02  4.3586E-02  8.8904E-01  3.8422E-02 -1.1527E-01
  4.5200E-01  1.5079E+00  5.0000E+02  4.4260E-02  8.8904E-01  3.9036E-02 -1.1196E-01
  4.5600E-01  1.5213E+00  5.0000E+02  4.4938E-02  8.8904E-01  3.9652E-02 -1.0874E-01
  4.6000E-01  1.5346E+00  5.0000E+02  4.5619E-02  8.8904E-01  4.0270E-02 -1.0561E-01
  4.6400E-01  1.5480E+00  5.0000E+02  4.6303E-02  8.8904E-01  4.0891E-02 -1.0257E-01
  4.6800E-01  1.5613E+00  5.0000E+02  4.6990E-02  8.8904E-01  4.1513E-02 -9.9608E-02
  4.7200E-01  1.5747E+00  5.0000E+02  4.7680E-02  8.8904E-01  4.2138E-02 -9.6726E-02
  4.7600E-01  1.5880E+00  5.0000E+02  4.8372E-02  8.8904E-01  4.2764E-02 -9.3922E-02
  4.8000E-01  1.6014E+00  5.0000E+02  4.9067E-02  8.8904E-01  4.3392E-02 -9.1193E-02
  4.8400E-01  1.6147E+00  5.0000E+02  4.9764E-02  8.8904E-01  4.4022E-02 -8.8535E-02
  4.8800E-01  1.6281E+00  5.0000E+02  5.0463E-02  8.8904E-01  4.4654E-02 -8.5947E-02
  4.9200E-01  1.6414E+00  5.0000E+02  5.1165E-02  8.8904E-01  4.5287E-02 -8.3426E-02
  4.9600E-01  1.6547E+00  5.0000E+02  5.1868E-02  8.8904E-01  4.5921E-02 -8.0970E-02
  5.0000E-01  1.6681E+00  5.0000E+02  5.2574E-02  8.8904E-01  4.6558E-02 -7.8577E-02
  5.0400E-01  1.6814E+00  5.0000E+02  5.3282E-02  8.8904E-01  4.7195E-02 -7.6244E-02
  5.0800E-01  1.6948E+00  5.0000E+02  5.3991E-02  8.8904E-01  4.7834E-02 -7.3970E-02
  5.1200E-01  1.7081E+00  5.0000E+02  5.4702E-02  8.8904E-01  4.8474E-02 -7.1753E-02
  5.1600E-01  1.7215E+00  5.0000E+02  5.5415E-02  8.8904E-01  4.9115E-02 -6.9591E-02
  5.2000E-01  1.7348E+00  5.0000E+02  5.6130E-02  8.8904E-01  4.9758E-02 -6.7482E-02
  5.2400E-01  1.7482E+00  5.0000E+02  5.6845E-02  8.8904E-01  5.0401E-02 -6.5426E-02
  5.2800E-01  1.7615E+00  5.0000E+02  5.7561E-02  8.8904E-01  5.1044E-02 -6.3421E-02
  5.3200E-01  1.7749E+00  5.0000E+02  5.8278E-02  8.8904E-01  5.1687E-02 -6.1468E-02
  5.3600E-01  1.7882E+00  5.0000E+02  5.8993E-02  8.8904E-01  5.2329E-02 -5.9567E-02
  5.4000E-01  1.8016E+00  5.0000E+02  5.9706E-02  8.8904E-01  5.2969E-02 -5.7721E-02
  5.4400E-01  1.8149E+00  5.0000E+02  6.0414E-02  8.8904E-01  5.3604E-02 -5.5934E-02
  5.4800E-01  1.8282E+00  5.0000E+02  6.1113E-02  8.8904E-01  5.4231E-02 -5.4214E-02
  5.5200E-01  1.8416E+00  5.0000E+02  6.1797E-02  8.8904E-01  5.4844E-02 -5.2572E-02
  5.5600E-01  1.8549E+00  5.0000E+02  6.2459E-02  8.8904E-01  5.5437E-02 -5.1024E-02
  5.6000E-01  1.8683E+00  5.0000E+02  6.3091E-02  8.8904E-01  5.6003E-02 -4.9584E-02
  5.6400E-01  1.8816E+00  5.0000E+02  6.3684E-02  8.8904E-01  5.6535E-02 -4.8269E-02
  5.6800E-01  1.8950E+00  5.0000E+02  6.4232E-02  8.8904E-01  5.7025E-02 -4.7089E-02
  5.7200E-01  1.9083E+00  5.0000E+02  6.4729E-02  8.8904E-01  5.7470E-02 -4.6049E-02
  5.7600E-01  1.9217E+00  5.0000E+02  6.5174E-02  8.8904E-01  5.7868E-02 -4.5149E-02
  5.8000E-01  1.9350E+00  5.0000E+02  6.5566E-02  8.8904E-01  5.8218E-02 -4.4383E-02
  5.8400E-01  1.9483E+00  5.0000E+02  6.5907E-02  8.8904E-01  5.8523E-02 -4.3744E-02
  5.8800E-01  1.9617E+00  5.0000E+02  6.6199E-02  8.8904E-01  5.8784E-02 -4.3223E-02
  5.9200E-01  1.9750E+00  5.0000E+02  6.6444E-02  8.8904E-01  5.9003E-02 -4.2808E-02
  5.9600E-01  1.9884E+00  5.0000E+02  6.6648E-02  8.8904E-01  5.9185E-02 -4.2490E-02
  6.0000E-01  2.0017E+00  5.0000E+02  6.6813E-02  8.8904E-01  5.9332E-02 -4.2258E-02
  6.0400E-01  2.0151E+00  5.0000E+02  6.6923E-02  8.8882E-01  5.9418E-02 -4.1548E-02
  6.0800E-01  2.0284E+00  5.0000E+02  6.7022E-02  8.8882E-01  5.9506E-02 -4.1456E-02
  6.1200E-01  2.0418E+00  5.0000E+02  6.7095E-02  8.8882E-01  5.9571E-02 -4.1417E-02
  6.1600E-01  2.0551E+00  5.0000E+02  6.7131E-02  8.8885E-01  5.9605E-02 -4.1316E-02
  6.2000E-01  2.0684E+00  5.0000E+02  6.7146E-02  8.8881E-01  5.9616E-02 -4.1051E-02
  6.2400E-01  2.0818E+00  5.0000E+02  6.7159E-02  8.8876E-01  5.9625E-02 -4.0896E-02
  6.2800E-01  2.0951E+00  5.0000E+02  6.7130E-02  8.8883E-01  5.9605E-02 -4.0683E-02
  6.3200E-01  2.1085E+00  5.0000E+02  6.7136E-02  8.8883E-01  5.9609E-02 -4.0748E-02
  6.3600E-01  2.1218E+00  5.0000E+02  6.7140E-02  8.8883E-01  5.9613E-02 -4.0802E-02
  6.4000E-01  2.1352E+00  5.0000E+02  6.7148E-02  8.8883E-01  5.9620E-02 -4.0835E-02
  6.4400E-01  2.1485E+00  5.0000E+02  6.7162E-02  8.8883E-01  5.9632E-02 -4.0842E-02
  6.4800E-01  2.1618E+00  5.0000E+02  6.7184E-02  8.8883E-01  5.9652E-02 -4.0817E-02
  6.5200E-01  2.1752E+00  5.0000E+02  6.7215E-02  8.8883E-01  5.9680E-02 -4.0759E-02
  6.5600E-01  2.1885E+00  5.0000E+02  6.7255E-02  8.8883E-01  5.9716E-02 -4.0672E-02
  6.6000E-01  2.2019E+00  5.0000E+02  6.7302E-02  8.8883E-01  5.9758E-02 -4.0560E-02
  6.6400E-01  2.2152E+00  5.0000E+02  6.7356E-02  8.8883E-01  5.9806E-02 -4.0429E-02
  6.6800E-01  2.2286E+00  5.0000E+02  6.7413E-02  8.8883E-01  5.9857E-02 -4.0285E-02
  6.7200E-01  2.2419E+00  5.0000E+02  6.7474E-02  8.8883E-01  5.9911E-02 -4.0134E-02
  6.7600E-01  2.2552E+00  5.0000E+02  6.7535E-02  8.8883E-01  5.9967E-02 -3.9977E-02
  6.8000E-01  2.2686E+00  5.0000E+02  6.7598E-02  8.8883E-01  6.0023E-02 -3.9817E-02
  6.8400E-01  2.2819E+00  5.0000E+02  6.7662E-02  8.8883E-01  6.0080E-02 -3.9656E-02
  6.8800E-01  2.2953E+00  5.0000E+02  6.7726E-02  8.8883E-01  6.0137E-02 -3.9493E-02
  6.9200E-01  2.3086E+00  5.0000E+02  6.7790E-02  8.8883E-01  6.0195E-02 -3.9331E-02
  6.9600E-01  2.3219E+00  5.0000E+02  6.7854E-02  8.8883E-01  6.0252E-02 -3.9168E-02
  7.0000E-01  2.3353E+00  5.0000E+02  6.7919E-02  8.8883E-01  6.0310E-02 -3.9005E-02
  7.0400E-01  2.3486E+00  5.0000E+02  6.7983E-02  8.8883E-01  6.0368E-02 -3.8843E-02
  7.0800E-01  2.3620E+00  5.0000E+02  6.8048E-02  8.8883E-01  6.0426E-02 -3.8681E-02
  7.1200E-01  2.3753E+00  5.0000E+02  6.8112E-02  8.8883E-01  6.0483E-02 -3.8519E-02
  7.1600E-01  2.3887E+00  5.0000E+02  6.8177E-02  8.8883E-01  6.0541E-02 -3.8358E-02
  7.2000E-01  2.4020E+00  5.0000E+02  6.8241E-02  8.8883E-01  6.0599E-02 -3.8197E-02
  7.2400E-01  2.4153E+00  5.0000E+02  6.8306E-02  8.8883E-01  6.0656E-02 -3.8036E-02
  7.2800E-01  2.4287E+00  5.0000E+02  6.8370E-02  8.8883E-01  6.0714E-02 -3.7875E-02
  7.3200E-01  2.4420E+00  5.0000E+02  6.8435E-02  8.8883E-01  6.0772E-02 -3.7715E-02
  7.3600E-01  2.4554E+00  5.0000E+02  6.8499E-02  8.8883E-01  6.0830E-02 -3.7555E-02
  7.4000E-01  2.4687E+00  5.0000E+02  6.8564E-02  8.8883E-01  6.0888E-02 -3.7395E-02
  7.4400E-01  2.4821E+00  5.0000E+02  6.8628E-02  8.8883E-01  6.0945E-02 -3.7236E-02
  7.4800E-01  2.4954E+00  5.0000E+02  6.8693E-02  8.8883E-01  6.1003E-02 -3.7077E-02
  7.5200E-01  2.5087E+00  5.0000E+02  6.8757E-02  8.8883E-01  6.1061E-02 -3.6918E-02
  7.5600E-01  2.5221E+00  5.0000E+02  6.8822E-02  8.8883E-01  6.1119E-02 -3.6760E-02
  7.6000E-01  2.5354E+00  5.0000E+02  6.8887E-02  8.8883E-01  6.1177E-02 -3.6601E-02
  7.6400E-01  2.5488E+00  5.0000E+02  6.8951E-02  8.8883E-01  6.1234E-02 -3.6443E-02
  7.6800E-01  2.5621E+00  5.0000E+02  6.9016E-02  8.8883E-01  6.1292E-02 -3.6286E-02
  7.7200E-01  2.5755E+00  5.0000E+02  6.9080E-02  8.8883E-01  6.1350E-02 -3.6128E-02
  7.7600E-01  2.5888E+00  5.0000E+02  6.9145E-02  8.8883E-01  6.1408E-02 -3.5971E-02
  7.8000E-01  2.6021E+00  5.0000E+02  6.9210E-02  8.8883E-01  6.1466E-02 -3.5815E-02
  7.8400E-01  2.6155E+00  5.0000E+02  6.9274E-02  8.8883E-01  6.1524E-02 -3.5658E-02
  7.8800E-01  2.6288E+00  5.0000E+02  6.9339E-02  8.8883E-01  6.1581E-02 -3.5502E-02
  7.9200E-01  2.6422E+00  5.0000E+02  6.9404E-02  8.8883E-01  6.1639E-02 -3.5346E-02
  7.9600E-01  2.6555E+00  5.0000E+02  6.9468E-02  8.8883E-01  6.1697E-02 -3.5190E-02
  8.0000E-01  2.6689E+00  5.0000E+02  6.9533E-02  8.8883E-01  6.1755E-02 -3.5035E-02
  8.0400E-01  2.6822E+00  5.0000E+02  6.9598E-02  8.8883E-01  6.1813E-02 -3.4880E-02
  8.0800E-01  2.6955E+00  5.0000E+02  6.9663E-02  8.8883E-01  6.1871E-02 -3.4725E-02
  8.1200E-01  2.7089E+00  5.0000E+02  6.9727E-02  8.8883E-01  6.1929E-02 -3.4571E-02
  8.1600E-01  2.7222E+00  5.0000E+02  6.9792E-02  8.8883E-01  6.1987E-02 -3.4416E-02
  8.2000E-01  2.7356E+00  5.0000E+02  6.9857E-02  8.8883E-01  6.2045E-02 -3.4263E-02
  8.2400E-01  2.7489E+00  5.0000E+02  6.9922E-02  8.8883E-01  6.2103E-02 -3.4109E-02
  8.2800E-01  2.7623E+00  5.0000E+02  6.9986E-02  8.8883E-01  6.2161E-02 -3.3955E-02
  8.3200E-01  2.7756E+00  5.0000E+02  7.0051E-02  8.8883E-01  6.2219E-02 -3.3802E-02
  8.3600E-01  2.7889E+00  5.0000E+02  7.0116E-02  8.8883E-01  6.2276E-02 -3.3650E-02
  8.4000E-01  2.8023E+00  5.0000E+02  7.0181E-02  8.8883E-01  6.2334E-02 -3.3497E-02
  8.4400E-01  2.8156E+00  5.0000E+02  7.0246E-02  8.8883E-01  6.2392E-02 -3.3345E-02
  8.4800E-01  2.8290E+00  5.0000E+02  7.0310E-02  8.8883E-01  6.2450E-02 -3.3193E-02
  8.5200E-01  2.8423E+00  5.0000E+02  7.0375E-02  8.8883E-01  6.2508E-02 -3.3041E-02
  8.5600E-01  2.8557E+00  5.0000E+02  7.0440E-02  8.8883E-01  6.2566E-02 -3.2890E-02
  8.6000E-01  2.8690E+00  5.0000E+02  7.0505E-02  8.8883E-01  6.2624E-02 -3.2738E-02
  8.6400E-01  2.8823E+00  5.0000E+02  7.0570E-02  8.8883E-01  6.2682E-02 -3.2588E-02
  8.6800E-01  2.8957E+00  5.0000E+02  7.0635E-02  8.8883E-01  6.2740E-02 -3.2437E-02
  8.7200E-01  2.9090E+00  5.0000E+02  7.0700E-02  8.8883E-01  6.2798E-02 -3.2287E-02
  8.7600E-01  2.9224E+00  5.0000E+02  7.0764E-02  8.8883E-01  6.2856E-02 -3.2137E-02
  8.8000E-01  2.9357E+00  5.0000E+02  7.0829E-02  8.8883E-01  6.2915E-02 -3.1987E-02
  8.8400E-01  2.9491E+00  5.0000E+02  7.0894E-02  8.8883E-01  6.2973E-02 -3.1837E-02
  8.8800E-01  2.9624E+00  5.0000E+02  7.0959E-02  8.8883E-01  6.3031E-02 -3.1688E-02
  8.9200E-01  2.9757E+00  5.0000E+02  7.1024E-02  8.8883E-01  6.3089E-02 -3.1539E-02
  8.9600E-01  2.9891E+00  5.0000E+02  7.1089E-02  8.8883E-01  6.3147E-02 -3.1390E-02
  9.0000E-01  3.0024E+00  5.0000E+02  7.1154E-02  8.8883E-01  6.3205E-02 -3.1242E-02
  9.0400E-01  3.0158E+00  5.0000E+02  7.1219E-02  8.8883E-01  6.3263E-02 -3.1094E-02
  9.0800E-01  3.0291E+00  5.0000E+02  7.1284E-02  8.8883E-01  6.3321E-02 -3.0946E-02
  9.1200E-01  3.0425E+00  5.0000E+02  7.1349E-02  8.8883E-01  6.3379E-02 -3.0798E-02
  9.1600E-01  3.0558E+00  5.0000E+02  7.1414E-02  8.8883E-01  6.3437E-02 -3.0651E-02
  9.2000E-01  3.0691E+00  5.0000E+02  7.1479E-02  8.8883E-01  6.3495E-02 -3.0503E-02
  9.2400E-01  3.0825E+00  5.0000E+02  7.1544E-02  8.8883E-01  6.3553E-02 -3.0357E-02
  9.2800E-01  3.0958E+00  5.0000E+02  7.1609E-02  8.8883E-01  6.3612E-02 -3.0210E-02
  9.3200E-01  3.1092E+00  5.0000E+02  7.1674E-02  8.8883E-01  6.3670E-02 -3.0064E-02
  9.3600E-01  3.1225E+00  5.0000E+02  7.1739E-02  8.8883E-01  6.3728E-02 -2.9917E-02
  9.4000E-01  3.1359E+00  5.0000E+02  7.1804E-02  8.8883E-01  6.3786E-02 -2.9772E-02
  9.4400E-01  3.1492E+00  5.0000E+02  7.1869E-02  8.8883E-01  6.3844E-02 -2.9626E-02
  9.4800E-01  3.1625E+00  5.0000E+02  7.1934E-02  8.8883E-01  6.3902E-02 -2.9481E-02
  9.5200E-01  3.1759E+00  5.0000E+02  7.2000E-02  8.8883E-01  6.3960E-02 -2.9336E-02
  9.5600E-01  3.1892E+00  5.0000E+02  7.2065E-02  8.8883E-01  6.4019E-02 -2.9191E-02
  9.6000E-01  3.2026E+00  5.0000E+02  7.2130E-02  8.8883E-01  6.4077E-02 -2.9046E-02
  9.6400E-01  3.2159E+00  5.0000E+02  7.2195E-02  8.8883E-01  6.4135E-02 -2.8902E-02
  9.6800E-01  3.2293E+00  5.0000E+02  7.2260E-02  8.8883E-01  6.4193E-02 -2.8758E-02
  9.7200E-01  3.2426E+00  5.0000E+02  7.2325E-02  8.8883E-01  6.4251E-02 -2.8614E-02
  9.7600E-01  3.2559E+00  5.0000E+02  7.2390E-02  8.8883E-01  6.4310E-02 -2.8471E-02
  9.8000E-01  3.2693E+00  5.0000E+02  7.2455E-02  8.8883E-01  6.4368E-02 -2.8328E-02
  9.8400E-01  3.2826E+00  5.0000E+02  7.2521E-02  8.8883E-01  6.4426E-02 -2.8185E-02
  9.8800E-01  3.2960E+00  5.0000E+02  7.2586E-02  8.8883E-01  6.4484E-02 -2.8042E-02
  9.9200E-01  3.3093E+00  5.0000E+02  7.2651E-02  8.8883E-01  6.4543E-02 -2.7899E-02
  9.9600E-01  3.3227E+00  5.0000E+02  7.2716E-02  8.8883E-01  6.4601E-02 -2.7757E-02
  1.0000E+00  3.3360E+00  5.0000E+02  7.2781E-02  8.8883E-01  6.4659E-02 -2.7615E-02
  1.0040E+00  3.3493E+00  5.0000E+02  7.2847E-02  8.8883E-01  6.4717E-02 -2.7473E-02
  1.0080E+00  3.3627E+00  5.0000E+02  7.2912E-02  8.8883E-01  6.4776E-02 -2.7332E-02
  1.0120E+00  3.3760E+00  5.0000E+02  7.2977E-02  8.8883E-01  6.4834E-02 -2.7191E-02
  1.0160E+00  3.3894E+00  5.0000E+02  7.3042E-02  8.8883E-01  6.4892E-02 -2.7050E-02
  1.0200E+00  3.4027E+00  5.0000E+02  7.3107E-02  8.8883E-01  6.4950E-02 -2.6909E-02
  1.0240E+00  3.4161E+00  5.0000E+02  7.3173E-02  8.8883E-01  6.5009E-02 -2.6768E-02
  1.0280E+00  3.4294E+00  5.0000E+02  7.3238E-02  8.8883E-01  6.5067E-02 -2.6628E-02
  1.0320E+00  3.4427E+00  5.0000E+02  7.3303E-02  8.8883E-01  6.5125E-02 -2.6488E-02
  1.0360E+00  3.4561E+00  5.0000E+02  7.3369E-02  8.8883E-01  6.5184E-02 -2.6348E-02
  1.0400E+00  3.4694E+00  5.0000E+02  7.3434E-02  8.8883E-01  6.5242E-02 -2.6209E-02
  1.0440E+00  3.4828E+00  5.0000E+02  7.3499E-02  8.8883E-01  6.5300E-02 -2.6070E-02
  1.0480E+00  3.4961E+00  5.0000E+02  7.3564E-02  8.8883E-01  6.5358E-02 -2.5931E-02
  1.0520E+00  3.5095E+00  5.0000E+02  7.3630E-02  8.8883E-01  6.5417E-02 -2.5792E-02
  1.0560E+00  3.5228E+00  5.0000E+02  7.3695E-02  8.8883E-01  6.5475E-02 -2.5653E-02
  1.0600E+00  3.5361E+00  5.0000E+02  7.3760E-02  8.8883E-01  6.5534E-02 -2.5515E-02
  1.0640E+00  3.5495E+00  5.0000E+02  7.3826E-02  8.8883E-01  6.5592E-02 -2.5377E-02
  1.0680E+00  3.5628E+00  5.0000E+02  7.3891E-02  8.8883E-01  6.5650E-02 -2.5239E-02
  1.0720E+00  3.5762E+00  5.0000E+02  7.3957E-02  8.8883E-01  6.5709E-02 -2.5102E-02
  1.0760E+00  3.5895E+00  5.0000E+02  7.4022E-02  8.8883E-01  6.5767E-02 -2.4964E-02
  1.0800E+00  3.6029E+00  5.0000E+02  7.4087E-02  8.8883E-01  6.5825E-02 -2.4827E-02
  1.0840E+00  3.6162E+00  5.0000E+02  7.4153E-02  8.8883E-01  6.5884E-02 -2.4690E-02
  1.0880E+00  3.6295E+00  5.0000E+02  7.4218E-02  8.8883E-01  6.5942E-02 -2.4554E-02
  1.0920E+00  3.6429E+00  5.0000E+02  7.4284E-02  8.8883E-01  6.6000E-02 -2.4417E-02
  1.0960E+00  3.6562E+00  5.0000E+02  7.4349E-02  8.8883E-01  6.6059E-02 -2.4281E-02
  1.1000E+00  3.6696E+00  5.0000E+02  7.4414E-02  8.8883E-01  6.6117E-02 -2.4145E-02
  1.1040E+00  3.6829E+00  5.0000E+02  7.4480E-02  8.8883E-01  6.6176E-02 -2.4010E-02
  1.1080E+00  3.6963E+00  5.0000E+02  7.4545E-02  8.8883E-01  6.6234E-02 -2.3874E-02
  1.1120E+00  3.7096E+00  5.0000E+02  7.4611E-02  8.8883E-01  6.6293E-02 -2.3739E-02
  1.1160E+00  3.7229E+00  5.0000E+02  7.4676E-02  8.8883E-01  6.6351E-02 -2.3604E-02
  1.1200E+00  3.7363E+00  5.0000E+02  7.4742E-02  8.8883E-01  6.6409E-02 -2.3469E-02
  1.1240E+00  3.7496E+00  5.0000E+02  7.4807E-02  8.8883E-01  6.6468E-02 -2.3335E-02
  1.1280E+00  3.7630E+00  5.0000E+02  7.4873E-02  8.8883E-01  6.6526E-02 -2.3200E-02
  1.1320E+00  3.7763E+00  5.0000E+02  7.4938E-02  8.8883E-01  6.6585E-02 -2.3066E-02
  1.1360E+00  3.7897E+00  5.0000E+02  7.5004E-02  8.8883E-01  6.6643E-02 -2.2933E-02
  1.1400E+00  3.8030E+00  5.0000E+02  7.5069E-02  8.8883E-01  6.6702E-02 -2.2799E-02
  1.1440E+00  3.8163E+00  5.0000E+02  7.5135E-02  8.8883E-01  6.6760E-02 -2.2666E-02
  1.1480E+00  3.8297E+00  5.0000E+02  7.5200E-02  8.8883E-01  6.6819E-02 -2.2533E-02
  1.1520E+00  3.8430E+00  5.0000E+02  7.5266E-02  8.8883E-01  6.6877E-02 -2.2400E-02
  1.1560E+00  3.8564E+00  5.0000E+02  7.5331E-02  8.8883E-01  6.6936E-02 -2.2267E-02
  1.1600E+00  3.8697E+00  5.0000E+02  7.5397E-02  8.8883E-01  6.6994E-02 -2.2135E-02
  1.1640E+00  3.8831E+00  5.0000E+02  7.5462E-02  8.8883E-01  6.7053E-02 -2.2002E-02
  1.1680E+00  3.8964E+00  5.0000E+02  7.5528E-02  8.8883E-01  6.7111E-02 -2.1870E-02
  1.1720E+00  3.9097E+00  5.0000E+02  7.5594E-02  8.8883E-01  6.7170E-02 -2.1739E-02
  1.1760E+00  3.9231E+00  5.0000E+02  7.5659E-02  8.8883E-01  6.7228E-02 -2.1607E-02
  1.1800E+00  3.9364E+00  5.0000E+02  7.5725E-02  8.8883E-01  6.7287E-02 -2.1476E-02
  1.1840E+00  3.9498E+00  5.0000E+02  7.5790E-02  8.8883E-01  6.7345E-02 -2.1345E-02
  1.1880E+00  3.9631E+00  5.0000E+02  7.5856E-02  8.8883E-01  6.7404E-02 -2.1214E-02
  1.1920E+00  3.9765E+00  5.0000E+02  7.5922E-02  8.8883E-01  6.7462E-02 -2.1083E-02
  1.1960E+00  3.9898E+00  5.0000E+02  7.5987E-02  8.8883E-01  6.7521E-02 -2.0953E-02
  1.2000E+00  4.0031E+00  5.0000E+02  7.6053E-02  8.8883E-01  6.7580E-02 -2.0823E-02
  1.2040E+00  4.0165E+00  5.0000E+02  7.6119E-02  8.8883E-01  6.7638E-02 -2.0693E-02
  1.2080E+00  4.0298E+00  5.0000E+02  7.6184E-02  8.8883E-01  6.7697E-02 -2.0563E-02
  1.2120E+00  4.0432E+00  5.0000E+02  7.6250E-02  8.8883E-01  6.7755E-02 -2.0434E-02
  1.2160E+00  4.0565E+00  5.0000E+02  7.6316E-02  8.8883E-01  6.7814E-02 -2.0304E-02
  1.2200E+00  4.0699E+00  5.0000E+02  7.6381E-02  8.8883E-01  6.7872E-02 -2.0175E-02
  1.2240E+00  4.0832E+00  5.0000E+02  7.6447E-02  8.8883E-01  6.7931E-02 -2.0046E-02
  1.2280E+00  4.0965E+00  5.0000E+02  7.6513E-02  8.8883E-01  6.7990E-02 -1.9918E-02
  1.2320E+00  4.1099E+00  5.0000E+02  7.6578E-02  8.8883E-01  6.8048E-02 -1.9789E-02
  1.2360E+00  4.1232E+00  5.0000E+02  7.6644E-02  8.8883E-01  6.8107E-02 -1.9661E-02
  1.2400E+00  4.1366E+00  5.0000E+02  7.6710E-02  8.8883E-01  6.8165E-02 -1.9533E-02
  1.2440E+00  4.1499E+00  5.0000E+02  7.6775E-02  8.8883E-01  6.8224E-02 -1.9405E-02
  1.2480E+00  4.1633E+00  5.0000E+02  7.6841E-02  8.8883E-01  6.8283E-02 -1.9278E-02
  1.2520E+00  4.1766E+00  5.0000E+02  7.6907E-02  8.8883E-01  6.8341E-02 -1.9151E-02
  1.2560E+00  4.1899E+00  5.0000E+02  7.6973E-02  8.8883E-01  6.8400E-02 -1.9024E-02
  1.2600E+00  4.2033E+00  5.0000E+02  7.7038E-02  8.8883E-01  6.8459E-02 -1.8897E-02
  1.2640E+00  4.2166E+00  5.0000E+02  7.7104E-02  8.8883E-01  6.8517E-02 -1.8770E-02
  1.2680E+00  4.2300E+00  5.0000E+02  7.7170E-02  8.8883E-01  6.8576E-02 -1.8643E-02
  1.2720E+00  4.2433E+00  5.0000E+02  7.7236E-02  8.8883E-01  6.8635E-02 -1.8517E-02
  1.2760E+00  4.2567E+00  5.0000E+02  7.7302E-02  8.8883E-01  6.8693E-02 -1.8391E-02
  1.2800E+00  4.2700E+00  5.0000E+02  7.7367E-02  8.8883E-01  6.8752E-02 -1.8265E-02
  1.2840E+00  4.2833E+00  5.0000E+02  7.7433E-02  8.8883E-01  6.8811E-02 -1.8140E-02
  1.2880E+00  4.2967E+00  5.0000E+02  7.7499E-02  8.8883E-01  6.8869E-02 -1.8014E-02
  1.2920E+00  4.3100E+00  5.0000E+02  7.7565E-02  8.8883E-01  6.8928E-02 -1.7889E-02
  1.2960E+00  4.3234E+00  5.0000E+02  7.7631E-02  8.8883E-01  6.8987E-02 -1.7764E-02
  1.3000E+00  4.3367E+00  5.0000E+02  7.7696E-02  8.8883E-01  6.9045E-02 -1.7639E-02
  1.3040E+00  4.3501E+00  5.0000E+02  7.7762E-02  8.8883E-01  6.9104E-02 -1.7515E-02
  1.3080E+00  4.3634E+00  5.0000E+02  7.7828E-02  8.8883E-01  6.9163E-02 -1.7391E-02
  1.3120E+00  4.3767E+00  5.0000E+02  7.7894E-02  8.8883E-01  6.9221E-02 -1.7266E-02
  1.3160E+00  4.3901E+00  5.0000E+02  7.7960E-02  8.8883E-01  6.9280E-02 -1.7142E-02
  1.3200E+00  4.4034E+00  5.0000E+02  7.8026E-02  8.8883E-01  6.9339E-02 -1.7019E-02
  1.3240E+00  4.4168E+00  5.0000E+02  7.8092E-02  8.8883E-01  6.9398E-02 -1.6895E-02
  1.3280E+00  4.4301E+00  5.0000E+02  7.8158E-02  8.8883E-01  6.9456E-02 -1.6772E-02
  1.3320E+00  4.4435E+00  5.0000E+02  7.8223E-02  8.8883E-01  6.9515E-02 -1.6649E-02
  1.3360E+00  4.4568E+00  5.0000E+02  7.8289E-02  8.8883E-01  6.9574E-02 -1.6526E-02
  1.3400E+00  4.4701E+00  5.0000E+02  7.8355E-02  8.8883E-01  6.9633E-02 -1.6403E-02
  1.3440E+00  4.4835E+00  5.0000E+02  7.8421E-02  8.8883E-01  6.9691E-02 -1.6281E-02
  1.3480E+00  4.4968E+00  5.0000E+02  7.8487E-02  8.8883E-01  6.9750E-02 -1.6158E-02
  1.3520E+00  4.5102E+00  5.0000E+02  7.8553E-02  8.8883E-01  6.9809E-02 -1.6036E-02
  1.3560E+00  4.5235E+00  5.0000E+02  7.8619E-02  8.8883E-01  6.9868E-02 -1.5914E-02
  1.3600E+00  4.5369E+00  5.0000E+02  7.8685E-02  8.8883E-01  6.9926E-02 -1.5793E-02
  1.3640E+00  4.5502E+00  5.0000E+02  7.8751E-02  8.8883E-01  6.9985E-02 -1.5671E-02
  1.3680E+00  4.5635E+00  5.0000E+02  7.8817E-02  8.8883E-01  7.0044E-02 -1.5550E-02
  1.3720E+00  4.5769E+00  5.0000E+02  7.8883E-02  8.8883E-01  7.0103E-02 -1.5429E-02
  1.3760E+00  4.5902E+00  5.0000E+02  7.8949E-02  8.8883E-01  7.0162E-02 -1.5308E-02
  1.3800E+00  4.6036E+00  5.0000E+02  7.9015E-02  8.8883E-01  7.0220E-02 -1.5187E-02
  1.3840E+00  4.6169E+00  5.0000E+02  7.9081E-02  8.8883E-01  7.0279E-02 -1.5067E-02
  1.3880E+00  4.6303E+00  5.0000E+02  7.9147E-02  8.8883E-01  7.0338E-02 -1.4947E-02
  1.3920E+00  4.6436E+00  5.0000E+02  7.9213E-02  8.8883E-01  7.0397E-02 -1.4827E-02
  1.3960E+00  4.6569E+00  5.0000E+02  7.9279E-02  8.8883E-01  7.0456E-02 -1.4707E-02
  1.4000E+00  4.6703E+00  5.0000E+02  7.9345E-02  8.8883E-01  7.0515E-02 -1.4587E-02
  1.4040E+00  4.6836E+00  5.0000E+02  7.9411E-02  8.8883E-01  7.0573E-02 -1.4468E-02
  1.4080E+00  4.6970E+00  5.0000E+02  7.9477E-02  8.8883E-01  7.0632E-02 -1.4348E-02
  1.4120E+00  4.7103E+00  5.0000E+02  7.9543E-02  8.8883E-01  7.0691E-02 -1.4229E-02
  1.4160E+00  4.7237E+00  5.0000E+02  7.9609E-02  8.8883E-01  7.0750E-02 -1.4110E-02
  1.4200E+00  4.7370E+00  5.0000E+02  7.9675E-02  8.8883E-01  7.0809E-02 -1.3992E-02
  1.4240E+00  4.7503E+00  5.0000E+02  7.9741E-02  8.8883E-01  7.0868E-02 -1.3873E-02
  1.4280E+00  4.7637E+00  5.0000E+02  7.9807E-02  8.8883E-01  7.0927E-02 -1.3755E-02
  1.4320E+00  4.7770E+00  5.0000E+02  7.9873E-02  8.8883E-01  7.0985E-02 -1.3637E-02
  1.4360E+00  4.7904E+00  5.0000E+02  7.9939E-02  8.8883E-01  7.1044E-02 -1.3519E-02
  1.4400E+00  4.8037E+00  5.0000E+02  8.0005E-02  8.8883E-01  7.1103E-02 -1.3401E-02
  1.4440E+00  4.8171E+00  5.0000E+02  8.0072E-02  8.8883E-01  7.1162E-02 -1.3284E-02
  1.4480E+00  4.8304E+00  5.0000E+02  8.0138E-02  8.8883E-01  7.1221E-02 -1.3166E-02
  1.4520E+00  4.8437E+00  5.0000E+02  8.0204E-02  8.8883E-01  7.1280E-02 -1.3049E-02
  1.4560E+00  4.8571E+00  5.0000E+02  8.0270E-02  8.8883E-01  7.1339E-02 -1.2932E-02
  1.4600E+00  4.8704E+00  5.0000E+02  8.0336E-02  8.8883E-01  7.1398E-02 -1.2815E-02
  1.4640E+00  4.8838E+00  5.0000E+02  8.0402E-02  8.8883E-01  7.1457E-02 -1.2699E-02
  1.4680E+00  4.8971E+00  5.0000E+02  8.0468E-02  8.8883E-01  7.1516E-02 -1.2582E-02
  1.4720E+00  4.9105E+00  5.0000E+02  8.0535E-02  8.8883E-01  7.1574E-02 -1.2466E-02
  1.4760E+00  4.9238E+00  5.0000E+02  8.0601E-02  8.8883E-01  7.1633E-02 -1.2350E-02
  1.4800E+00  4.9371E+00  5.0000E+02  8.0667E-02  8.8883E-01  7.1692E-02 -1.2234E-02
  1.4840E+00  4.9505E+00  5.0000E+02  8.0733E-02  8.8883E-01  7.1751E-02 -1.2119E-02
  1.4880E+00  4.9638E+00  5.0000E+02  8.0799E-02  8.8883E-01  7.1810E-02 -1.2003E-02
  1.4920E+00  4.9772E+00  5.0000E+02  8.0865E-02  8.8883E-01  7.1869E-02 -1.1888E-02
  1.4960E+00  4.9905E+00  5.0000E+02  8.0932E-02  8.8883E-01  7.1928E-02 -1.1773E-02
  1.5000E+00  5.0039E+00  5.0000E+02  8.0998E-02  8.8883E-01  7.1987E-02 -1.1658E-02
  1.5040E+00  5.0172E+00  5.0000E+02  8.1064E-02  8.8883E-01  7.2046E-02 -1.1544E-02
  1.5080E+00  5.0305E+00  5.0000E+02  8.1130E-02  8.8883E-01  7.2105E-02 -1.1429E-02
  1.5120E+00  5.0439E+00  5.0000E+02  8.1196E-02  8.8883E-01  7.2164E-02 -1.1315E-02
  1.5160E+00  5.0572E+00  5.0000E+02  8.1263E-02  8.8883E-01  7.2223E-02 -1.1201E-02
  1.5200E+00  5.0706E+00  5.0000E+02  8.1329E-02  8.8883E-01  7.2282E-02 -1.1087E-02
  1.5240E+00  5.0839E+00  5.0000E+02  8.1395E-02  8.8883E-01  7.2341E-02 -1.0973E-02
  1.5280E+00  5.0973E+00  5.0000E+02  8.1461E-02  8.8883E-01  7.2400E-02 -1.0859E-02
  1.5320E+00  5.1106E+00  5.0000E+02  8.1528E-02  8.8883E-01  7.2459E-02 -1.0746E-02
  1.5360E+00  5.1239E+00  5.0000E+02  8.1594E-02  8.8883E-01  7.2518E-02 -1.0633E-02
  1.5400E+00  5.1373E+00  5.0000E+02  8.1660E-02  8.8883E-01  7.2577E-02 -1.0520E-02
  1.5440E+00  5.1506E+00  5.0000E+02  8.1726E-02  8.8883E-01  7.2636E-02 -1.0407E-02
  1.5480E+00  5.1640E+00  5.0000E+02  8.1793E-02  8.8883E-01  7.2695E-02 -1.0294E-02
  1.5520E+00  5.1773E+00  5.0000E+02  8.1859E-02  8.8883E-01  7.2754E-02 -1.0182E-02
  1.5560E+00  5.1907E+00  5.0000E+02  8.1925E-02  8.8883E-01  7.2813E-02 -1.0070E-02
  1.5600E+00  5.2040E+00  5.0000E+02  8.1992E-02  8.8883E-01  7.2872E-02 -9.9574E-03
  1.5640E+00  5.2173E+00  5.0000E+02  8.2058E-02  8.8883E-01  7.2931E-02 -9.8455E-03
  1.5680E+00  5.2307E+00  5.0000E+02  8.2124E-02  8.8883E-01  7.2990E-02 -9.7337E-03
  1.5720E+00  5.2440E+00  5.0000E+02  8.2190E-02  8.8883E-01  7.3049E-02 -9.6221E-03
  1.5760E+00  5.2574E+00  5.0000E+02  8.2257E-02  8.8883E-01  7.3108E-02 -9.5108E-03
  1.5800E+00  5.2707E+00  5.0000E+02  8.2323E-02  8.8883E-01  7.3167E-02 -9.3995E-03
  1.5840E+00  5.2841E+00  5.0000E+02  8.2389E-02  8.8883E-01  7.3226E-02 -9.2885E-03
  1.5880E+00  5.2974E+00  5.0000E+02  8.2456E-02  8.8883E-01  7.3285E-02 -9.1777E-03
  1.5920E+00  5.3107E+00  5.0000E+02  8.2522E-02  8.8883E-01  7.3344E-02 -9.0670E-03
  1.5960E+00  5.3241E+00  5.0000E+02  8.2589E-02  8.8883E-01  7.3403E-02 -8.9565E-03
  1.6000E+00  5.3374E+00  5.0000E+02  8.2655E-02  8.8883E-01  7.3462E-02 -8.8461E-03
  1.6040E+00  5.3508E+00  5.0000E+02  8.2721E-02  8.8883E-01  7.3522E-02 -8.7360E-03
  1.6080E+00  5.3641E+00  5.0000E+02  8.2788E-02  8.8883E-01  7.3581E-02 -8.6260E-03
  1.6120E+00  5.3775E+00  5.0000E+02  8.2854E-02  8.8883E-01  7.3640E-02 -8.5162E-03
  1.6160E+00  5.3908E+00  5.0000E+02  8.2920E-02  8.8883E-01  7.3699E-02 -8.4066E-03
  1.6200E+00  5.4041E+00  5.0000E+02  8.2987E-02  8.8883E-01  7.3758E-02 -8.2972E-03
  1.6240E+00  5.4175E+00  5.0000E+02  8.3053E-02  8.8883E-01  7.3817E-02 -8.1879E-03
  1.6280E+00  5.4308E+00  5.0000E+02  8.3120E-02  8.8883E-01  7.3876E-02 -8.0788E-03
  1.6320E+00  5.4442E+00  5.0000E+02  8.3186E-02  8.8883E-01  7.3935E-02 -7.9699E-03
  1.6360E+00  5.4575E+00  5.0000E+02  8.3252E-02  8.8883E-01  7.3994E-02 -7.8611E-03
  1.6400E+00  5.4709E+00  5.0000E+02  8.3319E-02  8.8883E-01  7.4053E-02 -7.7525E-03
  1.6440E+00  5.4842E+00  5.0000E+02  8.3385E-02  8.8883E-01  7.4113E-02 -7.6441E-03
  1.6480E+00  5.4975E+00  5.0000E+02  8.3452E-02  8.8883E-01  7.4172E-02 -7.5359E-03
  1.6520E+00  5.5109E+00  5.0000E+02  8.3518E-02  8.8883E-01  7.4231E-02 -7.4278E-03
  1.6560E+00  5.5242E+00  5.0000E+02  8.3585E-02  8.8883E-01  7.4290E-02 -7.3199E-03
  1.6600E+00  5.5376E+00  5.0000E+02  8.3651E-02  8.8883E-01  7.4349E-02 -7.2122E-03
  1.6640E+00  5.5509E+00  5.0000E+02  8.3718E-02  8.8883E-01  7.4408E-02 -7.1047E-03
  1.6680E+00  5.5643E+00  5.0000E+02  8.3784E-02  8.8883E-01  7.4467E-02 -6.9973E-03
  1.6720E+00  5.5776E+00  5.0000E+02  8.3850E-02  8.8883E-01  7.4527E-02 -6.8901E-03
  1.6760E+00  5.5909E+00  5.0000E+02  8.3917E-02  8.8883E-01  7.4586E-02 -6.7830E-03
  1.6800E+00  5.6043E+00  5.0000E+02  8.3983E-02  8.8883E-01  7.4645E-02 -6.6761E-03
  1.6840E+00  5.6176E+00  5.0000E+02  8.4050E-02  8.8883E-01  7.4704E-02 -6.5694E-03
  1.6880E+00  5.6310E+00  5.0000E+02  8.4116E-02  8.8883E-01  7.4763E-02 -6.4629E-03
  1.6920E+00  5.6443E+00  5.0000E+02  8.4183E-02  8.8883E-01  7.4822E-02 -6.3565E-03
  1.6960E+00  5.6577E+00  5.0000E+02  8.4249E-02  8.8883E-01  7.4882E-02 -6.2503E-03
  1.7000E+00  5.6710E+00  5.0000E+02  8.4316E-02  8.8883E-01  7.4941E-02 -6.1443E-03
  1.7040E+00  5.6843E+00  5.0000E+02  8.4382E-02  8.8883E-01  7.5000E-02 -6.0384E-03
  1.7080E+00  5.6977E+00  5.0000E+02  8.4449E-02  8.8883E-01  7.5059E-02 -5.9327E-03
  1.7120E+00  5.7110E+00  5.0000E+02  8.4516E-02  8.8883E-01  7.5118E-02 -5.8272E-03
  1.7160E+00  5.7244E+00  5.0000E+02  8.4582E-02  8.8883E-01  7.5178E-02 -5.7218E-03
  1.7200E+00  5.7377E+00  5.0000E+02  8.4649E-02  8.8883E-01  7.5237E-02 -5.6166E-03
  1.7240E+00  5.7511E+00  5.0000E+02  8.4715E-02  8.8883E-01  7.5296E-02 -5.5116E-03
  1.7280E+00  5.7644E+00  5.0000E+02  8.4782E-02  8.8883E-01  7.5355E-02 -5.4067E-03
  1.7320E+00  5.7777E+00  5.0000E+02  8.4848E-02  8.8883E-01  7.5414E-02 -5.3020E-03
  1.7360E+00  5.7911E+00  5.0000E+02  8.4915E-02  8.8883E-01  7.5474E-02 -5.1975E-03
  1.7400E+00  5.8044E+00  5.0000E+02  8.4981E-02  8.8883E-01  7.5533E-02 -5.0931E-03
  1.7440E+00  5.8178E+00  5.0000E+02  8.5048E-02  8.8883E-01  7.5592E-02 -4.9889E-03
  1.7480E+00  5.8311E+00  5.0000E+02  8.5115E-02  8.8883E-01  7.5651E-02 -4.8848E-03
  1.7520E+00  5.8445E+00  5.0000E+02  8.5181E-02  8.8883E-01  7.5711E-02 -4.7809E-03
  1.7560E+00  5.8578E+00  5.0000E+02  8.5248E-02  8.8883E-01  7.5770E-02 -4.6772E-03
  1.7600E+00  5.8711E+00  5.0000E+02  8.5314E-02  8.8883E-01  7.5829E-02 -4.5736E-03
  1.7640E+00  5.8845E+00  5.0000E+02  8.5381E-02  8.8883E-01  7.5888E-02 -4.4702E-03
  1.7680E+00  5.8978E+00  5.0000E+02  8.5448E-02  8.8883E-01  7.5948E-02 -4.3669E-03
  1.7720E+00  5.9112E+00  5.0000E+02  8.5514E-02  8.8883E-01  7.6007E-02 -4.2639E-03
  1.7760E+00  5.9245E+00  5.0000E+02  8.5581E-02  8.8883E-01  7.6066E-02 -4.1609E-03
  1.7800E+00  5.9379E+00  5.0000E+02  8.5648E-02  8.8883E-01  7.6125E-02 -4.0582E-03
  1.7840E+00  5.9512E+00  5.0000E+02  8.5714E-02  8.8883E-01  7.6185E-02 -3.9555E-03
  1.7880E+00  5.9645E+00  5.0000E+02  8.5781E-02  8.8883E-01  7.6244E-02 -3.8531E-03
  1.7920E+00  5.9779E+00  5.0000E+02  8.5847E-02  8.8883E-01  7.6303E-02 -3.7508E-03
  1.7960E+00  5.9912E+00  5.0000E+02  8.5914E-02  8.8883E-01  7.6362E-02 -3.6487E-03
  1.8000E+00  6.0046E+00  5.0000E+02  8.5981E-02  8.8883E-01  7.6422E-02 -3.5467E-03
  1.8040E+00  6.0179E+00  5.0000E+02  8.6047E-02  8.8883E-01  7.6481E-02 -3.4449E-03
  1.8080E+00  6.0313E+00  5.0000E+02  8.6114E-02  8.8883E-01  7.6540E-02 -3.3432E-03
  1.8120E+00  6.0446E+00  5.0000E+02  8.6181E-02  8.8883E-01  7.6600E-02 -3.2417E-03
  1.8160E+00  6.0579E+00  5.0000E+02  8.6248E-02  8.8883E-01  7.6659E-02 -3.1404E-03
  1.8200E+00  6.0713E+00  5.0000E+02  8.6314E-02  8.8883E-01  7.6718E-02 -3.0392E-03
  1.8240E+00  6.0846E+00  5.0000E+02  8.6381E-02  8.8883E-01  7.6778E-02 -2.9382E-03
  1.8280E+00  6.0980E+00  5.0000E+02  8.6448E-02  8.8883E-01  7.6837E-02 -2.8373E-03
  1.8320E+00  6.1113E+00  5.0000E+02  8.6514E-02  8.8883E-01  7.6896E-02 -2.7366E-03
  1.8360E+00  6.1247E+00  5.0000E+02  8.6581E-02  8.8883E-01  7.6955E-02 -2.6360E-03
  1.8400E+00  6.1380E+00  5.0000E+02  8.6648E-02  8.8883E-01  7.7015E-02 -2.5356E-03
  1.8440E+00  6.1513E+00  5.0000E+02  8.6714E-02  8.8883E-01  7.7074E-02 -2.4353E-03
  1.8480E+00  6.1647E+00  5.0000E+02  8.6781E-02  8.8883E-01  7.7133E-02 -2.3352E-03
  1.8520E+00  6.1780E+00  5.0000E+02  8.6848E-02  8.8883E-01  7.7193E-02 -2.2353E-03
