  0.0000E+00  0.0000E+00  1.7703E+00  0.0000E+00  0.0000E+00  2.5000E+14  5.9052E+00 -2.0000E-03   1   5
 -1.9349E-07 -3.9602E-08  6.3860E-05 -3.5801E+04  4.7372E+05 -5.9545E+06  0.0000E+00 -2.0000E-03   1   5
  8.4476E-07  1.0716E-06 -7.6723E-05  6.0574E+05 -4.2007E+05 -3.8064E+05  0.0000E+00 -2.0000E-03   1   5
 -7.7316E-07 -3.3131E-07 -1.3274E-04 -1.5826E+05  7.1426E+05 -4.6864E+06  0.0000E+00 -2.0000E-03   1   5
 -2.5350E-07 -1.1286E-06  8.4309E-05 -3.3006E+05 -3.5472E+05  2.6905E+06  0.0000E+00 -2.0000E-03   1   5
 -1.0876E-06 -3.0824E-06  6.0913E-05 -5.5087E+04 -1.6301E+05  1.7086E+06  0.0000E+00 -2.0000E-03   1   5
  2.9060E-06  2.1372E-10 -1.8173E-04 -2.8916E+05 -1.1667E+05 -1.6533E+06  0.0000E+00 -2.0000E-03   1   5
 -1.3816E-06  2.5430E-06 -5.5319E-05  6.9233E+04 -6.8699E+04  1.7914E+06  0.0000E+00 -2.0000E-03   1   5
 -1.1120E-06  1.9823E-06  5.3334E-05  2.0703E+05 -1.2132E+05 -4.0665E+05  0.0000E+00 -2.0000E-03   1   5
 -2.6331E-06 -3.0787E-06  4.2408E-05  2.9909E+05  8.4759E+04 -5.2190E+06  0.0000E+00 -2.0000E-03   1   5
 -5.2634E-07 -3.0262E-06  7.6535E-05  1.1631E+04 -5.5693E+05 -1.4138E+06  0.0000E+00 -2.0000E-03   1   5
 -9.8234E-07  3.5297E-06  7.9262E-07 -3.4087E+05  3.4790E+05 -1.6277E+06  0.0000E+00 -2.0000E-03   1   5
  2.3426E-06 -7.0449E-07 -6.4879E-06  1.2333E+05  6.9400E+04 -2.9995E+06  0.0000E+00 -2.0000E-03   1   5
  6.3599E-07 -3.1212E-06 -1.8698E-04 -1.7099E+05 -9.9143E+04 -1.8524E+06  0.0000E+00 -2.0000E-03   1   5
 -9.2000E-07 -1.4649E-06  4.5822E-05 -5.3168E+05 -1.0944E+05  2.4060E+06  0.0000E+00 -2.0000E-03   1   5
 -3.9624E-07 -3.6155E-06 -1.9722E-04  6.1464E+03 -3.5736E+05  2.3554E+06  0.0000E+00 -2.0000E-03   1   5
 -1.1097E-06 -4.1042E-07 -2.4306E-05  2.2020E+05  3.4434E+05  1.1955E+07  0.0000E+00 -2.0000E-03   1   5
 -4.5601E-07  1.1630E-06 -7.5075E-05 -2.4922E+05  6.8133E+04  6.0089E+06  0.0000E+00 -2.0000E-03   1   5
  2.7238E-06  2.0693E-06 -1.2926E-04  2.3613E+05 -4.9590E+05  1.0926E+06  0.0000E+00 -2.0000E-03   1   5
 -4.0933E-06  1.3001E-06 -5.7116E-05 -5.6036E+04  1.8621E+05  1.8283E+06  0.0000E+00 -2.0000E-03   1   5
 -3.6849E-06  6.9003E-07  9.6806E-06  1.5153E+04  1.2328E+05 -3.7644E+06  0.0000E+00 -2.0000E-03   1   5
 -1.8674E-07  2.6448E-06  2.6122E-05  1.4930E+05 -2.6890E+05  2.5565E+05  0.0000E+00 -2.0000E-03   1   5
 -4.0519E-06 -4.7032E-07 -6.5224E-05  4.8451E+04 -2.6996E+05 -1.1584E+06  0.0000E+00 -2.0000E-03   1   5
  4.4576E-07  6.6099E-07 -4.3840E-05 -1.8130E+05 -6.3882E+04 -6.7952E+06  0.0000E+00 -2.0000E-03   1   5
 -1.2333E-06 -5.1049E-07  5.5527E-07 -3.5964E+04  2.9580E+05 -4.0247E+05  0.0000E+00 -2.0000E-03   1   5
  2.0311E-06 -1.1570E-06 -1.2007E-04 -2.5761E+05  9.3297E+04  4.5343E+06  0.0000E+00 -2.0000E-03   1   5
 -8.6791E-07  7.3491E-07 -7.5013E-06 -1.3684E+05 -5.1689E+05  3.1836E+06  0.0000E+00 -2.0000E-03   1   5
  1.3508E-06  3.1931E-06  8.2900E-05 -5.9509E+05 -3.5501E+05  3.0177E+06  0.0000E+00 -2.0000E-03   1   5
 -6.9354E-07  2.7459E-06  6.1286E-05  2.4735E+05 -4.8473E+04  1.5872E+05  0.0000E+00 -2.0000E-03   1   5
 -1.0732E-06  1.5190E-06 -6.4785E-05  3.7348E+05 -1.0249E+05  1.5831E+05  0.0000E+00 -2.0000E-03   1   5
 -2.2969E-07  2.8194E-06  9.3963E-05 -4.3660E+03 -7.2472E+05  1.6692E+05  0.0000E+00 -2.0000E-03   1   5
 -2.4304E-06 -9.2237E-09  1.4252E-04  2.4887E+05 -3.2030E+05 -5.2125E+06  0.0000E+00 -2.0000E-03   1   5
 -1.8171E-06 -1.2432E-07  2.0135E-04  6.8288E+04 -4.5173E+05  2.9227E+06  0.0000E+00 -2.0000E-03   1   5
 -2.5006E-06 -2.0499E-06 -1.0059E-04  1.7933E+05  2.2514E+05  2.2008E+06  0.0000E+00 -2.0000E-03   1   5
 -6.2296E-07  1.9025E-06 -3.5776E-05 -1.8751E+05  8.3355E+03 -2.0461E+04  0.0000E+00 -2.0000E-03   1   5
 -1.1189E-07  2.2535E-06  5.1815E-05  2.9085E+05  1.1875E+05 -1.2903E+06  0.0000E+00 -2.0000E-03   1   5
  3.5585E-07  2.9283E-06  5.6874E-05 -1.1460E+05 -1.3277E+05  2.0930E+06  0.0000E+00 -2.0000E-03   1   5
  1.9397E-06 -8.5767E-09  6.0531E-05 -5.0598E+05 -2.3974E+05  3.7733E+06  0.0000E+00 -2.0000E-03   1   5
  5.8712E-07  5.3928E-08 -5.8059E-05  1.4398E+05  1.3200E+05 -1.5106E+06  0.0000E+00 -2.0000E-03   1   5
  3.3070E-06  1.4591E-06  1.8155E-05 -5.6771E+05 -3.5908E+05 -1.4791E+06  0.0000E+00 -2.0000E-03   1   5
 -1.3453E-06  1.9035E-06 -8.0380E-05 -5.2070E+04 -2.0395E+05 -2.7162E+06  0.0000E+00 -2.0000E-03   1   5
  1.7702E-08 -1.1638E-06  6.5909E-05  7.1458E+04  3.4642E+04 -3.9029E+06  0.0000E+00 -2.0000E-03   1   5
 -1.8349E-06 -1.6123E-06 -1.2506E-04  2.6982E+05 -4.8920E+05 -2.5620E+05  0.0000E+00 -2.0000E-03   1   5
 -4.8550E-07 -1.0788E-06 -2.1239E-05 -2.9796E+05 -4.0553E+05 -1.5551E+06  0.0000E+00 -2.0000E-03   1   5
  1.6969E-06 -3.3904E-06  3.2587E-05 -1.3284E+05  4.2640E+05  3.1720E+06  0.0000E+00 -2.0000E-03   1   5
 -8.3313E-07  3.3912E-07 -8.7915E-05  1.6647E+05  1.4561E+05 -5.2765E+06  0.0000E+00 -2.0000E-03   1   5
 -3.9889E-06 -2.6021E-07 -5.1088E-05 -5.7419E+05  4.1027E+04  3.8687E+06  0.0000E+00 -2.0000E-03   1   5
 -1.8666E-06  1.2073E-06  2.0519E-05  4.4114E+05  7.4626E+04  4.6178E+05  0.0000E+00 -2.0000E-03   1   5
  1.7270E-06  7.9455E-07  6.3921E-05  5.6704E+05 -3.9510E+05  3.2790E+06  0.0000E+00 -2.0000E-03   1   5
 -7.9762E-07  8.5520E-07 -2.2915E-06 -5.2906E+04  1.1829E+05  4.4987E+06  0.0000E+00 -2.0000E-03   1   5
  3.7616E-06  2.5593E-06  2.9355E-04  1.1381E+05  5.1589E+05  4.7566E+06  0.0000E+00 -2.0000E-03   1   5
  5.0553E-07 -6.4403E-08 -8.2635E-06 -5.9039E+05  4.9541E+05 -1.3032E+06  0.0000E+00 -2.0000E-03   1   5
  2.4844E-06 -1.3938E-06 -1.1395E-04  2.8979E+05  2.3838E+05 -1.2111E+06  0.0000E+00 -2.0000E-03   1   5
  2.7488E-08 -2.2774E-06 -1.8884E-04 -2.7700E+05  4.4736E+04 -3.6602E+06  0.0000E+00 -2.0000E-03   1   5
  7.4612E-07  2.8906E-06 -8.4166E-05 -8.6389E+04 -6.9258E+04 -5.2483E+06  0.0000E+00 -2.0000E-03   1   5
 -1.5886E-06 -3.1339E-06 -9.8302E-05 -3.7802E+05  1.7900E+05  1.0639E+06  0.0000E+00 -2.0000E-03   1   5
 -6.7612E-07 -4.8389E-07 -6.7607E-05 -3.0785E+05  1.5881E+05 -2.6341E+06  0.0000E+00 -2.0000E-03   1   5
 -4.0792E-07  3.3643E-07  1.1127E-04  1.4327E+05 -9.2539E+04 -2.4396E+05  0.0000E+00 -2.0000E-03   1   5
 -1.0401E-06  1.8170E-07 -6.5950E-07  2.9303E+05  4.3976E+05 -4.9687E+05  0.0000E+00 -2.0000E-03   1   5
 -5.6979E-06 -1.2108E-06 -1.7603E-04 -3.4213E+04 -5.7262E+04 -4.3616E+06  0.0000E+00 -2.0000E-03   1   5
  2.6364E-06  6.7665E-08 -1.0543E-04 -2.2490E+05 -1.9541E+05  3.0871E+06  0.0000E+00 -2.0000E-03   1   5
 -1.6273E-06 -5.9854E-07 -2.5419E-04  2.8119E+05 -4.1503E+05  2.0943E+06  0.0000E+00 -2.0000E-03   1   5
 -3.0480E-06  4.9454E-06 -1.3887E-04  2.0988E+05 -7.3232E+04 -1.7175E+06  0.0000E+00 -2.0000E-03   1   5
 -9.3322E-07  1.2578E-06  2.1196E-05  7.0062E+04 -7.7380E+04 -1.2965E+06  0.0000E+00 -2.0000E-03   1   5
 -5.5158E-07  1.2617E-06  7.7803E-05  1.4200E+05  2.1924E+05 -1.9966E+06  0.0000E+00 -2.0000E-03   1   5
  4.6460E-07 -1.2492E-07 -1.0411E-05 -1.2513E+05  2.8627E+05 -1.3853E+06  0.0000E+00 -2.0000E-03   1   5
  7.3764E-07 -5.3276E-07  6.1321E-06 -2.3433E+05  8.4959E+03 -1.9524E+06  0.0000E+00 -2.0000E-03   1   5
  1.3945E-06 -4.7810E-08  8.9983E-05 -5.1083E+04  3.5986E+05  3.8418E+06  0.0000E+00 -2.0000E-03   1   5
  4.5894E-07  4.3691E-08  5.6841E-05 -6.4565E+04 -1.9382E+05  1.5514E+06  0.0000E+00 -2.0000E-03   1   5
  1.4983E-06 -2.2461E-06  1.4194E-04  3.3385E+05  2.1901E+05 -3.4592E+06  0.0000E+00 -2.0000E-03   1   5
 -4.1735E-07  4.2935E-08  4.1421E-05 -1.5695E+05  1.2875E+03  1.1262E+06  0.0000E+00 -2.0000E-03   1   5
 -4.2037E-06 -1.3407E-06  6.8500E-05 -2.8334E+05  4.3907E+05 -2.4107E+06  0.0000E+00 -2.0000E-03   1   5
  2.8546E-06 -3.3461E-07  8.1198E-05  2.5991E+05 -7.4386E+05 -2.7347E+05  0.0000E+00 -2.0000E-03   1   5
  3.7702E-06 -4.2714E-06  3.2853E-05 -1.1289E+05  1.7110E+05 -6.9213E+06  0.0000E+00 -2.0000E-03   1   5
  1.8146E-06  3.2308E-06  1.0447E-04 -6.5086E+05 -2.6236E+05 -1.1402E+06  0.0000E+00 -2.0000E-03   1   5
  2.1634E-06  1.3723E-06  8.9733E-05  2.7787E+04  3.8674E+04 -4.6088E+06  0.0000E+00 -2.0000E-03   1   5
 -2.0113E-06 -1.2585E-06 -2.4869E-06  1.6786E+05  1.0574E+05  2.3430E+06  0.0000E+00 -2.0000E-03   1   5
 -1.2080E-06 -2.5562E-06  3.7600E-05 -2.9235E+05  7.7105E+04  1.6763E+06  0.0000E+00 -2.0000E-03   1   5
 -1.2910E-06  1.0889E-06  2.4351E-04 -3.2993E+05  4.6679E+05  4.1307E+06  0.0000E+00 -2.0000E-03   1   5
 -1.7121E-06  2.3079E-06  5.1465E-05 -3.4941E+05  4.4891E+05  1.6516E+05  0.0000E+00 -2.0000E-03   1   5
 -2.0089E-06  2.9904E-06  1.0884E-04  1.6279E+05  2.1088E+05  4.7862E+06  0.0000E+00 -2.0000E-03   1   5
  2.0383E-06  4.4355E-08  1.9298E-04 -2.2853E+05  4.3212E+05 -1.6284E+06  0.0000E+00 -2.0000E-03   1   5
  1.1411E-06  1.2495E-06  1.1007E-04  4.3809E+05  1.5020E+04 -3.4055E+06  0.0000E+00 -2.0000E-03   1   5
 -8.0746E-07  5.0974E-07 -1.9088E-04 -1.4923E+05 -1.7330E+05 -2.5385E+06  0.0000E+00 -2.0000E-03   1   5
 -9.1386E-07  1.9730E-06  6.9726E-05 -7.7317E+04  5.2845E+05  3.2778E+06  0.0000E+00 -2.0000E-03   1   5
 -5.1968E-07  3.1832E-06  1.1195E-04 -1.6059E+05  1.7820E+05  7.4545E+06  0.0000E+00 -2.0000E-03   1   5
 -2.7022E-08 -1.2456E-06 -4.2239E-05  5.9919E+04  5.6237E+05 -9.8349E+05  0.0000E+00 -2.0000E-03   1   5
 -3.5761E-07  7.7573E-08 -1.1216E-04  6.4391E+05 -6.9861E+04 -1.0598E+06  0.0000E+00 -2.0000E-03   1   5
  1.8836E-06  1.0123E-06  2.6786E-05  9.6939E+04 -2.7638E+05 -9.4086E+05  0.0000E+00 -2.0000E-03   1   5
  2.8943E-06 -1.1325E-06 -1.8983E-04  1.7400E+05  1.1154E+04  1.1298E+06  0.0000E+00 -2.0000E-03   1   5
 -1.4316E-06  3.2903E-06  1.2758E-05  2.2937E+05  6.8464E+04 -2.8727E+06  0.0000E+00 -2.0000E-03   1   5
 -5.5501E-07 -2.6179E-07 -6.6236E-05  3.4118E+05  3.9648E+05  4.6636E+06  0.0000E+00 -2.0000E-03   1   5
 -8.2760E-07 -1.1223E-06  1.6576E-04 -1.5703E+05 -2.0318E+05 -4.4722E+06  0.0000E+00 -2.0000E-03   1   5
  8.7357E-07  2.2033E-06 -5.4044E-06 -2.8778E+05  3.2886E+05 -1.6782E+06  0.0000E+00 -2.0000E-03   1   5
 -4.4651E-07 -1.1152E-06  1.1449E-04 -2.1015E+05 -1.5886E+05  3.7130E+06  0.0000E+00 -2.0000E-03   1   5
  1.1115E-06  2.9349E-06 -2.9283E-05  3.0155E+05 -1.4409E+05 -1.9803E+06  0.0000E+00 -2.0000E-03   1   5
 -3.1734E-06 -4.9366E-07  1.5419E-04  4.6288E+05  1.4489E+05 -3.2422E+06  0.0000E+00 -2.0000E-03   1   5
 -3.6539E-06 -8.0776E-07  1.0310E-04 -3.3552E+04  2.2458E+05  1.4031E+06  0.0000E+00 -2.0000E-03   1   5
  1.0223E-06  8.0724E-07  1.0284E-05  5.3136E+04  5.1116E+05 -2.8081E+05  0.0000E+00 -2.0000E-03   1   5
  1.1415E-06 -3.3572E-06  7.0333E-05  4.5137E+05  5.3171E+05  1.6187E+06  0.0000E+00 -2.0000E-03   1   5
  5.0220E-07  4.4912E-07  9.2209E-05  8.0841E+04  1.7437E+04  3.5860E+06  0.0000E+00 -2.0000E-03   1   5
  1.0452E-06 -3.0253E-06 -4.7758E-05  1.3358E+05  2.1723E+05 -2.6511E+06  0.0000E+00 -2.0000E-03   1   5
  1.3968E-06 -1.6585E-06  2.0037E-05 -3.1278E+05 -1.5825E+05 -1.7467E+06  0.0000E+00 -2.0000E-03   1   5
  1.7233E-06 -1.1043E-06  9.7917E-05  9.8595E+04 -1.9661E+05 -2.4275E+06  0.0000E+00 -2.0000E-03   1   5
  8.1665E-07  1.8869E-06 -6.1155E-05 -5.7427E+05 -5.8291E+04 -2.0803E+06  0.0000E+00 -2.0000E-03   1   5
  1.6298E-06  2.3774E-07 -7.9133E-05  1.3955E+05 -1.9126E+05  1.7560E+05  0.0000E+00 -2.0000E-03   1   5
 -8.7509E-07  3.3453E-06 -7.2042E-05 -4.8213E+04 -3.0155E+05  1.1596E+06  0.0000E+00 -2.0000E-03   1   5
 -1.5403E-06 -2.1508E-06 -8.6058E-06 -7.2027E+03 -6.0464E+04 -8.3762E+05  0.0000E+00 -2.0000E-03   1   5
  1.3212E-06 -3.2491E-06  1.8478E-04 -1.6874E+05 -3.3440E+05  5.4650E+06  0.0000E+00 -2.0000E-03   1   5
 -1.7142E-06  4.0381E-06 -1.9879E-04  7.8533E+04  3.3321E+05  3.0279E+06  0.0000E+00 -2.0000E-03   1   5
  1.6635E-06 -4.0761E-06  3.5579E-06  1.0966E+05  3.9426E+05  1.4726E+06  0.0000E+00 -2.0000E-03   1   5
 -2.0375E-06 -4.1221E-07  1.8412E-04 -5.6368E+04  1.6118E+05  1.1295E+06  0.0000E+00 -2.0000E-03   1   5
 -4.9090E-07 -4.4593E-06  9.1198E-05 -1.0970E+05  3.3912E+05  3.2685E+06  0.0000E+00 -2.0000E-03   1   5
  1.0112E-06 -7.7487E-07  4.6204E-05  4.0602E+05  7.2049E+05  8.6725E+05  0.0000E+00 -2.0000E-03   1   5
  4.9024E-06 -8.5867E-07  6.0426E-05 -1.8036E+05 -2.2205E+05  7.0347E+06  0.0000E+00 -2.0000E-03   1   5
 -9.4663E-08  6.6250E-06  1.5771E-04  3.6516E+05  6.4774E+05  2.2583E+06  0.0000E+00 -2.0000E-03   1   5
 -3.2784E-06 -2.1794E-06  2.4824E-05  4.6929E+05 -5.1446E+05 -3.3326E+05  0.0000E+00 -2.0000E-03   1   5
 -4.8606E-06 -4.6834E-07  1.5310E-04 -3.1956E+05 -6.0873E+04  1.7276E+06  0.0000E+00 -2.0000E-03   1   5
 -3.4671E-07  2.9669E-06  1.4164E-05  2.3520E+05 -2.4973E+05 -1.7914E+06  0.0000E+00 -2.0000E-03   1   5
  1.1468E-06  1.1554E-06 -4.0613E-05 -1.0217E+05  1.8874E+05 -6.1350E+05  0.0000E+00 -2.0000E-03   1   5
 -3.7603E-06 -1.2710E-06  6.3139E-06 -6.1920E+05  5.5010E+04 -2.8848E+06  0.0000E+00 -2.0000E-03   1   5
 -1.3429E-06 -7.3976E-07 -6.2744E-05 -1.4234E+05 -7.6254E+04  1.5030E+06  0.0000E+00 -2.0000E-03   1   5
 -1.7127E-07  1.0945E-06  1.1408E-04  2.4948E+05 -3.9965E+05  3.1145E+06  0.0000E+00 -2.0000E-03   1   5
 -3.6840E-06 -1.2071E-06  4.8251E-05 -7.4115E+04  2.9675E+05 -2.5249E+06  0.0000E+00 -2.0000E-03   1   5
 -1.9901E-07  6.6533E-07  9.9943E-05 -1.1161E+05  2.9880E+05 -1.7366E+05  0.0000E+00 -2.0000E-03   1   5
  1.5391E-06  1.0307E-06  1.6354E-05 -8.1716E+04 -3.1339E+05 -3.0131E+06  0.0000E+00 -2.0000E-03   1   5
  2.8763E-06 -2.3600E-06  1.9142E-04  2.3246E+05 -3.0391E+05 -4.0342E+06  0.0000E+00 -2.0000E-03   1   5
 -2.3528E-06 -3.1140E-07  2.1153E-04  4.2406E+05  4.5299E+05  1.8179E+06  0.0000E+00 -2.0000E-03   1   5
 -3.1691E-06 -4.4345E-06 -3.5784E-05 -6.8634E+04 -8.3778E+04  4.1407E+06  0.0000E+00 -2.0000E-03   1   5
 -2.0547E-06 -3.9253E-07 -3.5874E-05  2.5026E+05 -3.4038E+05  8.0943E+05  0.0000E+00 -2.0000E-03   1   5
  1.7564E-06 -6.0967E-07 -5.3729E-05  7.1804E+04 -8.6134E+04  8.5086E+05  0.0000E+00 -2.0000E-03   1   5
 -1.4387E-07 -3.5355E-06  1.6338E-06 -4.8964E+05  2.2031E+05 -1.1932E+05  0.0000E+00 -2.0000E-03   1   5
  5.6606E-07  1.0218E-06  1.4073E-04 -5.2193E+05  3.0255E+05  1.6528E+06  0.0000E+00 -2.0000E-03   1   5
  7.1764E-08  1.4434E-06  1.2152E-04 -4.0656E+05  3.9754E+05 -1.7472E+06  0.0000E+00 -2.0000E-03   1   5
 -2.7208E-06  6.4440E-07 -1.4046E-05 -3.1494E+05 -2.5847E+05  1.3991E+06  0.0000E+00 -2.0000E-03   1   5
  1.0694E-06 -3.5391E-06 -1.5997E-04  1.7598E+04 -1.0290E+05  4.2803E+05  0.0000E+00 -2.0000E-03   1   5
 -1.0058E-07 -2.9625E-06  4.2529E-05 -9.7020E+04 -1.8634E+05  3.1925E+06  0.0000E+00 -2.0000E-03   1   5
  1.6269E-06 -3.1050E-07 -7.1252E-05 -2.7440E+05 -2.8215E+05 -7.9399E+05  0.0000E+00 -2.0000E-03   1   5
 -1.6233E-06 -1.1691E-06  3.8923E-05 -1.6383E+04  4.0881E+05  1.2284E+06  0.0000E+00 -2.0000E-03   1   5
  1.2407E-06  1.9019E-06  5.4062E-05  4.4524E+05  2.5905E+05  3.0582E+06  0.0000E+00 -2.0000E-03   1   5
  3.4249E-06 -2.7409E-06 -1.4777E-04 -5.1734E+05  5.6855E+04  7.7212E+04  0.0000E+00 -2.0000E-03   1   5
  6.2905E-08 -1.6314E-06 -6.7236E-05 -6.4056E+05  1.1698E+05 -9.3843E+05  0.0000E+00 -2.0000E-03   1   5
 -7.3713E-07  3.7038E-06 -4.6626E-05 -1.2068E+05  3.9688E+05  4.3636E+05  0.0000E+00 -2.0000E-03   1   5
 -1.7197E-06  1.0102E-07  5.0375E-05  3.2161E+05 -1.2531E+05  5.0974E+06  0.0000E+00 -2.0000E-03   1   5
 -3.6481E-06  3.1200E-06  1.2574E-04  2.7299E+05  2.6380E+05 -6.5692E+05  0.0000E+00 -2.0000E-03   1   5
  2.9689E-06 -1.3352E-06 -1.2702E-04 -1.9270E+05  3.9462E+05 -5.3119E+06  0.0000E+00 -2.0000E-03   1   5
 -9.2617E-07  2.1417E-06  9.0626E-05  3.0813E+05 -6.5215E+05  1.0210E+06  0.0000E+00 -2.0000E-03   1   5
  1.9014E-06 -7.7840E-07 -2.4499E-04 -2.1280E+05  1.4457E+04  4.5011E+06  0.0000E+00 -2.0000E-03   1   5
  3.2138E-06  1.6596E-06 -1.7104E-05 -1.2331E+05 -3.5572E+04  1.4125E+06  0.0000E+00 -2.0000E-03   1   5
  1.2831E-06  1.0120E-06  2.9057E-05  9.8364E+05 -3.1073E+05  2.6552E+06  0.0000E+00 -2.0000E-03   1   5
 -3.1177E-07 -1.3458E-06 -4.2388E-05 -2.6913E+05  2.8793E+05  1.6561E+04  0.0000E+00 -2.0000E-03   1   5
 -9.5032E-07  3.1576E-06 -1.9101E-05  3.6351E+05  8.3635E+04 -5.1824E+06  0.0000E+00 -2.0000E-03   1   5
  1.7575E-06 -5.6703E-08 -2.2738E-05 -3.4299E+05 -2.4032E+04  5.9633E+04  0.0000E+00 -2.0000E-03   1   5
 -4.2752E-06  1.5911E-06  2.5427E-04 -1.6670E+04  4.4484E+05  4.0352E+05  0.0000E+00 -2.0000E-03   1   5
 -1.4548E-06  2.8864E-06  3.9459E-05 -1.7479E+05  3.6187E+05  2.3356E+06  0.0000E+00 -2.0000E-03   1   5
  1.4962E-06  7.8942E-08  1.7223E-04  3.2743E+05  5.3480E+05  1.4446E+06  0.0000E+00 -2.0000E-03   1   5
 -3.0040E-06 -4.2521E-06 -7.4849E-05  3.2310E+05  7.5340E+04 -3.3558E+06  0.0000E+00 -2.0000E-03   1   5
 -2.3076E-06 -1.4989E-06 -1.2449E-04 -6.9856E+05  1.9699E+05 -1.2323E+06  0.0000E+00 -2.0000E-03   1   5
  5.0697E-07  3.7552E-06  2.8772E-05 -4.7961E+05  1.7114E+05  1.8095E+06  0.0000E+00 -2.0000E-03   1   5
  4.5361E-06  9.9973E-07 -6.0323E-05 -1.4315E+05 -1.0927E+05  3.6040E+06  0.0000E+00 -2.0000E-03   1   5
 -4.4329E-06  4.1496E-06  6.8413E-05  1.8298E+04 -2.5892E+05 -8.6071E+05  0.0000E+00 -2.0000E-03   1   5
  2.4946E-07 -3.7901E-07  1.7196E-05  3.8583E+04 -1.2592E+05  3.2419E+06  0.0000E+00 -2.0000E-03   1   5
  2.2662E-06 -3.1257E-06  2.1391E-05  2.2102E+05  5.6466E+05 -1.6413E+05  0.0000E+00 -2.0000E-03   1   5
  3.8128E-06  1.4281E-06 -2.3369E-06  4.1319E+05 -2.4122E+05 -4.8421E+06  0.0000E+00 -2.0000E-03   1   5
  4.7370E-06  1.8018E-08 -2.1392E-05 -2.5299E+05 -3.9954E+05 -3.2567E+05  0.0000E+00 -2.0000E-03   1   5
 -2.3604E-07 -2.1639E-06  1.0519E-05 -2.9154E+05  3.3880E+04 -2.8599E+06  0.0000E+00 -2.0000E-03   1   5
 -2.1141E-06  1.8805E-06 -1.6886E-04 -2.0469E+05 -6.9199E+04 -2.3247E+06  0.0000E+00 -2.0000E-03   1   5
  7.8293E-07  1.3315E-06  5.4717E-06  3.2203E+05  2.6446E+05 -1.0087E+06  0.0000E+00 -2.0000E-03   1   5
 -1.7379E-06  4.3530E-06  9.4120E-05  1.7305E+05 -8.6481E+04  1.0053E+07  0.0000E+00 -2.0000E-03   1   5
  1.0484E-06 -1.3836E-06 -1.9913E-05 -3.5994E+05 -5.6228E+05 -1.2948E+05  0.0000E+00 -2.0000E-03   1   5
 -9.8184E-07 -9.7068E-07  6.3584E-05  3.2587E+05 -4.1179E+04  1.1720E+06  0.0000E+00 -2.0000E-03   1   5
  1.5077E-07 -2.6176E-06  4.3934E-05 -4.1599E+05  2.9078E+05 -2.2948E+06  0.0000E+00 -2.0000E-03   1   5
  7.0568E-07  2.4519E-06 -1.0104E-04 -2.4718E+05 -2.0732E+05 -1.0290E+06  0.0000E+00 -2.0000E-03   1   5
 -1.8273E-06 -1.3814E-06 -1.2083E-04 -5.6341E+05 -2.4599E+05 -7.9382E+05  0.0000E+00 -2.0000E-03   1   5
 -1.5882E-07  1.7420E-07  3.9921E-05 -2.9140E+05 -1.9331E+05 -4.5423E+06  0.0000E+00 -2.0000E-03   1   5
  3.6758E-06 -2.5365E-06  3.2089E-05 -2.5960E+05  4.4525E+05 -4.6680E+06  0.0000E+00 -2.0000E-03   1   5
  2.1271E-07 -7.9732E-07  7.8221E-05  1.4281E+05 -1.5259E+05 -1.9867E+05  0.0000E+00 -2.0000E-03   1   5
  1.0904E-07 -1.1646E-06  1.1603E-04  1.9355E+05  1.8349E+05  5.1307E+06  0.0000E+00 -2.0000E-03   1   5
 -4.5186E-07  3.0469E-06  1.0952E-04 -3.1444E+05  9.7908E+05  3.5204E+06  0.0000E+00 -2.0000E-03   1   5
  1.3510E-06 -5.5862E-07  1.3425E-04  3.0758E+05  8.1356E+04 -2.2748E+06  0.0000E+00 -2.0000E-03   1   5
 -1.3528E-06  2.0324E-06 -1.8930E-04 -1.1793E+05 -8.6276E+04  2.7760E+06  0.0000E+00 -2.0000E-03   1   5
  3.4959E-06 -1.2135E-06  1.3586E-04  4.2501E+05 -8.9645E+04  2.4841E+06  0.0000E+00 -2.0000E-03   1   5
 -2.1540E-06 -3.2757E-06  1.3498E-04 -1.9001E+04 -1.2159E+05  1.4920E+06  0.0000E+00 -2.0000E-03   1   5
 -9.2080E-07 -1.7713E-06 -2.7778E-05  6.7293E+04 -6.7393E+04 -3.1976E+05  0.0000E+00 -2.0000E-03   1   5
  2.7617E-09  3.5933E-08  4.0439E-05  1.1935E+05 -2.5413E+05 -2.4920E+06  0.0000E+00 -2.0000E-03   1   5
 -8.4086E-07  9.4322E-07  6.5782E-05  5.4693E+05 -1.1962E+05 -2.6167E+06  0.0000E+00 -2.0000E-03   1   5
 -1.8014E-06  1.5357E-06 -2.1189E-05  1.0492E+05  9.7727E+04  1.5345E+06  0.0000E+00 -2.0000E-03   1   5
 -2.6403E-06  2.2358E-07  4.8781E-05  6.5809E+04  1.9332E+05  1.9188E+06  0.0000E+00 -2.0000E-03   1   5
 -1.1784E-06  3.4121E-06 -2.7907E-05 -3.7339E+05  1.9339E+05  2.1938E+06  0.0000E+00 -2.0000E-03   1   5
  6.3458E-07  3.3820E-07  1.1279E-04 -1.9948E+05 -7.0841E+04 -2.0819E+06  0.0000E+00 -2.0000E-03   1   5
  2.1652E-06 -3.7761E-07 -1.0930E-04 -5.0415E+05  2.4225E+05  3.6200E+06  0.0000E+00 -2.0000E-03   1   5
 -1.2101E-06 -1.5862E-06  8.5943E-06  2.2832E+05  4.8761E+05 -1.8758E+06  0.0000E+00 -2.0000E-03   1   5
 -1.1987E-06 -7.4420E-07 -1.5763E-04  2.9396E+05  6.1278E+05  7.2132E+05  0.0000E+00 -2.0000E-03   1   5
 -1.3958E-06 -1.3509E-06 -7.3481E-07 -4.5836E+05 -3.2848E+05  2.2054E+06  0.0000E+00 -2.0000E-03   1   5
 -1.1819E-06 -6.7934E-07  2.7345E-04 -4.7328E+04  2.6150E+05  6.6415E+06  0.0000E+00 -2.0000E-03   1   5
  4.4493E-07 -3.2174E-06  7.5340E-05  6.6029E+04  4.8785E+05 -9.1765E+05  0.0000E+00 -2.0000E-03   1   5
 -9.8815E-07  5.9729E-07  4.2336E-05 -5.8339E+04  4.0390E+05 -1.7256E+06  0.0000E+00 -2.0000E-03   1   5
  2.0701E-06 -3.4664E-06  3.2616E-05 -4.3957E+05 -1.3822E+05  5.9729E+06  0.0000E+00 -2.0000E-03   1   5
 -1.0839E-07  4.9106E-08 -2.7042E-04  3.1608E+05  6.7981E+05  1.4193E+05  0.0000E+00 -2.0000E-03   1   5
 -2.0367E-06  1.7613E-07  8.9310E-05  3.7461E+05  6.8316E+04  4.4309E+06  0.0000E+00 -2.0000E-03   1   5
 -9.1464E-07 -8.6961E-07  9.5430E-06  5.3034E+04 -6.9903E+05  3.5771E+06  0.0000E+00 -2.0000E-03   1   5
 -3.2095E-06 -2.1638E-06 -5.4832E-05 -8.3466E+04 -4.0950E+04 -2.5770E+06  0.0000E+00 -2.0000E-03   1   5
  1.3802E-06 -2.4477E-06  6.7866E-05 -2.4558E+05  4.1234E+05  2.0348E+06  0.0000E+00 -2.0000E-03   1   5
  4.4703E-06  6.1627E-08  3.5338E-06  3.5805E+05 -2.5798E+05  1.5976E+06  0.0000E+00 -2.0000E-03   1   5
 -1.2131E-06 -1.2766E-06 -9.0680E-05  6.8813E+04 -1.3586E+05  1.5200E+06  0.0000E+00 -2.0000E-03   1   5
 -4.1794E-06  1.3888E-06 -1.7367E-04  7.7632E+04  2.1029E+05  6.7080E+06  0.0000E+00 -2.0000E-03   1   5
  1.4570E-07 -3.0472E-07  5.8898E-05  3.5510E+05 -8.5601E+04  7.9779E+05  0.0000E+00 -2.0000E-03   1   5
 -3.4579E-06 -5.3397E-07  3.2787E-05  7.4171E+05 -5.1502E+04 -3.8859E+06  0.0000E+00 -2.0000E-03   1   5
 -4.8364E-07  7.7902E-07 -2.0430E-04  4.3226E+05  1.3869E+04 -3.4688E+06  0.0000E+00 -2.0000E-03   1   5
 -1.3133E-06 -1.2087E-06  5.4936E-05 -1.1137E+05  4.1615E+04  5.9369E+05  0.0000E+00 -2.0000E-03   1   5
  1.6227E-06 -1.9329E-06  2.5859E-05 -1.6488E+05  4.9448E+03  1.4674E+06  0.0000E+00 -2.0000E-03   1   5
  3.0207E-06  2.7901E-07 -9.1756E-06 -2.3456E+05  3.5455E+05 -1.0326E+06  0.0000E+00 -2.0000E-03   1   5
 -1.8646E-07  2.0768E-06 -4.3661E-05  2.9633E+05 -3.7802E+05 -3.9588E+06  0.0000E+00 -2.0000E-03   1   5
 -2.5365E-06 -1.7698E-06  4.6094E-05  5.7727E+04  1.4389E+05 -9.6633E+05  0.0000E+00 -2.0000E-03   1   5
 -2.0412E-06 -6.8890E-08  1.9818E-04  3.0049E+05  5.1139E+04 -6.4744E+06  0.0000E+00 -2.0000E-03   1   5
 -1.7840E-06 -6.3379E-07 -6.1042E-05  2.7734E+04 -1.3941E+04 -8.6989E+06  0.0000E+00 -2.0000E-03   1   5
 -1.2290E-06 -2.6107E-06  6.4462E-05  2.1830E+05  5.1007E+05 -6.1383E+05  0.0000E+00 -2.0000E-03   1   5
  5.3648E-09 -1.8529E-06 -8.9657E-05  3.4222E+05 -8.9257E+04  3.8618E+06  0.0000E+00 -2.0000E-03   1   5
  2.1584E-06  4.6909E-07  5.6118E-05 -2.8114E+05  3.8029E+05 -1.8119E+05  0.0000E+00 -2.0000E-03   1   5
 -2.0269E-06 -1.9507E-06  3.8875E-05  5.7236E+05 -3.2760E+05  4.4139E+06  0.0000E+00 -2.0000E-03   1   5
 -9.8638E-07 -1.7603E-06 -5.0860E-05  8.1708E+05 -8.1883E+05 -2.6048E+06  0.0000E+00 -2.0000E-03   1   5
 -7.6166E-08  1.2397E-06 -4.7394E-05 -2.2102E+05  2.9781E+05 -2.5483E+06  0.0000E+00 -2.0000E-03   1   5
  3.9918E-06  3.4821E-06  2.2102E-04  4.8588E+04 -1.4232E+04 -4.0092E+05  0.0000E+00 -2.0000E-03   1   5
  7.3129E-08 -1.9822E-06 -2.6410E-05  2.3065E+05 -2.1613E+05 -6.5075E+05  0.0000E+00 -2.0000E-03   1   5
  1.1081E-06 -1.3661E-06  1.2667E-04 -6.7768E+05 -3.6268E+05 -2.7729E+06  0.0000E+00 -2.0000E-03   1   5
 -4.5482E-07  3.3252E-06 -8.9051E-05 -2.4960E+05  9.8508E+04  2.4031E+06  0.0000E+00 -2.0000E-03   1   5
  3.5893E-07 -1.1312E-06 -3.7059E-05 -1.1122E+05 -4.4217E+05  1.8411E+06  0.0000E+00 -2.0000E-03   1   5
  1.5658E-06  1.7935E-06  3.3096E-05 -4.0869E+05  5.1531E+05  5.1837E+06  0.0000E+00 -2.0000E-03   1   5
  1.0105E-06 -4.1643E-07  3.9324E-06 -4.0672E+05 -1.0952E+05  2.5744E+05  0.0000E+00 -2.0000E-03   1   5
  1.8686E-06  5.7530E-07 -1.0377E-04 -4.6048E+05  5.8621E+04 -3.0485E+06  0.0000E+00 -2.0000E-03   1   5
  1.1558E-06 -1.6316E-06 -3.5735E-05 -4.2097E+05 -2.0964E+05  1.9182E+06  0.0000E+00 -2.0000E-03   1   5
  9.2520E-08 -4.0050E-06 -8.1381E-05 -4.9575E+05 -5.7016E+05 -2.0036E+06  0.0000E+00 -2.0000E-03   1   5
 -2.9133E-09  2.2456E-06  3.0635E-05  2.0363E+05  1.8570E+05 -1.8528E+06  0.0000E+00 -2.0000E-03   1   5
  2.4633E-06 -2.5829E-06 -4.6138E-05 -4.1259E+05 -5.1287E+04  4.4246E+06  0.0000E+00 -2.0000E-03   1   5
  2.4895E-06  8.1334E-07 -1.5729E-04 -1.8562E+04  6.1483E+05  3.1562E+06  0.0000E+00 -2.0000E-03   1   5
 -2.2990E-07  1.4465E-06  4.7935E-05 -2.3362E+05 -5.0600E+05  1.8113E+06  0.0000E+00 -2.0000E-03   1   5
 -4.5580E-06  1.7306E-07  4.2739E-05  6.1448E+04  2.6345E+05 -1.0394E+06  0.0000E+00 -2.0000E-03   1   5
 -1.8348E-06 -3.1327E-06 -7.5097E-05 -4.4775E+05 -2.2695E+04  2.6970E+06  0.0000E+00 -2.0000E-03   1   5
  2.7567E-06  1.6967E-06  1.2341E-05 -8.0581E+04 -6.9121E+04 -1.7470E+06  0.0000E+00 -2.0000E-03   1   5
 -1.5062E-06 -7.4555E-07  1.2307E-04  4.3182E+05 -3.4487E+05 -7.3662E+06  0.0000E+00 -2.0000E-03   1   5
  7.2988E-07  3.2427E-06 -1.0619E-05  2.1435E+05 -3.3065E+05 -3.3710E+06  0.0000E+00 -2.0000E-03   1   5
 -3.4203E-07  2.3871E-06  1.2912E-04  6.9005E+04 -1.4170E+05 -2.6104E+06  0.0000E+00 -2.0000E-03   1   5
 -2.9522E-06  2.7875E-06  1.8054E-05 -4.4224E+05  5.8299E+05 -1.5599E+06  0.0000E+00 -2.0000E-03   1   5
  1.1389E-06 -1.4071E-06 -8.3914E-05  1.0446E+05 -9.2263E+04 -1.7586E+06  0.0000E+00 -2.0000E-03   1   5
  1.8823E-06 -1.0420E-07  3.8651E-05 -3.0639E+05  3.5401E+05  4.5240E+06  0.0000E+00 -2.0000E-03   1   5
  7.8669E-07 -2.2089E-06  2.3470E-05 -1.9153E+05  3.1767E+05  1.6849E+06  0.0000E+00 -2.0000E-03   1   5
 -6.1585E-10 -1.7930E-07 -1.3701E-04  2.2482E+05  9.1443E+04  2.1110E+06  0.0000E+00 -2.0000E-03   1   5
  1.6417E-06 -2.0767E-06 -1.1185E-04 -3.1936E+05  2.8743E+04 -4.4446E+06  0.0000E+00 -2.0000E-03   1   5
 -3.5403E-07  1.7544E-06  1.8540E-05 -6.0843E+05 -6.5995E+05  4.4664E+05  0.0000E+00 -2.0000E-03   1   5
  8.5127E-07  2.3225E-06  6.1593E-05 -3.1885E+05 -3.2129E+05  2.4117E+05  0.0000E+00 -2.0000E-03   1   5
  1.6005E-06  2.0997E-06 -1.4260E-04 -2.2040E+05 -2.1111E+05  4.7274E+06  0.0000E+00 -2.0000E-03   1   5
  3.9874E-07 -6.2746E-07  7.1864E-05 -3.9733E+05 -1.6383E+05 -1.0857E+06  0.0000E+00 -2.0000E-03   1   5
 -8.6545E-07 -5.9422E-07  8.8406E-05 -5.0451E+05 -6.2229E+05 -5.8990E+05  0.0000E+00 -2.0000E-03   1   5
 -2.0014E-06  5.9375E-07 -7.5058E-05 -1.2432E+05  5.6113E+04 -1.7050E+06  0.0000E+00 -2.0000E-03   1   5
 -3.1204E-06 -2.0190E-06 -1.8103E-04  1.3078E+05 -3.5537E+05 -4.1610E+06  0.0000E+00 -2.0000E-03   1   5
  4.0826E-08  5.1374E-06  1.0921E-04  1.4900E+05 -3.6693E+05 -1.6165E+06  0.0000E+00 -2.0000E-03   1   5
  1.4551E-06  3.2962E-06 -1.4078E-05  1.3983E+05 -4.7019E+05 -4.2461E+05  0.0000E+00 -2.0000E-03   1   5
  1.9461E-07  1.8154E-06  2.0438E-05  1.3995E+05  4.1958E+05 -1.9378E+06  0.0000E+00 -2.0000E-03   1   5
 -1.7677E-06  7.9116E-07 -1.8920E-04 -1.1865E+05  2.0546E+05  1.8034E+06  0.0000E+00 -2.0000E-03   1   5
 -1.6386E-06 -4.0412E-07 -1.3648E-04  1.1706E+05 -1.0234E+05  5.2396E+06  0.0000E+00 -2.0000E-03   1   5
 -3.8289E-06  5.4202E-07 -1.6276E-04  1.2924E+04 -2.9251E+05  5.8192E+06  0.0000E+00 -2.0000E-03   1   5
  2.5927E-07 -1.3504E-07 -3.0070E-05 -1.1137E+05 -2.7388E+05 -3.1724E+05  0.0000E+00 -2.0000E-03   1   5
  1.8978E-06 -9.3680E-07  7.8911E-05  1.5823E+05 -1.8637E+05 -6.9536E+05  0.0000E+00 -2.0000E-03   1   5
  3.0035E-07  1.2172E-06 -2.8713E-05  8.0212E+04  1.2997E+05 -7.5990E+06  0.0000E+00 -2.0000E-03   1   5
  3.6323E-07  1.6644E-06  1.0320E-05  5.1814E+05 -3.7323E+05 -2.8767E+06  0.0000E+00 -2.0000E-03   1   5
  4.4186E-06 -2.3582E-06 -6.2351E-05  5.0889E+05 -1.1391E+05  1.2439E+06  0.0000E+00 -2.0000E-03   1   5
 -7.4851E-07 -2.4033E-06 -1.4849E-05  1.4229E+05  2.7321E+05 -6.4953E+05  0.0000E+00 -2.0000E-03   1   5
  1.7777E-06  1.4657E-07 -2.1516E-04 -1.7722E+05 -1.1123E+05  4.1203E+05  0.0000E+00 -2.0000E-03   1   5
  4.1037E-07 -9.4682E-07  1.6532E-05  5.8968E+05 -2.7874E+05  4.1200E+05  0.0000E+00 -2.0000E-03   1   5
  4.1224E-06  1.0608E-06  5.6218E-05 -4.7080E+05 -8.7111E+04 -1.9997E+06  0.0000E+00 -2.0000E-03   1   5
  3.5159E-07  7.2905E-07 -4.8470E-05  3.3636E+05 -4.6540E+05 -3.2239E+06  0.0000E+00 -2.0000E-03   1   5
 -1.3610E-06  1.5004E-06 -1.1527E-04 -9.9407E+04  3.7572E+05  2.2594E+06  0.0000E+00 -2.0000E-03   1   5
 -1.4956E-06 -2.2200E-06  1.8828E-05 -2.5530E+05  2.7793E+05 -2.2023E+06  0.0000E+00 -2.0000E-03   1   5
  1.3040E-06  3.6145E-06  9.0692E-05  7.3837E+04 -3.5311E+04  1.9361E+06  0.0000E+00 -2.0000E-03   1   5
 -2.1436E-06  4.0446E-07 -4.2851E-05 -5.2401E+04 -2.7438E+05  2.6810E+06  0.0000E+00 -2.0000E-03   1   5
  2.0046E-06  3.0506E-06  4.5889E-05  2.6736E+05 -1.3804E+05 -2.2724E+05  0.0000E+00 -2.0000E-03   1   5
 -2.6432E-06 -3.6665E-06 -1.8487E-05 -6.2215E+05  3.3041E+05  1.1057E+06  0.0000E+00 -2.0000E-03   1   5
 -1.7907E-06  1.2471E-06 -1.8105E-05  8.7076E+04 -2.0189E+05  5.4900E+06  0.0000E+00 -2.0000E-03   1   5
  1.5570E-06  1.4653E-06  8.3044E-07 -1.4115E+05  1.2195E+05 -4.2822E+06  0.0000E+00 -2.0000E-03   1   5
  5.6513E-07 -2.0719E-06 -7.4521E-05  2.2662E+05 -4.1217E+05  7.7767E+05  0.0000E+00 -2.0000E-03   1   5
 -3.0775E-06 -4.9964E-07  9.0014E-05  2.2307E+05 -1.8087E+05 -5.6205E+05  0.0000E+00 -2.0000E-03   1   5
  1.1491E-06 -1.2431E-06  1.6193E-04 -2.1087E+05  2.9457E+05 -4.1743E+05  0.0000E+00 -2.0000E-03   1   5
 -2.2130E-06  1.4655E-06 -8.9117E-05  5.9929E+05  5.4954E+04  3.4424E+06  0.0000E+00 -2.0000E-03   1   5
  5.5523E-07 -8.1711E-07 -2.5454E-04  1.9644E+05 -1.6327E+05 -8.0294E+03  0.0000E+00 -2.0000E-03   1   5
  2.1389E-06  3.6315E-06 -2.2304E-05  3.8781E+05  3.0293E+05  7.1620E+06  0.0000E+00 -2.0000E-03   1   5
 -2.1603E-06  4.1943E-07 -1.1811E-04  3.3895E+05 -3.0164E+05 -1.2027E+06  0.0000E+00 -2.0000E-03   1   5
  2.6509E-06  5.5071E-07  7.7335E-05  2.8591E+05 -2.8374E+05 -2.3895E+06  0.0000E+00 -2.0000E-03   1   5
  1.2064E-06 -2.1036E-06 -5.2784E-05  2.0265E+05 -4.0278E+05  4.9998E+06  0.0000E+00 -2.0000E-03   1   5
  3.1705E-07  1.2192E-06 -1.2117E-04 -1.7725E+04  3.1160E+05  4.0378E+06  0.0000E+00 -2.0000E-03   1   5
 -4.2601E-07 -2.4028E-06  4.1512E-05 -3.8641E+05  2.7931E+05  1.1419E+06  0.0000E+00 -2.0000E-03   1   5
  2.4328E-06 -8.5171E-07  3.7014E-05 -2.2588E+05 -9.4576E+04 -1.8706E+06  0.0000E+00 -2.0000E-03   1   5
  3.9842E-07 -6.2342E-07 -5.3113E-05 -3.6174E+05  4.4326E+04 -6.4698E+05  0.0000E+00 -2.0000E-03   1   5
 -9.7413E-07 -2.0569E-06 -5.8016E-06  2.1591E+05 -1.4399E+05  3.4791E+06  0.0000E+00 -2.0000E-03   1   5
 -1.5430E-06  8.7337E-08  8.1332E-05 -2.1429E+05  3.4710E+05  2.3924E+06  0.0000E+00 -2.0000E-03   1   5
  2.0024E-06  1.2182E-06 -4.2028E-05 -6.1462E+04 -1.7591E+04  8.3931E+05  0.0000E+00 -2.0000E-03   1   5
 -1.0721E-06 -7.8597E-07  1.0076E-04  2.4848E+05 -1.3270E+05  1.0982E+06  0.0000E+00 -2.0000E-03   1   5
 -3.8854E-07  6.2965E-06  3.2477E-05  1.8868E+05 -3.8724E+05  4.4095E+06  0.0000E+00 -2.0000E-03   1   5
  3.2683E-08 -6.6341E-07 -2.2566E-05 -3.9928E+05 -2.6320E+05  2.1236E+06  0.0000E+00 -2.0000E-03   1   5
  8.5156E-08 -2.2427E-06  5.4099E-05  5.0402E+04  8.4807E+04 -1.0509E+06  0.0000E+00 -2.0000E-03   1   5
 -1.2428E-06  9.1089E-07  7.9479E-06 -2.1687E+05 -9.5544E+04  3.2705E+06  0.0000E+00 -2.0000E-03   1   5
 -3.3651E-06  3.5999E-07  3.6375E-07  2.8484E+05 -4.4454E+05  3.3924E+06  0.0000E+00 -2.0000E-03   1   5
  8.2375E-07  2.3169E-06  4.2598E-05  2.7472E+05 -2.9561E+05 -1.3998E+06  0.0000E+00 -2.0000E-03   1   5
  3.8079E-06 -8.9587E-07  1.2601E-04 -4.1726E+04 -2.2793E+04  1.2168E+06  0.0000E+00 -2.0000E-03   1   5
  5.3330E-06 -1.8874E-06  4.1145E-06 -3.2876E+05 -2.8497E+05 -2.2538E+06  0.0000E+00 -2.0000E-03   1   5
  4.0708E-07  1.2319E-06  9.9962E-05 -7.9738E+04 -3.8297E+05  1.1325E+06  0.0000E+00 -2.0000E-03   1   5
  8.4947E-07 -1.3320E-07 -7.8187E-05  1.1354E+05  3.6532E+05  1.5433E+06  0.0000E+00 -2.0000E-03   1   5
  3.4371E-07  4.7110E-07 -2.0059E-04  5.5696E+05 -3.8151E+03  1.3947E+06  0.0000E+00 -2.0000E-03   1   5
  5.9740E-07  6.8599E-07  7.0551E-05 -3.3181E+04 -2.9962E+05  1.0640E+06  0.0000E+00 -2.0000E-03   1   5
  6.5760E-07 -2.7060E-07  1.9652E-04  1.3823E+05  3.8589E+05 -1.9866E+05  0.0000E+00 -2.0000E-03   1   5
 -2.9343E-06 -4.3058E-07 -1.1365E-04 -2.6732E+05  6.6748E+04 -3.3445E+06  0.0000E+00 -2.0000E-03   1   5
  3.2790E-07  1.9202E-06 -2.3630E-05  2.0356E+05 -2.8263E+05 -4.1834E+06  0.0000E+00 -2.0000E-03   1   5
 -8.6222E-07 -2.4628E-08  1.1396E-04  1.8798E+05 -2.6121E+05 -2.2023E+06  0.0000E+00 -2.0000E-03   1   5
  2.2574E-06 -8.8047E-07  4.6979E-05 -4.2418E+05 -3.0115E+05 -2.6634E+04  0.0000E+00 -2.0000E-03   1   5
  2.7825E-06 -1.0668E-07  2.0113E-04 -7.6903E+04 -9.8394E+04  3.0542E+06  0.0000E+00 -2.0000E-03   1   5
 -2.7776E-06  7.7435E-07 -4.1526E-05 -1.9541E+05 -1.8231E+05  1.8923E+06  0.0000E+00 -2.0000E-03   1   5
 -1.5018E-06 -1.4681E-06 -1.4444E-06 -5.6133E+04  4.1528E+05 -8.9468E+04  0.0000E+00 -2.0000E-03   1   5
  1.2860E-07 -1.7416E-06 -6.0214E-05  1.8675E+05  3.1696E+05  9.9513E+05  0.0000E+00 -2.0000E-03   1   5
 -2.8199E-06 -2.1138E-06  1.2198E-04 -6.3775E+05 -4.2019E+05  1.5010E+06  0.0000E+00 -2.0000E-03   1   5
  3.9537E-07  1.8274E-06 -1.4865E-05  3.4873E+05  9.2310E+03  6.3490E+05  0.0000E+00 -2.0000E-03   1   5
 -1.3881E-06  1.2947E-06  2.2725E-05 -4.2363E+05  3.4083E+05 -1.9366E+06  0.0000E+00 -2.0000E-03   1   5
 -8.7972E-07  3.0214E-06 -3.7088E-05 -4.5171E+05 -9.6724E+04 -1.7996E+06  0.0000E+00 -2.0000E-03   1   5
 -3.7805E-06 -2.8249E-06  3.8906E-05  5.2019E+05 -2.5470E+05 -2.5966E+06  0.0000E+00 -2.0000E-03   1   5
  2.1652E-06  1.3384E-06  4.5697E-05  1.3487E+05 -4.0632E+05 -2.1286E+06  0.0000E+00 -2.0000E-03   1   5
  1.5614E-06  1.1878E-06 -6.6668E-05  1.1398E+05 -4.3448E+05  1.9930E+06  0.0000E+00 -2.0000E-03   1   5
 -2.2162E-06 -3.1065E-06  8.7879E-05  5.0530E+05 -6.4265E+05  2.0311E+06  0.0000E+00 -2.0000E-03   1   5
  4.5741E-06  1.9142E-06 -9.7822E-06  2.4980E+05 -4.4926E+04  5.1929E+05  0.0000E+00 -2.0000E-03   1   5
  6.6184E-07  7.6364E-07 -9.9410E-05  3.6020E+05 -1.5223E+05 -2.7564E+06  0.0000E+00 -2.0000E-03   1   5
 -5.8401E-07 -1.1632E-07 -8.5371E-05  2.1526E+05  1.6474E+05 -4.4777E+05  0.0000E+00 -2.0000E-03   1   5
  5.4084E-07  2.0089E-07 -1.0024E-04  2.6734E+05 -4.2413E+05  1.9291E+06  0.0000E+00 -2.0000E-03   1   5
  2.6571E-06  1.1784E-06  4.4359E-06 -2.6789E+04  3.4233E+05 -6.2264E+05  0.0000E+00 -2.0000E-03   1   5
 -1.9106E-06 -8.8264E-08 -9.3612E-05  2.5911E+05  2.7537E+05  1.6424E+06  0.0000E+00 -2.0000E-03   1   5
 -1.8070E-06  3.2631E-06  1.4373E-04 -1.5015E+04 -1.1027E+05  3.5142E+06  0.0000E+00 -2.0000E-03   1   5
  3.3513E-07  3.8193E-06 -5.6452E-05  4.0181E+04 -3.2405E+05 -7.8645E+04  0.0000E+00 -2.0000E-03   1   5
 -1.0556E-06  1.4497E-06 -1.3469E-06  2.9506E+05  6.7177E+04  2.1489E+06  0.0000E+00 -2.0000E-03   1   5
  9.9595E-07 -1.3236E-07 -1.1889E-04 -3.3454E+05  6.0238E+05  8.7593E+05  0.0000E+00 -2.0000E-03   1   5
  1.6183E-06  1.5082E-06 -1.2785E-05  3.9928E+05 -1.4433E+05 -1.1676E+06  0.0000E+00 -2.0000E-03   1   5
  5.1058E-07 -7.2192E-08 -8.9373E-05 -3.5951E+05 -1.0818E+05  5.6389E+05  0.0000E+00 -2.0000E-03   1   5
  9.2835E-07 -3.5188E-08  1.5656E-04 -2.0213E+05 -2.1771E+05  1.3429E+06  0.0000E+00 -2.0000E-03   1   5
  1.7021E-06  1.3981E-06 -1.0033E-04  3.2837E+05 -1.4684E+05  1.9588E+06  0.0000E+00 -2.0000E-03   1   5
 -1.9857E-07 -1.6001E-07 -2.0940E-04 -8.4439E+04  7.5441E+04 -4.0883E+06  0.0000E+00 -2.0000E-03   1   5
 -1.2822E-07 -3.8533E-06 -1.2778E-04 -2.3172E+05  4.0421E+05 -8.3827E+05  0.0000E+00 -2.0000E-03   1   5
  1.3888E-06 -7.7713E-07 -6.9042E-05  1.7916E+05 -4.0659E+05  2.6061E+06  0.0000E+00 -2.0000E-03   1   5
 -2.9484E-06  1.0720E-06 -2.1137E-04 -9.6975E+04 -1.3366E+05 -2.7344E+06  0.0000E+00 -2.0000E-03   1   5
  1.0028E-06 -4.5296E-07 -2.5783E-05  2.8229E+05 -9.0866E+04  2.9897E+06  0.0000E+00 -2.0000E-03   1   5
 -2.4232E-06 -2.2826E-07  1.7032E-04  2.6663E+05 -1.9072E+05  3.3520E+06  0.0000E+00 -2.0000E-03   1   5
  8.2133E-07  9.9591E-07 -5.4323E-05 -1.3190E+05  4.2085E+05  1.8180E+05  0.0000E+00 -2.0000E-03   1   5
  1.3929E-06  9.3370E-07  1.6736E-05  5.3793E+04  2.3592E+05  3.4440E+06  0.0000E+00 -2.0000E-03   1   5
 -8.6063E-08 -4.3355E-06 -4.4770E-05  4.2806E+05 -9.1176E+04  1.9580E+06  0.0000E+00 -2.0000E-03   1   5
  1.5993E-06 -4.6429E-07  1.8882E-04  3.8088E+05 -2.0599E+05 -2.3580E+06  0.0000E+00 -2.0000E-03   1   5
 -2.1285E-06 -2.8519E-06  6.6178E-05  2.7000E+05 -3.1530E+05 -3.2379E+06  0.0000E+00 -2.0000E-03   1   5
 -2.0911E-06 -3.9488E-06 -2.5429E-05 -5.2593E+05  3.1590E+05 -6.4079E+05  0.0000E+00 -2.0000E-03   1   5
 -3.3573E-07 -3.7382E-07  1.5552E-04 -2.3612E+04  3.3594E+05 -2.4893E+06  0.0000E+00 -2.0000E-03   1   5
  2.1701E-06  1.0860E-06 -9.7607E-05 -2.5572E+05  3.2918E+05 -1.3263E+06  0.0000E+00 -2.0000E-03   1   5
  7.3962E-07 -3.2720E-06  2.4891E-05  1.1048E+05 -1.2951E+05 -2.0010E+06  0.0000E+00 -2.0000E-03   1   5
 -1.6908E-07 -6.9094E-07 -1.2902E-04 -5.2651E+04 -6.1186E+04  2.0292E+06  0.0000E+00 -2.0000E-03   1   5
 -4.8956E-07 -3.4160E-06 -2.2370E-05  1.7800E+05  2.9877E+05  1.6586E+06  0.0000E+00 -2.0000E-03   1   5
  1.8310E-06 -5.7020E-08  5.2017E-05  3.2373E+05  1.2311E+05 -5.2139E+05  0.0000E+00 -2.0000E-03   1   5
 -1.2317E-07  2.1703E-06 -2.5035E-05 -6.4914E+04  4.9266E+04  7.7766E+05  0.0000E+00 -2.0000E-03   1   5
 -6.5109E-07  1.7199E-06 -1.2433E-04 -1.9383E+05 -8.3834E+04 -1.9234E+05  0.0000E+00 -2.0000E-03   1   5
  3.1017E-06  4.3043E-06  3.4338E-06  3.7954E+05  1.3087E+05  7.3361E+06  0.0000E+00 -2.0000E-03   1   5
  4.3017E-07 -6.4598E-07 -5.7206E-05  4.6380E+05  1.8395E+05 -1.1940E+05  0.0000E+00 -2.0000E-03   1   5
 -1.1420E-06 -1.8366E-07 -5.0208E-05 -1.0939E+05 -2.3241E+04 -2.0356E+06  0.0000E+00 -2.0000E-03   1   5
 -4.0125E-06  6.3631E-08 -1.2020E-04 -3.9946E+05  1.0675E+05 -1.7403E+06  0.0000E+00 -2.0000E-03   1   5
  1.4560E-06 -3.3730E-06 -1.2688E-04 -2.6991E+05 -4.0326E+05  2.2391E+06  0.0000E+00 -2.0000E-03   1   5
 -1.2735E-06 -4.0622E-06  2.1419E-04  1.1449E+03  4.2677E+05 -1.3026E+06  0.0000E+00 -2.0000E-03   1   5
  4.3788E-06 -1.6020E-08  1.4246E-04 -2.4694E+05 -1.7057E+05 -3.0388E+06  0.0000E+00 -2.0000E-03   1   5
  1.9923E-06  2.1028E-06 -4.6198E-05  1.6707E+05 -7.5384E+04  2.7041E+06  0.0000E+00 -2.0000E-03   1   5
 -2.5640E-06  7.8693E-07  2.3208E-04 -6.7382E+04 -3.6517E+05 -3.9507E+06  0.0000E+00 -2.0000E-03   1   5
  2.2948E-06 -2.4097E-06 -7.4783E-05 -4.8125E+05 -1.7687E+05 -1.0664E+06  0.0000E+00 -2.0000E-03   1   5
  2.7329E-06 -2.1532E-06 -1.5730E-04  4.8660E+05  1.8260E+05  6.0007E+05  0.0000E+00 -2.0000E-03   1   5
  2.2445E-06  3.4814E-06 -4.8254E-05  2.7755E+05  3.6007E+05 -4.2274E+06  0.0000E+00 -2.0000E-03   1   5
 -9.8414E-07  3.8747E-07 -8.4631E-05  7.1154E+05  2.5122E+05 -3.8125E+04  0.0000E+00 -2.0000E-03   1   5
 -3.1617E-06 -3.0110E-06 -1.0059E-04 -9.5482E+04 -2.2762E+05 -3.2076E+06  0.0000E+00 -2.0000E-03   1   5
  4.2557E-07 -2.7518E-06 -1.2707E-04  3.7636E+05 -1.5591E+04 -1.1233E+06  0.0000E+00 -2.0000E-03   1   5
  4.7671E-07 -1.8842E-07 -1.7529E-05 -4.1238E+04 -1.8468E+05  2.9230E+06  0.0000E+00 -2.0000E-03   1   5
  2.2429E-06 -1.0904E-06  2.2307E-04 -2.8078E+05  5.5262E+05 -1.3426E+06  0.0000E+00 -2.0000E-03   1   5
  1.2421E-06  7.2710E-08  5.8331E-05  3.7961E+05  3.6087E+05  8.4018E+05  0.0000E+00 -2.0000E-03   1   5
 -6.7542E-07  4.5232E-07  1.2012E-05 -2.6354E+05 -7.3325E+04 -3.2005E+06  0.0000E+00 -2.0000E-03   1   5
  3.9228E-06  1.5754E-06 -8.1195E-05  4.3134E+05  3.6638E+03 -8.8223E+05  0.0000E+00 -2.0000E-03   1   5
 -6.3937E-07 -7.3960E-07 -3.6912E-05  4.4442E+05 -5.4334E+04 -6.5852E+05  0.0000E+00 -2.0000E-03   1   5
  2.4625E-06 -9.3950E-07 -1.3801E-04  3.6618E+05 -3.5724E+05  1.8355E+06  0.0000E+00 -2.0000E-03   1   5
  1.4665E-06 -1.9823E-06  4.8503E-05 -1.9709E+05  2.4130E+05 -2.4171E+06  0.0000E+00 -2.0000E-03   1   5
  2.0738E-06  1.8413E-06  1.1613E-04 -1.7736E+05  4.3051E+05  7.0179E+06  0.0000E+00 -2.0000E-03   1   5
  1.0866E-06  1.5085E-07 -2.0604E-04  6.6522E+05  1.0087E+05 -1.8365E+05  0.0000E+00 -2.0000E-03   1   5
 -3.8362E-08  4.7577E-06  5.6379E-05  4.7104E+05 -1.8956E+05  5.2965E+06  0.0000E+00 -2.0000E-03   1   5
  2.8175E-06 -1.1699E-07 -5.8021E-06  1.0149E+05 -3.9450E+05  3.0098E+06  0.0000E+00 -2.0000E-03   1   5
 -1.2295E-06  1.8291E-07  1.0747E-04  2.6459E+05 -2.4376E+05 -1.4607E+06  0.0000E+00 -2.0000E-03   1   5
 -5.9606E-06 -2.9083E-06  8.6659E-05 -1.9577E+05  6.1938E+05  3.2487E+06  0.0000E+00 -2.0000E-03   1   5
 -4.0324E-07  7.6156E-07  1.4318E-05  9.0733E+04  2.8157E+05  6.6963E+06  0.0000E+00 -2.0000E-03   1   5
  1.9504E-06  6.1910E-07  2.0755E-05  3.4677E+05 -2.7747E+05  1.3348E+06  0.0000E+00 -2.0000E-03   1   5
 -4.2920E-07  1.0134E-06 -1.4550E-05  1.9585E+04 -7.3007E+05 -4.9340E+05  0.0000E+00 -2.0000E-03   1   5
  2.6190E-07 -9.5611E-07  6.0980E-05 -1.3980E+05  8.1821E+04  2.6665E+06  0.0000E+00 -2.0000E-03   1   5
  1.2340E-06 -1.0841E-06 -1.7532E-05 -1.3462E+05 -1.9530E+05  2.6988E+06  0.0000E+00 -2.0000E-03   1   5
  2.7685E-06 -8.9643E-07  6.3860E-05  5.1106E+05 -3.1779E+05  4.1355E+06  0.0000E+00 -2.0000E-03   1   5
  2.5478E-06  2.4934E-06  4.8463E-05  3.0576E+05  1.9523E+05 -3.3574E+06  0.0000E+00 -2.0000E-03   1   5
  5.6358E-07  1.0691E-06  4.6134E-05 -2.2177E+05 -2.1687E+05 -8.7367E+04  0.0000E+00 -2.0000E-03   1   5
  1.7066E-06  3.7997E-06  2.0546E-04  1.1487E+05 -4.3780E+05 -6.2127E+05  0.0000E+00 -2.0000E-03   1   5
  1.4468E-06 -5.6803E-07  5.2145E-05  2.2797E+05 -1.9494E+05  2.2719E+05  0.0000E+00 -2.0000E-03   1   5
  1.0949E-06 -5.4474E-07 -1.8548E-04 -4.5198E+05 -1.6934E+05  3.2697E+05  0.0000E+00 -2.0000E-03   1   5
 -8.4806E-07 -6.1216E-07 -7.2148E-06  7.7800E+04  5.7872E+05  4.2447E+06  0.0000E+00 -2.0000E-03   1   5
 -1.8873E-06 -9.1387E-08  4.1813E-05 -2.1868E+04 -1.7336E+05  1.2841E+06  0.0000E+00 -2.0000E-03   1   5
 -7.5116E-07  2.1979E-06 -9.9563E-05  3.8137E+05  2.1927E+02 -3.3710E+06  0.0000E+00 -2.0000E-03   1   5
  1.4966E-06 -2.9620E-07 -2.4304E-05 -1.5842E+05  3.8240E+05 -2.4576E+06  0.0000E+00 -2.0000E-03   1   5
 -3.1080E-08  9.2498E-07 -8.7058E-05  2.4424E+05  1.9908E+05  6.3958E+06  0.0000E+00 -2.0000E-03   1   5
 -1.7889E-06  3.5697E-07  1.2486E-04 -7.5699E+04 -5.8317E+04 -1.6755E+06  0.0000E+00 -2.0000E-03   1   5
 -1.6478E-06  6.8745E-07  1.5117E-05  1.2475E+05 -5.4048E+05 -1.6390E+06  0.0000E+00 -2.0000E-03   1   5
 -1.4095E-06  3.0617E-06  5.4221E-05  3.9580E+05  2.5132E+05 -2.4198E+06  0.0000E+00 -2.0000E-03   1   5
  6.2080E-07 -2.6595E-06  4.7720E-05  7.6833E+05 -4.0584E+04 -3.7158E+06  0.0000E+00 -2.0000E-03   1   5
  1.6066E-06  4.2965E-06 -1.7594E-05 -9.6398E+04  2.6813E+05 -1.6656E+06  0.0000E+00 -2.0000E-03   1   5
  1.3941E-06  5.4107E-07 -3.8406E-05  1.4505E+04 -2.8330E+05 -6.0468E+06  0.0000E+00 -2.0000E-03   1   5
 -2.1918E-07 -7.8704E-07 -5.2399E-05  7.4188E+04 -5.7584E+05  1.5877E+06  0.0000E+00 -2.0000E-03   1   5
 -1.6727E-06 -2.9762E-07 -1.1210E-04 -1.3804E+05 -5.4118E+04  2.0195E+05  0.0000E+00 -2.0000E-03   1   5
  9.1248E-07  1.5696E-06  2.1112E-04  2.5789E+05  5.4091E+05 -1.9140E+06  0.0000E+00 -2.0000E-03   1   5
  1.1766E-06  3.1040E-06 -7.2992E-05  3.8473E+04 -5.8854E+04  4.2040E+06  0.0000E+00 -2.0000E-03   1   5
 -1.1328E-06 -1.6678E-07 -6.2303E-05  1.7975E+05 -2.3654E+05 -5.4781E+06  0.0000E+00 -2.0000E-03   1   5
  2.3805E-06 -5.3848E-06 -1.1932E-05 -2.0667E+05  2.3164E+05  2.9241E+06  0.0000E+00 -2.0000E-03   1   5
 -9.2629E-07 -2.6701E-06 -6.0588E-05 -2.6714E+05  4.0875E+04  5.2696E+06  0.0000E+00 -2.0000E-03   1   5
 -3.0718E-06 -1.5808E-06 -2.2256E-05  1.8055E+05  2.4949E+05 -5.4574E+06  0.0000E+00 -2.0000E-03   1   5
  4.0102E-06  2.6636E-06 -7.3857E-05 -2.8737E+05  5.1433E+04  3.9255E+05  0.0000E+00 -2.0000E-03   1   5
  3.0605E-07 -1.4362E-06  9.4961E-05  6.6575E+04  1.9042E+05 -5.2970E+06  0.0000E+00 -2.0000E-03   1   5
  2.2819E-06 -3.2004E-06 -1.8192E-04 -1.6304E+05 -6.5655E+04  2.5130E+06  0.0000E+00 -2.0000E-03   1   5
  1.1509E-06  1.6830E-07 -8.5774E-05 -1.3306E+05 -1.6323E+04 -9.2026E+06  0.0000E+00 -2.0000E-03   1   5
  2.9395E-06  1.0711E-06 -1.6725E-04 -2.2325E+05  3.3200E+05  3.5764E+06  0.0000E+00 -2.0000E-03   1   5
 -2.1669E-06  2.2535E-06  1.6500E-04 -2.2993E+05 -7.8161E+04 -8.2268E+06  0.0000E+00 -2.0000E-03   1   5
  8.5646E-07  6.2436E-07  1.7149E-04 -4.8793E+05  8.3686E+04 -1.0374E+06  0.0000E+00 -2.0000E-03   1   5
 -5.0295E-06  1.7657E-06 -3.1283E-05 -3.0294E+05 -9.3374E+04 -1.3892E+06  0.0000E+00 -2.0000E-03   1   5
 -3.3657E-06 -8.7580E-07 -6.0343E-05  9.0801E+04 -6.4183E+04 -9.4483E+05  0.0000E+00 -2.0000E-03   1   5
  2.9538E-06  4.3376E-06 -1.6575E-04  3.0481E+05  4.5546E+05 -4.4463E+05  0.0000E+00 -2.0000E-03   1   5
  2.8332E-06 -8.8558E-07 -9.6559E-05 -2.2293E+05 -5.0724E+04 -4.0767E+06  0.0000E+00 -2.0000E-03   1   5
 -1.9128E-06  9.5473E-07 -8.2062E-05 -3.8990E+05 -6.6021E+04 -2.9844E+06  0.0000E+00 -2.0000E-03   1   5
 -6.8993E-07  7.7904E-08 -6.7283E-05  1.9705E+05  1.0931E+05 -2.8077E+06  0.0000E+00 -2.0000E-03   1   5
 -1.5140E-06  5.3766E-06 -7.7442E-05  2.0111E+05 -9.1491E+04 -2.4476E+06  0.0000E+00 -2.0000E-03   1   5
 -3.0395E-07 -2.4108E-06 -9.8143E-06 -3.0745E+05  1.7818E+05 -2.9788E+06  0.0000E+00 -2.0000E-03   1   5
 -1.1958E-08 -1.5291E-06 -1.7050E-04  1.4449E+05  2.0888E+05  1.1634E+06  0.0000E+00 -2.0000E-03   1   5
 -1.0524E-06 -3.2548E-06  4.8415E-05 -5.6761E+05 -1.5882E+04 -2.9118E+05  0.0000E+00 -2.0000E-03   1   5
  1.5155E-06  3.3518E-07 -1.4289E-04 -1.8288E+05 -1.9848E+05  1.9306E+06  0.0000E+00 -2.0000E-03   1   5
  4.4608E-06 -2.4546E-06  3.0641E-05  6.4739E+05  6.2102E+04  2.3465E+06  0.0000E+00 -2.0000E-03   1   5
 -2.2995E-06  2.0847E-06  7.2500E-05  1.1704E+05 -3.6021E+05  1.9735E+06  0.0000E+00 -2.0000E-03   1   5
  2.9553E-06  4.8566E-07 -3.9534E-05 -4.3457E+04 -4.3728E+05  1.8606E+06  0.0000E+00 -2.0000E-03   1   5
 -1.0164E-06  2.3775E-06  1.9768E-04 -2.9568E+05  3.9312E+05  6.3217E+05  0.0000E+00 -2.0000E-03   1   5
  2.6375E-07 -1.3102E-06  5.7893E-05  2.7233E+05 -4.3362E+05  9.4427E+05  0.0000E+00 -2.0000E-03   1   5
 -1.5726E-06 -2.5445E-06 -1.5405E-04 -2.6864E+05 -3.5243E+05  3.4021E+06  0.0000E+00 -2.0000E-03   1   5
 -2.6499E-06 -3.0256E-06  7.8903E-05  2.6546E+05 -2.3078E+05 -2.2085E+06  0.0000E+00 -2.0000E-03   1   5
 -1.7164E-06  2.6982E-07 -2.1593E-05 -7.2801E+04  2.4889E+04 -2.3024E+05  0.0000E+00 -2.0000E-03   1   5
 -8.7672E-08 -7.1631E-07  1.0459E-04  1.4182E+05 -3.4488E+04 -1.0757E+06  0.0000E+00 -2.0000E-03   1   5
  4.7840E-06  7.3181E-07  2.1684E-05  3.7822E+05 -1.6760E+04 -5.5719E+06  0.0000E+00 -2.0000E-03   1   5
  3.0347E-06  6.9791E-07  4.5322E-06 -2.3679E+05  5.2314E+05 -1.2012E+05  0.0000E+00 -2.0000E-03   1   5
  2.3411E-06  5.4611E-07 -2.5515E-05  1.7109E+05  2.4427E+04 -3.8870E+05  0.0000E+00 -2.0000E-03   1   5
 -1.0466E-06  7.7302E-07 -1.3863E-04 -1.6868E+04  2.2983E+05  3.5469E+06  0.0000E+00 -2.0000E-03   1   5
  3.2508E-06 -7.5582E-07  9.8426E-05 -7.3145E+05 -2.9194E+05  4.2082E+06  0.0000E+00 -2.0000E-03   1   5
 -2.3481E-06  3.4038E-06 -1.2525E-04  1.0006E+05  5.4835E+04 -3.4299E+05  0.0000E+00 -2.0000E-03   1   5
 -1.5388E-06 -2.6905E-06  1.8861E-05 -1.6568E+05  4.7054E+05 -1.6097E+06  0.0000E+00 -2.0000E-03   1   5
  1.8335E-07 -3.4851E-06  3.6097E-05  8.2618E+04 -2.0941E+05 -2.9368E+06  0.0000E+00 -2.0000E-03   1   5
  1.7412E-06  2.6334E-06  6.0422E-05 -2.0762E+05 -2.1557E+05  2.8786E+06  0.0000E+00 -2.0000E-03   1   5
  8.9096E-07  2.4152E-06  2.5002E-04 -2.9110E+05 -2.9595E+05  1.7531E+06  0.0000E+00 -2.0000E-03   1   5
  3.4667E-06  1.1504E-07  8.0555E-05 -7.5645E+04  1.1829E+05  3.4594E+06  0.0000E+00 -2.0000E-03   1   5
 -1.5943E-06 -4.8141E-07 -1.5143E-05 -8.0223E+03  2.3408E+05 -3.5746E+05  0.0000E+00 -2.0000E-03   1   5
 -2.0257E-06 -3.3193E-07 -1.0974E-04 -1.3649E+05  4.9872E+04 -3.1777E+05  0.0000E+00 -2.0000E-03   1   5
  1.7680E-06 -1.3305E-07  1.1992E-04  7.4108E+05 -7.5966E+05  2.8552E+05  0.0000E+00 -2.0000E-03   1   5
 -1.1183E-06  1.1807E-06 -1.1565E-04 -2.3450E+05  5.9553E+05  2.6523E+06  0.0000E+00 -2.0000E-03   1   5
  4.1179E-06 -4.6276E-06  6.5516E-05 -3.8506E+04 -4.4116E+04  4.3373E+06  0.0000E+00 -2.0000E-03   1   5
  1.2644E-06 -1.4198E-06 -2.9285E-05  3.9646E+04 -1.9773E+05  3.8699E+06  0.0000E+00 -2.0000E-03   1   5
  1.7101E-06  1.9409E-06  3.3288E-05 -4.3666E+04  5.5837E+04 -6.7404E+05  0.0000E+00 -2.0000E-03   1   5
  5.1238E-07  3.8828E-06 -1.1060E-04 -6.7542E+04  2.3432E+05 -6.3936E+05  0.0000E+00 -2.0000E-03   1   5
  4.7674E-07  1.6493E-06 -7.5014E-05 -4.1886E+05  1.5548E+05 -3.1557E+06  0.0000E+00 -2.0000E-03   1   5
 -1.3636E-07 -7.5094E-07  2.1435E-04 -2.1386E+05 -4.7649E+05  2.9571E+06  0.0000E+00 -2.0000E-03   1   5
  2.0479E-06  5.9180E-07 -1.8920E-04  5.0278E+05  3.6470E+05  1.0370E+06  0.0000E+00 -2.0000E-03   1   5
  1.1639E-06 -4.5594E-06  4.0540E-06 -9.5918E+03 -2.1640E+05  1.8416E+05  0.0000E+00 -2.0000E-03   1   5
  2.0584E-06 -1.3732E-06 -1.3747E-04  3.3191E+05  1.6119E+05  1.7175E+06  0.0000E+00 -2.0000E-03   1   5
 -2.7428E-06 -9.8642E-07 -1.3594E-04 -4.1149E+05 -2.9377E+05 -4.5497E+05  0.0000E+00 -2.0000E-03   1   5
  4.0909E-06  1.0780E-08 -6.7473E-05 -1.8139E+05 -6.0527E+05 -6.1831E+06  0.0000E+00 -2.0000E-03   1   5
 -2.2250E-06 -9.1851E-07 -3.1741E-05  1.3519E+05 -4.2199E+04  9.8209E+05  0.0000E+00 -2.0000E-03   1   5
  8.2235E-08  2.6028E-08 -8.5564E-05  1.7174E+05  4.5243E+05 -4.8501E+06  0.0000E+00 -2.0000E-03   1   5
 -8.6871E-07 -1.7823E-06  4.0046E-05 -9.5564E+04 -2.2651E+05  1.2573E+06  0.0000E+00 -2.0000E-03   1   5
  2.6490E-06  8.1977E-07 -4.3308E-05 -4.1142E+05  1.7349E+05 -2.4435E+06  0.0000E+00 -2.0000E-03   1   5
  3.9693E-06 -4.2156E-06  1.8702E-05 -6.3858E+03  8.0400E+04 -6.7577E+05  0.0000E+00 -2.0000E-03   1   5
 -6.4041E-07 -2.1530E-07 -6.5051E-05  2.6673E+05  6.8583E+05 -1.4511E+05  0.0000E+00 -2.0000E-03   1   5
 -4.6369E-07 -4.3942E-07 -4.8885E-06  3.0366E+05  5.7833E+04 -6.0678E+06  0.0000E+00 -2.0000E-03   1   5
 -1.1469E-06  2.0200E-06  1.1825E-04 -5.3703E+04 -1.7283E+05 -1.3304E+04  0.0000E+00 -2.0000E-03   1   5
 -5.3321E-07 -2.0020E-06 -2.5561E-05 -5.7852E+05 -3.2963E+05 -3.6507E+06  0.0000E+00 -2.0000E-03   1   5
 -8.5107E-07 -8.3946E-07  6.5882E-05 -3.0109E+04  3.5241E+05  2.6418E+06  0.0000E+00 -2.0000E-03   1   5
  5.4765E-07 -5.0212E-07 -5.8966E-05  6.2513E+03  1.0713E+05 -1.2548E+06  0.0000E+00 -2.0000E-03   1   5
 -4.9910E-06  1.8267E-06  9.5735E-05 -3.1041E+05 -4.7375E+05  1.4001E+06  0.0000E+00 -2.0000E-03   1   5
 -1.9729E-06  1.1399E-07  2.0854E-04  3.0038E+05  4.2413E+05 -6.3820E+05  0.0000E+00 -2.0000E-03   1   5
  3.8056E-07  2.0188E-06 -4.0833E-05  9.6198E+04  2.9139E+05  1.2934E+06  0.0000E+00 -2.0000E-03   1   5
  3.9972E-07  6.0803E-07 -7.5814E-05 -7.1340E+05  1.2613E+05 -2.6941E+06  0.0000E+00 -2.0000E-03   1   5
 -3.1457E-06 -7.8244E-10  1.9859E-04 -1.1195E+05  9.6360E+04 -1.8627E+06  0.0000E+00 -2.0000E-03   1   5
  1.9070E-07  3.1048E-06  1.3540E-04  2.3615E+05 -1.7750E+05  3.3841E+06  0.0000E+00 -2.0000E-03   1   5
 -3.4767E-06  6.9160E-07 -1.4475E-04 -3.3001E+05  1.1424E+05  2.7954E+06  0.0000E+00 -2.0000E-03   1   5
 -7.1340E-07  3.0489E-07  3.8251E-05 -2.0173E+04  6.3341E+04 -1.4589E+06  0.0000E+00 -2.0000E-03   1   5
 -2.5875E-06  3.0797E-07  2.9376E-05 -1.2809E+05  2.5369E+05  2.3705E+05  0.0000E+00 -2.0000E-03   1   5
 -1.1626E-08 -6.9002E-07 -1.2925E-06  1.4678E+05 -1.5184E+05  3.0181E+06  0.0000E+00 -2.0000E-03   1   5
 -9.8834E-07 -3.8566E-06 -3.7823E-05  2.7749E+05 -2.6038E+05 -2.3398E+06  0.0000E+00 -2.0000E-03   1   5
  1.2998E-06 -1.2670E-06  4.0623E-05  8.8479E+04 -1.6583E+05  3.2618E+06  0.0000E+00 -2.0000E-03   1   5
  8.8579E-07 -1.4455E-06  4.7640E-05  3.7195E+05  5.9979E+04 -7.4992E+05  0.0000E+00 -2.0000E-03   1   5
 -2.3154E-06 -2.2563E-06 -2.9630E-05 -6.7509E+04  5.8505E+04  2.3888E+06  0.0000E+00 -2.0000E-03   1   5
  2.0996E-06 -5.8594E-07  6.3935E-05 -5.0830E+05  1.4959E+05  3.6358E+06  0.0000E+00 -2.0000E-03   1   5
  3.5942E-07 -2.1964E-06 -2.1419E-05 -4.8504E+04 -3.5522E+05 -1.2673E+06  0.0000E+00 -2.0000E-03   1   5
 -3.1491E-06  4.5779E-07  1.8112E-04 -3.3216E+05  3.9747E+05 -4.3376E+06  0.0000E+00 -2.0000E-03   1   5
 -3.7302E-06  9.8060E-07 -8.6301E-05  3.1028E+05 -9.2207E+04  1.1363E+06  0.0000E+00 -2.0000E-03   1   5
