  1.5245E-08  0.0000E+00  8.3773E-08  2.0000E-03  1.2000E-06  1.1742E+00  1.2201E-12
  5.2000E-03  1.7345E-02  8.3781E-08  2.0000E-03  1.2000E-06  1.1742E+00  4.9641E-12
  1.0400E-02  3.4691E-02  8.3789E-08  2.0000E-03  1.2000E-06  1.1742E+00  8.7081E-12
  1.5600E-02  5.2036E-02  8.3796E-08  2.0000E-03  1.2000E-06  1.1742E+00  1.2452E-11
  2.0800E-02  6.9381E-02  8.3804E-08  2.0000E-03  1.2000E-06  1.1742E+00  1.6196E-11
  2.6000E-02  8.6727E-02  8.3811E-08  2.0000E-03  1.2000E-06  1.1742E+00  1.9940E-11
  3.1200E-02  1.0407E-01  8.3819E-08  2.0000E-03  1.2000E-06  1.1742E+00  2.3684E-11
  3.6400E-02  1.2142E-01  8.3826E-08  2.0000E-03  1.2000E-06  1.1742E+00  2.7428E-11
  4.1600E-02  1.3876E-01  8.3834E-08  2.0000E-03  1.2000E-06  1.1742E+00  3.1172E-11
  4.6800E-02  1.5611E-01  8.3841E-08  2.0000E-03  1.2000E-06  1.1742E+00  3.4916E-11
  5.2000E-02  1.7345E-01  8.3849E-08  2.0000E-03  1.2000E-06  1.1742E+00  3.8660E-11
  5.7200E-02  1.9080E-01  8.3857E-08  2.0000E-03  1.2000E-06  1.1742E+00  4.2404E-11
  6.2400E-02  2.0814E-01  8.3864E-08  2.0000E-03  1.2000E-06  1.1742E+00  4.6148E-11
  6.7600E-02  2.2549E-01  8.3872E-08  2.0000E-03  1.2000E-06  1.1742E+00  4.9892E-11
  7.2800E-02  2.4283E-01  8.3879E-08  2.0000E-03  1.2000E-06  1.1742E+00  5.3636E-11
  7.8000E-02  2.6018E-01  8.3887E-08  2.0000E-03  1.2000E-06  1.1742E+00  5.7380E-11
  8.3200E-02  2.7753E-01  8.3894E-08  2.0000E-03  1.2000E-06  1.1742E+00  6.1124E-11
  8.8400E-02  2.9487E-01  8.3902E-08  2.0000E-03  1.2000E-06  1.1742E+00  6.4868E-11
  9.3600E-02  3.1222E-01  8.3910E-08  2.0000E-03  1.2000E-06  1.1742E+00  6.8612E-11
  9.8800E-02  3.2956E-01  8.3917E-08  2.0000E-03  1.2000E-06  1.1742E+00  7.2356E-11
  1.0400E-01  3.4691E-01  8.3925E-08  2.0000E-03  1.2000E-06  1.1742E+00 -2.0565E-09
  1.0920E-01  3.6425E-01  8.3932E-08  2.0000E-03  1.2000E-06  1.1742E+00 -4.8214E-09
  1.1440E-01  3.8160E-01  8.3940E-08  2.0000E-03  1.2000E-06  1.1742E+00 -7.5863E-09
  1.1960E-01  3.9894E-01  8.3947E-08  2.0000E-03  1.2000E-06  1.1742E+00 -1.0351E-08
  1.2480E-01  4.1629E-01  8.3955E-08  2.0000E-03  1.2001E-06  1.1742E+00 -1.3116E-08
  1.3000E-01  4.3363E-01  8.3963E-08  2.0000E-03  1.2001E-06  1.1742E+00 -1.5881E-08
  1.3520E-01  4.5098E-01  8.3970E-08  2.0000E-03  1.2001E-06  1.1742E+00 -1.8646E-08
  1.4040E-01  4.6832E-01  8.3978E-08  2.0000E-03  1.2002E-06  1.1742E+00 -1.9167E-08
  1.4560E-01  4.8567E-01  8.3985E-08  2.0000E-03  1.2002E-06  1.1742E+00 -1.9163E-08
  1.5080E-01  5.0301E-01  8.3993E-08  2.0000E-03  1.2002E-06  1.1742E+00 -1.9160E-08
  1.5600E-01  5.2036E-01  8.4000E-08  2.0000E-03  1.2002E-06  1.1742E+00 -1.9156E-08
  1.6120E-01  5.3771E-01  8.4008E-08  2.0000E-03  1.2002E-06  1.1742E+00 -1.9152E-08
  1.6640E-01  5.5505E-01  8.4015E-08  2.0000E-03  1.2002E-06  1.1742E+00 -1.9148E-08
  1.7160E-01  5.7240E-01  8.4023E-08  2.0000E-03  1.2002E-06  1.1742E+00 -1.9145E-08
  1.7680E-01  5.8974E-01  8.4031E-08  2.0000E-03  1.2002E-06  1.1742E+00 -1.9141E-08
  1.8200E-01  6.0709E-01  8.4038E-08  2.0000E-03  1.2002E-06  1.1742E+00 -1.9137E-08
  1.8720E-01  6.2443E-01  8.4046E-08  2.0000E-03  1.2002E-06  1.1742E+00 -1.9133E-08
  1.9240E-01  6.4178E-01  8.4053E-08  2.0000E-03  1.2002E-06  1.1742E+00 -1.9130E-08
  1.9760E-01  6.5912E-01  8.4061E-08  2.0000E-03  1.2002E-06  1.1742E+00 -1.9126E-08
  2.0280E-01  6.7647E-01  8.4068E-08  2.0000E-03  1.2002E-06  1.1742E+00 -1.9122E-08
  2.0800E-01  6.9381E-01  8.4076E-08  2.0000E-03  1.2002E-06  1.1742E+00 -1.9118E-08
  2.1320E-01  7.1116E-01  8.4083E-08  2.0000E-03  1.2002E-06  1.1742E+00 -1.9115E-08
  2.1840E-01  7.2850E-01  8.4091E-08  2.0000E-03  1.2002E-06  1.1742E+00 -1.9111E-08
  2.2360E-01  7.4585E-01  8.4099E-08  2.0000E-03  1.2002E-06  1.1742E+00 -1.9107E-08
  2.2880E-01  7.6319E-01  8.4106E-08  2.0000E-03  1.2002E-06  1.1742E+00 -1.9103E-08
  2.3400E-01  7.8054E-01  8.4114E-08  2.0000E-03  1.2002E-06  1.1742E+00 -1.9100E-08
  2.3920E-01  7.9789E-01  8.4121E-08  2.0000E-03  1.2002E-06  1.1742E+00 -1.9096E-08
  2.4440E-01  8.1523E-01  8.4129E-08  2.0000E-03  1.2002E-06  1.1742E+00 -1.9092E-08
  2.4960E-01  8.3258E-01  8.4136E-08  2.0000E-03  1.2001E-06  1.1742E+00 -1.8360E-08
  2.5480E-01  8.4992E-01  8.4144E-08  2.0000E-03  1.2001E-06  1.1742E+00 -1.7184E-08
  2.6000E-01  8.6727E-01  8.4152E-08  2.0000E-03  1.2001E-06  1.1742E+00 -1.6008E-08
  2.6520E-01  8.8461E-01  8.4159E-08  2.0000E-03  1.2001E-06  1.1742E+00 -1.4832E-08
  2.7040E-01  9.0196E-01  8.4167E-08  2.0000E-03  1.2001E-06  1.1742E+00 -1.3656E-08
  2.7560E-01  9.1930E-01  8.4174E-08  2.0000E-03  1.2001E-06  1.1742E+00 -1.2480E-08
  2.8080E-01  9.3665E-01  8.4182E-08  2.0000E-03  1.2001E-06  1.1742E+00 -1.1304E-08
  2.8600E-01  9.5399E-01  8.4189E-08  2.0000E-03  1.2000E-06  1.1742E+00 -1.0128E-08
  2.9120E-01  9.7134E-01  8.4197E-08  2.0000E-03  1.2000E-06  1.1742E+00 -8.9518E-09
  2.9640E-01  9.8868E-01  8.4204E-08  2.0000E-03  1.2000E-06  1.1742E+00 -7.7757E-09
  3.0160E-01  1.0060E+00  8.4212E-08  2.0000E-03  1.2000E-06  1.1742E+00 -6.5997E-09
  3.0680E-01  1.0234E+00  8.4220E-08  2.0000E-03  1.2000E-06  1.1742E+00 -5.4236E-09
  3.1200E-01  1.0407E+00  8.4227E-08  2.0000E-03  1.2000E-06  1.1742E+00 -4.2476E-09
  3.1720E-01  1.0581E+00  8.4235E-08  2.0000E-03  1.2000E-06  1.1742E+00 -3.0715E-09
  3.2240E-01  1.0754E+00  8.4242E-08  2.0000E-03  1.2000E-06  1.1742E+00 -1.8955E-09
  3.2760E-01  1.0928E+00  8.4250E-08  2.0000E-03  1.2000E-06  1.1742E+00 -7.1943E-10
  3.3280E-01  1.1101E+00  8.4257E-08  2.0000E-03  1.2000E-06  1.1742E+00  4.5662E-10
  3.3800E-01  1.1274E+00  8.4265E-08  2.0000E-03  1.2000E-06  1.1742E+00  1.6327E-09
  3.4320E-01  1.1448E+00  8.4272E-08  2.0000E-03  1.2000E-06  1.1742E+00  2.8087E-09
  3.4840E-01  1.1621E+00  8.4280E-08  2.0000E-03  1.2000E-06  1.1742E+00  3.9848E-09
  3.5360E-01  1.1795E+00  8.4288E-08  2.0000E-03  1.2000E-06  1.1742E+00  5.1608E-09
  3.5880E-01  1.1968E+00  8.4295E-08  2.0000E-03  1.2000E-06  1.1742E+00  6.3369E-09
  3.6400E-01  1.2142E+00  8.4303E-08  2.0000E-03  1.2000E-06  1.1742E+00  7.5129E-09
  3.6920E-01  1.2315E+00  8.4310E-08  2.0000E-03  1.2000E-06  1.1742E+00  8.6890E-09
  3.7440E-01  1.2489E+00  8.4318E-08  2.0000E-03  1.2000E-06  1.1742E+00  9.0215E-09
  3.7960E-01  1.2662E+00  8.4325E-08  2.0000E-03  1.2000E-06  1.1742E+00  9.0253E-09
  3.8480E-01  1.2836E+00  8.4333E-08  2.0000E-03  1.2000E-06  1.1742E+00  9.0290E-09
  3.9000E-01  1.3009E+00  8.4341E-08  2.0000E-03  1.2000E-06  1.1742E+00  9.0328E-09
  3.9520E-01  1.3182E+00  8.4348E-08  2.0000E-03  1.2000E-06  1.1742E+00  9.0365E-09
  4.0040E-01  1.3356E+00  8.4356E-08  2.0000E-03  1.2000E-06  1.1742E+00  9.0403E-09
  4.0560E-01  1.3529E+00  8.4363E-08  2.0000E-03  1.2000E-06  1.1742E+00  9.0440E-09
  4.1080E-01  1.3703E+00  8.4371E-08  2.0000E-03  1.2000E-06  1.1742E+00  9.0477E-09
  4.1600E-01  1.3876E+00  8.4378E-08  2.0000E-03  1.2000E-06  1.1742E+00  9.0515E-09
  4.2120E-01  1.4050E+00  8.4386E-08  2.0000E-03  1.2000E-06  1.1742E+00  9.0552E-09
  4.2640E-01  1.4223E+00  8.4394E-08  2.0000E-03  1.2000E-06  1.1742E+00  9.0590E-09
  4.3160E-01  1.4397E+00  8.4401E-08  2.0000E-03  1.2000E-06  1.1742E+00  9.0627E-09
  4.3680E-01  1.4570E+00  8.4409E-08  2.0000E-03  1.2000E-06  1.1742E+00  9.0665E-09
  4.4200E-01  1.4744E+00  8.4416E-08  2.0000E-03  1.2000E-06  1.1742E+00  9.0702E-09
  4.4720E-01  1.4917E+00  8.4424E-08  2.0000E-03  1.2000E-06  1.1742E+00  9.0740E-09
  4.5240E-01  1.5090E+00  8.4431E-08  2.0000E-03  1.2000E-06  1.1742E+00  9.0777E-09
  4.5760E-01  1.5264E+00  8.4439E-08  2.0000E-03  1.2000E-06  1.1742E+00  9.0814E-09
  4.6280E-01  1.5437E+00  8.4446E-08  2.0000E-03  1.2000E-06  1.1742E+00  9.0852E-09
  4.6800E-01  1.5611E+00  8.4454E-08  2.0000E-03  1.2000E-06  1.1742E+00  9.0889E-09
  4.7320E-01  1.5784E+00  8.4462E-08  2.0000E-03  1.2000E-06  1.1742E+00  9.0927E-09
  4.7840E-01  1.5958E+00  8.4469E-08  2.0000E-03  1.2000E-06  1.1742E+00  9.0964E-09
  4.8360E-01  1.6131E+00  8.4477E-08  2.0000E-03  1.2000E-06  1.1742E+00  9.1002E-09
  4.8880E-01  1.6305E+00  8.4484E-08  2.0000E-03  1.2000E-06  1.1742E+00  9.1039E-09
  4.9400E-01  1.6478E+00  8.4492E-08  2.0000E-03  1.2000E-06  1.1742E+00  9.1076E-09
  4.9920E-01  1.6652E+00  8.4499E-08  2.0000E-03  1.2000E-06  1.1742E+00  9.1114E-09
  5.0440E-01  1.6825E+00  8.4507E-08  2.0000E-03  1.2000E-06  1.1742E+00  9.1151E-09
  5.0960E-01  1.6998E+00  8.4515E-08  2.0000E-03  1.2000E-06  1.1742E+00  9.1189E-09
  5.1480E-01  1.7172E+00  8.4522E-08  2.0000E-03  1.2000E-06  1.1742E+00  9.1226E-09
  5.2000E-01  1.7345E+00  8.4530E-08  2.0000E-03  1.2000E-06  1.1742E+00  9.1264E-09
  5.2520E-01  1.7519E+00  8.4537E-08  2.0000E-03  1.2000E-06  1.1742E+00  9.1301E-09
  5.3040E-01  1.7692E+00  8.4545E-08  2.0000E-03  1.2000E-06  1.1742E+00  9.1339E-09
  5.3560E-01  1.7866E+00  8.4552E-08  2.0000E-03  1.2000E-06  1.1742E+00  9.1376E-09
  5.4080E-01  1.8039E+00  8.4560E-08  2.0000E-03  1.2000E-06  1.1742E+00  9.1413E-09
  5.4600E-01  1.8213E+00  8.4567E-08  2.0000E-03  1.2000E-06  1.1742E+00  9.1451E-09
  5.5120E-01  1.8386E+00  8.4575E-08  2.0000E-03  1.2000E-06  1.1742E+00  9.1488E-09
  5.5640E-01  1.8560E+00  8.4583E-08  2.0000E-03  1.2000E-06  1.1742E+00  9.1526E-09
  5.6160E-01  1.8733E+00  8.4590E-08  2.0000E-03  1.2000E-06  1.1742E+00  9.1563E-09
  5.6680E-01  1.8906E+00  8.4598E-08  2.0000E-03  1.2000E-06  1.1742E+00  9.1601E-09
  5.7200E-01  1.9080E+00  8.4605E-08  2.0000E-03  1.2000E-06  1.1742E+00  9.1638E-09
  5.7720E-01  1.9253E+00  8.4613E-08  2.0000E-03  1.2000E-06  1.1742E+00  9.1676E-09
  5.8240E-01  1.9427E+00  8.4620E-08  2.0000E-03  1.2000E-06  1.1742E+00  9.1713E-09
  5.8760E-01  1.9600E+00  8.4628E-08  2.0000E-03  1.2000E-06  1.1742E+00  9.1750E-09
  5.9280E-01  1.9774E+00  8.4636E-08  2.0000E-03  1.2000E-06  1.1742E+00  9.1788E-09
  5.9800E-01  1.9947E+00  8.4643E-08  2.0000E-03  1.2000E-06  1.1742E+00  9.1825E-09
  6.0320E-01  2.0121E+00  8.4651E-08  2.0000E-03  1.2000E-06  1.1742E+00  9.1863E-09
  6.0840E-01  2.0294E+00  8.4658E-08  2.0000E-03  1.2000E-06  1.1742E+00  9.1900E-09
  6.1360E-01  2.0467E+00  8.4666E-08  2.0000E-03  1.2000E-06  1.1742E+00  9.1938E-09
  6.1880E-01  2.0641E+00  8.4673E-08  2.0000E-03  1.2000E-06  1.1742E+00  9.1975E-09
  6.2400E-01  2.0814E+00  8.4681E-08  2.0000E-03  1.2000E-06  1.1742E+00  9.2012E-09
  6.2920E-01  2.0988E+00  8.4689E-08  2.0000E-03  1.2000E-06  1.1742E+00  9.1620E-09
  6.3440E-01  2.1161E+00  8.4696E-08  2.0000E-03  1.2000E-06  1.1742E+00  8.4549E-09
  6.3960E-01  2.1335E+00  8.4704E-08  2.0000E-03  1.2000E-06  1.1742E+00  7.7477E-09
  6.4480E-01  2.1508E+00  8.4711E-08  2.0000E-03  1.2000E-06  1.1742E+00  7.0406E-09
  6.5000E-01  2.1682E+00  8.4719E-08  2.0000E-03  1.2000E-06  1.1742E+00  6.3335E-09
  6.5520E-01  2.1855E+00  8.4726E-08  2.0000E-03  1.2000E-06  1.1742E+00  5.6264E-09
  6.6040E-01  2.2029E+00  8.4734E-08  2.0000E-03  1.2000E-06  1.1742E+00  4.9193E-09
  6.6560E-01  2.2202E+00  8.4741E-08  2.0000E-03  1.2000E-06  1.1742E+00  4.2121E-09
  6.7080E-01  2.2375E+00  8.4749E-08  2.0000E-03  1.2000E-06  1.1742E+00  3.5050E-09
  6.7600E-01  2.2549E+00  8.4757E-08  2.0000E-03  1.2000E-06  1.1742E+00  2.7979E-09
  6.8120E-01  2.2722E+00  8.4764E-08  2.0000E-03  1.2000E-06  1.1742E+00  2.0908E-09
  6.8640E-01  2.2896E+00  8.4772E-08  2.0000E-03  1.2000E-06  1.1742E+00  1.3836E-09
  6.9160E-01  2.3069E+00  8.4779E-08  2.0000E-03  1.2000E-06  1.1742E+00  6.7651E-10
  6.9680E-01  2.3243E+00  8.4787E-08  2.0000E-03  1.2000E-06  1.1742E+00 -3.0615E-11
  7.0200E-01  2.3416E+00  8.4794E-08  2.0000E-03  1.2000E-06  1.1742E+00 -7.3774E-10
  7.0720E-01  2.3590E+00  8.4802E-08  2.0000E-03  1.2000E-06  1.1742E+00 -1.4449E-09
  7.1240E-01  2.3763E+00  8.4810E-08  2.0000E-03  1.2000E-06  1.1742E+00 -2.1520E-09
  7.1760E-01  2.3937E+00  8.4817E-08  2.0000E-03  1.2000E-06  1.1742E+00 -2.8591E-09
  7.2280E-01  2.4110E+00  8.4825E-08  2.0000E-03  1.2000E-06  1.1742E+00 -3.5662E-09
  7.2800E-01  2.4283E+00  8.4832E-08  2.0000E-03  1.2000E-06  1.1742E+00 -3.8427E-09
  7.3320E-01  2.4457E+00  8.4840E-08  2.0000E-03  1.2000E-06  1.1742E+00 -3.8389E-09
  7.3840E-01  2.4630E+00  8.4847E-08  2.0000E-03  1.2000E-06  1.1742E+00 -3.8352E-09
  7.4360E-01  2.4804E+00  8.4855E-08  2.0000E-03  1.2000E-06  1.1742E+00 -3.8314E-09
  7.4880E-01  2.4977E+00  8.4862E-08  2.0000E-03  1.2000E-06  1.1742E+00 -3.8277E-09
  7.5400E-01  2.5151E+00  8.4870E-08  2.0000E-03  1.2000E-06  1.1742E+00 -3.8240E-09
  7.5920E-01  2.5324E+00  8.4878E-08  2.0000E-03  1.2000E-06  1.1742E+00 -3.8202E-09
  7.6440E-01  2.5498E+00  8.4885E-08  2.0000E-03  1.2000E-06  1.1742E+00 -3.8165E-09
  7.6960E-01  2.5671E+00  8.4893E-08  2.0000E-03  1.2000E-06  1.1742E+00 -3.8127E-09
  7.7480E-01  2.5845E+00  8.4900E-08  2.0000E-03  1.2000E-06  1.1742E+00 -3.8090E-09
  7.8000E-01  2.6018E+00  8.4908E-08  2.0000E-03  1.2000E-06  1.1742E+00 -3.8052E-09
  7.8520E-01  2.6191E+00  8.4915E-08  2.0000E-03  1.2000E-06  1.1742E+00 -3.8015E-09
  7.9040E-01  2.6365E+00  8.4923E-08  2.0000E-03  1.2000E-06  1.1742E+00 -3.7978E-09
  7.9560E-01  2.6538E+00  8.4930E-08  2.0000E-03  1.2000E-06  1.1742E+00 -3.7940E-09
  8.0080E-01  2.6712E+00  8.4938E-08  2.0000E-03  1.2000E-06  1.1742E+00 -3.7903E-09
  8.0600E-01  2.6885E+00  8.4946E-08  2.0000E-03  1.2000E-06  1.1742E+00 -3.7865E-09
  8.1120E-01  2.7059E+00  8.4953E-08  2.0000E-03  1.2000E-06  1.1742E+00 -3.7828E-09
  8.1640E-01  2.7232E+00  8.4961E-08  2.0000E-03  1.2000E-06  1.1742E+00 -3.7790E-09
  8.2160E-01  2.7406E+00  8.4968E-08  2.0000E-03  1.2000E-06  1.1742E+00 -3.7753E-09
  8.2680E-01  2.7579E+00  8.4976E-08  2.0000E-03  1.2000E-06  1.1742E+00 -3.7715E-09
  8.3200E-01  2.7753E+00  8.4983E-08  2.0000E-03  1.2000E-06  1.1742E+00 -3.7678E-09
  8.3720E-01  2.7926E+00  8.4991E-08  2.0000E-03  1.2000E-06  1.1742E+00 -3.7641E-09
  8.4240E-01  2.8099E+00  8.4999E-08  2.0000E-03  1.2000E-06  1.1742E+00 -3.7603E-09
  8.4760E-01  2.8273E+00  8.5006E-08  2.0000E-03  1.2000E-06  1.1742E+00 -3.7566E-09
  8.5280E-01  2.8446E+00  8.5014E-08  2.0000E-03  1.2000E-06  1.1742E+00 -3.7528E-09
  8.5800E-01  2.8620E+00  8.5021E-08  2.0000E-03  1.2000E-06  1.1742E+00 -3.7491E-09
  8.6320E-01  2.8793E+00  8.5029E-08  2.0000E-03  1.2000E-06  1.1742E+00 -3.7453E-09
  8.6840E-01  2.8967E+00  8.5036E-08  2.0000E-03  1.2000E-06  1.1742E+00 -3.7416E-09
  8.7360E-01  2.9140E+00  8.5044E-08  2.0000E-03  1.2000E-06  1.1742E+00 -3.7378E-09
  8.7880E-01  2.9314E+00  8.5051E-08  2.0000E-03  1.2000E-06  1.1742E+00 -3.7341E-09
  8.8400E-01  2.9487E+00  8.5059E-08  2.0000E-03  1.2000E-06  1.1742E+00 -3.7304E-09
  8.8920E-01  2.9661E+00  8.5067E-08  2.0000E-03  1.2000E-06  1.1742E+00 -3.7266E-09
  8.9440E-01  2.9834E+00  8.5074E-08  2.0000E-03  1.2000E-06  1.1742E+00 -3.7229E-09
  8.9960E-01  3.0007E+00  8.5082E-08  2.0000E-03  1.2000E-06  1.1742E+00 -3.7191E-09
  9.0480E-01  3.0181E+00  8.5089E-08  2.0000E-03  1.2000E-06  1.1742E+00 -3.7154E-09
  9.1000E-01  3.0354E+00  8.5097E-08  2.0000E-03  1.2000E-06  1.1742E+00 -3.7116E-09
  9.1520E-01  3.0528E+00  8.5104E-08  2.0000E-03  1.2000E-06  1.1742E+00 -3.7079E-09
  9.2040E-01  3.0701E+00  8.5112E-08  2.0000E-03  1.2000E-06  1.1742E+00 -3.7041E-09
  9.2560E-01  3.0875E+00  8.5119E-08  2.0000E-03  1.2000E-06  1.1742E+00 -3.7004E-09
  9.3080E-01  3.1048E+00  8.5127E-08  2.0000E-03  1.2000E-06  1.1742E+00 -3.6967E-09
  9.3600E-01  3.1222E+00  8.5135E-08  2.0000E-03  1.2000E-06  1.1742E+00 -3.6929E-09
  9.4120E-01  3.1395E+00  8.5142E-08  2.0000E-03  1.2000E-06  1.1742E+00 -3.6892E-09
  9.4640E-01  3.1569E+00  8.5150E-08  2.0000E-03  1.2000E-06  1.1742E+00 -3.6854E-09
  9.5160E-01  3.1742E+00  8.5157E-08  2.0000E-03  1.2000E-06  1.1742E+00 -3.6817E-09
  9.5680E-01  3.1915E+00  8.5165E-08  2.0000E-03  1.2000E-06  1.1742E+00 -3.6779E-09
  9.6200E-01  3.2089E+00  8.5172E-08  2.0000E-03  1.2000E-06  1.1742E+00 -3.6742E-09
  9.6720E-01  3.2262E+00  8.5180E-08  2.0000E-03  1.2000E-06  1.1742E+00 -3.6705E-09
  9.7240E-01  3.2436E+00  8.5188E-08  2.0000E-03  1.2000E-06  1.1742E+00 -3.6667E-09
  9.7760E-01  3.2609E+00  8.5195E-08  2.0000E-03  1.2000E-06  1.1742E+00 -3.6630E-09
  9.8280E-01  3.2783E+00  8.5203E-08  2.0000E-03  1.2000E-06  1.1742E+00 -3.6592E-09
  9.8800E-01  3.2956E+00  8.5210E-08  2.0000E-03  1.2000E-06  1.1742E+00 -3.6555E-09
  9.9320E-01  3.3130E+00  8.5218E-08  2.0000E-03  1.2000E-06  1.1742E+00 -3.6517E-09
  9.9840E-01  3.3303E+00  8.5225E-08  2.0000E-03  1.2000E-06  1.1742E+00 -3.6480E-09
  1.0036E+00  3.3476E+00  8.5233E-08  2.0000E-03  1.2000E-06  1.1742E+00 -3.6442E-09
  1.0088E+00  3.3650E+00  8.5240E-08  2.0000E-03  1.2000E-06  1.1742E+00 -3.6405E-09
  1.0140E+00  3.3823E+00  8.5248E-08  2.0000E-03  1.2000E-06  1.1742E+00 -3.6368E-09
  1.0192E+00  3.3997E+00  8.5256E-08  2.0000E-03  1.2000E-06  1.1742E+00 -3.6330E-09
  1.0244E+00  3.4170E+00  8.5263E-08  2.0000E-03  1.2000E-06  1.1742E+00 -3.6293E-09
  1.0296E+00  3.4344E+00  8.5271E-08  2.0000E-03  1.2000E-06  1.1742E+00 -3.6255E-09
  1.0348E+00  3.4517E+00  8.5278E-08  2.0000E-03  1.2000E-06  1.1742E+00 -3.6218E-09
  1.0400E+00  3.4691E+00  8.5286E-08  2.0000E-03  1.2000E-06  1.1742E+00 -3.6180E-09
  1.0452E+00  3.4864E+00  8.5293E-08  2.0000E-03  1.2000E-06  1.1742E+00 -3.6143E-09
  1.0504E+00  3.5038E+00  8.5301E-08  2.0000E-03  1.2000E-06  1.1742E+00 -3.6105E-09
  1.0556E+00  3.5211E+00  8.5308E-08  2.0000E-03  1.2000E-06  1.1742E+00 -3.6068E-09
  1.0608E+00  3.5384E+00  8.5316E-08  2.0000E-03  1.2000E-06  1.1742E+00 -3.6031E-09
  1.0660E+00  3.5558E+00  8.5324E-08  2.0000E-03  1.2000E-06  1.1742E+00 -3.5993E-09
  1.0712E+00  3.5731E+00  8.5331E-08  2.0000E-03  1.2000E-06  1.1742E+00 -3.5956E-09
  1.0764E+00  3.5905E+00  8.5339E-08  2.0000E-03  1.2000E-06  1.1742E+00 -3.5918E-09
  1.0816E+00  3.6078E+00  8.5346E-08  2.0000E-03  1.2000E-06  1.1742E+00 -3.5881E-09
  1.0868E+00  3.6252E+00  8.5354E-08  2.0000E-03  1.2000E-06  1.1742E+00 -3.5843E-09
  1.0920E+00  3.6425E+00  8.5361E-08  2.0000E-03  1.2000E-06  1.1742E+00 -3.5806E-09
  1.0972E+00  3.6599E+00  8.5369E-08  2.0000E-03  1.2000E-06  1.1742E+00 -3.5769E-09
  1.1024E+00  3.6772E+00  8.5377E-08  2.0000E-03  1.2000E-06  1.1742E+00 -3.5731E-09
  1.1076E+00  3.6946E+00  8.5384E-08  2.0000E-03  1.2000E-06  1.1742E+00 -3.5694E-09
  1.1128E+00  3.7119E+00  8.5392E-08  2.0000E-03  1.2000E-06  1.1742E+00 -3.5656E-09
  1.1180E+00  3.7292E+00  8.5399E-08  2.0000E-03  1.2000E-06  1.1742E+00 -3.5619E-09
  1.1232E+00  3.7466E+00  8.5407E-08  2.0000E-03  1.2000E-06  1.1742E+00 -3.5581E-09
  1.1284E+00  3.7639E+00  8.5414E-08  2.0000E-03  1.2000E-06  1.1742E+00 -3.5544E-09
  1.1336E+00  3.7813E+00  8.5422E-08  2.0000E-03  1.2000E-06  1.1742E+00 -3.5506E-09
  1.1388E+00  3.7986E+00  8.5429E-08  2.0000E-03  1.2000E-06  1.1742E+00 -3.5469E-09
  1.1440E+00  3.8160E+00  8.5437E-08  2.0000E-03  1.2000E-06  1.1742E+00 -3.5432E-09
  1.1492E+00  3.8333E+00  8.5445E-08  2.0000E-03  1.2000E-06  1.1742E+00 -3.5394E-09
  1.1544E+00  3.8507E+00  8.5452E-08  2.0000E-03  1.2000E-06  1.1742E+00 -3.5357E-09
  1.1596E+00  3.8680E+00  8.5460E-08  2.0000E-03  1.2000E-06  1.1742E+00 -3.5319E-09
  1.1648E+00  3.8854E+00  8.5467E-08  2.0000E-03  1.2000E-06  1.1742E+00 -3.5282E-09
  1.1700E+00  3.9027E+00  8.5475E-08  2.0000E-03  1.2000E-06  1.1742E+00 -3.5244E-09
  1.1752E+00  3.9200E+00  8.5482E-08  2.0000E-03  1.2000E-06  1.1742E+00 -3.5207E-09
  1.1804E+00  3.9374E+00  8.5490E-08  2.0000E-03  1.2000E-06  1.1742E+00 -3.5169E-09
  1.1856E+00  3.9547E+00  8.5498E-08  2.0000E-03  1.2000E-06  1.1742E+00 -3.5132E-09
  1.1908E+00  3.9721E+00  8.5505E-08  2.0000E-03  1.2000E-06  1.1742E+00 -3.5095E-09
  1.1960E+00  3.9894E+00  8.5513E-08  2.0000E-03  1.2000E-06  1.1742E+00 -3.5057E-09
  1.2012E+00  4.0068E+00  8.5520E-08  2.0000E-03  1.2000E-06  1.1742E+00 -3.5020E-09
  1.2064E+00  4.0241E+00  8.5528E-08  2.0000E-03  1.2000E-06  1.1742E+00 -3.4982E-09
  1.2116E+00  4.0415E+00  8.5535E-08  2.0000E-03  1.2000E-06  1.1742E+00 -3.4945E-09
  1.2168E+00  4.0588E+00  8.5543E-08  2.0000E-03  1.2000E-06  1.1742E+00 -3.4907E-09
  1.2220E+00  4.0762E+00  8.5550E-08  2.0000E-03  1.2000E-06  1.1742E+00 -3.4870E-09
  1.2272E+00  4.0935E+00  8.5558E-08  2.0000E-03  1.2000E-06  1.1742E+00 -3.4833E-09
  1.2324E+00  4.1108E+00  8.5566E-08  2.0000E-03  1.2000E-06  1.1742E+00 -3.4795E-09
  1.2376E+00  4.1282E+00  8.5573E-08  2.0000E-03  1.2000E-06  1.1742E+00 -3.4758E-09
  1.2428E+00  4.1455E+00  8.5581E-08  2.0000E-03  1.2000E-06  1.1742E+00 -3.4720E-09
  1.2480E+00  4.1629E+00  8.5588E-08  2.0000E-03  1.2000E-06  1.1742E+00 -3.4683E-09
  1.2532E+00  4.1802E+00  8.5596E-08  2.0000E-03  1.2000E-06  1.1742E+00 -3.4645E-09
  1.2584E+00  4.1976E+00  8.5603E-08  2.0000E-03  1.2000E-06  1.1742E+00 -3.4608E-09
  1.2636E+00  4.2149E+00  8.5611E-08  2.0000E-03  1.2000E-06  1.1742E+00 -3.4570E-09
  1.2688E+00  4.2323E+00  8.5618E-08  2.0000E-03  1.2000E-06  1.1742E+00 -3.4533E-09
  1.2740E+00  4.2496E+00  8.5626E-08  2.0000E-03  1.2000E-06  1.1742E+00 -3.4496E-09
  1.2792E+00  4.2670E+00  8.5634E-08  2.0000E-03  1.2000E-06  1.1742E+00 -3.4458E-09
  1.2844E+00  4.2843E+00  8.5641E-08  2.0000E-03  1.2000E-06  1.1742E+00 -3.4421E-09
  1.2896E+00  4.3016E+00  8.5649E-08  2.0000E-03  1.2000E-06  1.1742E+00 -3.4383E-09
  1.2948E+00  4.3190E+00  8.5656E-08  2.0000E-03  1.2000E-06  1.1742E+00 -3.4346E-09
  1.3000E+00  4.3363E+00  8.5664E-08  2.0000E-03  1.2000E-06  1.1742E+00 -3.4308E-09
  1.3052E+00  4.3537E+00  8.5671E-08  2.0000E-03  1.2000E-06  1.1742E+00 -3.4271E-09
  1.3104E+00  4.3710E+00  8.5679E-08  2.0000E-03  1.2000E-06  1.1742E+00 -3.4233E-09
  1.3156E+00  4.3884E+00  8.5687E-08  2.0000E-03  1.2000E-06  1.1742E+00 -3.4196E-09
  1.3208E+00  4.4057E+00  8.5694E-08  2.0000E-03  1.2000E-06  1.1742E+00 -3.4159E-09
  1.3260E+00  4.4231E+00  8.5702E-08  2.0000E-03  1.2000E-06  1.1742E+00 -3.4121E-09
  1.3312E+00  4.4404E+00  8.5709E-08  2.0000E-03  1.2000E-06  1.1742E+00 -3.4084E-09
  1.3364E+00  4.4578E+00  8.5717E-08  2.0000E-03  1.2000E-06  1.1742E+00 -3.4046E-09
  1.3416E+00  4.4751E+00  8.5724E-08  2.0000E-03  1.2000E-06  1.1742E+00 -3.4009E-09
  1.3468E+00  4.4924E+00  8.5732E-08  2.0000E-03  1.2000E-06  1.1742E+00 -3.3971E-09
  1.3520E+00  4.5098E+00  8.5739E-08  2.0000E-03  1.2000E-06  1.1742E+00 -3.3934E-09
  1.3572E+00  4.5271E+00  8.5747E-08  2.0000E-03  1.2000E-06  1.1742E+00 -3.3897E-09
  1.3624E+00  4.5445E+00  8.5755E-08  2.0000E-03  1.2000E-06  1.1742E+00 -3.3859E-09
  1.3676E+00  4.5618E+00  8.5762E-08  2.0000E-03  1.2000E-06  1.1742E+00 -3.3822E-09
  1.3728E+00  4.5792E+00  8.5770E-08  2.0000E-03  1.2000E-06  1.1742E+00 -3.3784E-09
  1.3780E+00  4.5965E+00  8.5777E-08  2.0000E-03  1.2000E-06  1.1742E+00 -3.3747E-09
  1.3832E+00  4.6139E+00  8.5785E-08  2.0000E-03  1.2000E-06  1.1742E+00 -3.3709E-09
  1.3884E+00  4.6312E+00  8.5792E-08  2.0000E-03  1.2000E-06  1.1742E+00 -3.3672E-09
  1.3936E+00  4.6485E+00  8.5800E-08  2.0000E-03  1.2000E-06  1.1742E+00 -3.3634E-09
  1.3988E+00  4.6659E+00  8.5807E-08  2.0000E-03  1.2000E-06  1.1742E+00 -3.3597E-09
  1.4040E+00  4.6832E+00  8.5815E-08  2.0000E-03  1.2000E-06  1.1742E+00 -3.3560E-09
  1.4092E+00  4.7006E+00  8.5823E-08  2.0000E-03  1.2000E-06  1.1742E+00 -3.3522E-09
  1.4144E+00  4.7179E+00  8.5830E-08  2.0000E-03  1.2000E-06  1.1742E+00 -3.3485E-09
  1.4196E+00  4.7353E+00  8.5838E-08  2.0000E-03  1.2000E-06  1.1742E+00 -3.3447E-09
  1.4248E+00  4.7526E+00  8.5845E-08  2.0000E-03  1.2000E-06  1.1742E+00 -3.3410E-09
  1.4300E+00  4.7700E+00  8.5853E-08  2.0000E-03  1.2000E-06  1.1742E+00 -3.3372E-09
  1.4352E+00  4.7873E+00  8.5860E-08  2.0000E-03  1.2000E-06  1.1742E+00 -3.3335E-09
  1.4404E+00  4.8047E+00  8.5868E-08  2.0000E-03  1.2000E-06  1.1742E+00 -3.3297E-09
  1.4456E+00  4.8220E+00  8.5876E-08  2.0000E-03  1.2000E-06  1.1742E+00 -3.3260E-09
  1.4508E+00  4.8393E+00  8.5883E-08  2.0000E-03  1.2000E-06  1.1742E+00 -3.3223E-09
  1.4560E+00  4.8567E+00  8.5891E-08  2.0000E-03  1.2000E-06  1.1742E+00 -3.3185E-09
  1.4612E+00  4.8740E+00  8.5898E-08  2.0000E-03  1.2000E-06  1.1742E+00 -3.3148E-09
  1.4664E+00  4.8914E+00  8.5906E-08  2.0000E-03  1.2000E-06  1.1742E+00 -3.3110E-09
  1.4716E+00  4.9087E+00  8.5913E-08  2.0000E-03  1.2000E-06  1.1742E+00 -3.3073E-09
  1.4768E+00  4.9261E+00  8.5921E-08  2.0000E-03  1.2000E-06  1.1742E+00 -3.3035E-09
  1.4820E+00  4.9434E+00  8.5928E-08  2.0000E-03  1.2000E-06  1.1742E+00 -3.2998E-09
  1.4872E+00  4.9608E+00  8.5936E-08  2.0000E-03  1.2000E-06  1.1742E+00 -3.2961E-09
  1.4924E+00  4.9781E+00  8.5944E-08  2.0000E-03  1.2000E-06  1.1742E+00 -3.2923E-09
  1.4976E+00  4.9955E+00  8.5951E-08  2.0000E-03  1.2000E-06  1.1742E+00 -3.2886E-09
  1.5028E+00  5.0128E+00  8.5959E-08  2.0000E-03  1.2000E-06  1.1742E+00 -3.2848E-09
  1.5080E+00  5.0301E+00  8.5966E-08  2.0000E-03  1.2000E-06  1.1742E+00 -3.2811E-09
  1.5132E+00  5.0475E+00  8.5974E-08  2.0000E-03  1.2000E-06  1.1742E+00 -3.2773E-09
  1.5184E+00  5.0648E+00  8.5981E-08  2.0000E-03  1.2000E-06  1.1742E+00 -3.2736E-09
  1.5236E+00  5.0822E+00  8.5989E-08  2.0000E-03  1.2000E-06  1.1742E+00 -3.2698E-09
  1.5288E+00  5.0995E+00  8.5996E-08  2.0000E-03  1.2000E-06  1.1742E+00 -3.2661E-09
  1.5340E+00  5.1169E+00  8.6004E-08  2.0000E-03  1.2000E-06  1.1742E+00 -3.2624E-09
  1.5392E+00  5.1342E+00  8.6012E-08  2.0000E-03  1.2000E-06  1.1742E+00 -3.2586E-09
  1.5444E+00  5.1516E+00  8.6019E-08  2.0000E-03  1.2000E-06  1.1742E+00 -3.2549E-09
  1.5496E+00  5.1689E+00  8.6027E-08  2.0000E-03  1.2000E-06  1.1742E+00 -3.2511E-09
  1.5548E+00  5.1863E+00  8.6034E-08  2.0000E-03  1.2000E-06  1.1742E+00 -3.2474E-09
  1.5600E+00  5.2036E+00  8.6042E-08  2.0000E-03  1.2000E-06  1.1742E+00 -3.2436E-09
  1.5652E+00  5.2209E+00  8.6049E-08  2.0000E-03  1.2000E-06  1.1742E+00 -3.2399E-09
  1.5704E+00  5.2383E+00  8.6057E-08  2.0000E-03  1.2000E-06  1.1742E+00 -3.2361E-09
  1.5756E+00  5.2556E+00  8.6065E-08  2.0000E-03  1.2000E-06  1.1742E+00 -3.2324E-09
  1.5808E+00  5.2730E+00  8.6072E-08  2.0000E-03  1.2000E-06  1.1742E+00 -3.2287E-09
  1.5860E+00  5.2903E+00  8.6080E-08  2.0000E-03  1.2000E-06  1.1742E+00 -3.2249E-09
  1.5912E+00  5.3077E+00  8.6087E-08  2.0000E-03  1.2000E-06  1.1742E+00 -3.2212E-09
  1.5964E+00  5.3250E+00  8.6095E-08  2.0000E-03  1.2000E-06  1.1742E+00 -3.2174E-09
  1.6016E+00  5.3424E+00  8.6102E-08  2.0000E-03  1.2000E-06  1.1742E+00 -3.2137E-09
  1.6068E+00  5.3597E+00  8.6110E-08  2.0000E-03  1.2000E-06  1.1742E+00 -3.2099E-09
  1.6120E+00  5.3771E+00  8.6117E-08  2.0000E-03  1.2000E-06  1.1742E+00 -3.2062E-09
  1.6172E+00  5.3944E+00  8.6125E-08  2.0000E-03  1.2000E-06  1.1742E+00 -3.2025E-09
  1.6224E+00  5.4117E+00  8.6133E-08  2.0000E-03  1.2000E-06  1.1742E+00 -3.1987E-09
  1.6276E+00  5.4291E+00  8.6140E-08  2.0000E-03  1.2000E-06  1.1742E+00 -3.1950E-09
  1.6328E+00  5.4464E+00  8.6148E-08  2.0000E-03  1.2000E-06  1.1742E+00 -3.1912E-09
  1.6380E+00  5.4638E+00  8.6155E-08  2.0000E-03  1.2000E-06  1.1742E+00 -3.1875E-09
  1.6432E+00  5.4811E+00  8.6163E-08  2.0000E-03  1.2000E-06  1.1742E+00 -3.1837E-09
  1.6484E+00  5.4985E+00  8.6170E-08  2.0000E-03  1.2000E-06  1.1742E+00 -3.1800E-09
  1.6536E+00  5.5158E+00  8.6178E-08  2.0000E-03  1.2000E-06  1.1742E+00 -3.1762E-09
  1.6588E+00  5.5332E+00  8.6185E-08  2.0000E-03  1.2000E-06  1.1742E+00 -3.1725E-09
  1.6640E+00  5.5505E+00  8.6193E-08  2.0000E-03  1.2000E-06  1.1742E+00 -3.1688E-09
  1.6692E+00  5.5679E+00  8.6201E-08  2.0000E-03  1.2000E-06  1.1742E+00 -3.1650E-09
  1.6744E+00  5.5852E+00  8.6208E-08  2.0000E-03  1.2000E-06  1.1742E+00 -3.1613E-09
  1.6796E+00  5.6025E+00  8.6216E-08  2.0000E-03  1.2000E-06  1.1742E+00 -3.1575E-09
  1.6848E+00  5.6199E+00  8.6223E-08  2.0000E-03  1.2000E-06  1.1742E+00 -3.1538E-09
  1.6900E+00  5.6372E+00  8.6231E-08  2.0000E-03  1.2000E-06  1.1742E+00 -3.1500E-09
  1.6952E+00  5.6546E+00  8.6238E-08  2.0000E-03  1.2000E-06  1.1742E+00 -3.1463E-09
  1.7004E+00  5.6719E+00  8.6246E-08  2.0000E-03  1.2000E-06  1.1742E+00 -3.1425E-09
  1.7056E+00  5.6893E+00  8.6254E-08  2.0000E-03  1.2000E-06  1.1742E+00 -3.1388E-09
  1.7108E+00  5.7066E+00  8.6261E-08  2.0000E-03  1.2000E-06  1.1742E+00 -3.1351E-09
  1.7160E+00  5.7240E+00  8.6269E-08  2.0000E-03  1.2000E-06  1.1742E+00 -3.1313E-09
  1.7212E+00  5.7413E+00  8.6276E-08  2.0000E-03  1.2000E-06  1.1742E+00 -3.1276E-09
  1.7264E+00  5.7587E+00  8.6284E-08  2.0000E-03  1.2000E-06  1.1742E+00 -3.1238E-09
  1.7316E+00  5.7760E+00  8.6291E-08  2.0000E-03  1.2000E-06  1.1742E+00 -3.1201E-09
  1.7368E+00  5.7933E+00  8.6299E-08  2.0000E-03  1.2000E-06  1.1742E+00 -3.1163E-09
  1.7420E+00  5.8107E+00  8.6306E-08  2.0000E-03  1.2000E-06  1.1742E+00 -3.1126E-09
  1.7472E+00  5.8280E+00  8.6314E-08  2.0000E-03  1.2000E-06  1.1742E+00 -3.1089E-09
  1.7524E+00  5.8454E+00  8.6322E-08  2.0000E-03  1.2000E-06  1.1742E+00 -3.1051E-09
  1.7576E+00  5.8627E+00  8.6329E-08  2.0000E-03  1.2000E-06  1.1742E+00 -3.1014E-09
  1.7628E+00  5.8801E+00  8.6337E-08  2.0000E-03  1.2000E-06  1.1742E+00 -3.0976E-09
  1.7680E+00  5.8974E+00  8.6344E-08  2.0000E-03  1.2000E-06  1.1742E+00 -3.0939E-09
  1.7732E+00  5.9148E+00  8.6352E-08  2.0000E-03  1.2000E-06  1.1742E+00 -3.0901E-09
  1.7784E+00  5.9321E+00  8.6359E-08  2.0000E-03  1.2000E-06  1.1742E+00 -3.0864E-09
  1.7836E+00  5.9494E+00  8.6367E-08  2.0000E-03  1.2000E-06  1.1742E+00 -3.0826E-09
  1.7888E+00  5.9668E+00  8.6374E-08  2.0000E-03  1.2000E-06  1.1742E+00 -3.0789E-09
  1.7940E+00  5.9841E+00  8.6382E-08  2.0000E-03  1.2000E-06  1.1742E+00 -3.0752E-09
  1.7992E+00  6.0015E+00  8.6390E-08  2.0000E-03  1.2000E-06  1.1742E+00 -3.0714E-09
  1.8044E+00  6.0188E+00  8.6397E-08  2.0000E-03  1.2000E-06  1.1742E+00 -3.0677E-09
  1.8096E+00  6.0362E+00  8.6405E-08  2.0000E-03  1.2000E-06  1.1742E+00 -3.0639E-09
  1.8148E+00  6.0535E+00  8.6412E-08  2.0000E-03  1.2000E-06  1.1742E+00 -3.0602E-09
  1.8200E+00  6.0709E+00  8.6420E-08  2.0000E-03  1.2000E-06  1.1742E+00 -3.0564E-09
  1.8252E+00  6.0882E+00  8.6427E-08  2.0000E-03  1.2000E-06  1.1742E+00 -3.0527E-09
  1.8304E+00  6.1056E+00  8.6435E-08  2.0000E-03  1.2000E-06  1.1742E+00 -3.0489E-09
  1.8356E+00  6.1229E+00  8.6443E-08  2.0000E-03  1.2000E-06  1.1742E+00 -3.0452E-09
  1.8408E+00  6.1402E+00  8.6450E-08  2.0000E-03  1.2000E-06  1.1742E+00 -3.0415E-09
  1.8460E+00  6.1576E+00  8.6458E-08  2.0000E-03  1.2000E-06  1.1742E+00 -3.0377E-09
  1.8512E+00  6.1749E+00  8.6465E-08  2.0000E-03  1.2000E-06  1.1742E+00 -3.0340E-09
  1.8564E+00  6.1923E+00  8.6473E-08  2.0000E-03  1.2000E-06  1.1742E+00 -3.0302E-09
  1.8616E+00  6.2096E+00  8.6480E-08  2.0000E-03  1.2000E-06  1.1742E+00 -3.0265E-09
  1.8668E+00  6.2270E+00  8.6488E-08  2.0000E-03  1.2000E-06  1.1742E+00 -3.0227E-09
  1.8720E+00  6.2443E+00  8.6495E-08  2.0000E-03  1.2000E-06  1.1742E+00 -3.0190E-09
  1.8772E+00  6.2617E+00  8.6503E-08  2.0000E-03  1.2000E-06  1.1742E+00 -3.0153E-09
  1.8824E+00  6.2790E+00  8.6511E-08  2.0000E-03  1.2000E-06  1.1742E+00 -3.0115E-09
  1.8876E+00  6.2964E+00  8.6518E-08  2.0000E-03  1.2000E-06  1.1742E+00 -3.0078E-09
  1.8928E+00  6.3137E+00  8.6526E-08  2.0000E-03  1.2000E-06  1.1742E+00 -3.0040E-09
  1.8980E+00  6.3310E+00  8.6533E-08  2.0000E-03  1.2000E-06  1.1742E+00 -3.0003E-09
  1.9032E+00  6.3484E+00  8.6541E-08  2.0000E-03  1.2000E-06  1.1742E+00 -2.9965E-09
  1.9084E+00  6.3657E+00  8.6548E-08  2.0000E-03  1.2000E-06  1.1742E+00 -2.9928E-09
  1.9136E+00  6.3831E+00  8.6556E-08  2.0000E-03  1.2000E-06  1.1742E+00 -2.9890E-09
  1.9188E+00  6.4004E+00  8.6563E-08  2.0000E-03  1.2000E-06  1.1742E+00 -2.9853E-09
  1.9240E+00  6.4178E+00  8.6571E-08  2.0000E-03  1.2000E-06  1.1742E+00 -2.9816E-09
  1.9292E+00  6.4351E+00  8.6579E-08  2.0000E-03  1.2000E-06  1.1742E+00 -2.9778E-09
  1.9344E+00  6.4525E+00  8.6586E-08  2.0000E-03  1.2000E-06  1.1742E+00 -2.9741E-09
  1.9396E+00  6.4698E+00  8.6594E-08  2.0000E-03  1.2000E-06  1.1742E+00 -2.9703E-09
  1.9448E+00  6.4872E+00  8.6601E-08  2.0000E-03  1.2000E-06  1.1742E+00 -2.9666E-09
  1.9500E+00  6.5045E+00  8.6609E-08  2.0000E-03  1.2000E-06  1.1742E+00 -2.9628E-09
  1.9552E+00  6.5218E+00  8.6616E-08  2.0000E-03  1.2000E-06  1.1742E+00 -2.9591E-09
  1.9604E+00  6.5392E+00  8.6624E-08  2.0000E-03  1.2000E-06  1.1742E+00 -2.9553E-09
  1.9656E+00  6.5565E+00  8.6632E-08  2.0000E-03  1.2000E-06  1.1742E+00 -2.9516E-09
  1.9708E+00  6.5739E+00  8.6639E-08  2.0000E-03  1.2000E-06  1.1742E+00 -2.9479E-09
  1.9760E+00  6.5912E+00  8.6647E-08  2.0000E-03  1.2000E-06  1.1742E+00 -2.9441E-09
  1.9812E+00  6.6086E+00  8.6654E-08  2.0000E-03  1.2000E-06  1.1742E+00 -2.9404E-09
  1.9864E+00  6.6259E+00  8.6662E-08  2.0000E-03  1.2000E-06  1.1742E+00 -2.9366E-09
  1.9916E+00  6.6433E+00  8.6669E-08  2.0000E-03  1.2000E-06  1.1742E+00 -2.9329E-09
  1.9968E+00  6.6606E+00  8.6677E-08  2.0000E-03  1.2000E-06  1.1742E+00 -2.9291E-09
  2.0020E+00  6.6780E+00  8.6684E-08  2.0000E-03  1.2000E-06  1.1742E+00 -2.9254E-09
  2.0072E+00  6.6953E+00  8.6692E-08  2.0000E-03  1.2000E-06  1.1742E+00 -2.9216E-09
  2.0124E+00  6.7126E+00  8.6700E-08  2.0000E-03  1.2000E-06  1.1742E+00 -2.9179E-09
  2.0176E+00  6.7300E+00  8.6707E-08  2.0000E-03  1.2000E-06  1.1742E+00 -2.9142E-09
  2.0228E+00  6.7473E+00  8.6715E-08  2.0000E-03  1.2000E-06  1.1742E+00 -2.9104E-09
  2.0280E+00  6.7647E+00  8.6722E-08  2.0000E-03  1.2000E-06  1.1742E+00 -2.9067E-09
  2.0332E+00  6.7820E+00  8.6730E-08  2.0000E-03  1.2000E-06  1.1742E+00 -2.9029E-09
  2.0384E+00  6.7994E+00  8.6737E-08  2.0000E-03  1.2000E-06  1.1742E+00 -2.8992E-09
  2.0436E+00  6.8167E+00  8.6745E-08  2.0000E-03  1.2000E-06  1.1742E+00 -2.8954E-09
  2.0488E+00  6.8341E+00  8.6752E-08  2.0000E-03  1.2000E-06  1.1742E+00 -2.8917E-09
  2.0540E+00  6.8514E+00  8.6760E-08  2.0000E-03  1.2000E-06  1.1742E+00 -2.8880E-09
  2.0592E+00  6.8688E+00  8.6768E-08  2.0000E-03  1.2000E-06  1.1742E+00 -2.8842E-09
  2.0644E+00  6.8861E+00  8.6775E-08  2.0000E-03  1.2000E-06  1.1742E+00 -2.8805E-09
  2.0696E+00  6.9034E+00  8.6783E-08  2.0000E-03  1.2000E-06  1.1742E+00 -2.8767E-09
  2.0748E+00  6.9208E+00  8.6790E-08  2.0000E-03  1.2000E-06  1.1742E+00 -2.8730E-09
  2.0800E+00  6.9381E+00  8.6798E-08  2.0000E-03  1.2000E-06  1.1742E+00 -2.8692E-09
  2.0852E+00  6.9555E+00  8.6805E-08  2.0000E-03  1.2000E-06  1.1742E+00 -2.8655E-09
  2.0904E+00  6.9728E+00  8.6813E-08  2.0000E-03  1.2000E-06  1.1742E+00 -2.8617E-09
  2.0956E+00  6.9902E+00  8.6821E-08  2.0000E-03  1.2000E-06  1.1742E+00 -2.8580E-09
  2.1008E+00  7.0075E+00  8.6828E-08  2.0000E-03  1.2000E-06  1.1742E+00 -2.8543E-09
  2.1060E+00  7.0249E+00  8.6836E-08  2.0000E-03  1.2000E-06  1.1742E+00 -2.8505E-09
  2.1112E+00  7.0422E+00  8.6843E-08  2.0000E-03  1.2000E-06  1.1742E+00 -2.8468E-09
  2.1164E+00  7.0596E+00  8.6851E-08  2.0000E-03  1.2000E-06  1.1742E+00 -2.8430E-09
  2.1216E+00  7.0769E+00  8.6858E-08  2.0000E-03  1.2000E-06  1.1742E+00 -2.8393E-09
  2.1268E+00  7.0942E+00  8.6866E-08  2.0000E-03  1.2000E-06  1.1742E+00 -2.8355E-09
  2.1320E+00  7.1116E+00  8.6873E-08  2.0000E-03  1.2000E-06  1.1742E+00 -2.8318E-09
  2.1372E+00  7.1289E+00  8.6881E-08  2.0000E-03  1.2000E-06  1.1742E+00 -2.8280E-09
  2.1424E+00  7.1463E+00  8.6889E-08  2.0000E-03  1.2000E-06  1.1742E+00 -2.8243E-09
  2.1476E+00  7.1636E+00  8.6896E-08  2.0000E-03  1.2000E-06  1.1742E+00 -2.8206E-09
  2.1528E+00  7.1810E+00  8.6904E-08  2.0000E-03  1.2000E-06  1.1742E+00 -2.8168E-09
  2.1580E+00  7.1983E+00  8.6911E-08  2.0000E-03  1.2000E-06  1.1742E+00 -2.8131E-09
  2.1632E+00  7.2157E+00  8.6919E-08  2.0000E-03  1.2000E-06  1.1742E+00 -2.8093E-09
  2.1684E+00  7.2330E+00  8.6926E-08  2.0000E-03  1.2000E-06  1.1742E+00 -2.8056E-09
  2.1736E+00  7.2503E+00  8.6934E-08  2.0000E-03  1.2000E-06  1.1742E+00 -2.8018E-09
  2.1788E+00  7.2677E+00  8.6941E-08  2.0000E-03  1.2000E-06  1.1742E+00 -2.7981E-09
  2.1840E+00  7.2850E+00  8.6949E-08  2.0000E-03  1.2000E-06  1.1742E+00 -2.7944E-09
  2.1892E+00  7.3024E+00  8.6957E-08  2.0000E-03  1.2000E-06  1.1742E+00 -2.7906E-09
  2.1944E+00  7.3197E+00  8.6964E-08  2.0000E-03  1.2000E-06  1.1742E+00 -2.7869E-09
  2.1996E+00  7.3371E+00  8.6972E-08  2.0000E-03  1.2000E-06  1.1742E+00 -2.7831E-09
  2.2048E+00  7.3544E+00  8.6979E-08  2.0000E-03  1.2000E-06  1.1742E+00 -2.7794E-09
  2.2100E+00  7.3718E+00  8.6987E-08  2.0000E-03  1.2000E-06  1.1742E+00 -2.7756E-09
  2.2152E+00  7.3891E+00  8.6994E-08  2.0000E-03  1.2000E-06  1.1742E+00 -2.7719E-09
  2.2204E+00  7.4065E+00  8.7002E-08  2.0000E-03  1.2000E-06  1.1742E+00 -2.7681E-09
  2.2256E+00  7.4238E+00  8.7010E-08  2.0000E-03  1.2000E-06  1.1742E+00 -2.7644E-09
  2.2308E+00  7.4411E+00  8.7017E-08  2.0000E-03  1.2000E-06  1.1742E+00 -2.7607E-09
  2.2360E+00  7.4585E+00  8.7025E-08  2.0000E-03  1.2000E-06  1.1742E+00 -2.7569E-09
  2.2412E+00  7.4758E+00  8.7032E-08  2.0000E-03  1.2000E-06  1.1742E+00 -2.7532E-09
  2.2464E+00  7.4932E+00  8.7040E-08  2.0000E-03  1.2000E-06  1.1742E+00 -2.7494E-09
  2.2516E+00  7.5105E+00  8.7047E-08  2.0000E-03  1.2000E-06  1.1742E+00 -2.7457E-09
  2.2568E+00  7.5279E+00  8.7055E-08  2.0000E-03  1.2000E-06  1.1742E+00 -2.7419E-09
  2.2620E+00  7.5452E+00  8.7062E-08  2.0000E-03  1.2000E-06  1.1742E+00 -2.7382E-09
  2.2672E+00  7.5626E+00  8.7070E-08  2.0000E-03  1.2000E-06  1.1742E+00 -2.7344E-09
  2.2724E+00  7.5799E+00  8.7078E-08  2.0000E-03  1.2000E-06  1.1742E+00 -2.7307E-09
  2.2776E+00  7.5973E+00  8.7085E-08  2.0000E-03  1.2000E-06  1.1742E+00 -2.7270E-09
  2.2828E+00  7.6146E+00  8.7093E-08  2.0000E-03  1.2000E-06  1.1742E+00 -2.7232E-09
  2.2880E+00  7.6319E+00  8.7100E-08  2.0000E-03  1.2000E-06  1.1742E+00 -2.7195E-09
  2.2932E+00  7.6493E+00  8.7108E-08  2.0000E-03  1.2000E-06  1.1742E+00 -2.7157E-09
  2.2984E+00  7.6666E+00  8.7115E-08  2.0000E-03  1.2000E-06  1.1742E+00 -2.7120E-09
  2.3036E+00  7.6840E+00  8.7123E-08  2.0000E-03  1.2000E-06  1.1742E+00 -2.7082E-09
  2.3088E+00  7.7013E+00  8.7130E-08  2.0000E-03  1.2000E-06  1.1742E+00 -2.7045E-09
  2.3140E+00  7.7187E+00  8.7138E-08  2.0000E-03  1.2000E-06  1.1742E+00 -2.7008E-09
  2.3192E+00  7.7360E+00  8.7146E-08  2.0000E-03  1.2000E-06  1.1742E+00 -2.6970E-09
  2.3244E+00  7.7534E+00  8.7153E-08  2.0000E-03  1.2000E-06  1.1742E+00 -2.6933E-09
  2.3296E+00  7.7707E+00  8.7161E-08  2.0000E-03  1.2000E-06  1.1742E+00 -2.6895E-09
  2.3348E+00  7.7881E+00  8.7168E-08  2.0000E-03  1.2000E-06  1.1742E+00 -2.6858E-09
  2.3400E+00  7.8054E+00  8.7176E-08  2.0000E-03  1.2000E-06  1.1742E+00 -2.6820E-09
  2.3452E+00  7.8227E+00  8.7183E-08  2.0000E-03  1.2000E-06  1.1742E+00 -2.6783E-09
  2.3504E+00  7.8401E+00  8.7191E-08  2.0000E-03  1.2000E-06  1.1742E+00 -2.6745E-09
  2.3556E+00  7.8574E+00  8.7199E-08  2.0000E-03  1.2000E-06  1.1742E+00 -2.6708E-09
  2.3608E+00  7.8748E+00  8.7206E-08  2.0000E-03  1.2000E-06  1.1742E+00 -2.6671E-09
  2.3660E+00  7.8921E+00  8.7214E-08  2.0000E-03  1.2000E-06  1.1742E+00 -2.6633E-09
  2.3712E+00  7.9095E+00  8.7221E-08  2.0000E-03  1.2000E-06  1.1742E+00 -2.6596E-09
  2.3764E+00  7.9268E+00  8.7229E-08  2.0000E-03  1.2000E-06  1.1742E+00 -2.6558E-09
  2.3816E+00  7.9442E+00  8.7236E-08  2.0000E-03  1.2000E-06  1.1742E+00 -2.6521E-09
  2.3868E+00  7.9615E+00  8.7244E-08  2.0000E-03  1.2000E-06  1.1742E+00 -2.6483E-09
  2.3920E+00  7.9789E+00  8.7251E-08  2.0000E-03  1.2000E-06  1.1742E+00 -2.6446E-09
  2.3972E+00  7.9962E+00  8.7259E-08  2.0000E-03  1.2000E-06  1.1742E+00 -2.6408E-09
  2.4024E+00  8.0135E+00  8.7267E-08  2.0000E-03  1.2000E-06  1.1742E+00 -2.6371E-09
  2.4076E+00  8.0309E+00  8.7274E-08  2.0000E-03  1.2000E-06  1.1742E+00 -2.6334E-09
  2.4128E+00  8.0482E+00  8.7282E-08  2.0000E-03  1.2000E-06  1.1742E+00 -2.6296E-09
  2.4180E+00  8.0656E+00  8.7289E-08  2.0000E-03  1.2000E-06  1.1742E+00 -2.6259E-09
  2.4232E+00  8.0829E+00  8.7297E-08  2.0000E-03  1.2000E-06  1.1742E+00 -2.6221E-09
  2.4284E+00  8.1003E+00  8.7304E-08  2.0000E-03  1.2000E-06  1.1742E+00 -2.6184E-09
  2.4336E+00  8.1176E+00  8.7312E-08  2.0000E-03  1.2000E-06  1.1742E+00 -2.6146E-09
  2.4388E+00  8.1350E+00  8.7319E-08  2.0000E-03  1.2000E-06  1.1742E+00 -2.6109E-09
  2.4440E+00  8.1523E+00  8.7327E-08  2.0000E-03  1.2000E-06  1.1742E+00 -2.6072E-09
  2.4492E+00  8.1697E+00  8.7335E-08  2.0000E-03  1.2000E-06  1.1742E+00 -2.6034E-09
  2.4544E+00  8.1870E+00  8.7342E-08  2.0000E-03  1.2000E-06  1.1742E+00 -2.5997E-09
  2.4596E+00  8.2043E+00  8.7350E-08  2.0000E-03  1.2000E-06  1.1742E+00 -2.5959E-09
  2.4648E+00  8.2217E+00  8.7357E-08  2.0000E-03  1.2000E-06  1.1742E+00 -2.5922E-09
  2.4700E+00  8.2390E+00  8.7365E-08  2.0000E-03  1.2000E-06  1.1742E+00 -2.5884E-09
  2.4752E+00  8.2564E+00  8.7372E-08  2.0000E-03  1.2000E-06  1.1742E+00 -2.5847E-09
  2.4804E+00  8.2737E+00  8.7380E-08  2.0000E-03  1.2000E-06  1.1742E+00 -2.5809E-09
  2.4856E+00  8.2911E+00  8.7388E-08  2.0000E-03  1.2000E-06  1.1742E+00 -2.5772E-09
  2.4908E+00  8.3084E+00  8.7395E-08  2.0000E-03  1.2000E-06  1.1742E+00 -2.5735E-09
  2.4960E+00  8.3258E+00  8.7403E-08  2.0000E-03  1.2000E-06  1.1742E+00 -2.5697E-09
  2.5012E+00  8.3431E+00  8.7410E-08  2.0000E-03  1.2000E-06  1.1742E+00 -2.5660E-09
  2.5064E+00  8.3605E+00  8.7418E-08  2.0000E-03  1.2000E-06  1.1742E+00 -2.5622E-09
  2.5116E+00  8.3778E+00  8.7425E-08  2.0000E-03  1.2000E-06  1.1742E+00 -2.5585E-09
  2.5168E+00  8.3951E+00  8.7433E-08  2.0000E-03  1.2000E-06  1.1742E+00 -2.5547E-09
  2.5220E+00  8.4125E+00  8.7440E-08  2.0000E-03  1.2000E-06  1.1742E+00 -2.5510E-09
  2.5272E+00  8.4298E+00  8.7448E-08  2.0000E-03  1.2000E-06  1.1742E+00 -2.5472E-09
  2.5324E+00  8.4472E+00  8.7456E-08  2.0000E-03  1.2000E-06  1.1742E+00 -2.5435E-09
  2.5376E+00  8.4645E+00  8.7463E-08  2.0000E-03  1.2000E-06  1.1742E+00 -2.5398E-09
  2.5428E+00  8.4819E+00  8.7471E-08  2.0000E-03  1.2000E-06  1.1742E+00 -2.5360E-09
  2.5480E+00  8.4992E+00  8.7478E-08  2.0000E-03  1.2000E-06  1.1742E+00 -2.5323E-09
  2.5532E+00  8.5166E+00  8.7486E-08  2.0000E-03  1.2000E-06  1.1742E+00 -2.5285E-09
  2.5584E+00  8.5339E+00  8.7493E-08  2.0000E-03  1.2000E-06  1.1742E+00 -2.5248E-09
  2.5636E+00  8.5512E+00  8.7501E-08  2.0000E-03  1.2000E-06  1.1742E+00 -2.5210E-09
  2.5688E+00  8.5686E+00  8.7508E-08  2.0000E-03  1.2000E-06  1.1742E+00 -2.5173E-09
  2.5740E+00  8.5859E+00  8.7516E-08  2.0000E-03  1.2000E-06  1.1742E+00 -2.5136E-09
  2.5792E+00  8.6033E+00  8.7524E-08  2.0000E-03  1.2000E-06  1.1742E+00 -2.5098E-09
  2.5844E+00  8.6206E+00  8.7531E-08  2.0000E-03  1.2000E-06  1.1742E+00 -2.5061E-09
  2.5896E+00  8.6380E+00  8.7539E-08  2.0000E-03  1.2000E-06  1.1742E+00 -2.5023E-09
  2.6000E+00  8.6727E+00  8.7554E-08  2.0000E-03  1.2000E-06  1.1742E+00 -2.4948E-09
