  0.0000E+00  0.0000E+00  3.9990E+02  0.0000E+00  3.0540E+03  0.0000E+00  0.0000E+00
  2.0000E-03  6.6724E-03  3.9990E+02  4.7495E-04  3.0540E+03  1.4503E+00  4.5699E+01
  4.0000E-03  1.3345E-02  3.9990E+02  9.4990E-04  3.0540E+03  2.9007E+00  4.5699E+01
  6.0000E-03  2.0017E-02  3.9990E+02  1.4249E-03  3.0540E+03  4.3510E+00  4.5699E+01
  8.0000E-03  2.6690E-02  3.9990E+02  1.8998E-03  3.0540E+03  5.8014E+00  4.5699E+01
  1.0000E-02  3.3362E-02  3.9990E+02  2.3748E-03  3.0540E+03  7.2517E+00  4.5699E+01
  1.2000E-02  4.0035E-02  3.9990E+02  2.8497E-03  3.0540E+03  8.7020E+00  4.5699E+01
  1.4000E-02  4.6707E-02  3.9990E+02  3.3247E-03  3.0540E+03  1.0152E+01  4.5699E+01
  1.6000E-02  5.3380E-02  3.9990E+02  3.7996E-03  3.0540E+03  1.1603E+01  4.5699E+01
  1.8000E-02  6.0052E-02  3.9990E+02  4.2746E-03  3.0540E+03  1.3053E+01  4.5699E+01
  2.0000E-02  6.6725E-02  3.9990E+02  4.7495E-03  3.0540E+03  1.4503E+01  4.5699E+01
  2.2000E-02  7.3397E-02  3.9990E+02  5.2245E-03  3.0540E+03  1.5954E+01  4.5699E+01
  2.4000E-02  8.0070E-02  3.9990E+02  5.6994E-03  3.0540E+03  1.7404E+01  4.5699E+01
  2.6000E-02  8.6742E-02  3.9990E+02  6.1744E-03  3.0540E+03  1.8854E+01  4.5699E+01
  2.8000E-02  9.3415E-02  3.9990E+02  6.6493E-03  3.0540E+03  2.0305E+01  4.5699E+01
  3.0000E-02  1.0009E-01  3.9990E+02  7.1243E-03  3.0540E+03  2.1755E+01  4.5699E+01
  3.2000E-02  1.0676E-01  3.9990E+02  7.5993E-03  3.0540E+03  2.3205E+01  4.5699E+01
  3.4000E-02  1.1343E-01  3.9990E+02  8.0742E-03  3.0540E+03  2.4656E+01  4.5699E+01
  3.6000E-02  1.2010E-01  3.9990E+02  8.5492E-03  3.0540E+03  2.6106E+01  4.5699E+01
  3.8000E-02  1.2678E-01  3.9990E+02  9.0241E-03  3.0540E+03  2.7557E+01  4.5699E+01
  4.0000E-02  1.3345E-01  3.9990E+02  9.4991E-03  3.0540E+03  2.9007E+01  4.5699E+01
  4.2000E-02  1.4012E-01  3.9990E+02  9.9740E-03  3.0540E+03  3.0457E+01  4.5699E+01
  4.4000E-02  1.4679E-01  3.9990E+02  1.0449E-02  3.0540E+03  3.1908E+01  4.5699E+01
  4.6000E-02  1.5347E-01  3.9990E+02  1.0924E-02  3.0540E+03  3.3358E+01  4.5699E+01
  4.8000E-02  1.6014E-01  3.9990E+02  1.1399E-02  3.0540E+03  3.4808E+01  4.5699E+01
  5.0000E-02  1.6681E-01  3.9990E+02  1.1874E-02  3.0540E+03  3.6259E+01  4.5699E+01
  5.2000E-02  1.7348E-01  3.9990E+02  1.2349E-02  3.0540E+03  3.7709E+01  4.5699E+01
  5.4000E-02  1.8016E-01  3.9990E+02  1.2824E-02  3.0540E+03  3.9159E+01  4.5699E+01
  5.6000E-02  1.8683E-01  3.9990E+02  1.3299E-02  3.0540E+03  4.0610E+01  4.5699E+01
  5.8000E-02  1.9350E-01  3.9990E+02  1.3774E-02  3.0540E+03  4.2060E+01  4.5699E+01
  6.0000E-02  2.0017E-01  3.9990E+02  1.4249E-02  3.0540E+03  4.3510E+01  4.5699E+01
  6.2000E-02  2.0685E-01  3.9990E+02  1.4724E-02  3.0540E+03  4.4961E+01  4.5699E+01
  6.4000E-02  2.1352E-01  3.9990E+02  1.5199E-02  3.0540E+03  4.6411E+01  4.5699E+01
  6.6000E-02  2.2019E-01  3.9990E+02  1.5673E-02  3.0540E+03  4.7861E+01  4.5699E+01
  6.8000E-02  2.2686E-01  3.9990E+02  1.6148E-02  3.0540E+03  4.9312E+01  4.5699E+01
  7.0000E-02  2.3354E-01  3.9990E+02  1.6623E-02  3.0540E+03  5.0762E+01  4.5699E+01
  7.2000E-02  2.4021E-01  3.9990E+02  1.7098E-02  3.0540E+03  5.2212E+01  4.5699E+01
  7.4000E-02  2.4688E-01  3.9990E+02  1.7573E-02  3.0540E+03  5.3663E+01  4.5699E+01
  7.6000E-02  2.5355E-01  3.9990E+02  1.8048E-02  3.0540E+03  5.5113E+01  4.5699E+01
  7.8000E-02  2.6023E-01  3.9990E+02  1.8523E-02  3.0540E+03  5.6563E+01  4.5699E+01
  8.0000E-02  2.6690E-01  3.9990E+02  1.8998E-02  3.0540E+03  5.8014E+01  4.5699E+01
  8.2000E-02  2.7357E-01  3.9990E+02  1.9473E-02  3.0540E+03  5.9464E+01  4.5699E+01
  8.4000E-02  2.8024E-01  3.9990E+02  1.9948E-02  3.0540E+03  6.0914E+01  4.5699E+01
  8.6000E-02  2.8692E-01  3.9990E+02  2.0423E-02  3.0540E+03  6.2365E+01  4.5699E+01
  8.8000E-02  2.9359E-01  3.9990E+02  2.0898E-02  3.0540E+03  6.3815E+01  4.5699E+01
  9.0000E-02  3.0026E-01  3.9990E+02  2.1373E-02  3.0540E+03  6.5265E+01  4.5699E+01
  9.2000E-02  3.0693E-01  3.9990E+02  2.1848E-02  3.0540E+03  6.6716E+01  4.5699E+01
  9.4000E-02  3.1361E-01  3.9990E+02  2.2323E-02  3.0540E+03  6.8166E+01  4.5699E+01
  9.6000E-02  3.2028E-01  3.9990E+02  2.2798E-02  3.0540E+03  6.9617E+01  4.5699E+01
  9.8000E-02  3.2695E-01  3.9990E+02  2.3273E-02  3.0540E+03  7.1067E+01  4.5699E+01
  1.0000E-01  3.3362E-01  3.9990E+02  2.3748E-02  3.0540E+03  7.2517E+01  4.5699E+01
  1.0200E-01  3.4030E-01  3.9990E+02  2.4223E-02  3.0540E+03  7.3968E+01  4.5699E+01
  1.0400E-01  3.4697E-01  3.9990E+02  2.4698E-02  3.0540E+03  7.5418E+01  4.5699E+01
  1.0600E-01  3.5364E-01  3.9990E+02  2.5173E-02  3.0540E+03  7.6868E+01  4.5699E+01
  1.0800E-01  3.6031E-01  3.9990E+02  2.5648E-02  3.0540E+03  7.8319E+01  4.5699E+01
  1.1000E-01  3.6699E-01  3.9990E+02  2.6122E-02  3.0540E+03  7.9769E+01  4.5699E+01
  1.1200E-01  3.7366E-01  3.9990E+02  2.6597E-02  3.0540E+03  8.1219E+01  4.5699E+01
  1.1400E-01  3.8033E-01  3.9990E+02  2.7072E-02  3.0540E+03  8.2670E+01  4.5699E+01
  1.1600E-01  3.8700E-01  3.9990E+02  2.7547E-02  3.0540E+03  8.4120E+01  4.5699E+01
  1.1800E-01  3.9368E-01  3.9990E+02  2.8022E-02  3.0540E+03  8.5570E+01  4.5699E+01
  1.2000E-01  4.0035E-01  3.9990E+02  2.8497E-02  3.0540E+03  8.7021E+01  4.5699E+01
  1.2200E-01  4.0702E-01  3.9990E+02  2.8972E-02  3.0540E+03  8.8471E+01  4.5699E+01
  1.2400E-01  4.1369E-01  3.9990E+02  2.9447E-02  3.0540E+03  8.9921E+01  4.5699E+01
  1.2600E-01  4.2037E-01  3.9990E+02  2.9922E-02  3.0540E+03  9.1372E+01  4.5699E+01
  1.2800E-01  4.2704E-01  3.9990E+02  3.0397E-02  3.0540E+03  9.2822E+01  4.5699E+01
  1.3000E-01  4.3371E-01  3.9990E+02  3.0872E-02  3.0540E+03  9.4272E+01  4.5699E+01
  1.3200E-01  4.4038E-01  3.9990E+02  3.1347E-02  3.0540E+03  9.5723E+01  4.5699E+01
  1.3400E-01  4.4706E-01  3.9990E+02  3.1822E-02  3.0540E+03  9.7173E+01  4.5699E+01
  1.3600E-01  4.5373E-01  3.9990E+02  3.2297E-02  3.0540E+03  9.8623E+01  4.5699E+01
  1.3800E-01  4.6040E-01  3.9990E+02  3.2772E-02  3.0540E+03  1.0007E+02  4.5699E+01
  1.4000E-01  4.6707E-01  3.9990E+02  3.3247E-02  3.0540E+03  1.0152E+02  4.5699E+01
  1.4200E-01  4.7375E-01  3.9990E+02  3.3722E-02  3.0540E+03  1.0297E+02  4.5699E+01
  1.4400E-01  4.8042E-01  3.9990E+02  3.4197E-02  3.0540E+03  1.0442E+02  4.5699E+01
  1.4600E-01  4.8709E-01  3.9990E+02  3.4672E-02  3.0540E+03  1.0588E+02  4.5699E+01
  1.4800E-01  4.9376E-01  3.9990E+02  3.5147E-02  3.0540E+03  1.0733E+02  4.5699E+01
  1.5000E-01  5.0044E-01  3.9990E+02  3.5622E-02  3.0540E+03  1.0878E+02  4.5699E+01
  1.5200E-01  5.0711E-01  3.9990E+02  3.6096E-02  3.0540E+03  1.1023E+02  4.5699E+01
  1.5400E-01  5.1378E-01  3.9990E+02  3.6571E-02  3.0540E+03  1.1168E+02  4.5699E+01
  1.5600E-01  5.2045E-01  3.9990E+02  3.7046E-02  3.0540E+03  1.1313E+02  4.5699E+01
  1.5800E-01  5.2713E-01  3.9990E+02  3.7521E-02  3.0540E+03  1.1458E+02  4.5699E+01
  1.6000E-01  5.3380E-01  3.9990E+02  3.7996E-02  3.0540E+03  1.1603E+02  4.5699E+01
  1.6200E-01  5.4047E-01  3.9990E+02  3.8471E-02  3.0540E+03  1.1748E+02  4.5699E+01
  1.6400E-01  5.4714E-01  3.9990E+02  3.8946E-02  3.0540E+03  1.1893E+02  4.5699E+01
  1.6600E-01  5.5382E-01  3.9990E+02  3.9421E-02  3.0540E+03  1.2038E+02  4.5699E+01
  1.6800E-01  5.6049E-01  3.9990E+02  3.9896E-02  3.0540E+03  1.2183E+02  4.5699E+01
  1.7000E-01  5.6716E-01  3.9990E+02  4.0371E-02  3.0540E+03  1.2328E+02  4.5699E+01
  1.7200E-01  5.7383E-01  3.9990E+02  4.0846E-02  3.0540E+03  1.2473E+02  4.5699E+01
  1.7400E-01  5.8051E-01  3.9990E+02  4.1321E-02  3.0540E+03  1.2618E+02  4.5699E+01
  1.7600E-01  5.8718E-01  3.9990E+02  4.1796E-02  3.0540E+03  1.2763E+02  4.5699E+01
  1.7800E-01  5.9385E-01  3.9990E+02  4.2271E-02  3.0540E+03  1.2908E+02  4.5699E+01
  1.8000E-01  6.0052E-01  3.9990E+02  4.2746E-02  3.0540E+03  1.3053E+02  4.5699E+01
  1.8200E-01  6.0720E-01  3.9990E+02  4.3221E-02  3.0540E+03  1.3198E+02  4.5699E+01
  1.8400E-01  6.1387E-01  3.9990E+02  4.3696E-02  3.0540E+03  1.3343E+02  4.5699E+01
  1.8600E-01  6.2054E-01  3.9990E+02  4.4171E-02  3.0540E+03  1.3488E+02  4.5699E+01
  1.8800E-01  6.2721E-01  3.9990E+02  4.4646E-02  3.0540E+03  1.3633E+02  4.5699E+01
  1.9000E-01  6.3389E-01  3.9990E+02  4.5121E-02  3.0540E+03  1.3778E+02  4.5699E+01
  1.9200E-01  6.4056E-01  3.9990E+02  4.5596E-02  3.0540E+03  1.3923E+02  4.5699E+01
  1.9400E-01  6.4723E-01  3.9990E+02  4.6070E-02  3.0540E+03  1.4068E+02  4.5699E+01
  1.9600E-01  6.5390E-01  3.9990E+02  4.6543E-02  3.0540E+03  1.4213E+02  4.5697E+01
  1.9800E-01  6.6058E-01  3.9990E+02  4.7011E-02  3.0540E+03  1.4356E+02  4.5694E+01
  2.0000E-01  6.6725E-01  3.9990E+02  4.7471E-02  3.0540E+03  1.4496E+02  4.5687E+01
  2.0200E-01  6.7384E-01  3.9996E+02  8.4728E-03  3.0165E+03  2.5542E+01 -1.0841E+02
  2.0400E-01  6.8050E-01  3.9997E+02  8.3649E-03  3.0274E+03  2.5304E+01 -1.1989E+02
  2.0600E-01  6.8717E-01  3.9995E+02  8.1286E-03  3.0342E+03  2.4653E+01 -8.7693E+01
  2.0800E-01  6.9384E-01  3.9996E+02  8.1432E-03  3.0287E+03  2.4646E+01 -1.1116E+02
  2.1000E-01  7.0051E-01  3.9995E+02  7.9643E-03  3.0208E+03  2.4048E+01 -9.1991E+01
  2.1200E-01  7.0718E-01  3.9994E+02  7.8087E-03  3.0303E+03  2.3656E+01 -7.0811E+01
  2.1400E-01  7.1386E-01  3.9994E+02  7.7596E-03  3.0349E+03  2.3544E+01 -6.3804E+01
  2.1600E-01  7.2053E-01  3.9994E+02  7.6656E-03  3.0425E+03  2.3317E+01 -6.1521E+01
  2.1800E-01  7.2720E-01  3.9994E+02  7.6040E-03  3.0475E+03  2.3168E+01 -6.3357E+01
  2.2000E-01  7.3387E-01  3.9994E+02  7.5770E-03  3.0486E+03  2.3096E+01 -5.3688E+01
  2.2200E-01  7.4054E-01  3.9994E+02  7.5841E-03  3.0486E+03  2.3117E+01 -5.3860E+01
  2.2400E-01  7.4721E-01  3.9994E+02  7.5514E-03  3.0511E+03  2.3037E+01 -5.6483E+01
  2.2600E-01  7.5388E-01  3.9994E+02  7.4788E-03  3.0527E+03  2.2827E+01 -5.4611E+01
  2.2800E-01  7.6055E-01  3.9994E+02  7.4795E-03  3.0527E+03  2.2829E+01 -5.4746E+01
  2.3000E-01  7.6723E-01  3.9994E+02  7.4797E-03  3.0527E+03  2.2830E+01 -5.4859E+01
  2.3200E-01  7.7390E-01  3.9994E+02  7.4800E-03  3.0527E+03  2.2830E+01 -5.4946E+01
  2.3400E-01  7.8057E-01  3.9994E+02  7.4810E-03  3.0527E+03  2.2834E+01 -5.5002E+01
  2.3600E-01  7.8724E-01  3.9994E+02  7.4833E-03  3.0527E+03  2.2841E+01 -5.5028E+01
  2.3800E-01  7.9391E-01  3.9994E+02  7.4869E-03  3.0527E+03  2.2851E+01 -5.5029E+01
  2.4000E-01  8.0058E-01  3.9994E+02  7.4913E-03  3.0527E+03  2.2865E+01 -5.5015E+01
  2.4200E-01  8.0725E-01  3.9994E+02  7.4962E-03  3.0527E+03  2.2880E+01 -5.4994E+01
  2.4400E-01  8.1392E-01  3.9994E+02  7.5013E-03  3.0527E+03  2.2895E+01 -5.4969E+01
  2.4600E-01  8.2060E-01  3.9994E+02  7.5065E-03  3.0527E+03  2.2911E+01 -5.4943E+01
  2.4800E-01  8.2727E-01  3.9994E+02  7.5117E-03  3.0527E+03  2.2927E+01 -5.4916E+01
  2.5000E-01  8.3394E-01  3.9994E+02  7.5169E-03  3.0527E+03  2.2943E+01 -5.4890E+01
  2.5200E-01  8.4061E-01  3.9994E+02  7.5222E-03  3.0527E+03  2.2959E+01 -5.4863E+01
  2.5400E-01  8.4728E-01  3.9994E+02  7.5275E-03  3.0527E+03  2.2975E+01 -5.4836E+01
  2.5600E-01  8.5395E-01  3.9994E+02  7.5327E-03  3.0527E+03  2.2991E+01 -5.4809E+01
  2.5800E-01  8.6062E-01  3.9994E+02  7.5380E-03  3.0527E+03  2.3008E+01 -5.4782E+01
  2.6000E-01  8.6730E-01  3.9994E+02  7.5433E-03  3.0527E+03  2.3024E+01 -5.4756E+01
  2.6200E-01  8.7397E-01  3.9994E+02  7.5486E-03  3.0527E+03  2.3040E+01 -5.4729E+01
  2.6400E-01  8.8064E-01  3.9994E+02  7.5539E-03  3.0527E+03  2.3056E+01 -5.4702E+01
  2.6600E-01  8.8731E-01  3.9994E+02  7.5592E-03  3.0527E+03  2.3072E+01 -5.4675E+01
  2.6800E-01  8.9398E-01  3.9994E+02  7.5646E-03  3.0527E+03  2.3089E+01 -5.4648E+01
  2.7000E-01  9.0065E-01  3.9994E+02  7.5699E-03  3.0527E+03  2.3105E+01 -5.4621E+01
  2.7200E-01  9.0732E-01  3.9994E+02  7.5752E-03  3.0527E+03  2.3121E+01 -5.4594E+01
  2.7400E-01  9.1399E-01  3.9994E+02  7.5806E-03  3.0527E+03  2.3137E+01 -5.4567E+01
  2.7600E-01  9.2067E-01  3.9994E+02  7.5859E-03  3.0527E+03  2.3154E+01 -5.4540E+01
  2.7800E-01  9.2734E-01  3.9994E+02  7.5913E-03  3.0527E+03  2.3170E+01 -5.4513E+01
  2.8000E-01  9.3401E-01  3.9994E+02  7.5967E-03  3.0527E+03  2.3187E+01 -5.4486E+01
  2.8200E-01  9.4068E-01  3.9994E+02  7.6021E-03  3.0527E+03  2.3203E+01 -5.4459E+01
  2.8400E-01  9.4735E-01  3.9994E+02  7.6074E-03  3.0527E+03  2.3220E+01 -5.4431E+01
  2.8600E-01  9.5402E-01  3.9994E+02  7.6128E-03  3.0527E+03  2.3236E+01 -5.4404E+01
  2.8800E-01  9.6069E-01  3.9994E+02  7.6183E-03  3.0527E+03  2.3253E+01 -5.4377E+01
  2.9000E-01  9.6737E-01  3.9994E+02  7.6237E-03  3.0527E+03  2.3269E+01 -5.4350E+01
  2.9200E-01  9.7404E-01  3.9994E+02  7.6291E-03  3.0527E+03  2.3286E+01 -5.4323E+01
  2.9400E-01  9.8071E-01  3.9994E+02  7.6345E-03  3.0527E+03  2.3302E+01 -5.4295E+01
  2.9600E-01  9.8738E-01  3.9994E+02  7.6400E-03  3.0527E+03  2.3319E+01 -5.4268E+01
  2.9800E-01  9.9405E-01  3.9994E+02  7.6454E-03  3.0527E+03  2.3335E+01 -5.4241E+01
  3.0000E-01  1.0007E+00  3.9994E+02  7.6509E-03  3.0527E+03  2.3352E+01 -5.4214E+01
  3.0200E-01  1.0074E+00  3.9994E+02  7.6563E-03  3.0527E+03  2.3369E+01 -5.4186E+01
  3.0400E-01  1.0141E+00  3.9994E+02  7.6618E-03  3.0527E+03  2.3385E+01 -5.4159E+01
  3.0600E-01  1.0207E+00  3.9994E+02  7.6673E-03  3.0527E+03  2.3402E+01 -5.4132E+01
  3.0800E-01  1.0274E+00  3.9994E+02  7.6728E-03  3.0527E+03  2.3419E+01 -5.4104E+01
  3.1000E-01  1.0341E+00  3.9994E+02  7.6783E-03  3.0527E+03  2.3436E+01 -5.4077E+01
  3.1200E-01  1.0407E+00  3.9994E+02  7.6838E-03  3.0527E+03  2.3453E+01 -5.4049E+01
  3.1400E-01  1.0474E+00  3.9994E+02  7.6893E-03  3.0527E+03  2.3469E+01 -5.4022E+01
  3.1600E-01  1.0541E+00  3.9994E+02  7.6948E-03  3.0527E+03  2.3486E+01 -5.3995E+01
  3.1800E-01  1.0608E+00  3.9994E+02  7.7004E-03  3.0527E+03  2.3503E+01 -5.3967E+01
  3.2000E-01  1.0674E+00  3.9994E+02  7.7059E-03  3.0527E+03  2.3520E+01 -5.3940E+01
  3.2200E-01  1.0741E+00  3.9994E+02  7.7114E-03  3.0527E+03  2.3537E+01 -5.3912E+01
  3.2400E-01  1.0808E+00  3.9994E+02  7.7170E-03  3.0527E+03  2.3554E+01 -5.3885E+01
  3.2600E-01  1.0874E+00  3.9994E+02  7.7226E-03  3.0527E+03  2.3571E+01 -5.3857E+01
  3.2800E-01  1.0941E+00  3.9994E+02  7.7281E-03  3.0527E+03  2.3588E+01 -5.3830E+01
  3.3000E-01  1.1008E+00  3.9994E+02  7.7337E-03  3.0527E+03  2.3605E+01 -5.3802E+01
  3.3200E-01  1.1075E+00  3.9994E+02  7.7393E-03  3.0527E+03  2.3622E+01 -5.3775E+01
  3.3400E-01  1.1141E+00  3.9994E+02  7.7449E-03  3.0527E+03  2.3639E+01 -5.3747E+01
  3.3600E-01  1.1208E+00  3.9994E+02  7.7505E-03  3.0527E+03  2.3656E+01 -5.3719E+01
  3.3800E-01  1.1275E+00  3.9994E+02  7.7561E-03  3.0527E+03  2.3673E+01 -5.3692E+01
  3.4000E-01  1.1341E+00  3.9994E+02  7.7617E-03  3.0527E+03  2.3690E+01 -5.3664E+01
  3.4200E-01  1.1408E+00  3.9994E+02  7.7673E-03  3.0527E+03  2.3708E+01 -5.3637E+01
  3.4400E-01  1.1475E+00  3.9994E+02  7.7730E-03  3.0527E+03  2.3725E+01 -5.3609E+01
  3.4600E-01  1.1542E+00  3.9994E+02  7.7786E-03  3.0527E+03  2.3742E+01 -5.3581E+01
  3.4800E-01  1.1608E+00  3.9994E+02  7.7843E-03  3.0527E+03  2.3759E+01 -5.3554E+01
  3.5000E-01  1.1675E+00  3.9994E+02  7.7899E-03  3.0527E+03  2.3777E+01 -5.3526E+01
  3.5200E-01  1.1742E+00  3.9994E+02  7.7956E-03  3.0527E+03  2.3794E+01 -5.3498E+01
  3.5400E-01  1.1808E+00  3.9994E+02  7.8013E-03  3.0527E+03  2.3811E+01 -5.3470E+01
  3.5600E-01  1.1875E+00  3.9994E+02  7.8069E-03  3.0527E+03  2.3829E+01 -5.3443E+01
  3.5800E-01  1.1942E+00  3.9994E+02  7.8126E-03  3.0527E+03  2.3846E+01 -5.3415E+01
  3.6000E-01  1.2009E+00  3.9994E+02  7.8183E-03  3.0527E+03  2.3863E+01 -5.3387E+01
  3.6200E-01  1.2075E+00  3.9994E+02  7.8240E-03  3.0527E+03  2.3881E+01 -5.3359E+01
  3.6400E-01  1.2142E+00  3.9994E+02  7.8297E-03  3.0527E+03  2.3898E+01 -5.3332E+01
  3.6600E-01  1.2209E+00  3.9994E+02  7.8354E-03  3.0527E+03  2.3916E+01 -5.3304E+01
  3.6800E-01  1.2275E+00  3.9994E+02  7.8412E-03  3.0527E+03  2.3933E+01 -5.3276E+01
  3.7000E-01  1.2342E+00  3.9994E+02  7.8469E-03  3.0527E+03  2.3951E+01 -5.3248E+01
  3.7200E-01  1.2409E+00  3.9994E+02  7.8526E-03  3.0527E+03  2.3968E+01 -5.3221E+01
  3.7400E-01  1.2476E+00  3.9994E+02  7.8584E-03  3.0527E+03  2.3986E+01 -5.3193E+01
  3.7600E-01  1.2542E+00  3.9994E+02  7.8641E-03  3.0527E+03  2.4003E+01 -5.3165E+01
  3.7800E-01  1.2609E+00  3.9994E+02  7.8699E-03  3.0527E+03  2.4021E+01 -5.3137E+01
  3.8000E-01  1.2676E+00  3.9994E+02  7.8757E-03  3.0527E+03  2.4038E+01 -5.3109E+01
  3.8200E-01  1.2742E+00  3.9994E+02  7.8815E-03  3.0527E+03  2.4056E+01 -5.3081E+01
  3.8400E-01  1.2809E+00  3.9994E+02  7.8872E-03  3.0527E+03  2.4074E+01 -5.3053E+01
  3.8600E-01  1.2876E+00  3.9994E+02  7.8930E-03  3.0527E+03  2.4091E+01 -5.3026E+01
  3.8800E-01  1.2943E+00  3.9994E+02  7.8988E-03  3.0527E+03  2.4109E+01 -5.2998E+01
  3.9000E-01  1.3009E+00  3.9994E+02  7.9046E-03  3.0527E+03  2.4127E+01 -5.2970E+01
  3.9200E-01  1.3076E+00  3.9994E+02  7.9105E-03  3.0527E+03  2.4145E+01 -5.2942E+01
  3.9400E-01  1.3143E+00  3.9994E+02  7.9163E-03  3.0527E+03  2.4162E+01 -5.2914E+01
  3.9600E-01  1.3209E+00  3.9994E+02  7.9221E-03  3.0527E+03  2.4180E+01 -5.2886E+01
  3.9800E-01  1.3276E+00  3.9994E+02  7.9279E-03  3.0527E+03  2.4198E+01 -5.2858E+01
  4.0000E-01  1.3343E+00  3.9994E+02  7.9338E-03  3.0527E+03  2.4216E+01 -5.2830E+01
  4.0200E-01  1.3410E+00  3.9994E+02  7.9396E-03  3.0527E+03  2.4234E+01 -5.2802E+01
  4.0400E-01  1.3476E+00  3.9994E+02  7.9455E-03  3.0527E+03  2.4252E+01 -5.2774E+01
  4.0600E-01  1.3543E+00  3.9994E+02  7.9514E-03  3.0527E+03  2.4269E+01 -5.2746E+01
  4.0800E-01  1.3610E+00  3.9994E+02  7.9572E-03  3.0527E+03  2.4287E+01 -5.2718E+01
  4.1000E-01  1.3676E+00  3.9994E+02  7.9631E-03  3.0527E+03  2.4305E+01 -5.2690E+01
  4.1200E-01  1.3743E+00  3.9994E+02  7.9690E-03  3.0527E+03  2.4323E+01 -5.2662E+01
  4.1400E-01  1.3810E+00  3.9994E+02  7.9749E-03  3.0527E+03  2.4341E+01 -5.2634E+01
  4.1600E-01  1.3877E+00  3.9994E+02  7.9808E-03  3.0527E+03  2.4359E+01 -5.2606E+01
  4.1800E-01  1.3943E+00  3.9994E+02  7.9867E-03  3.0527E+03  2.4377E+01 -5.2578E+01
  4.2000E-01  1.4010E+00  3.9994E+02  7.9926E-03  3.0527E+03  2.4395E+01 -5.2550E+01
  4.2200E-01  1.4077E+00  3.9994E+02  7.9986E-03  3.0527E+03  2.4414E+01 -5.2522E+01
  4.2400E-01  1.4143E+00  3.9994E+02  8.0045E-03  3.0527E+03  2.4432E+01 -5.2494E+01
  4.2600E-01  1.4210E+00  3.9994E+02  8.0104E-03  3.0527E+03  2.4450E+01 -5.2466E+01
  4.2800E-01  1.4277E+00  3.9994E+02  8.0164E-03  3.0527E+03  2.4468E+01 -5.2438E+01
  4.3000E-01  1.4344E+00  3.9994E+02  8.0223E-03  3.0527E+03  2.4486E+01 -5.2410E+01
  4.3200E-01  1.4410E+00  3.9994E+02  8.0283E-03  3.0527E+03  2.4504E+01 -5.2382E+01
  4.3400E-01  1.4477E+00  3.9994E+02  8.0343E-03  3.0527E+03  2.4522E+01 -5.2354E+01
  4.3600E-01  1.4544E+00  3.9994E+02  8.0402E-03  3.0527E+03  2.4541E+01 -5.2326E+01
  4.3800E-01  1.4610E+00  3.9994E+02  8.0462E-03  3.0527E+03  2.4559E+01 -5.2298E+01
  4.4000E-01  1.4677E+00  3.9994E+02  8.0522E-03  3.0527E+03  2.4577E+01 -5.2270E+01
  4.4200E-01  1.4744E+00  3.9994E+02  8.0582E-03  3.0527E+03  2.4596E+01 -5.2242E+01
  4.4400E-01  1.4811E+00  3.9994E+02  8.0642E-03  3.0527E+03  2.4614E+01 -5.2214E+01
  4.4600E-01  1.4877E+00  3.9994E+02  8.0702E-03  3.0527E+03  2.4632E+01 -5.2186E+01
  4.4800E-01  1.4944E+00  3.9994E+02  8.0762E-03  3.0527E+03  2.4651E+01 -5.2158E+01
  4.5000E-01  1.5011E+00  3.9994E+02  8.0822E-03  3.0527E+03  2.4669E+01 -5.2130E+01
  4.5200E-01  1.5077E+00  3.9994E+02  8.0883E-03  3.0527E+03  2.4687E+01 -5.2101E+01
  4.5400E-01  1.5144E+00  3.9994E+02  8.0943E-03  3.0527E+03  2.4706E+01 -5.2073E+01
  4.5600E-01  1.5211E+00  3.9994E+02  8.1003E-03  3.0527E+03  2.4724E+01 -5.2045E+01
  4.5800E-01  1.5278E+00  3.9994E+02  8.1064E-03  3.0527E+03  2.4743E+01 -5.2017E+01
  4.6000E-01  1.5344E+00  3.9994E+02  8.1125E-03  3.0527E+03  2.4761E+01 -5.1989E+01
  4.6200E-01  1.5411E+00  3.9994E+02  8.1185E-03  3.0527E+03  2.4780E+01 -5.1961E+01
  4.6400E-01  1.5478E+00  3.9994E+02  8.1246E-03  3.0527E+03  2.4798E+01 -5.1933E+01
  4.6600E-01  1.5544E+00  3.9994E+02  8.1307E-03  3.0527E+03  2.4817E+01 -5.1905E+01
  4.6800E-01  1.5611E+00  3.9994E+02  8.1367E-03  3.0527E+03  2.4835E+01 -5.1877E+01
  4.7000E-01  1.5678E+00  3.9994E+02  8.1428E-03  3.0527E+03  2.4854E+01 -5.1849E+01
  4.7200E-01  1.5745E+00  3.9994E+02  8.1489E-03  3.0527E+03  2.4873E+01 -5.1821E+01
  4.7400E-01  1.5811E+00  3.9994E+02  8.1550E-03  3.0527E+03  2.4891E+01 -5.1792E+01
  4.7600E-01  1.5878E+00  3.9994E+02  8.1612E-03  3.0527E+03  2.4910E+01 -5.1764E+01
  4.7800E-01  1.5945E+00  3.9994E+02  8.1673E-03  3.0527E+03  2.4929E+01 -5.1736E+01
  4.8000E-01  1.6011E+00  3.9994E+02  8.1734E-03  3.0527E+03  2.4947E+01 -5.1708E+01
  4.8200E-01  1.6078E+00  3.9994E+02  8.1795E-03  3.0527E+03  2.4966E+01 -5.1680E+01
  4.8400E-01  1.6145E+00  3.9994E+02  8.1857E-03  3.0527E+03  2.4985E+01 -5.1652E+01
  4.8600E-01  1.6212E+00  3.9994E+02  8.1918E-03  3.0527E+03  2.5004E+01 -5.1624E+01
  4.8800E-01  1.6278E+00  3.9994E+02  8.1980E-03  3.0527E+03  2.5022E+01 -5.1596E+01
  4.9000E-01  1.6345E+00  3.9994E+02  8.2041E-03  3.0527E+03  2.5041E+01 -5.1568E+01
  4.9200E-01  1.6412E+00  3.9994E+02  8.2103E-03  3.0527E+03  2.5060E+01 -5.1540E+01
  4.9400E-01  1.6478E+00  3.9994E+02  8.2165E-03  3.0527E+03  2.5079E+01 -5.1511E+01
  4.9600E-01  1.6545E+00  3.9994E+02  8.2226E-03  3.0527E+03  2.5098E+01 -5.1483E+01
  4.9800E-01  1.6612E+00  3.9994E+02  8.2288E-03  3.0527E+03  2.5116E+01 -5.1455E+01
  5.0000E-01  1.6679E+00  3.9994E+02  8.2350E-03  3.0527E+03  2.5135E+01 -5.1427E+01
  5.0200E-01  1.6745E+00  3.9994E+02  8.2412E-03  3.0527E+03  2.5154E+01 -5.1399E+01
  5.0400E-01  1.6812E+00  3.9994E+02  8.2474E-03  3.0527E+03  2.5173E+01 -5.1371E+01
  5.0600E-01  1.6879E+00  3.9994E+02  8.2536E-03  3.0527E+03  2.5192E+01 -5.1343E+01
  5.0800E-01  1.6945E+00  3.9994E+02  8.2598E-03  3.0527E+03  2.5211E+01 -5.1315E+01
  5.1000E-01  1.7012E+00  3.9994E+02  8.2661E-03  3.0527E+03  2.5230E+01 -5.1287E+01
  5.1200E-01  1.7079E+00  3.9994E+02  8.2723E-03  3.0527E+03  2.5249E+01 -5.1259E+01
  5.1400E-01  1.7146E+00  3.9994E+02  8.2785E-03  3.0527E+03  2.5268E+01 -5.1231E+01
  5.1600E-01  1.7212E+00  3.9994E+02  8.2848E-03  3.0527E+03  2.5287E+01 -5.1203E+01
  5.1800E-01  1.7279E+00  3.9994E+02  8.2910E-03  3.0527E+03  2.5306E+01 -5.1174E+01
  5.2000E-01  1.7346E+00  3.9994E+02  8.2973E-03  3.0527E+03  2.5325E+01 -5.1146E+01
  5.2200E-01  1.7412E+00  3.9994E+02  8.3035E-03  3.0527E+03  2.5345E+01 -5.1118E+01
  5.2400E-01  1.7479E+00  3.9994E+02  8.3098E-03  3.0527E+03  2.5364E+01 -5.1090E+01
  5.2600E-01  1.7546E+00  3.9994E+02  8.3161E-03  3.0527E+03  2.5383E+01 -5.1062E+01
  5.2800E-01  1.7613E+00  3.9994E+02  8.3224E-03  3.0527E+03  2.5402E+01 -5.1034E+01
  5.3000E-01  1.7679E+00  3.9994E+02  8.3286E-03  3.0527E+03  2.5421E+01 -5.1006E+01
  5.3200E-01  1.7746E+00  3.9994E+02  8.3349E-03  3.0527E+03  2.5440E+01 -5.0978E+01
  5.3400E-01  1.7813E+00  3.9994E+02  8.3412E-03  3.0527E+03  2.5460E+01 -5.0950E+01
  5.3600E-01  1.7879E+00  3.9994E+02  8.3475E-03  3.0527E+03  2.5479E+01 -5.0922E+01
  5.3800E-01  1.7946E+00  3.9994E+02  8.3539E-03  3.0527E+03  2.5498E+01 -5.0894E+01
  5.4000E-01  1.8013E+00  3.9994E+02  8.3602E-03  3.0527E+03  2.5518E+01 -5.0866E+01
  5.4200E-01  1.8080E+00  3.9994E+02  8.3665E-03  3.0527E+03  2.5537E+01 -5.0838E+01
  5.4400E-01  1.8146E+00  3.9994E+02  8.3728E-03  3.0527E+03  2.5556E+01 -5.0810E+01
  5.4600E-01  1.8213E+00  3.9994E+02  8.3792E-03  3.0527E+03  2.5576E+01 -5.0782E+01
  5.4800E-01  1.8280E+00  3.9994E+02  8.3855E-03  3.0527E+03  2.5595E+01 -5.0754E+01
  5.5000E-01  1.8346E+00  3.9994E+02  8.3919E-03  3.0527E+03  2.5614E+01 -5.0726E+01
  5.5200E-01  1.8413E+00  3.9994E+02  8.3982E-03  3.0527E+03  2.5634E+01 -5.0698E+01
  5.5400E-01  1.8480E+00  3.9994E+02  8.4046E-03  3.0527E+03  2.5653E+01 -5.0670E+01
  5.5600E-01  1.8547E+00  3.9994E+02  8.4110E-03  3.0527E+03  2.5673E+01 -5.0642E+01
  5.5800E-01  1.8613E+00  3.9994E+02  8.4173E-03  3.0527E+03  2.5692E+01 -5.0614E+01
  5.6000E-01  1.8680E+00  3.9994E+02  8.4237E-03  3.0527E+03  2.5711E+01 -5.0586E+01
  5.6200E-01  1.8747E+00  3.9994E+02  8.4301E-03  3.0527E+03  2.5731E+01 -5.0558E+01
  5.6400E-01  1.8813E+00  3.9994E+02  8.4365E-03  3.0527E+03  2.5751E+01 -5.0530E+01
  5.6600E-01  1.8880E+00  3.9994E+02  8.4429E-03  3.0527E+03  2.5770E+01 -5.0502E+01
  5.6800E-01  1.8947E+00  3.9994E+02  8.4493E-03  3.0527E+03  2.5790E+01 -5.0474E+01
  5.7000E-01  1.9014E+00  3.9994E+02  8.4557E-03  3.0527E+03  2.5809E+01 -5.0446E+01
  5.7200E-01  1.9080E+00  3.9994E+02  8.4621E-03  3.0527E+03  2.5829E+01 -5.0418E+01
  5.7400E-01  1.9147E+00  3.9994E+02  8.4686E-03  3.0527E+03  2.5848E+01 -5.0390E+01
  5.7600E-01  1.9214E+00  3.9994E+02  8.4750E-03  3.0527E+03  2.5868E+01 -5.0362E+01
  5.7800E-01  1.9280E+00  3.9994E+02  8.4814E-03  3.0527E+03  2.5888E+01 -5.0334E+01
  5.8000E-01  1.9347E+00  3.9994E+02  8.4879E-03  3.0527E+03  2.5907E+01 -5.0306E+01
  5.8200E-01  1.9414E+00  3.9994E+02  8.4943E-03  3.0527E+03  2.5927E+01 -5.0278E+01
  5.8400E-01  1.9480E+00  3.9994E+02  8.5008E-03  3.0527E+03  2.5947E+01 -5.0250E+01
  5.8600E-01  1.9547E+00  3.9994E+02  8.5072E-03  3.0527E+03  2.5966E+01 -5.0223E+01
  5.8800E-01  1.9614E+00  3.9994E+02  8.5137E-03  3.0527E+03  2.5986E+01 -5.0195E+01
  5.9000E-01  1.9681E+00  3.9994E+02  8.5202E-03  3.0527E+03  2.6006E+01 -5.0167E+01
  5.9200E-01  1.9747E+00  3.9994E+02  8.5266E-03  3.0527E+03  2.6026E+01 -5.0139E+01
  5.9400E-01  1.9814E+00  3.9994E+02  8.5331E-03  3.0527E+03  2.6045E+01 -5.0111E+01
  5.9600E-01  1.9881E+00  3.9994E+02  8.5396E-03  3.0527E+03  2.6065E+01 -5.0083E+01
  5.9800E-01  1.9947E+00  3.9994E+02  8.5461E-03  3.0527E+03  2.6085E+01 -5.0055E+01
  6.0000E-01  2.0014E+00  3.9994E+02  8.5526E-03  3.0527E+03  2.6105E+01 -5.0027E+01
  6.0200E-01  2.0081E+00  3.9994E+02  8.5591E-03  3.0527E+03  2.6125E+01 -5.0000E+01
  6.0400E-01  2.0148E+00  3.9994E+02  8.5656E-03  3.0527E+03  2.6145E+01 -4.9972E+01
  6.0600E-01  2.0214E+00  3.9994E+02  8.5721E-03  3.0527E+03  2.6165E+01 -4.9944E+01
  6.0800E-01  2.0281E+00  3.9994E+02  8.5787E-03  3.0527E+03  2.6185E+01 -4.9916E+01
  6.1000E-01  2.0348E+00  3.9994E+02  8.5852E-03  3.0527E+03  2.6204E+01 -4.9888E+01
  6.1200E-01  2.0414E+00  3.9994E+02  8.5917E-03  3.0527E+03  2.6224E+01 -4.9860E+01
  6.1400E-01  2.0481E+00  3.9994E+02  8.5983E-03  3.0527E+03  2.6244E+01 -4.9833E+01
  6.1600E-01  2.0548E+00  3.9994E+02  8.6048E-03  3.0527E+03  2.6264E+01 -4.9805E+01
  6.1800E-01  2.0615E+00  3.9994E+02  8.6114E-03  3.0527E+03  2.6284E+01 -4.9777E+01
  6.2000E-01  2.0681E+00  3.9994E+02  8.6179E-03  3.0527E+03  2.6304E+01 -4.9749E+01
  6.2200E-01  2.0748E+00  3.9994E+02  8.6245E-03  3.0527E+03  2.6324E+01 -4.9722E+01
  6.2400E-01  2.0815E+00  3.9994E+02  8.6311E-03  3.0527E+03  2.6344E+01 -4.9694E+01
  6.2600E-01  2.0881E+00  3.9994E+02  8.6376E-03  3.0527E+03  2.6365E+01 -4.9666E+01
  6.2800E-01  2.0948E+00  3.9994E+02  8.6442E-03  3.0527E+03  2.6385E+01 -4.9638E+01
  6.3000E-01  2.1015E+00  3.9994E+02  8.6508E-03  3.0527E+03  2.6405E+01 -4.9611E+01
  6.3200E-01  2.1082E+00  3.9994E+02  8.6574E-03  3.0527E+03  2.6425E+01 -4.9583E+01
  6.3400E-01  2.1148E+00  3.9994E+02  8.6640E-03  3.0527E+03  2.6445E+01 -4.9555E+01
  6.3600E-01  2.1215E+00  3.9994E+02  8.6706E-03  3.0527E+03  2.6465E+01 -4.9528E+01
  6.3800E-01  2.1282E+00  3.9994E+02  8.6772E-03  3.0527E+03  2.6485E+01 -4.9500E+01
  6.4000E-01  2.1348E+00  3.9994E+02  8.6838E-03  3.0527E+03  2.6506E+01 -4.9472E+01
  6.4200E-01  2.1415E+00  3.9994E+02  8.6904E-03  3.0527E+03  2.6526E+01 -4.9445E+01
  6.4400E-01  2.1482E+00  3.9994E+02  8.6971E-03  3.0527E+03  2.6546E+01 -4.9417E+01
  6.4600E-01  2.1549E+00  3.9994E+02  8.7037E-03  3.0527E+03  2.6566E+01 -4.9389E+01
  6.4800E-01  2.1615E+00  3.9994E+02  8.7103E-03  3.0527E+03  2.6587E+01 -4.9362E+01
  6.5000E-01  2.1682E+00  3.9994E+02  8.7170E-03  3.0527E+03  2.6607E+01 -4.9334E+01
  6.5200E-01  2.1749E+00  3.9994E+02  8.7236E-03  3.0527E+03  2.6627E+01 -4.9307E+01
  6.5400E-01  2.1815E+00  3.9994E+02  8.7303E-03  3.0527E+03  2.6647E+01 -4.9279E+01
  6.5600E-01  2.1882E+00  3.9994E+02  8.7369E-03  3.0527E+03  2.6668E+01 -4.9251E+01
  6.5800E-01  2.1949E+00  3.9994E+02  8.7436E-03  3.0527E+03  2.6688E+01 -4.9224E+01
  6.6000E-01  2.2016E+00  3.9994E+02  8.7503E-03  3.0527E+03  2.6708E+01 -4.9196E+01
  6.6200E-01  2.2082E+00  3.9994E+02  8.7569E-03  3.0527E+03  2.6729E+01 -4.9169E+01
  6.6400E-01  2.2149E+00  3.9994E+02  8.7636E-03  3.0527E+03  2.6749E+01 -4.9141E+01
  6.6600E-01  2.2216E+00  3.9994E+02  8.7703E-03  3.0527E+03  2.6770E+01 -4.9114E+01
  6.6800E-01  2.2282E+00  3.9994E+02  8.7770E-03  3.0527E+03  2.6790E+01 -4.9086E+01
  6.7000E-01  2.2349E+00  3.9994E+02  8.7837E-03  3.0527E+03  2.6811E+01 -4.9059E+01
  6.7200E-01  2.2416E+00  3.9994E+02  8.7904E-03  3.0527E+03  2.6831E+01 -4.9031E+01
  6.7400E-01  2.2483E+00  3.9994E+02  8.7971E-03  3.0527E+03  2.6851E+01 -4.9004E+01
  6.7600E-01  2.2549E+00  3.9994E+02  8.8038E-03  3.0527E+03  2.6872E+01 -4.8976E+01
  6.7800E-01  2.2616E+00  3.9994E+02  8.8105E-03  3.0527E+03  2.6892E+01 -4.8949E+01
  6.8000E-01  2.2683E+00  3.9994E+02  8.8173E-03  3.0527E+03  2.6913E+01 -4.8921E+01
  6.8200E-01  2.2749E+00  3.9994E+02  8.8240E-03  3.0527E+03  2.6934E+01 -4.8894E+01
  6.8400E-01  2.2816E+00  3.9994E+02  8.8307E-03  3.0527E+03  2.6954E+01 -4.8867E+01
  6.8600E-01  2.2883E+00  3.9994E+02  8.8375E-03  3.0527E+03  2.6975E+01 -4.8839E+01
  6.8800E-01  2.2950E+00  3.9994E+02  8.8442E-03  3.0527E+03  2.6995E+01 -4.8812E+01
  6.9000E-01  2.3016E+00  3.9994E+02  8.8510E-03  3.0527E+03  2.7016E+01 -4.8784E+01
  6.9200E-01  2.3083E+00  3.9994E+02  8.8577E-03  3.0527E+03  2.7036E+01 -4.8757E+01
  6.9400E-01  2.3150E+00  3.9994E+02  8.8645E-03  3.0527E+03  2.7057E+01 -4.8730E+01
  6.9600E-01  2.3216E+00  3.9994E+02  8.8713E-03  3.0527E+03  2.7078E+01 -4.8702E+01
  6.9800E-01  2.3283E+00  3.9994E+02  8.8780E-03  3.0527E+03  2.7098E+01 -4.8675E+01
  7.0000E-01  2.3350E+00  3.9994E+02  8.8848E-03  3.0527E+03  2.7119E+01 -4.8648E+01
  7.0200E-01  2.3417E+00  3.9994E+02  8.8916E-03  3.0527E+03  2.7140E+01 -4.8620E+01
  7.0400E-01  2.3483E+00  3.9994E+02  8.8984E-03  3.0527E+03  2.7161E+01 -4.8593E+01
  7.0600E-01  2.3550E+00  3.9994E+02  8.9052E-03  3.0527E+03  2.7181E+01 -4.8566E+01
  7.0800E-01  2.3617E+00  3.9994E+02  8.9120E-03  3.0527E+03  2.7202E+01 -4.8539E+01
  7.1000E-01  2.3683E+00  3.9994E+02  8.9188E-03  3.0527E+03  2.7223E+01 -4.8511E+01
  7.1200E-01  2.3750E+00  3.9994E+02  8.9256E-03  3.0527E+03  2.7244E+01 -4.8484E+01
  7.1400E-01  2.3817E+00  3.9994E+02  8.9324E-03  3.0527E+03  2.7264E+01 -4.8457E+01
  7.1600E-01  2.3884E+00  3.9994E+02  8.9392E-03  3.0527E+03  2.7285E+01 -4.8430E+01
  7.1800E-01  2.3950E+00  3.9994E+02  8.9460E-03  3.0527E+03  2.7306E+01 -4.8402E+01
  7.2000E-01  2.4017E+00  3.9994E+02  8.9529E-03  3.0527E+03  2.7327E+01 -4.8375E+01
  7.2200E-01  2.4084E+00  3.9994E+02  8.9597E-03  3.0527E+03  2.7348E+01 -4.8348E+01
  7.2400E-01  2.4150E+00  3.9994E+02  8.9665E-03  3.0527E+03  2.7369E+01 -4.8321E+01
  7.2600E-01  2.4217E+00  3.9994E+02  8.9734E-03  3.0527E+03  2.7390E+01 -4.8294E+01
  7.2800E-01  2.4284E+00  3.9994E+02  8.9802E-03  3.0527E+03  2.7410E+01 -4.8267E+01
  7.3000E-01  2.4351E+00  3.9994E+02  8.9871E-03  3.0527E+03  2.7431E+01 -4.8240E+01
  7.3200E-01  2.4417E+00  3.9994E+02  8.9939E-03  3.0527E+03  2.7452E+01 -4.8213E+01
  7.3400E-01  2.4484E+00  3.9994E+02  9.0008E-03  3.0527E+03  2.7473E+01 -4.8185E+01
  7.3600E-01  2.4551E+00  3.9994E+02  9.0077E-03  3.0527E+03  2.7494E+01 -4.8158E+01
  7.3800E-01  2.4617E+00  3.9994E+02  9.0145E-03  3.0527E+03  2.7515E+01 -4.8131E+01
  7.4000E-01  2.4684E+00  3.9994E+02  9.0214E-03  3.0527E+03  2.7536E+01 -4.8104E+01
  7.4200E-01  2.4751E+00  3.9994E+02  9.0283E-03  3.0527E+03  2.7557E+01 -4.8077E+01
  7.4400E-01  2.4818E+00  3.9994E+02  9.0352E-03  3.0527E+03  2.7578E+01 -4.8050E+01
  7.4600E-01  2.4884E+00  3.9994E+02  9.0421E-03  3.0527E+03  2.7599E+01 -4.8023E+01
  7.4800E-01  2.4951E+00  3.9994E+02  9.0490E-03  3.0527E+03  2.7620E+01 -4.7996E+01
  7.5000E-01  2.5018E+00  3.9994E+02  9.0559E-03  3.0527E+03  2.7641E+01 -4.7969E+01
  7.5200E-01  2.5084E+00  3.9994E+02  9.0628E-03  3.0527E+03  2.7663E+01 -4.7942E+01
  7.5400E-01  2.5151E+00  3.9994E+02  9.0697E-03  3.0527E+03  2.7684E+01 -4.7916E+01
  7.5600E-01  2.5218E+00  3.9994E+02  9.0766E-03  3.0527E+03  2.7705E+01 -4.7889E+01
  7.5800E-01  2.5285E+00  3.9994E+02  9.0836E-03  3.0527E+03  2.7726E+01 -4.7862E+01
  7.6000E-01  2.5351E+00  3.9994E+02  9.0905E-03  3.0527E+03  2.7747E+01 -4.7835E+01
  7.6200E-01  2.5418E+00  3.9994E+02  9.0974E-03  3.0527E+03  2.7768E+01 -4.7808E+01
  7.6400E-01  2.5485E+00  3.9994E+02  9.1044E-03  3.0527E+03  2.7789E+01 -4.7781E+01
  7.6600E-01  2.5551E+00  3.9994E+02  9.1113E-03  3.0527E+03  2.7811E+01 -4.7754E+01
  7.6800E-01  2.5618E+00  3.9994E+02  9.1182E-03  3.0527E+03  2.7832E+01 -4.7727E+01
  7.7000E-01  2.5685E+00  3.9994E+02  9.1252E-03  3.0527E+03  2.7853E+01 -4.7701E+01
  7.7200E-01  2.5752E+00  3.9994E+02  9.1322E-03  3.0527E+03  2.7874E+01 -4.7674E+01
  7.7400E-01  2.5818E+00  3.9994E+02  9.1391E-03  3.0527E+03  2.7896E+01 -4.7647E+01
  7.7600E-01  2.5885E+00  3.9994E+02  9.1461E-03  3.0527E+03  2.7917E+01 -4.7620E+01
  7.7800E-01  2.5952E+00  3.9994E+02  9.1531E-03  3.0527E+03  2.7938E+01 -4.7594E+01
  7.8000E-01  2.6018E+00  3.9994E+02  9.1600E-03  3.0527E+03  2.7959E+01 -4.7567E+01
  7.8200E-01  2.6085E+00  3.9994E+02  9.1670E-03  3.0527E+03  2.7981E+01 -4.7540E+01
  7.8400E-01  2.6152E+00  3.9994E+02  9.1740E-03  3.0527E+03  2.8002E+01 -4.7513E+01
  7.8600E-01  2.6219E+00  3.9994E+02  9.1810E-03  3.0527E+03  2.8023E+01 -4.7487E+01
  7.8800E-01  2.6285E+00  3.9994E+02  9.1880E-03  3.0527E+03  2.8045E+01 -4.7460E+01
  7.9000E-01  2.6352E+00  3.9994E+02  9.1950E-03  3.0527E+03  2.8066E+01 -4.7433E+01
  7.9200E-01  2.6419E+00  3.9994E+02  9.2020E-03  3.0527E+03  2.8087E+01 -4.7407E+01
  7.9400E-01  2.6485E+00  3.9994E+02  9.2090E-03  3.0527E+03  2.8109E+01 -4.7380E+01
  7.9600E-01  2.6552E+00  3.9994E+02  9.2160E-03  3.0527E+03  2.8130E+01 -4.7354E+01
  7.9800E-01  2.6619E+00  3.9994E+02  9.2230E-03  3.0527E+03  2.8152E+01 -4.7327E+01
  8.0000E-01  2.6686E+00  3.9994E+02  9.2301E-03  3.0527E+03  2.8173E+01 -4.7300E+01
  8.0200E-01  2.6752E+00  3.9994E+02  9.2371E-03  3.0527E+03  2.8195E+01 -4.7274E+01
  8.0400E-01  2.6819E+00  3.9994E+02  9.2441E-03  3.0527E+03  2.8216E+01 -4.7247E+01
  8.0600E-01  2.6886E+00  3.9994E+02  9.2512E-03  3.0527E+03  2.8238E+01 -4.7221E+01
  8.0800E-01  2.6952E+00  3.9994E+02  9.2582E-03  3.0527E+03  2.8259E+01 -4.7194E+01
  8.1000E-01  2.7019E+00  3.9994E+02  9.2652E-03  3.0527E+03  2.8281E+01 -4.7168E+01
  8.1200E-01  2.7086E+00  3.9994E+02  9.2723E-03  3.0527E+03  2.8302E+01 -4.7141E+01
  8.1400E-01  2.7153E+00  3.9994E+02  9.2793E-03  3.0527E+03  2.8324E+01 -4.7115E+01
  8.1600E-01  2.7219E+00  3.9994E+02  9.2864E-03  3.0527E+03  2.8345E+01 -4.7089E+01
  8.1800E-01  2.7286E+00  3.9994E+02  9.2935E-03  3.0527E+03  2.8367E+01 -4.7062E+01
  8.2000E-01  2.7353E+00  3.9994E+02  9.3005E-03  3.0527E+03  2.8388E+01 -4.7036E+01
  8.2200E-01  2.7419E+00  3.9994E+02  9.3076E-03  3.0527E+03  2.8410E+01 -4.7009E+01
  8.2400E-01  2.7486E+00  3.9994E+02  9.3147E-03  3.0527E+03  2.8432E+01 -4.6983E+01
  8.2600E-01  2.7553E+00  3.9994E+02  9.3218E-03  3.0527E+03  2.8453E+01 -4.6957E+01
  8.2800E-01  2.7620E+00  3.9994E+02  9.3289E-03  3.0527E+03  2.8475E+01 -4.6930E+01
  8.3000E-01  2.7686E+00  3.9994E+02  9.3360E-03  3.0527E+03  2.8496E+01 -4.6904E+01
  8.3200E-01  2.7753E+00  3.9994E+02  9.3431E-03  3.0527E+03  2.8518E+01 -4.6878E+01
  8.3400E-01  2.7820E+00  3.9994E+02  9.3502E-03  3.0527E+03  2.8540E+01 -4.6851E+01
  8.3600E-01  2.7886E+00  3.9994E+02  9.3573E-03  3.0527E+03  2.8561E+01 -4.6825E+01
  8.3800E-01  2.7953E+00  3.9994E+02  9.3644E-03  3.0527E+03  2.8583E+01 -4.6799E+01
  8.4000E-01  2.8020E+00  3.9994E+02  9.3715E-03  3.0527E+03  2.8605E+01 -4.6773E+01
  8.4200E-01  2.8087E+00  3.9994E+02  9.3786E-03  3.0527E+03  2.8627E+01 -4.6747E+01
  8.4400E-01  2.8153E+00  3.9994E+02  9.3857E-03  3.0527E+03  2.8648E+01 -4.6720E+01
  8.4600E-01  2.8220E+00  3.9994E+02  9.3929E-03  3.0527E+03  2.8670E+01 -4.6694E+01
  8.4800E-01  2.8287E+00  3.9994E+02  9.4000E-03  3.0527E+03  2.8692E+01 -4.6668E+01
  8.5000E-01  2.8353E+00  3.9994E+02  9.4071E-03  3.0527E+03  2.8714E+01 -4.6642E+01
  8.5200E-01  2.8420E+00  3.9994E+02  9.4143E-03  3.0527E+03  2.8736E+01 -4.6616E+01
  8.5400E-01  2.8487E+00  3.9994E+02  9.4214E-03  3.0527E+03  2.8757E+01 -4.6590E+01
  8.5600E-01  2.8553E+00  3.9994E+02  9.4286E-03  3.0527E+03  2.8779E+01 -4.6564E+01
  8.5800E-01  2.8620E+00  3.9994E+02  9.4357E-03  3.0527E+03  2.8801E+01 -4.6538E+01
  8.6000E-01  2.8687E+00  3.9994E+02  9.4429E-03  3.0527E+03  2.8823E+01 -4.6512E+01
  8.6200E-01  2.8754E+00  3.9994E+02  9.4500E-03  3.0527E+03  2.8845E+01 -4.6486E+01
  8.6400E-01  2.8820E+00  3.9994E+02  9.4572E-03  3.0527E+03  2.8867E+01 -4.6460E+01
  8.6600E-01  2.8887E+00  3.9994E+02  9.4644E-03  3.0527E+03  2.8888E+01 -4.6434E+01
  8.6800E-01  2.8954E+00  3.9994E+02  9.4715E-03  3.0527E+03  2.8910E+01 -4.6408E+01
  8.7000E-01  2.9020E+00  3.9994E+02  9.4787E-03  3.0527E+03  2.8932E+01 -4.6382E+01
  8.7200E-01  2.9087E+00  3.9994E+02  9.4859E-03  3.0527E+03  2.8954E+01 -4.6356E+01
  8.7400E-01  2.9154E+00  3.9994E+02  9.4931E-03  3.0527E+03  2.8976E+01 -4.6330E+01
  8.7600E-01  2.9221E+00  3.9994E+02  9.5003E-03  3.0527E+03  2.8998E+01 -4.6304E+01
  8.7800E-01  2.9287E+00  3.9994E+02  9.5075E-03  3.0527E+03  2.9020E+01 -4.6278E+01
  8.8000E-01  2.9354E+00  3.9994E+02  9.5147E-03  3.0527E+03  2.9042E+01 -4.6252E+01
  8.8200E-01  2.9421E+00  3.9994E+02  9.5219E-03  3.0527E+03  2.9064E+01 -4.6226E+01
  8.8400E-01  2.9487E+00  3.9994E+02  9.5291E-03  3.0527E+03  2.9086E+01 -4.6200E+01
  8.8600E-01  2.9554E+00  3.9994E+02  9.5363E-03  3.0527E+03  2.9108E+01 -4.6175E+01
  8.8800E-01  2.9621E+00  3.9994E+02  9.5435E-03  3.0527E+03  2.9130E+01 -4.6149E+01
  8.9000E-01  2.9688E+00  3.9994E+02  9.5508E-03  3.0527E+03  2.9152E+01 -4.6123E+01
  8.9200E-01  2.9754E+00  3.9994E+02  9.5580E-03  3.0527E+03  2.9174E+01 -4.6097E+01
  8.9400E-01  2.9821E+00  3.9994E+02  9.5652E-03  3.0527E+03  2.9196E+01 -4.6072E+01
  8.9600E-01  2.9888E+00  3.9994E+02  9.5725E-03  3.0527E+03  2.9218E+01 -4.6046E+01
  8.9800E-01  2.9954E+00  3.9994E+02  9.5797E-03  3.0527E+03  2.9241E+01 -4.6020E+01
  9.0000E-01  3.0021E+00  3.9994E+02  9.5869E-03  3.0527E+03  2.9263E+01 -4.5995E+01
  9.0200E-01  3.0088E+00  3.9994E+02  9.5942E-03  3.0527E+03  2.9285E+01 -4.5969E+01
  9.0400E-01  3.0155E+00  3.9994E+02  9.6014E-03  3.0527E+03  2.9307E+01 -4.5943E+01
  9.0600E-01  3.0221E+00  3.9994E+02  9.6087E-03  3.0527E+03  2.9329E+01 -4.5918E+01
  9.0800E-01  3.0288E+00  3.9994E+02  9.6159E-03  3.0527E+03  2.9351E+01 -4.5892E+01
  9.1000E-01  3.0355E+00  3.9994E+02  9.6232E-03  3.0527E+03  2.9373E+01 -4.5866E+01
  9.1200E-01  3.0421E+00  3.9994E+02  9.6305E-03  3.0527E+03  2.9396E+01 -4.5841E+01
  9.1400E-01  3.0488E+00  3.9994E+02  9.6378E-03  3.0527E+03  2.9418E+01 -4.5815E+01
  9.1600E-01  3.0555E+00  3.9994E+02  9.6450E-03  3.0527E+03  2.9440E+01 -4.5790E+01
  9.1800E-01  3.0622E+00  3.9994E+02  9.6523E-03  3.0527E+03  2.9462E+01 -4.5764E+01
  9.2000E-01  3.0688E+00  3.9994E+02  9.6596E-03  3.0527E+03  2.9484E+01 -4.5739E+01
  9.2200E-01  3.0755E+00  3.9994E+02  9.6669E-03  3.0527E+03  2.9507E+01 -4.5713E+01
  9.2400E-01  3.0822E+00  3.9994E+02  9.6742E-03  3.0527E+03  2.9529E+01 -4.5688E+01
  9.2600E-01  3.0888E+00  3.9994E+02  9.6815E-03  3.0527E+03  2.9551E+01 -4.5663E+01
  9.2800E-01  3.0955E+00  3.9994E+02  9.6888E-03  3.0527E+03  2.9574E+01 -4.5637E+01
  9.3000E-01  3.1022E+00  3.9994E+02  9.6961E-03  3.0527E+03  2.9596E+01 -4.5612E+01
  9.3200E-01  3.1089E+00  3.9994E+02  9.7034E-03  3.0527E+03  2.9618E+01 -4.5586E+01
  9.3400E-01  3.1155E+00  3.9994E+02  9.7107E-03  3.0527E+03  2.9640E+01 -4.5561E+01
  9.3600E-01  3.1222E+00  3.9994E+02  9.7180E-03  3.0527E+03  2.9663E+01 -4.5536E+01
  9.3800E-01  3.1289E+00  3.9994E+02  9.7253E-03  3.0527E+03  2.9685E+01 -4.5510E+01
  9.4000E-01  3.1355E+00  3.9994E+02  9.7327E-03  3.0527E+03  2.9708E+01 -4.5485E+01
  9.4200E-01  3.1422E+00  3.9994E+02  9.7400E-03  3.0527E+03  2.9730E+01 -4.5460E+01
  9.4400E-01  3.1489E+00  3.9994E+02  9.7473E-03  3.0527E+03  2.9752E+01 -4.5435E+01
  9.4600E-01  3.1556E+00  3.9994E+02  9.7547E-03  3.0527E+03  2.9775E+01 -4.5409E+01
  9.4800E-01  3.1622E+00  3.9994E+02  9.7620E-03  3.0527E+03  2.9797E+01 -4.5384E+01
  9.5000E-01  3.1689E+00  3.9994E+02  9.7693E-03  3.0527E+03  2.9819E+01 -4.5359E+01
  9.5200E-01  3.1756E+00  3.9994E+02  9.7767E-03  3.0527E+03  2.9842E+01 -4.5334E+01
  9.5400E-01  3.1822E+00  3.9994E+02  9.7840E-03  3.0527E+03  2.9864E+01 -4.5309E+01
  9.5600E-01  3.1889E+00  3.9994E+02  9.7914E-03  3.0527E+03  2.9887E+01 -4.5284E+01
  9.5800E-01  3.1956E+00  3.9994E+02  9.7988E-03  3.0527E+03  2.9909E+01 -4.5258E+01
  9.6000E-01  3.2023E+00  3.9994E+02  9.8061E-03  3.0527E+03  2.9932E+01 -4.5233E+01
  9.6200E-01  3.2089E+00  3.9994E+02  9.8135E-03  3.0527E+03  2.9954E+01 -4.5208E+01
  9.6400E-01  3.2156E+00  3.9994E+02  9.8209E-03  3.0527E+03  2.9977E+01 -4.5183E+01
  9.6600E-01  3.2223E+00  3.9994E+02  9.8282E-03  3.0527E+03  2.9999E+01 -4.5158E+01
  9.6800E-01  3.2289E+00  3.9994E+02  9.8356E-03  3.0527E+03  3.0022E+01 -4.5133E+01
  9.7000E-01  3.2356E+00  3.9994E+02  9.8430E-03  3.0527E+03  3.0044E+01 -4.5108E+01
  9.7200E-01  3.2423E+00  3.9994E+02  9.8504E-03  3.0527E+03  3.0067E+01 -4.5083E+01
  9.7400E-01  3.2490E+00  3.9994E+02  9.8578E-03  3.0527E+03  3.0089E+01 -4.5058E+01
  9.7600E-01  3.2556E+00  3.9994E+02  9.8652E-03  3.0527E+03  3.0112E+01 -4.5033E+01
  9.7800E-01  3.2623E+00  3.9994E+02  9.8726E-03  3.0527E+03  3.0135E+01 -4.5008E+01
  9.8000E-01  3.2690E+00  3.9994E+02  9.8800E-03  3.0527E+03  3.0157E+01 -4.4984E+01
  9.8200E-01  3.2756E+00  3.9994E+02  9.8874E-03  3.0527E+03  3.0180E+01 -4.4959E+01
  9.8400E-01  3.2823E+00  3.9994E+02  9.8948E-03  3.0527E+03  3.0202E+01 -4.4934E+01
  9.8600E-01  3.2890E+00  3.9994E+02  9.9022E-03  3.0527E+03  3.0225E+01 -4.4909E+01
  9.8800E-01  3.2957E+00  3.9994E+02  9.9096E-03  3.0527E+03  3.0248E+01 -4.4884E+01
  9.9000E-01  3.3023E+00  3.9994E+02  9.9170E-03  3.0527E+03  3.0270E+01 -4.4859E+01
  9.9200E-01  3.3090E+00  3.9994E+02  9.9245E-03  3.0527E+03  3.0293E+01 -4.4835E+01
  9.9400E-01  3.3157E+00  3.9994E+02  9.9319E-03  3.0527E+03  3.0316E+01 -4.4810E+01
  9.9600E-01  3.3223E+00  3.9994E+02  9.9393E-03  3.0527E+03  3.0338E+01 -4.4785E+01
  1.0000E+00  3.3357E+00  3.9994E+02  9.9542E-03  3.0527E+03  3.0384E+01 -4.4736E+01
