  1.5245E-08  0.0000E+00  2.5147E-07  2.0000E-03  1.2000E-06  1.1742E+00 -7.1619E-12
  5.2000E-03  1.7345E-02  2.5145E-07  2.0000E-03  1.2000E-06  1.1742E+00 -3.4179E-12
  1.0400E-02  3.4691E-02  2.5143E-07  2.0000E-03  1.2000E-06  1.1742E+00  3.2607E-13
  1.5600E-02  5.2036E-02  2.5141E-07  2.0000E-03  1.2000E-06  1.1742E+00  4.0701E-12
  2.0800E-02  6.9381E-02  2.5138E-07  2.0000E-03  1.2000E-06  1.1742E+00  7.8141E-12
  2.6000E-02  8.6727E-02  2.5136E-07  2.0000E-03  1.2000E-06  1.1742E+00  1.1558E-11
  3.1200E-02  1.0407E-01  2.5134E-07  2.0000E-03  1.2000E-06  1.1742E+00  1.5302E-11
  3.6400E-02  1.2142E-01  2.5131E-07  2.0000E-03  1.2000E-06  1.1742E+00  1.9046E-11
  4.1600E-02  1.3876E-01  2.5129E-07  2.0000E-03  1.2000E-06  1.1742E+00  2.2790E-11
  4.6800E-02  1.5611E-01  2.5127E-07  2.0000E-03  1.2000E-06  1.1742E+00  2.6534E-11
  5.2000E-02  1.7345E-01  2.5125E-07  2.0000E-03  1.2000E-06  1.1742E+00  3.0278E-11
  5.7200E-02  1.9080E-01  2.5122E-07  2.0000E-03  1.2000E-06  1.1742E+00  3.4022E-11
  6.2400E-02  2.0814E-01  2.5120E-07  2.0000E-03  1.2000E-06  1.1742E+00  3.7766E-11
  6.7600E-02  2.2549E-01  2.5118E-07  2.0000E-03  1.2000E-06  1.1742E+00  4.1510E-11
  7.2800E-02  2.4283E-01  2.5116E-07  2.0000E-03  1.2000E-06  1.1742E+00  4.5254E-11
  7.8000E-02  2.6018E-01  2.5113E-07  2.0000E-03  1.2000E-06  1.1742E+00  4.8998E-11
  8.3200E-02  2.7753E-01  2.5111E-07  2.0000E-03  1.2000E-06  1.1742E+00  5.2742E-11
  8.8400E-02  2.9487E-01  2.5109E-07  2.0000E-03  1.2000E-06  1.1742E+00  5.6486E-11
  9.3600E-02  3.1222E-01  2.5106E-07  2.0000E-03  1.2000E-06  1.1742E+00  6.0230E-11
  9.8800E-02  3.2956E-01  2.5104E-07  2.0000E-03  1.2000E-06  1.1742E+00  6.3974E-11
  1.0400E-01  3.4691E-01  2.5102E-07  2.0000E-03  1.2000E-06  1.1742E+00  2.2009E-09
  1.0920E-01  3.6425E-01  2.5100E-07  2.0000E-03  1.2000E-06  1.1742E+00  4.9732E-09
  1.1440E-01  3.8160E-01  2.5097E-07  2.0000E-03  1.2000E-06  1.1742E+00  7.7456E-09
  1.1960E-01  3.9894E-01  2.5095E-07  2.0000E-03  1.2000E-06  1.1742E+00  1.0518E-08
  1.2480E-01  4.1629E-01  2.5093E-07  2.0000E-03  1.2001E-06  1.1742E+00  1.3290E-08
  1.3000E-01  4.3363E-01  2.5091E-07  2.0000E-03  1.2001E-06  1.1742E+00  1.6063E-08
  1.3520E-01  4.5098E-01  2.5088E-07  2.0000E-03  1.2001E-06  1.1742E+00  1.8835E-08
  1.4040E-01  4.6832E-01  2.5086E-07  2.0000E-03  1.2002E-06  1.1742E+00  1.9360E-08
  1.4560E-01  4.8567E-01  2.5084E-07  2.0000E-03  1.2002E-06  1.1742E+00  1.9363E-08
  1.5080E-01  5.0301E-01  2.5081E-07  2.0000E-03  1.2002E-06  1.1742E+00  1.9367E-08
  1.5600E-01  5.2036E-01  2.5079E-07  2.0000E-03  1.2002E-06  1.1742E+00  1.9371E-08
  1.6120E-01  5.3771E-01  2.5077E-07  2.0000E-03  1.2002E-06  1.1742E+00  1.9375E-08
  1.6640E-01  5.5505E-01  2.5075E-07  2.0000E-03  1.2002E-06  1.1742E+00  1.9378E-08
  1.7160E-01  5.7240E-01  2.5072E-07  2.0000E-03  1.2002E-06  1.1742E+00  1.9382E-08
  1.7680E-01  5.8974E-01  2.5070E-07  2.0000E-03  1.2002E-06  1.1742E+00  1.9386E-08
  1.8200E-01  6.0709E-01  2.5068E-07  2.0000E-03  1.2002E-06  1.1742E+00  1.9390E-08
  1.8720E-01  6.2443E-01  2.5066E-07  2.0000E-03  1.2002E-06  1.1742E+00  1.9393E-08
  1.9240E-01  6.4178E-01  2.5063E-07  2.0000E-03  1.2002E-06  1.1742E+00  1.9397E-08
  1.9760E-01  6.5912E-01  2.5061E-07  2.0000E-03  1.2002E-06  1.1742E+00  1.9401E-08
  2.0280E-01  6.7647E-01  2.5059E-07  2.0000E-03  1.2002E-06  1.1742E+00  1.9405E-08
  2.0800E-01  6.9381E-01  2.5056E-07  2.0000E-03  1.2002E-06  1.1742E+00  1.9408E-08
  2.1320E-01  7.1116E-01  2.5054E-07  2.0000E-03  1.2002E-06  1.1742E+00  1.9412E-08
  2.1840E-01  7.2850E-01  2.5052E-07  2.0000E-03  1.2002E-06  1.1742E+00  1.9416E-08
  2.2360E-01  7.4585E-01  2.5050E-07  2.0000E-03  1.2002E-06  1.1742E+00  1.9420E-08
  2.2880E-01  7.6319E-01  2.5047E-07  2.0000E-03  1.2002E-06  1.1742E+00  1.9423E-08
  2.3400E-01  7.8054E-01  2.5045E-07  2.0000E-03  1.2002E-06  1.1742E+00  1.9427E-08
  2.3920E-01  7.9789E-01  2.5043E-07  2.0000E-03  1.2002E-06  1.1742E+00  1.9431E-08
  2.4440E-01  8.1523E-01  2.5041E-07  2.0000E-03  1.2002E-06  1.1742E+00  1.9435E-08
  2.4960E-01  8.3258E-01  2.5038E-07  2.0000E-03  1.2001E-06  1.1742E+00  1.8709E-08
  2.5480E-01  8.4992E-01  2.5036E-07  2.0000E-03  1.2001E-06  1.1742E+00  1.7540E-08
  2.6000E-01  8.6727E-01  2.5034E-07  2.0000E-03  1.2001E-06  1.1742E+00  1.6372E-08
  2.6520E-01  8.8461E-01  2.5031E-07  2.0000E-03  1.2001E-06  1.1742E+00  1.5203E-08
  2.7040E-01  9.0196E-01  2.5029E-07  2.0000E-03  1.2001E-06  1.1742E+00  1.4035E-08
  2.7560E-01  9.1930E-01  2.5027E-07  2.0000E-03  1.2001E-06  1.1742E+00  1.2866E-08
  2.8080E-01  9.3665E-01  2.5025E-07  2.0000E-03  1.2001E-06  1.1742E+00  1.1698E-08
  2.8600E-01  9.5399E-01  2.5022E-07  2.0000E-03  1.2000E-06  1.1742E+00  1.0529E-08
  2.9120E-01  9.7134E-01  2.5020E-07  2.0000E-03  1.2000E-06  1.1742E+00  9.3605E-09
  2.9640E-01  9.8868E-01  2.5018E-07  2.0000E-03  1.2000E-06  1.1742E+00  8.1919E-09
  3.0160E-01  1.0060E+00  2.5016E-07  2.0000E-03  1.2000E-06  1.1742E+00  7.0234E-09
  3.0680E-01  1.0234E+00  2.5013E-07  2.0000E-03  1.2000E-06  1.1742E+00  5.8548E-09
  3.1200E-01  1.0407E+00  2.5011E-07  2.0000E-03  1.2000E-06  1.1742E+00  4.6862E-09
  3.1720E-01  1.0581E+00  2.5009E-07  2.0000E-03  1.2000E-06  1.1742E+00  3.5177E-09
  3.2240E-01  1.0754E+00  2.5006E-07  2.0000E-03  1.2000E-06  1.1742E+00  2.3491E-09
  3.2760E-01  1.0928E+00  2.5004E-07  2.0000E-03  1.2000E-06  1.1742E+00  1.1805E-09
  3.3280E-01  1.1101E+00  2.5002E-07  2.0000E-03  1.2000E-06  1.1742E+00  1.1955E-11
  3.3800E-01  1.1274E+00  2.5000E-07  2.0000E-03  1.2000E-06  1.1742E+00 -1.1566E-09
  3.4320E-01  1.1448E+00  2.4997E-07  2.0000E-03  1.2000E-06  1.1742E+00 -2.3252E-09
  3.4840E-01  1.1621E+00  2.4995E-07  2.0000E-03  1.2000E-06  1.1742E+00 -3.4937E-09
  3.5360E-01  1.1795E+00  2.4993E-07  2.0000E-03  1.2000E-06  1.1742E+00 -4.6623E-09
  3.5880E-01  1.1968E+00  2.4991E-07  2.0000E-03  1.2000E-06  1.1742E+00 -5.8309E-09
  3.6400E-01  1.2142E+00  2.4988E-07  2.0000E-03  1.2000E-06  1.1742E+00 -6.9994E-09
  3.6920E-01  1.2315E+00  2.4986E-07  2.0000E-03  1.2000E-06  1.1742E+00 -8.1680E-09
  3.7440E-01  1.2489E+00  2.4984E-07  2.0000E-03  1.2000E-06  1.1742E+00 -8.4946E-09
  3.7960E-01  1.2662E+00  2.4981E-07  2.0000E-03  1.2000E-06  1.1742E+00 -8.4909E-09
  3.8480E-01  1.2836E+00  2.4979E-07  2.0000E-03  1.2000E-06  1.1742E+00 -8.4871E-09
  3.9000E-01  1.3009E+00  2.4977E-07  2.0000E-03  1.2000E-06  1.1742E+00 -8.4834E-09
  3.9520E-01  1.3182E+00  2.4975E-07  2.0000E-03  1.2000E-06  1.1742E+00 -8.4796E-09
  4.0040E-01  1.3356E+00  2.4972E-07  2.0000E-03  1.2000E-06  1.1742E+00 -8.4759E-09
  4.0560E-01  1.3529E+00  2.4970E-07  2.0000E-03  1.2000E-06  1.1742E+00 -8.4721E-09
  4.1080E-01  1.3703E+00  2.4968E-07  2.0000E-03  1.2000E-06  1.1742E+00 -8.4684E-09
  4.1600E-01  1.3876E+00  2.4966E-07  2.0000E-03  1.2000E-06  1.1742E+00 -8.4647E-09
  4.2120E-01  1.4050E+00  2.4963E-07  2.0000E-03  1.2000E-06  1.1742E+00 -8.4609E-09
  4.2640E-01  1.4223E+00  2.4961E-07  2.0000E-03  1.2000E-06  1.1742E+00 -8.4572E-09
  4.3160E-01  1.4397E+00  2.4959E-07  2.0000E-03  1.2000E-06  1.1742E+00 -8.4534E-09
  4.3680E-01  1.4570E+00  2.4956E-07  2.0000E-03  1.2000E-06  1.1742E+00 -8.4497E-09
  4.4200E-01  1.4744E+00  2.4954E-07  2.0000E-03  1.2000E-06  1.1742E+00 -8.4459E-09
  4.4720E-01  1.4917E+00  2.4952E-07  2.0000E-03  1.2000E-06  1.1742E+00 -8.4422E-09
  4.5240E-01  1.5090E+00  2.4950E-07  2.0000E-03  1.2000E-06  1.1742E+00 -8.4385E-09
  4.5760E-01  1.5264E+00  2.4947E-07  2.0000E-03  1.2000E-06  1.1742E+00 -8.4347E-09
  4.6280E-01  1.5437E+00  2.4945E-07  2.0000E-03  1.2000E-06  1.1742E+00 -8.4310E-09
  4.6800E-01  1.5611E+00  2.4943E-07  2.0000E-03  1.2000E-06  1.1742E+00 -8.4272E-09
  4.7320E-01  1.5784E+00  2.4941E-07  2.0000E-03  1.2000E-06  1.1742E+00 -8.4235E-09
  4.7840E-01  1.5958E+00  2.4938E-07  2.0000E-03  1.2000E-06  1.1742E+00 -8.4197E-09
  4.8360E-01  1.6131E+00  2.4936E-07  2.0000E-03  1.2000E-06  1.1742E+00 -8.4160E-09
  4.8880E-01  1.6305E+00  2.4934E-07  2.0000E-03  1.2000E-06  1.1742E+00 -8.4122E-09
  4.9400E-01  1.6478E+00  2.4931E-07  2.0000E-03  1.2000E-06  1.1742E+00 -8.4085E-09
  4.9920E-01  1.6652E+00  2.4929E-07  2.0000E-03  1.2000E-06  1.1742E+00 -8.4048E-09
  5.0440E-01  1.6825E+00  2.4927E-07  2.0000E-03  1.2000E-06  1.1742E+00 -8.4010E-09
  5.0960E-01  1.6998E+00  2.4925E-07  2.0000E-03  1.2000E-06  1.1742E+00 -8.3973E-09
  5.1480E-01  1.7172E+00  2.4922E-07  2.0000E-03  1.2000E-06  1.1742E+00 -8.3935E-09
  5.2000E-01  1.7345E+00  2.4920E-07  2.0000E-03  1.2000E-06  1.1742E+00 -8.3898E-09
  5.2520E-01  1.7519E+00  2.4918E-07  2.0000E-03  1.2000E-06  1.1742E+00 -8.3860E-09
  5.3040E-01  1.7692E+00  2.4916E-07  2.0000E-03  1.2000E-06  1.1742E+00 -8.3823E-09
  5.3560E-01  1.7866E+00  2.4913E-07  2.0000E-03  1.2000E-06  1.1742E+00 -8.3786E-09
  5.4080E-01  1.8039E+00  2.4911E-07  2.0000E-03  1.2000E-06  1.1742E+00 -8.3748E-09
  5.4600E-01  1.8213E+00  2.4909E-07  2.0000E-03  1.2000E-06  1.1742E+00 -8.3711E-09
  5.5120E-01  1.8386E+00  2.4906E-07  2.0000E-03  1.2000E-06  1.1742E+00 -8.3673E-09
  5.5640E-01  1.8560E+00  2.4904E-07  2.0000E-03  1.2000E-06  1.1742E+00 -8.3636E-09
  5.6160E-01  1.8733E+00  2.4902E-07  2.0000E-03  1.2000E-06  1.1742E+00 -8.3598E-09
  5.6680E-01  1.8906E+00  2.4900E-07  2.0000E-03  1.2000E-06  1.1742E+00 -8.3561E-09
  5.7200E-01  1.9080E+00  2.4897E-07  2.0000E-03  1.2000E-06  1.1742E+00 -8.3523E-09
  5.7720E-01  1.9253E+00  2.4895E-07  2.0000E-03  1.2000E-06  1.1742E+00 -8.3486E-09
  5.8240E-01  1.9427E+00  2.4893E-07  2.0000E-03  1.2000E-06  1.1742E+00 -8.3449E-09
  5.8760E-01  1.9600E+00  2.4891E-07  2.0000E-03  1.2000E-06  1.1742E+00 -8.3411E-09
  5.9280E-01  1.9774E+00  2.4888E-07  2.0000E-03  1.2000E-06  1.1742E+00 -8.3374E-09
  5.9800E-01  1.9947E+00  2.4886E-07  2.0000E-03  1.2000E-06  1.1742E+00 -8.3336E-09
  6.0320E-01  2.0121E+00  2.4884E-07  2.0000E-03  1.2000E-06  1.1742E+00 -8.3299E-09
  6.0840E-01  2.0294E+00  2.4881E-07  2.0000E-03  1.2000E-06  1.1742E+00 -8.3261E-09
  6.1360E-01  2.0467E+00  2.4879E-07  2.0000E-03  1.2000E-06  1.1742E+00 -8.3224E-09
  6.1880E-01  2.0641E+00  2.4877E-07  2.0000E-03  1.2000E-06  1.1742E+00 -8.3186E-09
  6.2400E-01  2.0814E+00  2.4875E-07  2.0000E-03  1.2000E-06  1.1742E+00 -8.3149E-09
  6.2920E-01  2.0988E+00  2.4872E-07  2.0000E-03  1.2000E-06  1.1742E+00 -8.2675E-09
  6.3440E-01  2.1161E+00  2.4870E-07  2.0000E-03  1.2000E-06  1.1742E+00 -7.5529E-09
  6.3960E-01  2.1335E+00  2.4868E-07  2.0000E-03  1.2000E-06  1.1742E+00 -6.8383E-09
  6.4480E-01  2.1508E+00  2.4865E-07  2.0000E-03  1.2000E-06  1.1742E+00 -6.1237E-09
  6.5000E-01  2.1682E+00  2.4863E-07  2.0000E-03  1.2000E-06  1.1742E+00 -5.4091E-09
  6.5520E-01  2.1855E+00  2.4861E-07  2.0000E-03  1.2000E-06  1.1742E+00 -4.6944E-09
  6.6040E-01  2.2029E+00  2.4859E-07  2.0000E-03  1.2000E-06  1.1742E+00 -3.9798E-09
  6.6560E-01  2.2202E+00  2.4856E-07  2.0000E-03  1.2000E-06  1.1742E+00 -3.2652E-09
  6.7080E-01  2.2375E+00  2.4854E-07  2.0000E-03  1.2000E-06  1.1742E+00 -2.5506E-09
  6.7600E-01  2.2549E+00  2.4852E-07  2.0000E-03  1.2000E-06  1.1742E+00 -1.8360E-09
  6.8120E-01  2.2722E+00  2.4850E-07  2.0000E-03  1.2000E-06  1.1742E+00 -1.1214E-09
  6.8640E-01  2.2896E+00  2.4847E-07  2.0000E-03  1.2000E-06  1.1742E+00 -4.0677E-10
  6.9160E-01  2.3069E+00  2.4845E-07  2.0000E-03  1.2000E-06  1.1742E+00  3.0784E-10
  6.9680E-01  2.3243E+00  2.4843E-07  2.0000E-03  1.2000E-06  1.1742E+00  1.0225E-09
  7.0200E-01  2.3416E+00  2.4840E-07  2.0000E-03  1.2000E-06  1.1742E+00  1.7371E-09
  7.0720E-01  2.3590E+00  2.4838E-07  2.0000E-03  1.2000E-06  1.1742E+00  2.4517E-09
  7.1240E-01  2.3763E+00  2.4836E-07  2.0000E-03  1.2000E-06  1.1742E+00  3.1663E-09
  7.1760E-01  2.3937E+00  2.4834E-07  2.0000E-03  1.2000E-06  1.1742E+00  3.8809E-09
  7.2280E-01  2.4110E+00  2.4831E-07  2.0000E-03  1.2000E-06  1.1742E+00  4.5955E-09
  7.2800E-01  2.4283E+00  2.4829E-07  2.0000E-03  1.2000E-06  1.1742E+00  4.8795E-09
  7.3320E-01  2.4457E+00  2.4827E-07  2.0000E-03  1.2000E-06  1.1742E+00  4.8833E-09
  7.3840E-01  2.4630E+00  2.4825E-07  2.0000E-03  1.2000E-06  1.1742E+00  4.8870E-09
  7.4360E-01  2.4804E+00  2.4822E-07  2.0000E-03  1.2000E-06  1.1742E+00  4.8907E-09
  7.4880E-01  2.4977E+00  2.4820E-07  2.0000E-03  1.2000E-06  1.1742E+00  4.8945E-09
  7.5400E-01  2.5151E+00  2.4818E-07  2.0000E-03  1.2000E-06  1.1742E+00  4.8982E-09
  7.5920E-01  2.5324E+00  2.4816E-07  2.0000E-03  1.2000E-06  1.1742E+00  4.9020E-09
  7.6440E-01  2.5498E+00  2.4813E-07  2.0000E-03  1.2000E-06  1.1742E+00  4.9057E-09
  7.6960E-01  2.5671E+00  2.4811E-07  2.0000E-03  1.2000E-06  1.1742E+00  4.9095E-09
  7.7480E-01  2.5845E+00  2.4809E-07  2.0000E-03  1.2000E-06  1.1742E+00  4.9132E-09
  7.8000E-01  2.6018E+00  2.4806E-07  2.0000E-03  1.2000E-06  1.1742E+00  4.9170E-09
  7.8520E-01  2.6191E+00  2.4804E-07  2.0000E-03  1.2000E-06  1.1742E+00  4.9207E-09
  7.9040E-01  2.6365E+00  2.4802E-07  2.0000E-03  1.2000E-06  1.1742E+00  4.9244E-09
  7.9560E-01  2.6538E+00  2.4800E-07  2.0000E-03  1.2000E-06  1.1742E+00  4.9282E-09
  8.0080E-01  2.6712E+00  2.4797E-07  2.0000E-03  1.2000E-06  1.1742E+00  4.9319E-09
  8.0600E-01  2.6885E+00  2.4795E-07  2.0000E-03  1.2000E-06  1.1742E+00  4.9357E-09
  8.1120E-01  2.7059E+00  2.4793E-07  2.0000E-03  1.2000E-06  1.1742E+00  4.9394E-09
  8.1640E-01  2.7232E+00  2.4790E-07  2.0000E-03  1.2000E-06  1.1742E+00  4.9432E-09
  8.2160E-01  2.7406E+00  2.4788E-07  2.0000E-03  1.2000E-06  1.1742E+00  4.9469E-09
  8.2680E-01  2.7579E+00  2.4786E-07  2.0000E-03  1.2000E-06  1.1742E+00  4.9506E-09
  8.3200E-01  2.7753E+00  2.4784E-07  2.0000E-03  1.2000E-06  1.1742E+00  4.9544E-09
  8.3720E-01  2.7926E+00  2.4781E-07  2.0000E-03  1.2000E-06  1.1742E+00  4.9581E-09
  8.4240E-01  2.8099E+00  2.4779E-07  2.0000E-03  1.2000E-06  1.1742E+00  4.9619E-09
  8.4760E-01  2.8273E+00  2.4777E-07  2.0000E-03  1.2000E-06  1.1742E+00  4.9656E-09
  8.5280E-01  2.8446E+00  2.4775E-07  2.0000E-03  1.2000E-06  1.1742E+00  4.9694E-09
  8.5800E-01  2.8620E+00  2.4772E-07  2.0000E-03  1.2000E-06  1.1742E+00  4.9731E-09
  8.6320E-01  2.8793E+00  2.4770E-07  2.0000E-03  1.2000E-06  1.1742E+00  4.9769E-09
  8.6840E-01  2.8967E+00  2.4768E-07  2.0000E-03  1.2000E-06  1.1742E+00  4.9806E-09
  8.7360E-01  2.9140E+00  2.4765E-07  2.0000E-03  1.2000E-06  1.1742E+00  4.9843E-09
  8.7880E-01  2.9314E+00  2.4763E-07  2.0000E-03  1.2000E-06  1.1742E+00  4.9881E-09
  8.8400E-01  2.9487E+00  2.4761E-07  2.0000E-03  1.2000E-06  1.1742E+00  4.9918E-09
  8.8920E-01  2.9661E+00  2.4759E-07  2.0000E-03  1.2000E-06  1.1742E+00  4.9956E-09
  8.9440E-01  2.9834E+00  2.4756E-07  2.0000E-03  1.2000E-06  1.1742E+00  4.9993E-09
  8.9960E-01  3.0007E+00  2.4754E-07  2.0000E-03  1.2000E-06  1.1742E+00  5.0031E-09
  9.0480E-01  3.0181E+00  2.4752E-07  2.0000E-03  1.2000E-06  1.1742E+00  5.0068E-09
  9.1000E-01  3.0354E+00  2.4750E-07  2.0000E-03  1.2000E-06  1.1742E+00  5.0106E-09
  9.1520E-01  3.0528E+00  2.4747E-07  2.0000E-03  1.2000E-06  1.1742E+00  5.0143E-09
  9.2040E-01  3.0701E+00  2.4745E-07  2.0000E-03  1.2000E-06  1.1742E+00  5.0180E-09
  9.2560E-01  3.0875E+00  2.4743E-07  2.0000E-03  1.2000E-06  1.1742E+00  5.0218E-09
  9.3080E-01  3.1048E+00  2.4740E-07  2.0000E-03  1.2000E-06  1.1742E+00  5.0255E-09
  9.3600E-01  3.1222E+00  2.4738E-07  2.0000E-03  1.2000E-06  1.1742E+00  5.0293E-09
  9.4120E-01  3.1395E+00  2.4736E-07  2.0000E-03  1.2000E-06  1.1742E+00  5.0330E-09
  9.4640E-01  3.1569E+00  2.4734E-07  2.0000E-03  1.2000E-06  1.1742E+00  5.0368E-09
  9.5160E-01  3.1742E+00  2.4731E-07  2.0000E-03  1.2000E-06  1.1742E+00  5.0405E-09
  9.5680E-01  3.1915E+00  2.4729E-07  2.0000E-03  1.2000E-06  1.1742E+00  5.0442E-09
  9.6200E-01  3.2089E+00  2.4727E-07  2.0000E-03  1.2000E-06  1.1742E+00  5.0480E-09
  9.6720E-01  3.2262E+00  2.4725E-07  2.0000E-03  1.2000E-06  1.1742E+00  5.0517E-09
  9.7240E-01  3.2436E+00  2.4722E-07  2.0000E-03  1.2000E-06  1.1742E+00  5.0555E-09
  9.7760E-01  3.2609E+00  2.4720E-07  2.0000E-03  1.2000E-06  1.1742E+00  5.0592E-09
  9.8280E-01  3.2783E+00  2.4718E-07  2.0000E-03  1.2000E-06  1.1742E+00  5.0630E-09
  9.8800E-01  3.2956E+00  2.4715E-07  2.0000E-03  1.2000E-06  1.1742E+00  5.0667E-09
  9.9320E-01  3.3130E+00  2.4713E-07  2.0000E-03  1.2000E-06  1.1742E+00  5.0705E-09
  9.9840E-01  3.3303E+00  2.4711E-07  2.0000E-03  1.2000E-06  1.1742E+00  5.0742E-09
  1.0036E+00  3.3476E+00  2.4709E-07  2.0000E-03  1.2000E-06  1.1742E+00  5.0779E-09
  1.0088E+00  3.3650E+00  2.4706E-07  2.0000E-03  1.2000E-06  1.1742E+00  5.0817E-09
  1.0140E+00  3.3823E+00  2.4704E-07  2.0000E-03  1.2000E-06  1.1742E+00  5.0854E-09
  1.0192E+00  3.3997E+00  2.4702E-07  2.0000E-03  1.2000E-06  1.1742E+00  5.0892E-09
  1.0244E+00  3.4170E+00  2.4700E-07  2.0000E-03  1.2000E-06  1.1742E+00  5.0929E-09
  1.0296E+00  3.4344E+00  2.4697E-07  2.0000E-03  1.2000E-06  1.1742E+00  5.0967E-09
  1.0348E+00  3.4517E+00  2.4695E-07  2.0000E-03  1.2000E-06  1.1742E+00  5.1004E-09
  1.0400E+00  3.4691E+00  2.4693E-07  2.0000E-03  1.2000E-06  1.1742E+00  5.1042E-09
  1.0452E+00  3.4864E+00  2.4690E-07  2.0000E-03  1.2000E-06  1.1742E+00  5.1079E-09
  1.0504E+00  3.5038E+00  2.4688E-07  2.0000E-03  1.2000E-06  1.1742E+00  5.1116E-09
  1.0556E+00  3.5211E+00  2.4686E-07  2.0000E-03  1.2000E-06  1.1742E+00  5.1154E-09
  1.0608E+00  3.5384E+00  2.4684E-07  2.0000E-03  1.2000E-06  1.1742E+00  5.1191E-09
  1.0660E+00  3.5558E+00  2.4681E-07  2.0000E-03  1.2000E-06  1.1742E+00  5.1229E-09
  1.0712E+00  3.5731E+00  2.4679E-07  2.0000E-03  1.2000E-06  1.1742E+00  5.1266E-09
  1.0764E+00  3.5905E+00  2.4677E-07  2.0000E-03  1.2000E-06  1.1742E+00  5.1304E-09
  1.0816E+00  3.6078E+00  2.4675E-07  2.0000E-03  1.2000E-06  1.1742E+00  5.1341E-09
  1.0868E+00  3.6252E+00  2.4672E-07  2.0000E-03  1.2000E-06  1.1742E+00  5.1378E-09
  1.0920E+00  3.6425E+00  2.4670E-07  2.0000E-03  1.2000E-06  1.1742E+00  5.1416E-09
  1.0972E+00  3.6599E+00  2.4668E-07  2.0000E-03  1.2000E-06  1.1742E+00  5.1453E-09
  1.1024E+00  3.6772E+00  2.4665E-07  2.0000E-03  1.2000E-06  1.1742E+00  5.1491E-09
  1.1076E+00  3.6946E+00  2.4663E-07  2.0000E-03  1.2000E-06  1.1742E+00  5.1528E-09
  1.1128E+00  3.7119E+00  2.4661E-07  2.0000E-03  1.2000E-06  1.1742E+00  5.1566E-09
  1.1180E+00  3.7292E+00  2.4659E-07  2.0000E-03  1.2000E-06  1.1742E+00  5.1603E-09
  1.1232E+00  3.7466E+00  2.4656E-07  2.0000E-03  1.2000E-06  1.1742E+00  5.1641E-09
  1.1284E+00  3.7639E+00  2.4654E-07  2.0000E-03  1.2000E-06  1.1742E+00  5.1678E-09
  1.1336E+00  3.7813E+00  2.4652E-07  2.0000E-03  1.2000E-06  1.1742E+00  5.1715E-09
  1.1388E+00  3.7986E+00  2.4650E-07  2.0000E-03  1.2000E-06  1.1742E+00  5.1753E-09
  1.1440E+00  3.8160E+00  2.4647E-07  2.0000E-03  1.2000E-06  1.1742E+00  5.1790E-09
  1.1492E+00  3.8333E+00  2.4645E-07  2.0000E-03  1.2000E-06  1.1742E+00  5.1828E-09
  1.1544E+00  3.8507E+00  2.4643E-07  2.0000E-03  1.2000E-06  1.1742E+00  5.1865E-09
  1.1596E+00  3.8680E+00  2.4640E-07  2.0000E-03  1.2000E-06  1.1742E+00  5.1903E-09
  1.1648E+00  3.8854E+00  2.4638E-07  2.0000E-03  1.2000E-06  1.1742E+00  5.1940E-09
  1.1700E+00  3.9027E+00  2.4636E-07  2.0000E-03  1.2000E-06  1.1742E+00  5.1978E-09
  1.1752E+00  3.9200E+00  2.4634E-07  2.0000E-03  1.2000E-06  1.1742E+00  5.2015E-09
  1.1804E+00  3.9374E+00  2.4631E-07  2.0000E-03  1.2000E-06  1.1742E+00  5.2052E-09
  1.1856E+00  3.9547E+00  2.4629E-07  2.0000E-03  1.2000E-06  1.1742E+00  5.2090E-09
  1.1908E+00  3.9721E+00  2.4627E-07  2.0000E-03  1.2000E-06  1.1742E+00  5.2127E-09
  1.1960E+00  3.9894E+00  2.4625E-07  2.0000E-03  1.2000E-06  1.1742E+00  5.2165E-09
  1.2012E+00  4.0068E+00  2.4622E-07  2.0000E-03  1.2000E-06  1.1742E+00  5.2202E-09
  1.2064E+00  4.0241E+00  2.4620E-07  2.0000E-03  1.2000E-06  1.1742E+00  5.2240E-09
  1.2116E+00  4.0415E+00  2.4618E-07  2.0000E-03  1.2000E-06  1.1742E+00  5.2277E-09
  1.2168E+00  4.0588E+00  2.4615E-07  2.0000E-03  1.2000E-06  1.1742E+00  5.2314E-09
  1.2220E+00  4.0762E+00  2.4613E-07  2.0000E-03  1.2000E-06  1.1742E+00  5.2352E-09
  1.2272E+00  4.0935E+00  2.4611E-07  2.0000E-03  1.2000E-06  1.1742E+00  5.2389E-09
  1.2324E+00  4.1108E+00  2.4609E-07  2.0000E-03  1.2000E-06  1.1742E+00  5.2427E-09
  1.2376E+00  4.1282E+00  2.4606E-07  2.0000E-03  1.2000E-06  1.1742E+00  5.2464E-09
  1.2428E+00  4.1455E+00  2.4604E-07  2.0000E-03  1.2000E-06  1.1742E+00  5.2502E-09
  1.2480E+00  4.1629E+00  2.4602E-07  2.0000E-03  1.2000E-06  1.1742E+00  5.2539E-09
  1.2532E+00  4.1802E+00  2.4600E-07  2.0000E-03  1.2000E-06  1.1742E+00  5.2577E-09
  1.2584E+00  4.1976E+00  2.4597E-07  2.0000E-03  1.2000E-06  1.1742E+00  5.2614E-09
  1.2636E+00  4.2149E+00  2.4595E-07  2.0000E-03  1.2000E-06  1.1742E+00  5.2651E-09
  1.2688E+00  4.2323E+00  2.4593E-07  2.0000E-03  1.2000E-06  1.1742E+00  5.2689E-09
  1.2740E+00  4.2496E+00  2.4590E-07  2.0000E-03  1.2000E-06  1.1742E+00  5.2726E-09
  1.2792E+00  4.2670E+00  2.4588E-07  2.0000E-03  1.2000E-06  1.1742E+00  5.2764E-09
  1.2844E+00  4.2843E+00  2.4586E-07  2.0000E-03  1.2000E-06  1.1742E+00  5.2801E-09
  1.2896E+00  4.3016E+00  2.4584E-07  2.0000E-03  1.2000E-06  1.1742E+00  5.2839E-09
  1.2948E+00  4.3190E+00  2.4581E-07  2.0000E-03  1.2000E-06  1.1742E+00  5.2876E-09
  1.3000E+00  4.3363E+00  2.4579E-07  2.0000E-03  1.2000E-06  1.1742E+00  5.2914E-09
  1.3052E+00  4.3537E+00  2.4577E-07  2.0000E-03  1.2000E-06  1.1742E+00  5.2951E-09
  1.3104E+00  4.3710E+00  2.4575E-07  2.0000E-03  1.2000E-06  1.1742E+00  5.2988E-09
  1.3156E+00  4.3884E+00  2.4572E-07  2.0000E-03  1.2000E-06  1.1742E+00  5.3026E-09
  1.3208E+00  4.4057E+00  2.4570E-07  2.0000E-03  1.2000E-06  1.1742E+00  5.3063E-09
  1.3260E+00  4.4231E+00  2.4568E-07  2.0000E-03  1.2000E-06  1.1742E+00  5.3101E-09
  1.3312E+00  4.4404E+00  2.4565E-07  2.0000E-03  1.2000E-06  1.1742E+00  5.3138E-09
  1.3364E+00  4.4578E+00  2.4563E-07  2.0000E-03  1.2000E-06  1.1742E+00  5.3176E-09
  1.3416E+00  4.4751E+00  2.4561E-07  2.0000E-03  1.2000E-06  1.1742E+00  5.3213E-09
  1.3468E+00  4.4924E+00  2.4559E-07  2.0000E-03  1.2000E-06  1.1742E+00  5.3250E-09
  1.3520E+00  4.5098E+00  2.4556E-07  2.0000E-03  1.2000E-06  1.1742E+00  5.3288E-09
  1.3572E+00  4.5271E+00  2.4554E-07  2.0000E-03  1.2000E-06  1.1742E+00  5.3325E-09
  1.3624E+00  4.5445E+00  2.4552E-07  2.0000E-03  1.2000E-06  1.1742E+00  5.3363E-09
  1.3676E+00  4.5618E+00  2.4550E-07  2.0000E-03  1.2000E-06  1.1742E+00  5.3400E-09
  1.3728E+00  4.5792E+00  2.4547E-07  2.0000E-03  1.2000E-06  1.1742E+00  5.3438E-09
  1.3780E+00  4.5965E+00  2.4545E-07  2.0000E-03  1.2000E-06  1.1742E+00  5.3475E-09
  1.3832E+00  4.6139E+00  2.4543E-07  2.0000E-03  1.2000E-06  1.1742E+00  5.3513E-09
  1.3884E+00  4.6312E+00  2.4540E-07  2.0000E-03  1.2000E-06  1.1742E+00  5.3550E-09
  1.3936E+00  4.6485E+00  2.4538E-07  2.0000E-03  1.2000E-06  1.1742E+00  5.3587E-09
  1.3988E+00  4.6659E+00  2.4536E-07  2.0000E-03  1.2000E-06  1.1742E+00  5.3625E-09
  1.4040E+00  4.6832E+00  2.4534E-07  2.0000E-03  1.2000E-06  1.1742E+00  5.3662E-09
  1.4092E+00  4.7006E+00  2.4531E-07  2.0000E-03  1.2000E-06  1.1742E+00  5.3700E-09
  1.4144E+00  4.7179E+00  2.4529E-07  2.0000E-03  1.2000E-06  1.1742E+00  5.3737E-09
  1.4196E+00  4.7353E+00  2.4527E-07  2.0000E-03  1.2000E-06  1.1742E+00  5.3775E-09
  1.4248E+00  4.7526E+00  2.4525E-07  2.0000E-03  1.2000E-06  1.1742E+00  5.3812E-09
  1.4300E+00  4.7700E+00  2.4522E-07  2.0000E-03  1.2000E-06  1.1742E+00  5.3849E-09
  1.4352E+00  4.7873E+00  2.4520E-07  2.0000E-03  1.2000E-06  1.1742E+00  5.3887E-09
  1.4404E+00  4.8047E+00  2.4518E-07  2.0000E-03  1.2000E-06  1.1742E+00  5.3924E-09
  1.4456E+00  4.8220E+00  2.4515E-07  2.0000E-03  1.2000E-06  1.1742E+00  5.3962E-09
  1.4508E+00  4.8393E+00  2.4513E-07  2.0000E-03  1.2000E-06  1.1742E+00  5.3999E-09
  1.4560E+00  4.8567E+00  2.4511E-07  2.0000E-03  1.2000E-06  1.1742E+00  5.4037E-09
  1.4612E+00  4.8740E+00  2.4509E-07  2.0000E-03  1.2000E-06  1.1742E+00  5.4074E-09
  1.4664E+00  4.8914E+00  2.4506E-07  2.0000E-03  1.2000E-06  1.1742E+00  5.4112E-09
  1.4716E+00  4.9087E+00  2.4504E-07  2.0000E-03  1.2000E-06  1.1742E+00  5.4149E-09
  1.4768E+00  4.9261E+00  2.4502E-07  2.0000E-03  1.2000E-06  1.1742E+00  5.4186E-09
  1.4820E+00  4.9434E+00  2.4500E-07  2.0000E-03  1.2000E-06  1.1742E+00  5.4224E-09
  1.4872E+00  4.9608E+00  2.4497E-07  2.0000E-03  1.2000E-06  1.1742E+00  5.4261E-09
  1.4924E+00  4.9781E+00  2.4495E-07  2.0000E-03  1.2000E-06  1.1742E+00  5.4299E-09
  1.4976E+00  4.9955E+00  2.4493E-07  2.0000E-03  1.2000E-06  1.1742E+00  5.4336E-09
  1.5028E+00  5.0128E+00  2.4490E-07  2.0000E-03  1.2000E-06  1.1742E+00  5.4374E-09
  1.5080E+00  5.0301E+00  2.4488E-07  2.0000E-03  1.2000E-06  1.1742E+00  5.4411E-09
  1.5132E+00  5.0475E+00  2.4486E-07  2.0000E-03  1.2000E-06  1.1742E+00  5.4449E-09
  1.5184E+00  5.0648E+00  2.4484E-07  2.0000E-03  1.2000E-06  1.1742E+00  5.4486E-09
  1.5236E+00  5.0822E+00  2.4481E-07  2.0000E-03  1.2000E-06  1.1742E+00  5.4523E-09
  1.5288E+00  5.0995E+00  2.4479E-07  2.0000E-03  1.2000E-06  1.1742E+00  5.4561E-09
  1.5340E+00  5.1169E+00  2.4477E-07  2.0000E-03  1.2000E-06  1.1742E+00  5.4598E-09
  1.5392E+00  5.1342E+00  2.4475E-07  2.0000E-03  1.2000E-06  1.1742E+00  5.4636E-09
  1.5444E+00  5.1516E+00  2.4472E-07  2.0000E-03  1.2000E-06  1.1742E+00  5.4673E-09
  1.5496E+00  5.1689E+00  2.4470E-07  2.0000E-03  1.2000E-06  1.1742E+00  5.4711E-09
  1.5548E+00  5.1863E+00  2.4468E-07  2.0000E-03  1.2000E-06  1.1742E+00  5.4748E-09
  1.5600E+00  5.2036E+00  2.4465E-07  2.0000E-03  1.2000E-06  1.1742E+00  5.4785E-09
  1.5652E+00  5.2209E+00  2.4463E-07  2.0000E-03  1.2000E-06  1.1742E+00  5.4823E-09
  1.5704E+00  5.2383E+00  2.4461E-07  2.0000E-03  1.2000E-06  1.1742E+00  5.4860E-09
  1.5756E+00  5.2556E+00  2.4459E-07  2.0000E-03  1.2000E-06  1.1742E+00  5.4898E-09
  1.5808E+00  5.2730E+00  2.4456E-07  2.0000E-03  1.2000E-06  1.1742E+00  5.4935E-09
  1.5860E+00  5.2903E+00  2.4454E-07  2.0000E-03  1.2000E-06  1.1742E+00  5.4973E-09
  1.5912E+00  5.3077E+00  2.4452E-07  2.0000E-03  1.2000E-06  1.1742E+00  5.5010E-09
  1.5964E+00  5.3250E+00  2.4450E-07  2.0000E-03  1.2000E-06  1.1742E+00  5.5048E-09
  1.6016E+00  5.3424E+00  2.4447E-07  2.0000E-03  1.2000E-06  1.1742E+00  5.5085E-09
  1.6068E+00  5.3597E+00  2.4445E-07  2.0000E-03  1.2000E-06  1.1742E+00  5.5122E-09
  1.6120E+00  5.3771E+00  2.4443E-07  2.0000E-03  1.2000E-06  1.1742E+00  5.5160E-09
  1.6172E+00  5.3944E+00  2.4440E-07  2.0000E-03  1.2000E-06  1.1742E+00  5.5197E-09
  1.6224E+00  5.4117E+00  2.4438E-07  2.0000E-03  1.2000E-06  1.1742E+00  5.5235E-09
  1.6276E+00  5.4291E+00  2.4436E-07  2.0000E-03  1.2000E-06  1.1742E+00  5.5272E-09
  1.6328E+00  5.4464E+00  2.4434E-07  2.0000E-03  1.2000E-06  1.1742E+00  5.5310E-09
  1.6380E+00  5.4638E+00  2.4431E-07  2.0000E-03  1.2000E-06  1.1742E+00  5.5347E-09
  1.6432E+00  5.4811E+00  2.4429E-07  2.0000E-03  1.2000E-06  1.1742E+00  5.5385E-09
  1.6484E+00  5.4985E+00  2.4427E-07  2.0000E-03  1.2000E-06  1.1742E+00  5.5422E-09
  1.6536E+00  5.5158E+00  2.4425E-07  2.0000E-03  1.2000E-06  1.1742E+00  5.5459E-09
  1.6588E+00  5.5332E+00  2.4422E-07  2.0000E-03  1.2000E-06  1.1742E+00  5.5497E-09
  1.6640E+00  5.5505E+00  2.4420E-07  2.0000E-03  1.2000E-06  1.1742E+00  5.5534E-09
  1.6692E+00  5.5679E+00  2.4418E-07  2.0000E-03  1.2000E-06  1.1742E+00  5.5572E-09
  1.6744E+00  5.5852E+00  2.4415E-07  2.0000E-03  1.2000E-06  1.1742E+00  5.5609E-09
  1.6796E+00  5.6025E+00  2.4413E-07  2.0000E-03  1.2000E-06  1.1742E+00  5.5647E-09
  1.6848E+00  5.6199E+00  2.4411E-07  2.0000E-03  1.2000E-06  1.1742E+00  5.5684E-09
  1.6900E+00  5.6372E+00  2.4409E-07  2.0000E-03  1.2000E-06  1.1742E+00  5.5721E-09
  1.6952E+00  5.6546E+00  2.4406E-07  2.0000E-03  1.2000E-06  1.1742E+00  5.5759E-09
  1.7004E+00  5.6719E+00  2.4404E-07  2.0000E-03  1.2000E-06  1.1742E+00  5.5796E-09
  1.7056E+00  5.6893E+00  2.4402E-07  2.0000E-03  1.2000E-06  1.1742E+00  5.5834E-09
  1.7108E+00  5.7066E+00  2.4400E-07  2.0000E-03  1.2000E-06  1.1742E+00  5.5871E-09
  1.7160E+00  5.7240E+00  2.4397E-07  2.0000E-03  1.2000E-06  1.1742E+00  5.5909E-09
  1.7212E+00  5.7413E+00  2.4395E-07  2.0000E-03  1.2000E-06  1.1742E+00  5.5946E-09
  1.7264E+00  5.7587E+00  2.4393E-07  2.0000E-03  1.2000E-06  1.1742E+00  5.5984E-09
  1.7316E+00  5.7760E+00  2.4390E-07  2.0000E-03  1.2000E-06  1.1742E+00  5.6021E-09
  1.7368E+00  5.7933E+00  2.4388E-07  2.0000E-03  1.2000E-06  1.1742E+00  5.6058E-09
  1.7420E+00  5.8107E+00  2.4386E-07  2.0000E-03  1.2000E-06  1.1742E+00  5.6096E-09
  1.7472E+00  5.8280E+00  2.4384E-07  2.0000E-03  1.2000E-06  1.1742E+00  5.6133E-09
  1.7524E+00  5.8454E+00  2.4381E-07  2.0000E-03  1.2000E-06  1.1742E+00  5.6171E-09
  1.7576E+00  5.8627E+00  2.4379E-07  2.0000E-03  1.2000E-06  1.1742E+00  5.6208E-09
  1.7628E+00  5.8801E+00  2.4377E-07  2.0000E-03  1.2000E-06  1.1742E+00  5.6246E-09
  1.7680E+00  5.8974E+00  2.4375E-07  2.0000E-03  1.2000E-06  1.1742E+00  5.6283E-09
  1.7732E+00  5.9148E+00  2.4372E-07  2.0000E-03  1.2000E-06  1.1742E+00  5.6321E-09
  1.7784E+00  5.9321E+00  2.4370E-07  2.0000E-03  1.2000E-06  1.1742E+00  5.6358E-09
  1.7836E+00  5.9494E+00  2.4368E-07  2.0000E-03  1.2000E-06  1.1742E+00  5.6395E-09
  1.7888E+00  5.9668E+00  2.4365E-07  2.0000E-03  1.2000E-06  1.1742E+00  5.6433E-09
  1.7940E+00  5.9841E+00  2.4363E-07  2.0000E-03  1.2000E-06  1.1742E+00  5.6470E-09
  1.7992E+00  6.0015E+00  2.4361E-07  2.0000E-03  1.2000E-06  1.1742E+00  5.6508E-09
  1.8044E+00  6.0188E+00  2.4359E-07  2.0000E-03  1.2000E-06  1.1742E+00  5.6545E-09
  1.8096E+00  6.0362E+00  2.4356E-07  2.0000E-03  1.2000E-06  1.1742E+00  5.6583E-09
  1.8148E+00  6.0535E+00  2.4354E-07  2.0000E-03  1.2000E-06  1.1742E+00  5.6620E-09
  1.8200E+00  6.0709E+00  2.4352E-07  2.0000E-03  1.2000E-06  1.1742E+00  5.6657E-09
  1.8252E+00  6.0882E+00  2.4350E-07  2.0000E-03  1.2000E-06  1.1742E+00  5.6695E-09
  1.8304E+00  6.1056E+00  2.4347E-07  2.0000E-03  1.2000E-06  1.1742E+00  5.6732E-09
  1.8356E+00  6.1229E+00  2.4345E-07  2.0000E-03  1.2000E-06  1.1742E+00  5.6770E-09
  1.8408E+00  6.1402E+00  2.4343E-07  2.0000E-03  1.2000E-06  1.1742E+00  5.6807E-09
  1.8460E+00  6.1576E+00  2.4340E-07  2.0000E-03  1.2000E-06  1.1742E+00  5.6845E-09
  1.8512E+00  6.1749E+00  2.4338E-07  2.0000E-03  1.2000E-06  1.1742E+00  5.6882E-09
  1.8564E+00  6.1923E+00  2.4336E-07  2.0000E-03  1.2000E-06  1.1742E+00  5.6920E-09
  1.8616E+00  6.2096E+00  2.4334E-07  2.0000E-03  1.2000E-06  1.1742E+00  5.6957E-09
  1.8668E+00  6.2270E+00  2.4331E-07  2.0000E-03  1.2000E-06  1.1742E+00  5.6994E-09
  1.8720E+00  6.2443E+00  2.4329E-07  2.0000E-03  1.2000E-06  1.1742E+00  5.7032E-09
  1.8772E+00  6.2617E+00  2.4327E-07  2.0000E-03  1.2000E-06  1.1742E+00  5.7069E-09
  1.8824E+00  6.2790E+00  2.4325E-07  2.0000E-03  1.2000E-06  1.1742E+00  5.7107E-09
  1.8876E+00  6.2964E+00  2.4322E-07  2.0000E-03  1.2000E-06  1.1742E+00  5.7144E-09
  1.8928E+00  6.3137E+00  2.4320E-07  2.0000E-03  1.2000E-06  1.1742E+00  5.7182E-09
  1.8980E+00  6.3310E+00  2.4318E-07  2.0000E-03  1.2000E-06  1.1742E+00  5.7219E-09
  1.9032E+00  6.3484E+00  2.4315E-07  2.0000E-03  1.2000E-06  1.1742E+00  5.7257E-09
  1.9084E+00  6.3657E+00  2.4313E-07  2.0000E-03  1.2000E-06  1.1742E+00  5.7294E-09
  1.9136E+00  6.3831E+00  2.4311E-07  2.0000E-03  1.2000E-06  1.1742E+00  5.7331E-09
  1.9188E+00  6.4004E+00  2.4309E-07  2.0000E-03  1.2000E-06  1.1742E+00  5.7369E-09
  1.9240E+00  6.4178E+00  2.4306E-07  2.0000E-03  1.2000E-06  1.1742E+00  5.7406E-09
  1.9292E+00  6.4351E+00  2.4304E-07  2.0000E-03  1.2000E-06  1.1742E+00  5.7444E-09
  1.9344E+00  6.4525E+00  2.4302E-07  2.0000E-03  1.2000E-06  1.1742E+00  5.7481E-09
  1.9396E+00  6.4698E+00  2.4300E-07  2.0000E-03  1.2000E-06  1.1742E+00  5.7519E-09
  1.9448E+00  6.4872E+00  2.4297E-07  2.0000E-03  1.2000E-06  1.1742E+00  5.7556E-09
  1.9500E+00  6.5045E+00  2.4295E-07  2.0000E-03  1.2000E-06  1.1742E+00  5.7593E-09
  1.9552E+00  6.5218E+00  2.4293E-07  2.0000E-03  1.2000E-06  1.1742E+00  5.7631E-09
  1.9604E+00  6.5392E+00  2.4290E-07  2.0000E-03  1.2000E-06  1.1742E+00  5.7668E-09
  1.9656E+00  6.5565E+00  2.4288E-07  2.0000E-03  1.2000E-06  1.1742E+00  5.7706E-09
  1.9708E+00  6.5739E+00  2.4286E-07  2.0000E-03  1.2000E-06  1.1742E+00  5.7743E-09
  1.9760E+00  6.5912E+00  2.4284E-07  2.0000E-03  1.2000E-06  1.1742E+00  5.7781E-09
  1.9812E+00  6.6086E+00  2.4281E-07  2.0000E-03  1.2000E-06  1.1742E+00  5.7818E-09
  1.9864E+00  6.6259E+00  2.4279E-07  2.0000E-03  1.2000E-06  1.1742E+00  5.7856E-09
  1.9916E+00  6.6433E+00  2.4277E-07  2.0000E-03  1.2000E-06  1.1742E+00  5.7893E-09
  1.9968E+00  6.6606E+00  2.4275E-07  2.0000E-03  1.2000E-06  1.1742E+00  5.7930E-09
  2.0020E+00  6.6780E+00  2.4272E-07  2.0000E-03  1.2000E-06  1.1742E+00  5.7968E-09
  2.0072E+00  6.6953E+00  2.4270E-07  2.0000E-03  1.2000E-06  1.1742E+00  5.8005E-09
  2.0124E+00  6.7126E+00  2.4268E-07  2.0000E-03  1.2000E-06  1.1742E+00  5.8043E-09
  2.0176E+00  6.7300E+00  2.4265E-07  2.0000E-03  1.2000E-06  1.1742E+00  5.8080E-09
  2.0228E+00  6.7473E+00  2.4263E-07  2.0000E-03  1.2000E-06  1.1742E+00  5.8118E-09
  2.0280E+00  6.7647E+00  2.4261E-07  2.0000E-03  1.2000E-06  1.1742E+00  5.8155E-09
  2.0332E+00  6.7820E+00  2.4259E-07  2.0000E-03  1.2000E-06  1.1742E+00  5.8192E-09
  2.0384E+00  6.7994E+00  2.4256E-07  2.0000E-03  1.2000E-06  1.1742E+00  5.8230E-09
  2.0436E+00  6.8167E+00  2.4254E-07  2.0000E-03  1.2000E-06  1.1742E+00  5.8267E-09
  2.0488E+00  6.8341E+00  2.4252E-07  2.0000E-03  1.2000E-06  1.1742E+00  5.8305E-09
  2.0540E+00  6.8514E+00  2.4250E-07  2.0000E-03  1.2000E-06  1.1742E+00  5.8342E-09
  2.0592E+00  6.8688E+00  2.4247E-07  2.0000E-03  1.2000E-06  1.1742E+00  5.8380E-09
  2.0644E+00  6.8861E+00  2.4245E-07  2.0000E-03  1.2000E-06  1.1742E+00  5.8417E-09
  2.0696E+00  6.9034E+00  2.4243E-07  2.0000E-03  1.2000E-06  1.1742E+00  5.8455E-09
  2.0748E+00  6.9208E+00  2.4240E-07  2.0000E-03  1.2000E-06  1.1742E+00  5.8492E-09
  2.0800E+00  6.9381E+00  2.4238E-07  2.0000E-03  1.2000E-06  1.1742E+00  5.8529E-09
  2.0852E+00  6.9555E+00  2.4236E-07  2.0000E-03  1.2000E-06  1.1742E+00  5.8567E-09
  2.0904E+00  6.9728E+00  2.4234E-07  2.0000E-03  1.2000E-06  1.1742E+00  5.8604E-09
  2.0956E+00  6.9902E+00  2.4231E-07  2.0000E-03  1.2000E-06  1.1742E+00  5.8642E-09
  2.1008E+00  7.0075E+00  2.4229E-07  2.0000E-03  1.2000E-06  1.1742E+00  5.8679E-09
  2.1060E+00  7.0249E+00  2.4227E-07  2.0000E-03  1.2000E-06  1.1742E+00  5.8717E-09
  2.1112E+00  7.0422E+00  2.4225E-07  2.0000E-03  1.2000E-06  1.1742E+00  5.8754E-09
  2.1164E+00  7.0596E+00  2.4222E-07  2.0000E-03  1.2000E-06  1.1742E+00  5.8792E-09
  2.1216E+00  7.0769E+00  2.4220E-07  2.0000E-03  1.2000E-06  1.1742E+00  5.8829E-09
  2.1268E+00  7.0942E+00  2.4218E-07  2.0000E-03  1.2000E-06  1.1742E+00  5.8866E-09
  2.1320E+00  7.1116E+00  2.4215E-07  2.0000E-03  1.2000E-06  1.1742E+00  5.8904E-09
  2.1372E+00  7.1289E+00  2.4213E-07  2.0000E-03  1.2000E-06  1.1742E+00  5.8941E-09
  2.1424E+00  7.1463E+00  2.4211E-07  2.0000E-03  1.2000E-06  1.1742E+00  5.8979E-09
  2.1476E+00  7.1636E+00  2.4209E-07  2.0000E-03  1.2000E-06  1.1742E+00  5.9016E-09
  2.1528E+00  7.1810E+00  2.4206E-07  2.0000E-03  1.2000E-06  1.1742E+00  5.9054E-09
  2.1580E+00  7.1983E+00  2.4204E-07  2.0000E-03  1.2000E-06  1.1742E+00  5.9091E-09
  2.1632E+00  7.2157E+00  2.4202E-07  2.0000E-03  1.2000E-06  1.1742E+00  5.9128E-09
  2.1684E+00  7.2330E+00  2.4200E-07  2.0000E-03  1.2000E-06  1.1742E+00  5.9166E-09
  2.1736E+00  7.2503E+00  2.4197E-07  2.0000E-03  1.2000E-06  1.1742E+00  5.9203E-09
  2.1788E+00  7.2677E+00  2.4195E-07  2.0000E-03  1.2000E-06  1.1742E+00  5.9241E-09
  2.1840E+00  7.2850E+00  2.4193E-07  2.0000E-03  1.2000E-06  1.1742E+00  5.9278E-09
  2.1892E+00  7.3024E+00  2.4190E-07  2.0000E-03  1.2000E-06  1.1742E+00  5.9316E-09
  2.1944E+00  7.3197E+00  2.4188E-07  2.0000E-03  1.2000E-06  1.1742E+00  5.9353E-09
  2.1996E+00  7.3371E+00  2.4186E-07  2.0000E-03  1.2000E-06  1.1742E+00  5.9391E-09
  2.2048E+00  7.3544E+00  2.4184E-07  2.0000E-03  1.2000E-06  1.1742E+00  5.9428E-09
  2.2100E+00  7.3718E+00  2.4181E-07  2.0000E-03  1.2000E-06  1.1742E+00  5.9465E-09
  2.2152E+00  7.3891E+00  2.4179E-07  2.0000E-03  1.2000E-06  1.1742E+00  5.9503E-09
  2.2204E+00  7.4065E+00  2.4177E-07  2.0000E-03  1.2000E-06  1.1742E+00  5.9540E-09
  2.2256E+00  7.4238E+00  2.4175E-07  2.0000E-03  1.2000E-06  1.1742E+00  5.9578E-09
  2.2308E+00  7.4411E+00  2.4172E-07  2.0000E-03  1.2000E-06  1.1742E+00  5.9615E-09
  2.2360E+00  7.4585E+00  2.4170E-07  2.0000E-03  1.2000E-06  1.1742E+00  5.9653E-09
  2.2412E+00  7.4758E+00  2.4168E-07  2.0000E-03  1.2000E-06  1.1742E+00  5.9690E-09
  2.2464E+00  7.4932E+00  2.4165E-07  2.0000E-03  1.2000E-06  1.1742E+00  5.9728E-09
  2.2516E+00  7.5105E+00  2.4163E-07  2.0000E-03  1.2000E-06  1.1742E+00  5.9765E-09
  2.2568E+00  7.5279E+00  2.4161E-07  2.0000E-03  1.2000E-06  1.1742E+00  5.9802E-09
  2.2620E+00  7.5452E+00  2.4159E-07  2.0000E-03  1.2000E-06  1.1742E+00  5.9840E-09
  2.2672E+00  7.5626E+00  2.4156E-07  2.0000E-03  1.2000E-06  1.1742E+00  5.9877E-09
  2.2724E+00  7.5799E+00  2.4154E-07  2.0000E-03  1.2000E-06  1.1742E+00  5.9915E-09
  2.2776E+00  7.5973E+00  2.4152E-07  2.0000E-03  1.2000E-06  1.1742E+00  5.9952E-09
  2.2828E+00  7.6146E+00  2.4150E-07  2.0000E-03  1.2000E-06  1.1742E+00  5.9990E-09
  2.2880E+00  7.6319E+00  2.4147E-07  2.0000E-03  1.2000E-06  1.1742E+00  6.0027E-09
  2.2932E+00  7.6493E+00  2.4145E-07  2.0000E-03  1.2000E-06  1.1742E+00  6.0064E-09
  2.2984E+00  7.6666E+00  2.4143E-07  2.0000E-03  1.2000E-06  1.1742E+00  6.0102E-09
  2.3036E+00  7.6840E+00  2.4140E-07  2.0000E-03  1.2000E-06  1.1742E+00  6.0139E-09
  2.3088E+00  7.7013E+00  2.4138E-07  2.0000E-03  1.2000E-06  1.1742E+00  6.0177E-09
  2.3140E+00  7.7187E+00  2.4136E-07  2.0000E-03  1.2000E-06  1.1742E+00  6.0214E-09
  2.3192E+00  7.7360E+00  2.4134E-07  2.0000E-03  1.2000E-06  1.1742E+00  6.0252E-09
  2.3244E+00  7.7534E+00  2.4131E-07  2.0000E-03  1.2000E-06  1.1742E+00  6.0289E-09
  2.3296E+00  7.7707E+00  2.4129E-07  2.0000E-03  1.2000E-06  1.1742E+00  6.0327E-09
  2.3348E+00  7.7881E+00  2.4127E-07  2.0000E-03  1.2000E-06  1.1742E+00  6.0364E-09
  2.3400E+00  7.8054E+00  2.4125E-07  2.0000E-03  1.2000E-06  1.1742E+00  6.0401E-09
  2.3452E+00  7.8227E+00  2.4122E-07  2.0000E-03  1.2000E-06  1.1742E+00  6.0439E-09
  2.3504E+00  7.8401E+00  2.4120E-07  2.0000E-03  1.2000E-06  1.1742E+00  6.0476E-09
  2.3556E+00  7.8574E+00  2.4118E-07  2.0000E-03  1.2000E-06  1.1742E+00  6.0514E-09
  2.3608E+00  7.8748E+00  2.4115E-07  2.0000E-03  1.2000E-06  1.1742E+00  6.0551E-09
  2.3660E+00  7.8921E+00  2.4113E-07  2.0000E-03  1.2000E-06  1.1742E+00  6.0589E-09
  2.3712E+00  7.9095E+00  2.4111E-07  2.0000E-03  1.2000E-06  1.1742E+00  6.0626E-09
  2.3764E+00  7.9268E+00  2.4109E-07  2.0000E-03  1.2000E-06  1.1742E+00  6.0663E-09
  2.3816E+00  7.9442E+00  2.4106E-07  2.0000E-03  1.2000E-06  1.1742E+00  6.0701E-09
  2.3868E+00  7.9615E+00  2.4104E-07  2.0000E-03  1.2000E-06  1.1742E+00  6.0738E-09
  2.3920E+00  7.9789E+00  2.4102E-07  2.0000E-03  1.2000E-06  1.1742E+00  6.0776E-09
  2.3972E+00  7.9962E+00  2.4100E-07  2.0000E-03  1.2000E-06  1.1742E+00  6.0813E-09
  2.4024E+00  8.0135E+00  2.4097E-07  2.0000E-03  1.2000E-06  1.1742E+00  6.0851E-09
  2.4076E+00  8.0309E+00  2.4095E-07  2.0000E-03  1.2000E-06  1.1742E+00  6.0888E-09
  2.4128E+00  8.0482E+00  2.4093E-07  2.0000E-03  1.2000E-06  1.1742E+00  6.0926E-09
  2.4180E+00  8.0656E+00  2.4090E-07  2.0000E-03  1.2000E-06  1.1742E+00  6.0963E-09
  2.4232E+00  8.0829E+00  2.4088E-07  2.0000E-03  1.2000E-06  1.1742E+00  6.1000E-09
  2.4284E+00  8.1003E+00  2.4086E-07  2.0000E-03  1.2000E-06  1.1742E+00  6.1038E-09
  2.4336E+00  8.1176E+00  2.4084E-07  2.0000E-03  1.2000E-06  1.1742E+00  6.1075E-09
  2.4388E+00  8.1350E+00  2.4081E-07  2.0000E-03  1.2000E-06  1.1742E+00  6.1113E-09
  2.4440E+00  8.1523E+00  2.4079E-07  2.0000E-03  1.2000E-06  1.1742E+00  6.1150E-09
  2.4492E+00  8.1697E+00  2.4077E-07  2.0000E-03  1.2000E-06  1.1742E+00  6.1188E-09
  2.4544E+00  8.1870E+00  2.4075E-07  2.0000E-03  1.2000E-06  1.1742E+00  6.1225E-09
  2.4596E+00  8.2043E+00  2.4072E-07  2.0000E-03  1.2000E-06  1.1742E+00  6.1263E-09
  2.4648E+00  8.2217E+00  2.4070E-07  2.0000E-03  1.2000E-06  1.1742E+00  6.1300E-09
  2.4700E+00  8.2390E+00  2.4068E-07  2.0000E-03  1.2000E-06  1.1742E+00  6.1337E-09
  2.4752E+00  8.2564E+00  2.4065E-07  2.0000E-03  1.2000E-06  1.1742E+00  6.1375E-09
  2.4804E+00  8.2737E+00  2.4063E-07  2.0000E-03  1.2000E-06  1.1742E+00  6.1412E-09
  2.4856E+00  8.2911E+00  2.4061E-07  2.0000E-03  1.2000E-06  1.1742E+00  6.1450E-09
  2.4908E+00  8.3084E+00  2.4059E-07  2.0000E-03  1.2000E-06  1.1742E+00  6.1487E-09
  2.4960E+00  8.3258E+00  2.4056E-07  2.0000E-03  1.2000E-06  1.1742E+00  6.1525E-09
  2.5012E+00  8.3431E+00  2.4054E-07  2.0000E-03  1.2000E-06  1.1742E+00  6.1562E-09
  2.5064E+00  8.3605E+00  2.4052E-07  2.0000E-03  1.2000E-06  1.1742E+00  6.1599E-09
  2.5116E+00  8.3778E+00  2.4050E-07  2.0000E-03  1.2000E-06  1.1742E+00  6.1637E-09
  2.5168E+00  8.3951E+00  2.4047E-07  2.0000E-03  1.2000E-06  1.1742E+00  6.1674E-09
  2.5220E+00  8.4125E+00  2.4045E-07  2.0000E-03  1.2000E-06  1.1742E+00  6.1712E-09
  2.5272E+00  8.4298E+00  2.4043E-07  2.0000E-03  1.2000E-06  1.1742E+00  6.1749E-09
  2.5324E+00  8.4472E+00  2.4040E-07  2.0000E-03  1.2000E-06  1.1742E+00  6.1787E-09
  2.5376E+00  8.4645E+00  2.4038E-07  2.0000E-03  1.2000E-06  1.1742E+00  6.1824E-09
  2.5428E+00  8.4819E+00  2.4036E-07  2.0000E-03  1.2000E-06  1.1742E+00  6.1862E-09
  2.5480E+00  8.4992E+00  2.4034E-07  2.0000E-03  1.2000E-06  1.1742E+00  6.1899E-09
  2.5532E+00  8.5166E+00  2.4031E-07  2.0000E-03  1.2000E-06  1.1742E+00  6.1936E-09
  2.5584E+00  8.5339E+00  2.4029E-07  2.0000E-03  1.2000E-06  1.1742E+00  6.1974E-09
  2.5636E+00  8.5512E+00  2.4027E-07  2.0000E-03  1.2000E-06  1.1742E+00  6.2011E-09
  2.5688E+00  8.5686E+00  2.4025E-07  2.0000E-03  1.2000E-06  1.1742E+00  6.2049E-09
  2.5740E+00  8.5859E+00  2.4022E-07  2.0000E-03  1.2000E-06  1.1742E+00  6.2086E-09
  2.5792E+00  8.6033E+00  2.4020E-07  2.0000E-03  1.2000E-06  1.1742E+00  6.2124E-09
  2.5844E+00  8.6206E+00  2.4018E-07  2.0000E-03  1.2000E-06  1.1742E+00  6.2161E-09
  2.5896E+00  8.6380E+00  2.4015E-07  2.0000E-03  1.2000E-06  1.1742E+00  6.2199E-09
  2.6000E+00  8.6727E+00  2.4011E-07  2.0000E-03  1.2000E-06  1.1742E+00  6.2273E-09
