  0.0000E+00  0.0000E+00  5.0000E+02  0.0000E+00  1.0243E-02  0.0000E+00  0.0000E+00
  4.0000E-03  1.3343E-02  5.0000E+02  2.5354E-06  1.0243E-02  2.5469E-08 -2.1783E-03
  8.0000E-03  2.6685E-02  5.0000E+02  5.0708E-06  1.0243E-02  5.0938E-08 -2.1783E-03
  1.2000E-02  4.0028E-02  5.0000E+02  7.6062E-06  1.0243E-02  7.6406E-08 -2.1783E-03
  1.6000E-02  5.3370E-02  5.0000E+02  1.0142E-05  1.0243E-02  1.0188E-07 -2.1783E-03
  2.0000E-02  6.6713E-02  5.0000E+02  1.2677E-05  1.0243E-02  1.2734E-07 -2.1783E-03
  2.4000E-02  8.0056E-02  5.0000E+02  1.5212E-05  1.0243E-02  1.5281E-07 -2.1783E-03
  2.8000E-02  9.3398E-02  5.0000E+02  1.7748E-05  1.0243E-02  1.7828E-07 -2.1783E-03
  3.2000E-02  1.0674E-01  5.0000E+02  2.0283E-05  1.0243E-02  2.0375E-07 -2.1783E-03
  3.6000E-02  1.2008E-01  5.0000E+02  2.2819E-05  1.0243E-02  2.2922E-07 -2.1783E-03
  4.0000E-02  1.3343E-01  5.0000E+02  2.5354E-05  1.0243E-02  2.5469E-07 -2.1783E-03
  4.4000E-02  1.4677E-01  5.0000E+02  2.7889E-05  1.0243E-02  2.8016E-07 -2.1783E-03
  4.8000E-02  1.6011E-01  5.0000E+02  3.0425E-05  1.0243E-02  3.0563E-07 -2.1783E-03
  5.2000E-02  1.7345E-01  5.0000E+02  3.2960E-05  1.0243E-02  3.3109E-07 -2.1783E-03
  5.6000E-02  1.8680E-01  5.0000E+02  3.5496E-05  1.0243E-02  3.5656E-07 -2.1783E-03
  6.0000E-02  2.0014E-01  5.0000E+02  3.8031E-05  1.0243E-02  3.8203E-07 -2.1783E-03
  6.4000E-02  2.1348E-01  5.0000E+02  4.0566E-05  1.0243E-02  4.0750E-07 -2.1783E-03
  6.8000E-02  2.2682E-01  5.0000E+02  4.3102E-05  1.0243E-02  4.3297E-07 -2.1783E-03
  7.2000E-02  2.4017E-01  5.0000E+02  4.5637E-05  1.0243E-02  4.5844E-07 -2.1783E-03
  7.6000E-02  2.5351E-01  5.0000E+02  4.8173E-05  1.0243E-02  4.8391E-07 -2.1783E-03
  8.0000E-02  2.6685E-01  5.0000E+02  5.0708E-05  1.0243E-02  5.0938E-07 -2.1783E-03
  8.4000E-02  2.8019E-01  5.0000E+02  5.3243E-05  1.0243E-02  5.3484E-07 -2.1783E-03
  8.8000E-02  2.9354E-01  5.0000E+02  5.5779E-05  1.0243E-02  5.6031E-07 -2.1783E-03
  9.2000E-02  3.0688E-01  5.0000E+02  5.8315E-05  1.0211E-02  5.8578E-07 -2.1788E-03
  9.6000E-02  3.2022E-01  5.0000E+02  6.0859E-05  1.0097E-02  6.1128E-07 -2.1831E-03
  1.0000E-01  3.3356E-01  5.0000E+02  6.3428E-05  1.0162E-02  6.3697E-07 -2.1917E-03
  1.0400E-01  3.4691E-01  5.0000E+02  6.6045E-05  1.0132E-02  6.6307E-07 -2.2041E-03
  1.0800E-01  3.6025E-01  5.0000E+02  6.8735E-05  1.0162E-02  6.8984E-07 -2.2196E-03
  1.1200E-01  3.7359E-01  5.0000E+02  7.1531E-05  1.0211E-02  7.1762E-07 -2.2378E-03
  1.1600E-01  3.8693E-01  5.0000E+02  7.4470E-05  1.0211E-02  7.4676E-07 -2.2580E-03
  1.2000E-01  4.0028E-01  5.0000E+02  7.7594E-05  1.0249E-02  7.7771E-07 -2.2796E-03
  1.2400E-01  4.1362E-01  5.0000E+02  8.0949E-05  1.0231E-02  8.1092E-07 -2.3019E-03
  1.2800E-01  4.2696E-01  5.0000E+02  8.4565E-05  1.0272E-02  8.4671E-07 -2.3242E-03
  1.3200E-01  4.4031E-01  5.0000E+02  8.8284E-05  1.0272E-02  8.8355E-07 -2.3436E-03
  1.3600E-01  4.5365E-01  5.0000E+02  9.2052E-05  1.0272E-02  9.2090E-07 -2.3602E-03
  1.4000E-01  4.6699E-01  5.0000E+02  9.5863E-05  1.0272E-02  9.5871E-07 -2.3744E-03
  1.4400E-01  4.8033E-01  5.0000E+02  9.9714E-05  1.0272E-02  9.9693E-07 -2.3865E-03
  1.4800E-01  4.9368E-01  5.0000E+02  1.0360E-04  1.0272E-02  1.0355E-06 -2.3970E-03
  1.5200E-01  5.0702E-01  5.0000E+02  1.0751E-04  1.0272E-02  1.0744E-06 -2.4060E-03
  1.5600E-01  5.2036E-01  5.0000E+02  1.1146E-04  1.0272E-02  1.1136E-06 -2.4138E-03
  1.6000E-01  5.3370E-01  5.0000E+02  1.1542E-04  1.0272E-02  1.1531E-06 -2.4206E-03
  1.6400E-01  5.4705E-01  5.0000E+02  1.1941E-04  1.0272E-02  1.1927E-06 -2.4264E-03
  1.6800E-01  5.6039E-01  5.0000E+02  1.2342E-04  1.0272E-02  1.2326E-06 -2.4315E-03
  1.7200E-01  5.7373E-01  5.0000E+02  1.2745E-04  1.0272E-02  1.2727E-06 -2.4359E-03
  1.7600E-01  5.8707E-01  5.0000E+02  1.3150E-04  1.0272E-02  1.3130E-06 -2.4397E-03
  1.8000E-01  6.0042E-01  5.0000E+02  1.3556E-04  1.0272E-02  1.3534E-06 -2.4430E-03
  1.8400E-01  6.1376E-01  5.0000E+02  1.3963E-04  1.0272E-02  1.3940E-06 -2.4459E-03
  1.8800E-01  6.2710E-01  5.0000E+02  1.4371E-04  1.0272E-02  1.4347E-06 -2.4485E-03
  1.9200E-01  6.4044E-01  5.0000E+02  1.4781E-04  1.0272E-02  1.4755E-06 -2.4507E-03
  1.9600E-01  6.5379E-01  5.0000E+02  1.5192E-04  1.0272E-02  1.5164E-06 -2.4526E-03
  2.0000E-01  6.6713E-01  5.0000E+02  1.5604E-04  1.0272E-02  1.5575E-06 -2.4542E-03
  2.0400E-01  6.8047E-01  5.0000E+02  1.6016E-04  1.0272E-02  1.5986E-06 -2.4556E-03
  2.0800E-01  6.9381E-01  5.0000E+02  1.6423E-04  1.0055E-02  1.6392E-06 -2.4569E-03
  2.1200E-01  7.0716E-01  5.0000E+02  1.6805E-04  1.0341E-02  1.6772E-06 -2.4578E-03
  2.1600E-01  7.2050E-01  5.0000E+02  1.7160E-04  1.0324E-02  1.7127E-06 -2.4585E-03
  2.2000E-01  7.3384E-01  5.0000E+02  1.7489E-04  1.0324E-02  1.7455E-06 -2.4589E-03
  2.2400E-01  7.4718E-01  5.0000E+02  1.7794E-04  1.0341E-02  1.7759E-06 -2.4591E-03
  2.2800E-01  7.6053E-01  5.0000E+02  1.8075E-04  1.0341E-02  1.8039E-06 -2.4592E-03
  2.3200E-01  7.7387E-01  5.0000E+02  1.8332E-04  1.0341E-02  1.8296E-06 -2.4592E-03
  2.3600E-01  7.8721E-01  5.0000E+02  1.8568E-04  1.0341E-02  1.8532E-06 -2.4590E-03
  2.4000E-01  8.0056E-01  5.0000E+02  1.8784E-04  1.0176E-02  1.8748E-06 -2.4587E-03
  2.4400E-01  8.1390E-01  5.0000E+02  1.8982E-04  1.0148E-02  1.8945E-06 -2.4582E-03
  2.4800E-01  8.2724E-01  5.0000E+02  1.9163E-04  1.0333E-02  1.9126E-06 -2.4576E-03
  2.5200E-01  8.4058E-01  5.0000E+02  1.9328E-04  1.0341E-02  1.9292E-06 -2.4567E-03
  2.5600E-01  8.5393E-01  5.0000E+02  1.9481E-04  1.0341E-02  1.9445E-06 -2.4556E-03
  2.6000E-01  8.6727E-01  5.0000E+02  1.9624E-04  1.0341E-02  1.9588E-06 -2.4542E-03
  2.6400E-01  8.8061E-01  5.0000E+02  1.9758E-04  1.0341E-02  1.9723E-06 -2.4524E-03
  2.6800E-01  8.9395E-01  5.0000E+02  1.9887E-04  1.0341E-02  1.9852E-06 -2.4502E-03
  2.7200E-01  9.0730E-01  5.0000E+02  2.0012E-04  1.0349E-02  1.9978E-06 -2.4476E-03
  2.7600E-01  9.2064E-01  5.0000E+02  2.0137E-04  1.0349E-02  2.0105E-06 -2.4444E-03
  2.8000E-01  9.3398E-01  5.0000E+02  2.0265E-04  1.0349E-02  2.0235E-06 -2.4405E-03
  2.8400E-01  9.4732E-01  5.0000E+02  2.0399E-04  1.0333E-02  2.0370E-06 -2.4360E-03
  2.8800E-01  9.6067E-01  5.0000E+02  2.0541E-04  1.0333E-02  2.0515E-06 -2.4306E-03
  2.9200E-01  9.7401E-01  5.0000E+02  2.0696E-04  1.0333E-02  2.0673E-06 -2.4244E-03
  2.9600E-01  9.8735E-01  5.0000E+02  2.0867E-04  1.0349E-02  2.0847E-06 -2.4171E-03
  3.0000E-01  1.0007E+00  5.0000E+02  2.1057E-04  1.0349E-02  2.1042E-06 -2.4087E-03
  3.0400E-01  1.0140E+00  5.0000E+02  2.1270E-04  1.0341E-02  2.1259E-06 -2.3992E-03
  3.0800E-01  1.0274E+00  5.0000E+02  2.1510E-04  1.0341E-02  2.1505E-06 -2.3884E-03
  3.1200E-01  1.0407E+00  5.0000E+02  2.1781E-04  1.0341E-02  2.1782E-06 -2.3762E-03
  3.1600E-01  1.0541E+00  5.0000E+02  2.2087E-04  1.0097E-02  2.2095E-06 -2.3627E-03
  3.2000E-01  1.0674E+00  5.0000E+02  2.2432E-04  1.0349E-02  2.2448E-06 -2.3477E-03
  3.2400E-01  1.0807E+00  5.0000E+02  2.2820E-04  1.0188E-02  2.2845E-06 -2.3313E-03
  3.2800E-01  1.0941E+00  5.0000E+02  2.3255E-04  1.0349E-02  2.3290E-06 -2.3135E-03
  3.3200E-01  1.1074E+00  5.0000E+02  2.3733E-04  1.0140E-02  2.3779E-06 -2.2947E-03
  3.3600E-01  1.1208E+00  5.0000E+02  2.4225E-04  1.0140E-02  2.4283E-06 -2.2753E-03
  3.4000E-01  1.1341E+00  5.0000E+02  2.4728E-04  1.0140E-02  2.4798E-06 -2.2558E-03
  3.4400E-01  1.1475E+00  5.0000E+02  2.5241E-04  1.0140E-02  2.5323E-06 -2.2362E-03
  3.4800E-01  1.1608E+00  5.0000E+02  2.5762E-04  1.0140E-02  2.5857E-06 -2.2165E-03
  3.5200E-01  1.1741E+00  5.0000E+02  2.6292E-04  1.0140E-02  2.6401E-06 -2.1970E-03
  3.5600E-01  1.1875E+00  5.0000E+02  2.6830E-04  1.0140E-02  2.6952E-06 -2.1776E-03
  3.6000E-01  1.2008E+00  5.0000E+02  2.7376E-04  1.0140E-02  2.7512E-06 -2.1583E-03
  3.6400E-01  1.2142E+00  5.0000E+02  2.7928E-04  1.0140E-02  2.8079E-06 -2.1392E-03
  3.6800E-01  1.2275E+00  5.0000E+02  2.8488E-04  1.0140E-02  2.8653E-06 -2.1204E-03
  3.7200E-01  1.2409E+00  5.0000E+02  2.9054E-04  1.0140E-02  2.9233E-06 -2.1019E-03
  3.7600E-01  1.2542E+00  5.0000E+02  2.9625E-04  1.0140E-02  2.9819E-06 -2.0836E-03
  3.8000E-01  1.2675E+00  5.0000E+02  3.0203E-04  1.0140E-02  3.0412E-06 -2.0656E-03
  3.8400E-01  1.2809E+00  5.0000E+02  3.0785E-04  1.0140E-02  3.1010E-06 -2.0480E-03
  3.8800E-01  1.2942E+00  5.0000E+02  3.1373E-04  1.0140E-02  3.1612E-06 -2.0307E-03
  3.9200E-01  1.3076E+00  5.0000E+02  3.1965E-04  1.0140E-02  3.2220E-06 -2.0137E-03
  3.9600E-01  1.3209E+00  5.0000E+02  3.2562E-04  1.0140E-02  3.2833E-06 -1.9971E-03
  4.0000E-01  1.3343E+00  5.0000E+02  3.3163E-04  1.0140E-02  3.3449E-06 -1.9808E-03
  4.0400E-01  1.3476E+00  5.0000E+02  3.3769E-04  1.0140E-02  3.4070E-06 -1.9649E-03
  4.0800E-01  1.3609E+00  5.0000E+02  3.4377E-04  1.0140E-02  3.4695E-06 -1.9493E-03
  4.1200E-01  1.3743E+00  5.0000E+02  3.4990E-04  1.0140E-02  3.5323E-06 -1.9341E-03
  4.1600E-01  1.3876E+00  5.0000E+02  3.5606E-04  1.0140E-02  3.5955E-06 -1.9192E-03
  4.2000E-01  1.4010E+00  5.0000E+02  3.6225E-04  1.0140E-02  3.6590E-06 -1.9046E-03
  4.2400E-01  1.4143E+00  5.0000E+02  3.6847E-04  1.0140E-02  3.7229E-06 -1.8904E-03
  4.2800E-01  1.4277E+00  5.0000E+02  3.7472E-04  1.0140E-02  3.7870E-06 -1.8765E-03
  4.3200E-01  1.4410E+00  5.0000E+02  3.8100E-04  1.0140E-02  3.8514E-06 -1.8629E-03
  4.3600E-01  1.4543E+00  5.0000E+02  3.8731E-04  1.0140E-02  3.9161E-06 -1.8496E-03
  4.4000E-01  1.4677E+00  5.0000E+02  3.9364E-04  1.0140E-02  3.9810E-06 -1.8367E-03
  4.4400E-01  1.4810E+00  5.0000E+02  3.9999E-04  1.0140E-02  4.0462E-06 -1.8240E-03
  4.4800E-01  1.4944E+00  5.0000E+02  4.0637E-04  1.0140E-02  4.1116E-06 -1.8116E-03
  4.5200E-01  1.5077E+00  5.0000E+02  4.1277E-04  1.0140E-02  4.1773E-06 -1.7996E-03
  4.5600E-01  1.5211E+00  5.0000E+02  4.1919E-04  1.0140E-02  4.2431E-06 -1.7878E-03
  4.6000E-01  1.5344E+00  5.0000E+02  4.2563E-04  1.0140E-02  4.3092E-06 -1.7762E-03
  4.6400E-01  1.5477E+00  5.0000E+02  4.3209E-04  1.0140E-02  4.3754E-06 -1.7650E-03
  4.6800E-01  1.5611E+00  5.0000E+02  4.3856E-04  1.0140E-02  4.4418E-06 -1.7540E-03
  4.7200E-01  1.5744E+00  5.0000E+02  4.4506E-04  1.0140E-02  4.5084E-06 -1.7432E-03
  4.7600E-01  1.5878E+00  5.0000E+02  4.5157E-04  1.0140E-02  4.5752E-06 -1.7327E-03
  4.8000E-01  1.6011E+00  5.0000E+02  4.5810E-04  1.0140E-02  4.6421E-06 -1.7225E-03
  4.8400E-01  1.6145E+00  5.0000E+02  4.6464E-04  1.0140E-02  4.7092E-06 -1.7124E-03
  4.8800E-01  1.6278E+00  5.0000E+02  4.7119E-04  1.0140E-02  4.7764E-06 -1.7026E-03
  4.9200E-01  1.6411E+00  5.0000E+02  4.7776E-04  1.0140E-02  4.8438E-06 -1.6930E-03
  4.9600E-01  1.6545E+00  5.0000E+02  4.8435E-04  1.0140E-02  4.9113E-06 -1.6837E-03
  5.0000E-01  1.6678E+00  5.0000E+02  4.9094E-04  1.0140E-02  4.9789E-06 -1.6745E-03
  5.0400E-01  1.6812E+00  5.0000E+02  4.9755E-04  1.0140E-02  5.0467E-06 -1.6655E-03
  5.0800E-01  1.6945E+00  5.0000E+02  5.0417E-04  1.0140E-02  5.1146E-06 -1.6568E-03
  5.1200E-01  1.7079E+00  5.0000E+02  5.1081E-04  1.0140E-02  5.1826E-06 -1.6482E-03
  5.1600E-01  1.7212E+00  5.0000E+02  5.1745E-04  1.0140E-02  5.2507E-06 -1.6398E-03
  5.2000E-01  1.7345E+00  5.0000E+02  5.2410E-04  1.0140E-02  5.3189E-06 -1.6316E-03
  5.2400E-01  1.7479E+00  5.0000E+02  5.3077E-04  1.0140E-02  5.3872E-06 -1.6235E-03
  5.2800E-01  1.7612E+00  5.0000E+02  5.3744E-04  1.0140E-02  5.4556E-06 -1.6157E-03
  5.3200E-01  1.7746E+00  5.0000E+02  5.4412E-04  1.0140E-02  5.5241E-06 -1.6080E-03
  5.3600E-01  1.7879E+00  5.0000E+02  5.5081E-04  1.0140E-02  5.5927E-06 -1.6004E-03
  5.4000E-01  1.8012E+00  5.0000E+02  5.5751E-04  1.0140E-02  5.6614E-06 -1.5931E-03
  5.4400E-01  1.8146E+00  5.0000E+02  5.6422E-04  1.0140E-02  5.7302E-06 -1.5858E-03
  5.4800E-01  1.8279E+00  5.0000E+02  5.7088E-04  1.0055E-02  5.7984E-06 -1.5791E-03
  5.5200E-01  1.8413E+00  5.0000E+02  5.7701E-04  1.0211E-02  5.8612E-06 -1.5728E-03
  5.5600E-01  1.8546E+00  5.0000E+02  5.8251E-04  1.0211E-02  5.9175E-06 -1.5674E-03
  5.6000E-01  1.8680E+00  5.0000E+02  5.8741E-04  1.0211E-02  5.9678E-06 -1.5626E-03
  5.6400E-01  1.8813E+00  5.0000E+02  5.9174E-04  1.0211E-02  6.0122E-06 -1.5586E-03
  5.6800E-01  1.8946E+00  5.0000E+02  5.9554E-04  1.0231E-02  6.0510E-06 -1.5551E-03
  5.7200E-01  1.9080E+00  5.0000E+02  5.9883E-04  1.0231E-02  6.0847E-06 -1.5522E-03
  5.7600E-01  1.9213E+00  5.0000E+02  6.0164E-04  1.0231E-02  6.1135E-06 -1.5499E-03
  5.8000E-01  1.9347E+00  5.0000E+02  6.0401E-04  1.0249E-02  6.1378E-06 -1.5480E-03
  5.8400E-01  1.9480E+00  5.0000E+02  6.0598E-04  1.0231E-02  6.1579E-06 -1.5465E-03
  5.8800E-01  1.9614E+00  5.0000E+02  6.0758E-04  1.0031E-02  6.1743E-06 -1.5454E-03
  5.9200E-01  1.9747E+00  5.0000E+02  6.0885E-04  1.0249E-02  6.1873E-06 -1.5447E-03
  5.9600E-01  1.9880E+00  5.0000E+02  6.0983E-04  1.0249E-02  6.1973E-06 -1.5442E-03
  6.0000E-01  2.0014E+00  5.0000E+02  6.1056E-04  1.0055E-02  6.2046E-06 -1.5439E-03
  6.0400E-01  2.0147E+00  5.0000E+02  6.1106E-04  1.0265E-02  6.2098E-06 -1.5439E-03
  6.0800E-01  2.0281E+00  5.0000E+02  6.1140E-04  1.0055E-02  6.2132E-06 -1.5440E-03
  6.1200E-01  2.0414E+00  5.0000E+02  6.1160E-04  1.0055E-02  6.2152E-06 -1.5442E-03
  6.1600E-01  2.0548E+00  5.0000E+02  6.1170E-04  1.0077E-02  6.2162E-06 -1.5444E-03
  6.2000E-01  2.0681E+00  5.0000E+02  6.1175E-04  1.0097E-02  6.2167E-06 -1.5447E-03
  6.2400E-01  2.0814E+00  5.0000E+02  6.1178E-04  1.0077E-02  6.2170E-06 -1.5449E-03
  6.2800E-01  2.0948E+00  5.0000E+02  6.1184E-04  1.0292E-02  6.2176E-06 -1.5451E-03
  6.3200E-01  2.1081E+00  5.0000E+02  6.1197E-04  1.0314E-02  6.2189E-06 -1.5451E-03
  6.3600E-01  2.1215E+00  5.0000E+02  6.1220E-04  1.0148E-02  6.2213E-06 -1.5449E-03
  6.4000E-01  2.1348E+00  5.0000E+02  6.1258E-04  1.0304E-02  6.2252E-06 -1.5445E-03
  6.4400E-01  2.1482E+00  5.0000E+02  6.1312E-04  1.0189E-02  6.2307E-06 -1.5443E-03
  6.4800E-01  2.1615E+00  5.0000E+02  6.1370E-04  1.0189E-02  6.2366E-06 -1.5436E-03
  6.5200E-01  2.1748E+00  5.0000E+02  6.1427E-04  1.0189E-02  6.2425E-06 -1.5430E-03
  6.5600E-01  2.1882E+00  5.0000E+02  6.1484E-04  1.0189E-02  6.2484E-06 -1.5423E-03
  6.6000E-01  2.2015E+00  5.0000E+02  6.1541E-04  1.0189E-02  6.2542E-06 -1.5416E-03
  6.6400E-01  2.2149E+00  5.0000E+02  6.1599E-04  1.0189E-02  6.2601E-06 -1.5410E-03
  6.6800E-01  2.2282E+00  5.0000E+02  6.1656E-04  1.0189E-02  6.2660E-06 -1.5403E-03
  6.7200E-01  2.2416E+00  5.0000E+02  6.1713E-04  1.0189E-02  6.2719E-06 -1.5397E-03
  6.7600E-01  2.2549E+00  5.0000E+02  6.1770E-04  1.0189E-02  6.2778E-06 -1.5390E-03
  6.8000E-01  2.2682E+00  5.0000E+02  6.1828E-04  1.0189E-02  6.2837E-06 -1.5384E-03
  6.8400E-01  2.2816E+00  5.0000E+02  6.1885E-04  1.0189E-02  6.2895E-06 -1.5377E-03
  6.8800E-01  2.2949E+00  5.0000E+02  6.1942E-04  1.0189E-02  6.2954E-06 -1.5371E-03
  6.9200E-01  2.3083E+00  5.0000E+02  6.2000E-04  1.0189E-02  6.3013E-06 -1.5364E-03
  6.9600E-01  2.3216E+00  5.0000E+02  6.2057E-04  1.0189E-02  6.3072E-06 -1.5358E-03
  7.0000E-01  2.3350E+00  5.0000E+02  6.2114E-04  1.0189E-02  6.3131E-06 -1.5351E-03
  7.0400E-01  2.3483E+00  5.0000E+02  6.2172E-04  1.0189E-02  6.3190E-06 -1.5345E-03
  7.0800E-01  2.3616E+00  5.0000E+02  6.2229E-04  1.0189E-02  6.3249E-06 -1.5338E-03
  7.1200E-01  2.3750E+00  5.0000E+02  6.2286E-04  1.0189E-02  6.3307E-06 -1.5332E-03
  7.1600E-01  2.3883E+00  5.0000E+02  6.2344E-04  1.0189E-02  6.3366E-06 -1.5325E-03
  7.2000E-01  2.4017E+00  5.0000E+02  6.2401E-04  1.0189E-02  6.3425E-06 -1.5319E-03
  7.2400E-01  2.4150E+00  5.0000E+02  6.2458E-04  1.0189E-02  6.3484E-06 -1.5312E-03
  7.2800E-01  2.4284E+00  5.0000E+02  6.2516E-04  1.0189E-02  6.3543E-06 -1.5306E-03
  7.3200E-01  2.4417E+00  5.0000E+02  6.2573E-04  1.0189E-02  6.3602E-06 -1.5300E-03
  7.3600E-01  2.4550E+00  5.0000E+02  6.2630E-04  1.0189E-02  6.3661E-06 -1.5293E-03
  7.4000E-01  2.4684E+00  5.0000E+02  6.2688E-04  1.0189E-02  6.3720E-06 -1.5287E-03
  7.4400E-01  2.4817E+00  5.0000E+02  6.2745E-04  1.0189E-02  6.3779E-06 -1.5280E-03
  7.4800E-01  2.4951E+00  5.0000E+02  6.2803E-04  1.0189E-02  6.3838E-06 -1.5274E-03
  7.5200E-01  2.5084E+00  5.0000E+02  6.2860E-04  1.0189E-02  6.3897E-06 -1.5268E-03
  7.5600E-01  2.5217E+00  5.0000E+02  6.2917E-04  1.0189E-02  6.3956E-06 -1.5261E-03
  7.6000E-01  2.5351E+00  5.0000E+02  6.2975E-04  1.0189E-02  6.4015E-06 -1.5255E-03
  7.6400E-01  2.5484E+00  5.0000E+02  6.3032E-04  1.0189E-02  6.4074E-06 -1.5249E-03
  7.6800E-01  2.5618E+00  5.0000E+02  6.3090E-04  1.0189E-02  6.4133E-06 -1.5242E-03
  7.7200E-01  2.5751E+00  5.0000E+02  6.3147E-04  1.0189E-02  6.4192E-06 -1.5236E-03
  7.7600E-01  2.5885E+00  5.0000E+02  6.3205E-04  1.0189E-02  6.4251E-06 -1.5230E-03
  7.8000E-01  2.6018E+00  5.0000E+02  6.3262E-04  1.0189E-02  6.4310E-06 -1.5224E-03
  7.8400E-01  2.6151E+00  5.0000E+02  6.3320E-04  1.0189E-02  6.4369E-06 -1.5217E-03
  7.8800E-01  2.6285E+00  5.0000E+02  6.3377E-04  1.0189E-02  6.4428E-06 -1.5211E-03
  7.9200E-01  2.6418E+00  5.0000E+02  6.3434E-04  1.0189E-02  6.4487E-06 -1.5205E-03
  7.9600E-01  2.6552E+00  5.0000E+02  6.3492E-04  1.0189E-02  6.4546E-06 -1.5199E-03
  8.0000E-01  2.6685E+00  5.0000E+02  6.3549E-04  1.0189E-02  6.4605E-06 -1.5192E-03
  8.0400E-01  2.6819E+00  5.0000E+02  6.3607E-04  1.0189E-02  6.4664E-06 -1.5186E-03
  8.0800E-01  2.6952E+00  5.0000E+02  6.3664E-04  1.0189E-02  6.4723E-06 -1.5180E-03
  8.1200E-01  2.7085E+00  5.0000E+02  6.3722E-04  1.0189E-02  6.4782E-06 -1.5174E-03
  8.1600E-01  2.7219E+00  5.0000E+02  6.3779E-04  1.0189E-02  6.4841E-06 -1.5167E-03
  8.2000E-01  2.7352E+00  5.0000E+02  6.3837E-04  1.0189E-02  6.4900E-06 -1.5161E-03
  8.2400E-01  2.7486E+00  5.0000E+02  6.3895E-04  1.0189E-02  6.4959E-06 -1.5155E-03
  8.2800E-01  2.7619E+00  5.0000E+02  6.3952E-04  1.0189E-02  6.5018E-06 -1.5149E-03
  8.3200E-01  2.7753E+00  5.0000E+02  6.4010E-04  1.0189E-02  6.5077E-06 -1.5143E-03
  8.3600E-01  2.7886E+00  5.0000E+02  6.4067E-04  1.0189E-02  6.5136E-06 -1.5137E-03
  8.4000E-01  2.8019E+00  5.0000E+02  6.4125E-04  1.0189E-02  6.5195E-06 -1.5131E-03
  8.4400E-01  2.8153E+00  5.0000E+02  6.4182E-04  1.0189E-02  6.5254E-06 -1.5124E-03
  8.4800E-01  2.8286E+00  5.0000E+02  6.4240E-04  1.0189E-02  6.5314E-06 -1.5118E-03
  8.5200E-01  2.8420E+00  5.0000E+02  6.4297E-04  1.0189E-02  6.5373E-06 -1.5112E-03
  8.5600E-01  2.8553E+00  5.0000E+02  6.4355E-04  1.0189E-02  6.5432E-06 -1.5106E-03
  8.6000E-01  2.8687E+00  5.0000E+02  6.4413E-04  1.0189E-02  6.5491E-06 -1.5100E-03
  8.6400E-01  2.8820E+00  5.0000E+02  6.4470E-04  1.0189E-02  6.5550E-06 -1.5094E-03
  8.6800E-01  2.8953E+00  5.0000E+02  6.4528E-04  1.0189E-02  6.5609E-06 -1.5088E-03
  8.7200E-01  2.9087E+00  5.0000E+02  6.4585E-04  1.0189E-02  6.5668E-06 -1.5082E-03
  8.7600E-01  2.9220E+00  5.0000E+02  6.4643E-04  1.0189E-02  6.5728E-06 -1.5076E-03
  8.8000E-01  2.9354E+00  5.0000E+02  6.4701E-04  1.0189E-02  6.5787E-06 -1.5070E-03
  8.8400E-01  2.9487E+00  5.0000E+02  6.4758E-04  1.0189E-02  6.5846E-06 -1.5064E-03
  8.8800E-01  2.9621E+00  5.0000E+02  6.4816E-04  1.0189E-02  6.5905E-06 -1.5058E-03
  8.9200E-01  2.9754E+00  5.0000E+02  6.4873E-04  1.0189E-02  6.5964E-06 -1.5052E-03
  8.9600E-01  2.9887E+00  5.0000E+02  6.4931E-04  1.0189E-02  6.6023E-06 -1.5046E-03
  9.0000E-01  3.0021E+00  5.0000E+02  6.4989E-04  1.0189E-02  6.6083E-06 -1.5040E-03
  9.0400E-01  3.0154E+00  5.0000E+02  6.5046E-04  1.0189E-02  6.6142E-06 -1.5034E-03
  9.0800E-01  3.0288E+00  5.0000E+02  6.5104E-04  1.0189E-02  6.6201E-06 -1.5028E-03
  9.1200E-01  3.0421E+00  5.0000E+02  6.5162E-04  1.0189E-02  6.6260E-06 -1.5022E-03
  9.1600E-01  3.0555E+00  5.0000E+02  6.5219E-04  1.0189E-02  6.6319E-06 -1.5016E-03
  9.2000E-01  3.0688E+00  5.0000E+02  6.5277E-04  1.0189E-02  6.6379E-06 -1.5010E-03
  9.2400E-01  3.0821E+00  5.0000E+02  6.5335E-04  1.0189E-02  6.6438E-06 -1.5004E-03
  9.2800E-01  3.0955E+00  5.0000E+02  6.5392E-04  1.0189E-02  6.6497E-06 -1.4998E-03
  9.3200E-01  3.1088E+00  5.0000E+02  6.5450E-04  1.0189E-02  6.6556E-06 -1.4992E-03
  9.3600E-01  3.1222E+00  5.0000E+02  6.5508E-04  1.0189E-02  6.6616E-06 -1.4986E-03
  9.4000E-01  3.1355E+00  5.0000E+02  6.5566E-04  1.0189E-02  6.6675E-06 -1.4980E-03
  9.4400E-01  3.1488E+00  5.0000E+02  6.5623E-04  1.0189E-02  6.6734E-06 -1.4974E-03
  9.4800E-01  3.1622E+00  5.0000E+02  6.5681E-04  1.0189E-02  6.6793E-06 -1.4968E-03
  9.5200E-01  3.1755E+00  5.0000E+02  6.5739E-04  1.0189E-02  6.6853E-06 -1.4962E-03
  9.5600E-01  3.1889E+00  5.0000E+02  6.5796E-04  1.0189E-02  6.6912E-06 -1.4957E-03
  9.6000E-01  3.2022E+00  5.0000E+02  6.5854E-04  1.0189E-02  6.6971E-06 -1.4951E-03
  9.6400E-01  3.2156E+00  5.0000E+02  6.5912E-04  1.0189E-02  6.7031E-06 -1.4945E-03
  9.6800E-01  3.2289E+00  5.0000E+02  6.5970E-04  1.0189E-02  6.7090E-06 -1.4939E-03
  9.7200E-01  3.2422E+00  5.0000E+02  6.6027E-04  1.0189E-02  6.7149E-06 -1.4933E-03
  9.7600E-01  3.2556E+00  5.0000E+02  6.6085E-04  1.0189E-02  6.7208E-06 -1.4927E-03
  9.8000E-01  3.2689E+00  5.0000E+02  6.6143E-04  1.0189E-02  6.7268E-06 -1.4922E-03
  9.8400E-01  3.2823E+00  5.0000E+02  6.6201E-04  1.0189E-02  6.7327E-06 -1.4916E-03
  9.8800E-01  3.2956E+00  5.0000E+02  6.6258E-04  1.0189E-02  6.7386E-06 -1.4910E-03
  9.9200E-01  3.3090E+00  5.0000E+02  6.6316E-04  1.0189E-02  6.7446E-06 -1.4904E-03
  9.9600E-01  3.3223E+00  5.0000E+02  6.6374E-04  1.0189E-02  6.7505E-06 -1.4898E-03
  1.0000E+00  3.3356E+00  5.0000E+02  6.6432E-04  1.0189E-02  6.7564E-06 -1.4893E-03
  1.0040E+00  3.3490E+00  5.0000E+02  6.6490E-04  1.0189E-02  6.7624E-06 -1.4887E-03
  1.0080E+00  3.3623E+00  5.0000E+02  6.6547E-04  1.0189E-02  6.7683E-06 -1.4881E-03
  1.0120E+00  3.3757E+00  5.0000E+02  6.6605E-04  1.0189E-02  6.7742E-06 -1.4875E-03
  1.0160E+00  3.3890E+00  5.0000E+02  6.6663E-04  1.0189E-02  6.7802E-06 -1.4870E-03
  1.0200E+00  3.4024E+00  5.0000E+02  6.6721E-04  1.0189E-02  6.7861E-06 -1.4864E-03
  1.0240E+00  3.4157E+00  5.0000E+02  6.6779E-04  1.0189E-02  6.7921E-06 -1.4858E-03
  1.0280E+00  3.4290E+00  5.0000E+02  6.6837E-04  1.0189E-02  6.7980E-06 -1.4852E-03
  1.0320E+00  3.4424E+00  5.0000E+02  6.6894E-04  1.0189E-02  6.8039E-06 -1.4847E-03
  1.0360E+00  3.4557E+00  5.0000E+02  6.6952E-04  1.0189E-02  6.8099E-06 -1.4841E-03
  1.0400E+00  3.4691E+00  5.0000E+02  6.7010E-04  1.0189E-02  6.8158E-06 -1.4835E-03
  1.0440E+00  3.4824E+00  5.0000E+02  6.7068E-04  1.0189E-02  6.8217E-06 -1.4830E-03
  1.0480E+00  3.4958E+00  5.0000E+02  6.7126E-04  1.0189E-02  6.8277E-06 -1.4824E-03
  1.0520E+00  3.5091E+00  5.0000E+02  6.7184E-04  1.0189E-02  6.8336E-06 -1.4818E-03
  1.0560E+00  3.5224E+00  5.0000E+02  6.7242E-04  1.0189E-02  6.8396E-06 -1.4813E-03
  1.0600E+00  3.5358E+00  5.0000E+02  6.7299E-04  1.0189E-02  6.8455E-06 -1.4807E-03
  1.0640E+00  3.5491E+00  5.0000E+02  6.7357E-04  1.0189E-02  6.8515E-06 -1.4801E-03
  1.0680E+00  3.5625E+00  5.0000E+02  6.7415E-04  1.0189E-02  6.8574E-06 -1.4796E-03
  1.0720E+00  3.5758E+00  5.0000E+02  6.7473E-04  1.0189E-02  6.8633E-06 -1.4790E-03
  1.0760E+00  3.5892E+00  5.0000E+02  6.7531E-04  1.0189E-02  6.8693E-06 -1.4785E-03
  1.0800E+00  3.6025E+00  5.0000E+02  6.7589E-04  1.0189E-02  6.8752E-06 -1.4779E-03
  1.0840E+00  3.6158E+00  5.0000E+02  6.7647E-04  1.0189E-02  6.8812E-06 -1.4773E-03
  1.0880E+00  3.6292E+00  5.0000E+02  6.7705E-04  1.0189E-02  6.8871E-06 -1.4768E-03
  1.0920E+00  3.6425E+00  5.0000E+02  6.7763E-04  1.0189E-02  6.8931E-06 -1.4762E-03
  1.0960E+00  3.6559E+00  5.0000E+02  6.7821E-04  1.0189E-02  6.8990E-06 -1.4757E-03
  1.1000E+00  3.6692E+00  5.0000E+02  6.7878E-04  1.0189E-02  6.9050E-06 -1.4751E-03
  1.1040E+00  3.6826E+00  5.0000E+02  6.7936E-04  1.0189E-02  6.9109E-06 -1.4746E-03
  1.1080E+00  3.6959E+00  5.0000E+02  6.7994E-04  1.0189E-02  6.9169E-06 -1.4740E-03
  1.1120E+00  3.7092E+00  5.0000E+02  6.8052E-04  1.0189E-02  6.9228E-06 -1.4735E-03
  1.1160E+00  3.7226E+00  5.0000E+02  6.8110E-04  1.0189E-02  6.9288E-06 -1.4729E-03
  1.1200E+00  3.7359E+00  5.0000E+02  6.8168E-04  1.0189E-02  6.9347E-06 -1.4724E-03
  1.1240E+00  3.7493E+00  5.0000E+02  6.8226E-04  1.0189E-02  6.9407E-06 -1.4718E-03
  1.1280E+00  3.7626E+00  5.0000E+02  6.8284E-04  1.0189E-02  6.9466E-06 -1.4713E-03
  1.1320E+00  3.7760E+00  5.0000E+02  6.8342E-04  1.0189E-02  6.9526E-06 -1.4707E-03
  1.1360E+00  3.7893E+00  5.0000E+02  6.8400E-04  1.0189E-02  6.9585E-06 -1.4702E-03
  1.1400E+00  3.8026E+00  5.0000E+02  6.8458E-04  1.0189E-02  6.9645E-06 -1.4696E-03
  1.1440E+00  3.8160E+00  5.0000E+02  6.8516E-04  1.0189E-02  6.9704E-06 -1.4691E-03
  1.1480E+00  3.8293E+00  5.0000E+02  6.8574E-04  1.0189E-02  6.9764E-06 -1.4685E-03
  1.1520E+00  3.8427E+00  5.0000E+02  6.8632E-04  1.0189E-02  6.9823E-06 -1.4680E-03
  1.1560E+00  3.8560E+00  5.0000E+02  6.8690E-04  1.0189E-02  6.9883E-06 -1.4674E-03
  1.1600E+00  3.8693E+00  5.0000E+02  6.8748E-04  1.0189E-02  6.9942E-06 -1.4669E-03
  1.1640E+00  3.8827E+00  5.0000E+02  6.8806E-04  1.0189E-02  7.0002E-06 -1.4663E-03
  1.1680E+00  3.8960E+00  5.0000E+02  6.8864E-04  1.0189E-02  7.0062E-06 -1.4658E-03
  1.1720E+00  3.9094E+00  5.0000E+02  6.8922E-04  1.0189E-02  7.0121E-06 -1.4653E-03
  1.1760E+00  3.9227E+00  5.0000E+02  6.8980E-04  1.0189E-02  7.0181E-06 -1.4647E-03
  1.1800E+00  3.9361E+00  5.0000E+02  6.9038E-04  1.0189E-02  7.0240E-06 -1.4642E-03
  1.1840E+00  3.9494E+00  5.0000E+02  6.9096E-04  1.0189E-02  7.0300E-06 -1.4636E-03
  1.1880E+00  3.9627E+00  5.0000E+02  6.9154E-04  1.0189E-02  7.0359E-06 -1.4631E-03
  1.1920E+00  3.9761E+00  5.0000E+02  6.9212E-04  1.0189E-02  7.0419E-06 -1.4626E-03
  1.1960E+00  3.9894E+00  5.0000E+02  6.9270E-04  1.0189E-02  7.0479E-06 -1.4620E-03
  1.2000E+00  4.0028E+00  5.0000E+02  6.9328E-04  1.0189E-02  7.0538E-06 -1.4615E-03
  1.2040E+00  4.0161E+00  5.0000E+02  6.9386E-04  1.0189E-02  7.0598E-06 -1.4610E-03
  1.2080E+00  4.0295E+00  5.0000E+02  6.9445E-04  1.0189E-02  7.0657E-06 -1.4604E-03
  1.2120E+00  4.0428E+00  5.0000E+02  6.9503E-04  1.0189E-02  7.0717E-06 -1.4599E-03
  1.2160E+00  4.0561E+00  5.0000E+02  6.9561E-04  1.0189E-02  7.0777E-06 -1.4594E-03
  1.2200E+00  4.0695E+00  5.0000E+02  6.9619E-04  1.0189E-02  7.0836E-06 -1.4588E-03
  1.2240E+00  4.0828E+00  5.0000E+02  6.9677E-04  1.0189E-02  7.0896E-06 -1.4583E-03
  1.2280E+00  4.0962E+00  5.0000E+02  6.9735E-04  1.0189E-02  7.0956E-06 -1.4578E-03
  1.2320E+00  4.1095E+00  5.0000E+02  6.9793E-04  1.0189E-02  7.1015E-06 -1.4572E-03
  1.2360E+00  4.1229E+00  5.0000E+02  6.9851E-04  1.0189E-02  7.1075E-06 -1.4567E-03
  1.2400E+00  4.1362E+00  5.0000E+02  6.9909E-04  1.0189E-02  7.1135E-06 -1.4562E-03
  1.2440E+00  4.1495E+00  5.0000E+02  6.9967E-04  1.0189E-02  7.1194E-06 -1.4557E-03
  1.2480E+00  4.1629E+00  5.0000E+02  7.0026E-04  1.0189E-02  7.1254E-06 -1.4551E-03
  1.2520E+00  4.1762E+00  5.0000E+02  7.0084E-04  1.0189E-02  7.1314E-06 -1.4546E-03
  1.2560E+00  4.1896E+00  5.0000E+02  7.0142E-04  1.0189E-02  7.1373E-06 -1.4541E-03
  1.2600E+00  4.2029E+00  5.0000E+02  7.0200E-04  1.0189E-02  7.1433E-06 -1.4536E-03
  1.2640E+00  4.2163E+00  5.0000E+02  7.0258E-04  1.0189E-02  7.1493E-06 -1.4530E-03
  1.2680E+00  4.2296E+00  5.0000E+02  7.0316E-04  1.0189E-02  7.1552E-06 -1.4525E-03
  1.2720E+00  4.2429E+00  5.0000E+02  7.0374E-04  1.0189E-02  7.1612E-06 -1.4520E-03
  1.2760E+00  4.2563E+00  5.0000E+02  7.0432E-04  1.0189E-02  7.1672E-06 -1.4515E-03
  1.2800E+00  4.2696E+00  5.0000E+02  7.0491E-04  1.0189E-02  7.1731E-06 -1.4509E-03
  1.2840E+00  4.2830E+00  5.0000E+02  7.0549E-04  1.0189E-02  7.1791E-06 -1.4504E-03
  1.2880E+00  4.2963E+00  5.0000E+02  7.0607E-04  1.0189E-02  7.1851E-06 -1.4499E-03
  1.2920E+00  4.3097E+00  5.0000E+02  7.0665E-04  1.0189E-02  7.1911E-06 -1.4494E-03
  1.2960E+00  4.3230E+00  5.0000E+02  7.0723E-04  1.0189E-02  7.1970E-06 -1.4489E-03
  1.3000E+00  4.3363E+00  5.0000E+02  7.0782E-04  1.0189E-02  7.2030E-06 -1.4484E-03
  1.3040E+00  4.3497E+00  5.0000E+02  7.0840E-04  1.0189E-02  7.2090E-06 -1.4478E-03
  1.3080E+00  4.3630E+00  5.0000E+02  7.0898E-04  1.0189E-02  7.2149E-06 -1.4473E-03
  1.3120E+00  4.3764E+00  5.0000E+02  7.0956E-04  1.0189E-02  7.2209E-06 -1.4468E-03
  1.3160E+00  4.3897E+00  5.0000E+02  7.1014E-04  1.0189E-02  7.2269E-06 -1.4463E-03
  1.3200E+00  4.4031E+00  5.0000E+02  7.1072E-04  1.0189E-02  7.2329E-06 -1.4458E-03
  1.3240E+00  4.4164E+00  5.0000E+02  7.1131E-04  1.0189E-02  7.2388E-06 -1.4453E-03
  1.3280E+00  4.4297E+00  5.0000E+02  7.1189E-04  1.0189E-02  7.2448E-06 -1.4448E-03
  1.3320E+00  4.4431E+00  5.0000E+02  7.1247E-04  1.0189E-02  7.2508E-06 -1.4443E-03
  1.3360E+00  4.4564E+00  5.0000E+02  7.1305E-04  1.0189E-02  7.2568E-06 -1.4437E-03
  1.3400E+00  4.4698E+00  5.0000E+02  7.1364E-04  1.0189E-02  7.2628E-06 -1.4432E-03
  1.3440E+00  4.4831E+00  5.0000E+02  7.1422E-04  1.0189E-02  7.2687E-06 -1.4427E-03
  1.3480E+00  4.4964E+00  5.0000E+02  7.1480E-04  1.0189E-02  7.2747E-06 -1.4422E-03
  1.3520E+00  4.5098E+00  5.0000E+02  7.1538E-04  1.0189E-02  7.2807E-06 -1.4417E-03
  1.3560E+00  4.5231E+00  5.0000E+02  7.1597E-04  1.0189E-02  7.2867E-06 -1.4412E-03
  1.3600E+00  4.5365E+00  5.0000E+02  7.1655E-04  1.0189E-02  7.2926E-06 -1.4407E-03
  1.3640E+00  4.5498E+00  5.0000E+02  7.1713E-04  1.0189E-02  7.2986E-06 -1.4402E-03
  1.3680E+00  4.5632E+00  5.0000E+02  7.1771E-04  1.0189E-02  7.3046E-06 -1.4397E-03
  1.3720E+00  4.5765E+00  5.0000E+02  7.1830E-04  1.0189E-02  7.3106E-06 -1.4392E-03
  1.3760E+00  4.5898E+00  5.0000E+02  7.1888E-04  1.0189E-02  7.3166E-06 -1.4387E-03
  1.3800E+00  4.6032E+00  5.0000E+02  7.1946E-04  1.0189E-02  7.3226E-06 -1.4382E-03
  1.3840E+00  4.6165E+00  5.0000E+02  7.2004E-04  1.0189E-02  7.3285E-06 -1.4377E-03
  1.3880E+00  4.6299E+00  5.0000E+02  7.2063E-04  1.0189E-02  7.3345E-06 -1.4372E-03
  1.3920E+00  4.6432E+00  5.0000E+02  7.2121E-04  1.0189E-02  7.3405E-06 -1.4367E-03
  1.3960E+00  4.6566E+00  5.0000E+02  7.2179E-04  1.0189E-02  7.3465E-06 -1.4362E-03
  1.4000E+00  4.6699E+00  5.0000E+02  7.2238E-04  1.0189E-02  7.3525E-06 -1.4357E-03
  1.4040E+00  4.6832E+00  5.0000E+02  7.2296E-04  1.0189E-02  7.3585E-06 -1.4352E-03
  1.4080E+00  4.6966E+00  5.0000E+02  7.2354E-04  1.0189E-02  7.3644E-06 -1.4347E-03
  1.4120E+00  4.7099E+00  5.0000E+02  7.2412E-04  1.0189E-02  7.3704E-06 -1.4342E-03
  1.4160E+00  4.7233E+00  5.0000E+02  7.2471E-04  1.0189E-02  7.3764E-06 -1.4337E-03
  1.4200E+00  4.7366E+00  5.0000E+02  7.2529E-04  1.0189E-02  7.3824E-06 -1.4332E-03
  1.4240E+00  4.7500E+00  5.0000E+02  7.2587E-04  1.0189E-02  7.3884E-06 -1.4327E-03
  1.4280E+00  4.7633E+00  5.0000E+02  7.2646E-04  1.0189E-02  7.3944E-06 -1.4322E-03
  1.4320E+00  4.7766E+00  5.0000E+02  7.2704E-04  1.0189E-02  7.4004E-06 -1.4317E-03
  1.4360E+00  4.7900E+00  5.0000E+02  7.2762E-04  1.0189E-02  7.4063E-06 -1.4312E-03
  1.4400E+00  4.8033E+00  5.0000E+02  7.2821E-04  1.0189E-02  7.4123E-06 -1.4308E-03
  1.4440E+00  4.8167E+00  5.0000E+02  7.2879E-04  1.0189E-02  7.4183E-06 -1.4303E-03
  1.4480E+00  4.8300E+00  5.0000E+02  7.2937E-04  1.0189E-02  7.4243E-06 -1.4298E-03
  1.4520E+00  4.8434E+00  5.0000E+02  7.2996E-04  1.0189E-02  7.4303E-06 -1.4293E-03
  1.4560E+00  4.8567E+00  5.0000E+02  7.3054E-04  1.0189E-02  7.4363E-06 -1.4288E-03
  1.4600E+00  4.8700E+00  5.0000E+02  7.3113E-04  1.0189E-02  7.4423E-06 -1.4283E-03
  1.4640E+00  4.8834E+00  5.0000E+02  7.3171E-04  1.0189E-02  7.4483E-06 -1.4278E-03
  1.4680E+00  4.8967E+00  5.0000E+02  7.3229E-04  1.0189E-02  7.4543E-06 -1.4273E-03
  1.4720E+00  4.9101E+00  5.0000E+02  7.3288E-04  1.0189E-02  7.4603E-06 -1.4269E-03
  1.4760E+00  4.9234E+00  5.0000E+02  7.3346E-04  1.0189E-02  7.4663E-06 -1.4264E-03
  1.4800E+00  4.9368E+00  5.0000E+02  7.3404E-04  1.0189E-02  7.4722E-06 -1.4259E-03
  1.4840E+00  4.9501E+00  5.0000E+02  7.3463E-04  1.0189E-02  7.4782E-06 -1.4254E-03
  1.4880E+00  4.9634E+00  5.0000E+02  7.3521E-04  1.0189E-02  7.4842E-06 -1.4249E-03
  1.4920E+00  4.9768E+00  5.0000E+02  7.3580E-04  1.0189E-02  7.4902E-06 -1.4244E-03
  1.4960E+00  4.9901E+00  5.0000E+02  7.3638E-04  1.0189E-02  7.4962E-06 -1.4240E-03
  1.5000E+00  5.0035E+00  5.0000E+02  7.3696E-04  1.0189E-02  7.5022E-06 -1.4235E-03
  1.5040E+00  5.0168E+00  5.0000E+02  7.3755E-04  1.0189E-02  7.5082E-06 -1.4230E-03
  1.5080E+00  5.0302E+00  5.0000E+02  7.3813E-04  1.0189E-02  7.5142E-06 -1.4225E-03
  1.5120E+00  5.0435E+00  5.0000E+02  7.3872E-04  1.0189E-02  7.5202E-06 -1.4220E-03
  1.5160E+00  5.0568E+00  5.0000E+02  7.3930E-04  1.0189E-02  7.5262E-06 -1.4216E-03
  1.5200E+00  5.0702E+00  5.0000E+02  7.3988E-04  1.0189E-02  7.5322E-06 -1.4211E-03
  1.5240E+00  5.0835E+00  5.0000E+02  7.4047E-04  1.0189E-02  7.5382E-06 -1.4206E-03
  1.5280E+00  5.0969E+00  5.0000E+02  7.4105E-04  1.0189E-02  7.5442E-06 -1.4201E-03
  1.5320E+00  5.1102E+00  5.0000E+02  7.4164E-04  1.0189E-02  7.5502E-06 -1.4197E-03
  1.5360E+00  5.1236E+00  5.0000E+02  7.4222E-04  1.0189E-02  7.5562E-06 -1.4192E-03
  1.5400E+00  5.1369E+00  5.0000E+02  7.4281E-04  1.0189E-02  7.5622E-06 -1.4187E-03
  1.5440E+00  5.1502E+00  5.0000E+02  7.4339E-04  1.0189E-02  7.5682E-06 -1.4182E-03
  1.5480E+00  5.1636E+00  5.0000E+02  7.4398E-04  1.0189E-02  7.5742E-06 -1.4178E-03
  1.5520E+00  5.1769E+00  5.0000E+02  7.4456E-04  1.0189E-02  7.5802E-06 -1.4173E-03
  1.5560E+00  5.1903E+00  5.0000E+02  7.4514E-04  1.0189E-02  7.5862E-06 -1.4168E-03
  1.5600E+00  5.2036E+00  5.0000E+02  7.4573E-04  1.0189E-02  7.5922E-06 -1.4164E-03
  1.5640E+00  5.2169E+00  5.0000E+02  7.4631E-04  1.0189E-02  7.5982E-06 -1.4159E-03
  1.5680E+00  5.2303E+00  5.0000E+02  7.4690E-04  1.0189E-02  7.6042E-06 -1.4154E-03
  1.5720E+00  5.2436E+00  5.0000E+02  7.4748E-04  1.0189E-02  7.6102E-06 -1.4149E-03
  1.5760E+00  5.2570E+00  5.0000E+02  7.4807E-04  1.0189E-02  7.6162E-06 -1.4145E-03
  1.5800E+00  5.2703E+00  5.0000E+02  7.4865E-04  1.0189E-02  7.6222E-06 -1.4140E-03
  1.5840E+00  5.2837E+00  5.0000E+02  7.4924E-04  1.0189E-02  7.6282E-06 -1.4135E-03
  1.5880E+00  5.2970E+00  5.0000E+02  7.4982E-04  1.0189E-02  7.6342E-06 -1.4131E-03
  1.5920E+00  5.3103E+00  5.0000E+02  7.5041E-04  1.0189E-02  7.6402E-06 -1.4126E-03
  1.5960E+00  5.3237E+00  5.0000E+02  7.5099E-04  1.0189E-02  7.6462E-06 -1.4121E-03
  1.6000E+00  5.3370E+00  5.0000E+02  7.5158E-04  1.0189E-02  7.6522E-06 -1.4117E-03
  1.6040E+00  5.3504E+00  5.0000E+02  7.5216E-04  1.0189E-02  7.6582E-06 -1.4112E-03
  1.6080E+00  5.3637E+00  5.0000E+02  7.5275E-04  1.0189E-02  7.6642E-06 -1.4108E-03
  1.6120E+00  5.3771E+00  5.0000E+02  7.5333E-04  1.0189E-02  7.6702E-06 -1.4103E-03
  1.6160E+00  5.3904E+00  5.0000E+02  7.5392E-04  1.0189E-02  7.6762E-06 -1.4098E-03
  1.6200E+00  5.4037E+00  5.0000E+02  7.5450E-04  1.0189E-02  7.6822E-06 -1.4094E-03
  1.6240E+00  5.4171E+00  5.0000E+02  7.5509E-04  1.0189E-02  7.6883E-06 -1.4089E-03
  1.6280E+00  5.4304E+00  5.0000E+02  7.5567E-04  1.0189E-02  7.6943E-06 -1.4085E-03
  1.6320E+00  5.4438E+00  5.0000E+02  7.5626E-04  1.0189E-02  7.7003E-06 -1.4080E-03
  1.6360E+00  5.4571E+00  5.0000E+02  7.5684E-04  1.0189E-02  7.7063E-06 -1.4075E-03
  1.6400E+00  5.4705E+00  5.0000E+02  7.5743E-04  1.0189E-02  7.7123E-06 -1.4071E-03
  1.6440E+00  5.4838E+00  5.0000E+02  7.5802E-04  1.0189E-02  7.7183E-06 -1.4066E-03
  1.6480E+00  5.4971E+00  5.0000E+02  7.5860E-04  1.0189E-02  7.7243E-06 -1.4062E-03
  1.6520E+00  5.5105E+00  5.0000E+02  7.5919E-04  1.0189E-02  7.7303E-06 -1.4057E-03
  1.6560E+00  5.5238E+00  5.0000E+02  7.5977E-04  1.0189E-02  7.7363E-06 -1.4053E-03
  1.6600E+00  5.5372E+00  5.0000E+02  7.6036E-04  1.0189E-02  7.7423E-06 -1.4048E-03
  1.6640E+00  5.5505E+00  5.0000E+02  7.6094E-04  1.0189E-02  7.7484E-06 -1.4044E-03
  1.6680E+00  5.5639E+00  5.0000E+02  7.6153E-04  1.0189E-02  7.7544E-06 -1.4039E-03
  1.6720E+00  5.5772E+00  5.0000E+02  7.6212E-04  1.0189E-02  7.7604E-06 -1.4034E-03
  1.6760E+00  5.5905E+00  5.0000E+02  7.6270E-04  1.0189E-02  7.7664E-06 -1.4030E-03
  1.6800E+00  5.6039E+00  5.0000E+02  7.6329E-04  1.0189E-02  7.7724E-06 -1.4025E-03
  1.6840E+00  5.6172E+00  5.0000E+02  7.6387E-04  1.0189E-02  7.7784E-06 -1.4021E-03
  1.6880E+00  5.6306E+00  5.0000E+02  7.6446E-04  1.0189E-02  7.7844E-06 -1.4016E-03
  1.6920E+00  5.6439E+00  5.0000E+02  7.6504E-04  1.0189E-02  7.7904E-06 -1.4012E-03
  1.6960E+00  5.6573E+00  5.0000E+02  7.6563E-04  1.0189E-02  7.7965E-06 -1.4007E-03
  1.7000E+00  5.6706E+00  5.0000E+02  7.6622E-04  1.0189E-02  7.8025E-06 -1.4003E-03
  1.7040E+00  5.6839E+00  5.0000E+02  7.6680E-04  1.0189E-02  7.8085E-06 -1.3998E-03
  1.7080E+00  5.6973E+00  5.0000E+02  7.6739E-04  1.0189E-02  7.8145E-06 -1.3994E-03
  1.7120E+00  5.7106E+00  5.0000E+02  7.6797E-04  1.0189E-02  7.8205E-06 -1.3990E-03
  1.7160E+00  5.7240E+00  5.0000E+02  7.6856E-04  1.0189E-02  7.8265E-06 -1.3985E-03
  1.7200E+00  5.7373E+00  5.0000E+02  7.6915E-04  1.0189E-02  7.8325E-06 -1.3981E-03
  1.7240E+00  5.7507E+00  5.0000E+02  7.6973E-04  1.0189E-02  7.8386E-06 -1.3976E-03
  1.7280E+00  5.7640E+00  5.0000E+02  7.7032E-04  1.0189E-02  7.8446E-06 -1.3972E-03
  1.7320E+00  5.7773E+00  5.0000E+02  7.7091E-04  1.0189E-02  7.8506E-06 -1.3967E-03
  1.7360E+00  5.7907E+00  5.0000E+02  7.7149E-04  1.0189E-02  7.8566E-06 -1.3963E-03
  1.7400E+00  5.8040E+00  5.0000E+02  7.7208E-04  1.0189E-02  7.8626E-06 -1.3959E-03
  1.7440E+00  5.8174E+00  5.0000E+02  7.7266E-04  1.0189E-02  7.8687E-06 -1.3954E-03
  1.7480E+00  5.8307E+00  5.0000E+02  7.7325E-04  1.0189E-02  7.8747E-06 -1.3950E-03
  1.7520E+00  5.8440E+00  5.0000E+02  7.7384E-04  1.0189E-02  7.8807E-06 -1.3945E-03
  1.7560E+00  5.8574E+00  5.0000E+02  7.7442E-04  1.0189E-02  7.8867E-06 -1.3941E-03
  1.7600E+00  5.8707E+00  5.0000E+02  7.7501E-04  1.0189E-02  7.8927E-06 -1.3937E-03
  1.7640E+00  5.8841E+00  5.0000E+02  7.7560E-04  1.0189E-02  7.8987E-06 -1.3932E-03
  1.7680E+00  5.8974E+00  5.0000E+02  7.7618E-04  1.0189E-02  7.9048E-06 -1.3928E-03
  1.7720E+00  5.9108E+00  5.0000E+02  7.7677E-04  1.0189E-02  7.9108E-06 -1.3923E-03
  1.7760E+00  5.9241E+00  5.0000E+02  7.7736E-04  1.0189E-02  7.9168E-06 -1.3919E-03
  1.7800E+00  5.9374E+00  5.0000E+02  7.7794E-04  1.0189E-02  7.9228E-06 -1.3915E-03
  1.7840E+00  5.9508E+00  5.0000E+02  7.7853E-04  1.0189E-02  7.9289E-06 -1.3910E-03
  1.7880E+00  5.9641E+00  5.0000E+02  7.7912E-04  1.0189E-02  7.9349E-06 -1.3906E-03
  1.7920E+00  5.9775E+00  5.0000E+02  7.7970E-04  1.0189E-02  7.9409E-06 -1.3902E-03
  1.7960E+00  5.9908E+00  5.0000E+02  7.8029E-04  1.0189E-02  7.9469E-06 -1.3897E-03
  1.8000E+00  6.0042E+00  5.0000E+02  7.8088E-04  1.0189E-02  7.9529E-06 -1.3893E-03
  1.8040E+00  6.0175E+00  5.0000E+02  7.8147E-04  1.0189E-02  7.9590E-06 -1.3889E-03
  1.8080E+00  6.0308E+00  5.0000E+02  7.8205E-04  1.0189E-02  7.9650E-06 -1.3884E-03
  1.8120E+00  6.0442E+00  5.0000E+02  7.8264E-04  1.0189E-02  7.9710E-06 -1.3880E-03
  1.8160E+00  6.0575E+00  5.0000E+02  7.8323E-04  1.0189E-02  7.9770E-06 -1.3876E-03
  1.8200E+00  6.0709E+00  5.0000E+02  7.8381E-04  1.0189E-02  7.9831E-06 -1.3871E-03
  1.8240E+00  6.0842E+00  5.0000E+02  7.8440E-04  1.0189E-02  7.9891E-06 -1.3867E-03
  1.8280E+00  6.0976E+00  5.0000E+02  7.8499E-04  1.0189E-02  7.9951E-06 -1.3863E-03
  1.8320E+00  6.1109E+00  5.0000E+02  7.8557E-04  1.0189E-02  8.0011E-06 -1.3859E-03
  1.8360E+00  6.1242E+00  5.0000E+02  7.8616E-04  1.0189E-02  8.0072E-06 -1.3854E-03
  1.8400E+00  6.1376E+00  5.0000E+02  7.8675E-04  1.0189E-02  8.0132E-06 -1.3850E-03
  1.8440E+00  6.1509E+00  5.0000E+02  7.8734E-04  1.0189E-02  8.0192E-06 -1.3846E-03
  1.8480E+00  6.1643E+00  5.0000E+02  7.8792E-04  1.0189E-02  8.0253E-06 -1.3841E-03
  1.8520E+00  6.1776E+00  5.0000E+02  7.8851E-04  1.0189E-02  8.0313E-06 -1.3837E-03
  1.8560E+00  6.1910E+00  5.0000E+02  7.8910E-04  1.0189E-02  8.0373E-06 -1.3833E-03
  1.8600E+00  6.2043E+00  5.0000E+02  7.8969E-04  1.0189E-02  8.0433E-06 -1.3829E-03
  1.8640E+00  6.2176E+00  5.0000E+02  7.9027E-04  1.0189E-02  8.0494E-06 -1.3824E-03
  1.8680E+00  6.2310E+00  5.0000E+02  7.9086E-04  1.0189E-02  8.0554E-06 -1.3820E-03
  1.8720E+00  6.2443E+00  5.0000E+02  7.9145E-04  1.0189E-02  8.0614E-06 -1.3816E-03
  1.8760E+00  6.2577E+00  5.0000E+02  7.9204E-04  1.0189E-02  8.0675E-06 -1.3812E-03
  1.8800E+00  6.2710E+00  5.0000E+02  7.9262E-04  1.0189E-02  8.0735E-06 -1.3808E-03
  1.8840E+00  6.2844E+00  5.0000E+02  7.9321E-04  1.0189E-02  8.0795E-06 -1.3803E-03
  1.8880E+00  6.2977E+00  5.0000E+02  7.9380E-04  1.0189E-02  8.0856E-06 -1.3799E-03
  1.8920E+00  6.3110E+00  5.0000E+02  7.9439E-04  1.0189E-02  8.0916E-06 -1.3795E-03
  1.8960E+00  6.3244E+00  5.0000E+02  7.9497E-04  1.0189E-02  8.0976E-06 -1.3791E-03
  1.9000E+00  6.3377E+00  5.0000E+02  7.9556E-04  1.0189E-02  8.1036E-06 -1.3787E-03
  1.9040E+00  6.3511E+00  5.0000E+02  7.9615E-04  1.0189E-02  8.1097E-06 -1.3782E-03
  1.9080E+00  6.3644E+00  5.0000E+02  7.9674E-04  1.0189E-02  8.1157E-06 -1.3778E-03
  1.9120E+00  6.3778E+00  5.0000E+02  7.9733E-04  1.0189E-02  8.1217E-06 -1.3774E-03
  1.9160E+00  6.3911E+00  5.0000E+02  7.9791E-04  1.0189E-02  8.1278E-06 -1.3770E-03
  1.9200E+00  6.4044E+00  5.0000E+02  7.9850E-04  1.0189E-02  8.1338E-06 -1.3766E-03
  1.9240E+00  6.4178E+00  5.0000E+02  7.9909E-04  1.0189E-02  8.1398E-06 -1.3762E-03
  1.9280E+00  6.4311E+00  5.0000E+02  7.9968E-04  1.0189E-02  8.1459E-06 -1.3757E-03
  1.9320E+00  6.4445E+00  5.0000E+02  8.0027E-04  1.0189E-02  8.1519E-06 -1.3753E-03
  1.9360E+00  6.4578E+00  5.0000E+02  8.0085E-04  1.0189E-02  8.1579E-06 -1.3749E-03
  1.9400E+00  6.4712E+00  5.0000E+02  8.0144E-04  1.0189E-02  8.1640E-06 -1.3745E-03
  1.9440E+00  6.4845E+00  5.0000E+02  8.0203E-04  1.0189E-02  8.1700E-06 -1.3741E-03
  1.9480E+00  6.4978E+00  5.0000E+02  8.0262E-04  1.0189E-02  8.1761E-06 -1.3737E-03
  1.9520E+00  6.5112E+00  5.0000E+02  8.0321E-04  1.0189E-02  8.1821E-06 -1.3733E-03
  1.9560E+00  6.5245E+00  5.0000E+02  8.0379E-04  1.0189E-02  8.1881E-06 -1.3729E-03
  1.9600E+00  6.5379E+00  5.0000E+02  8.0438E-04  1.0189E-02  8.1942E-06 -1.3725E-03
  1.9640E+00  6.5512E+00  5.0000E+02  8.0497E-04  1.0189E-02  8.2002E-06 -1.3720E-03
  1.9680E+00  6.5645E+00  5.0000E+02  8.0556E-04  1.0189E-02  8.2062E-06 -1.3716E-03
  1.9720E+00  6.5779E+00  5.0000E+02  8.0615E-04  1.0189E-02  8.2123E-06 -1.3712E-03
  1.9760E+00  6.5912E+00  5.0000E+02  8.0674E-04  1.0189E-02  8.2183E-06 -1.3708E-03
  1.9800E+00  6.6046E+00  5.0000E+02  8.0732E-04  1.0189E-02  8.2244E-06 -1.3704E-03
  1.9840E+00  6.6179E+00  5.0000E+02  8.0791E-04  1.0189E-02  8.2304E-06 -1.3700E-03
  1.9880E+00  6.6313E+00  5.0000E+02  8.0850E-04  1.0189E-02  8.2364E-06 -1.3696E-03
  1.9920E+00  6.6446E+00  5.0000E+02  8.0909E-04  1.0189E-02  8.2425E-06 -1.3692E-03
  2.0000E+00  6.6713E+00  5.0000E+02  8.1027E-04  1.0189E-02  8.2545E-06 -1.3684E-03
