  0.0000E+00  0.0000E+00  4.0000E+00  0.0000E+00  0.0000E+00  7.0000E+14  1.3343E+01 -2.0000E-03   1   5
  4.4350E-04 -1.7924E-04 -7.8429E-05 -3.2122E+05 -1.2804E+05 -3.1488E+03  0.0000E+00 -2.0000E-03   1   5
 -1.1416E-03 -3.0477E-04 -3.9441E-05  8.2579E+05 -2.2064E+05 -2.6200E+02  0.0000E+00 -2.0000E-03   1   5
 -4.2680E-04  5.8843E-04  9.0702E-04  3.0843E+05  4.2423E+05 -7.1350E+02  0.0000E+00 -2.0000E-03   1   5
  3.7038E-04  1.2612E-03  4.8330E-04 -2.6862E+05  9.1134E+05 -2.0038E+02  0.0000E+00 -2.0000E-03   1   5
 -1.2577E-04 -3.3670E-04  2.7497E-04  9.1198E+04 -2.4412E+05  5.8338E+02  0.0000E+00 -2.0000E-03   1   5
  1.2048E-03 -2.0887E-03 -8.9430E-04 -8.7214E+05 -1.5116E+06  2.0572E+03  0.0000E+00 -2.0000E-03   1   5
 -9.6174E-04 -7.2017E-04 -1.5243E-03  6.9520E+05 -5.2083E+05 -2.4288E+02  0.0000E+00 -2.0000E-03   1   5
  7.1126E-04 -9.2703E-04  2.7513E-04 -5.1499E+05 -6.6949E+05 -9.5550E+02  0.0000E+00 -2.0000E-03   1   5
  6.6154E-04 -6.5983E-04 -1.0537E-03 -4.7803E+05 -4.7662E+05  1.3602E+03  0.0000E+00 -2.0000E-03   1   5
 -7.4874E-05 -1.4265E-03  1.3843E-03  5.4347E+04 -1.0317E+06  1.6766E+03  0.0000E+00 -2.0000E-03   1   5
  6.1144E-04 -2.3338E-04 -3.2425E-04 -4.4266E+05 -1.6761E+05  5.8512E+02  0.0000E+00 -2.0000E-03   1   5
  3.3195E-05 -5.3074E-04  1.2576E-03 -2.4032E+04 -3.8404E+05  1.1470E+03  0.0000E+00 -2.0000E-03   1   5
  9.9863E-04 -2.8915E-04  1.0889E-03 -7.2294E+05 -2.0845E+05  3.7000E+01  0.0000E+00 -2.0000E-03   1   5
 -1.0394E-05 -9.3748E-04  5.5681E-04  7.2072E+03 -6.7864E+05  4.6774E+03  0.0000E+00 -2.0000E-03   1   5
  2.5414E-04  2.2949E-04 -3.6268E-04 -1.8318E+05  1.6682E+05 -2.0510E+03  0.0000E+00 -2.0000E-03   1   5
  9.8516E-04 -1.6013E-04 -1.9275E-03 -7.1336E+05 -1.1600E+05 -4.1262E+02  0.0000E+00 -2.0000E-03   1   5
  1.3135E-04  3.8020E-04 -8.0146E-04 -9.7306E+04  2.7542E+05  8.7312E+02  0.0000E+00 -2.0000E-03   1   5
 -2.1501E-04  6.6517E-04  3.2713E-04  1.5406E+05  4.8143E+05  2.3844E+03  0.0000E+00 -2.0000E-03   1   5
 -4.0812E-06 -6.9848E-04  1.6889E-03  2.5249E+03 -5.0436E+05 -8.7762E+02  0.0000E+00 -2.0000E-03   1   5
 -6.9061E-04 -1.1325E-03 -8.0088E-04  4.9915E+05 -8.2056E+05 -1.6316E+03  0.0000E+00 -2.0000E-03   1   5
  1.1009E-03  2.9715E-04 -4.1256E-04 -7.9637E+05  2.1385E+05  1.9488E+02  0.0000E+00 -2.0000E-03   1   5
 -6.4966E-04  4.9659E-04  9.0557E-05  4.7008E+05  3.5872E+05  4.8475E+02  0.0000E+00 -2.0000E-03   1   5
 -6.2893E-04  2.9634E-04 -1.9530E-03  4.5444E+05  2.1412E+05  4.2708E+03  0.0000E+00 -2.0000E-03   1   5
 -3.9374E-04 -4.6613E-04 -4.3222E-04  2.8411E+05 -3.3707E+05  2.2748E+03  0.0000E+00 -2.0000E-03   1   5
 -2.1098E-05  1.1516E-03 -1.0072E-03  1.6155E+04  8.3366E+05 -2.0329E+03  0.0000E+00 -2.0000E-03   1   5
 -8.8828E-04  2.2760E-04  9.5913E-04  6.4287E+05  1.6555E+05  4.1194E+03  0.0000E+00 -2.0000E-03   1   5
 -1.1877E-05 -2.8784E-04 -8.0638E-04  8.4997E+03 -2.0709E+05 -6.5888E+02  0.0000E+00 -2.0000E-03   1   5
  7.5290E-04  3.9016E-04 -5.5094E-04 -5.4299E+05  2.8181E+05  2.5852E+03  0.0000E+00 -2.0000E-03   1   5
 -1.6931E-03  3.5463E-04 -5.8436E-04  1.2236E+06  2.5603E+05 -1.3102E+03  0.0000E+00 -2.0000E-03   1   5
  7.0947E-05 -1.3686E-03  9.7239E-04 -5.1699E+04 -9.8944E+05  7.4275E+02  0.0000E+00 -2.0000E-03   1   5
 -7.3904E-04  3.5562E-04  1.8004E-04  5.3517E+05  2.5667E+05 -8.4250E+02  0.0000E+00 -2.0000E-03   1   5
  2.3840E-04  8.0513E-04 -1.3541E-04 -1.7236E+05  5.8189E+05  4.0950E+02  0.0000E+00 -2.0000E-03   1   5
 -6.1616E-04 -3.1026E-04 -9.8798E-04  4.4618E+05 -2.2257E+05 -2.0825E+03  0.0000E+00 -2.0000E-03   1   5
  6.7148E-04 -1.2500E-03  6.5467E-04 -4.8574E+05 -9.0446E+05 -2.6219E+03  0.0000E+00 -2.0000E-03   1   5
 -1.3285E-03  2.7129E-04  4.1701E-04  9.6086E+05  1.9630E+05 -7.5100E+02  0.0000E+00 -2.0000E-03   1   5
  7.3144E-04  5.3635E-04  7.9554E-04 -5.2983E+05  3.8801E+05 -2.4354E+03  0.0000E+00 -2.0000E-03   1   5
  1.0374E-03  2.8743E-04  1.9469E-03 -7.5007E+05  2.0766E+05 -3.1884E+03  0.0000E+00 -2.0000E-03   1   5
  1.4110E-03  3.1040E-04 -1.0902E-03 -1.0208E+06  2.2446E+05 -1.6146E+03  0.0000E+00 -2.0000E-03   1   5
  6.1744E-04  1.8962E-03  1.8022E-04 -4.4708E+05  1.3709E+06  3.5528E+03  0.0000E+00 -2.0000E-03   1   5
 -1.1003E-03  5.2328E-04 -5.4880E-04  7.9599E+05  3.7855E+05  1.6861E+03  0.0000E+00 -2.0000E-03   1   5
  4.4532E-04  8.8291E-04  3.3827E-04 -3.2310E+05  6.3984E+05 -1.3101E+03  0.0000E+00 -2.0000E-03   1   5
 -6.9645E-04  3.2868E-04 -5.3951E-05  5.0429E+05  2.3613E+05  8.5912E+02  0.0000E+00 -2.0000E-03   1   5
  1.1010E-03  1.9400E-04  4.7492E-04 -7.9692E+05  1.4063E+05 -3.1764E+03  0.0000E+00 -2.0000E-03   1   5
 -6.5306E-05 -2.2158E-03 -3.1108E-04  4.7807E+04 -1.6018E+06  4.9250E+02  0.0000E+00 -2.0000E-03   1   5
  5.6804E-04  2.6572E-04  4.1110E-04 -4.0961E+05  1.9210E+05  1.4959E+03  0.0000E+00 -2.0000E-03   1   5
  4.8679E-04 -1.1758E-03  1.0568E-03 -3.5179E+05 -8.4955E+05 -1.6135E+03  0.0000E+00 -2.0000E-03   1   5
  1.7156E-03 -6.3103E-04  4.2415E-04 -1.2408E+06 -4.5512E+05 -1.4052E+03  0.0000E+00 -2.0000E-03   1   5
  9.1841E-04 -6.4255E-04 -1.3487E-05 -6.6376E+05 -4.6526E+05  2.4750E+02  0.0000E+00 -2.0000E-03   1   5
 -8.1978E-04 -3.4590E-04  8.7945E-04  5.9226E+05 -2.5004E+05 -2.6271E+03  0.0000E+00 -2.0000E-03   1   5
  6.2778E-04 -5.4419E-04 -1.0500E-03 -4.5412E+05 -3.9382E+05  4.5900E+02  0.0000E+00 -2.0000E-03   1   5
  2.6015E-04 -2.9291E-04  5.1250E-04 -1.8924E+05 -2.1208E+05 -2.7035E+03  0.0000E+00 -2.0000E-03   1   5
  4.3923E-04  4.3040E-04  1.8807E-03 -3.1769E+05  3.1180E+05 -9.2650E+02  0.0000E+00 -2.0000E-03   1   5
 -1.7627E-03 -3.5735E-04 -7.5412E-05  1.2744E+06 -2.5942E+05 -1.2179E+03  0.0000E+00 -2.0000E-03   1   5
  7.9410E-04  5.8297E-04  6.3116E-04 -5.7347E+05  4.2215E+05  2.7635E+03  0.0000E+00 -2.0000E-03   1   5
  2.4170E-04 -1.6070E-04 -2.3899E-05 -1.7458E+05 -1.1605E+05 -1.9282E+03  0.0000E+00 -2.0000E-03   1   5
  1.1502E-03 -1.5343E-03 -5.5587E-04 -8.3300E+05 -1.1090E+06 -8.5550E+02  0.0000E+00 -2.0000E-03   1   5
 -3.5893E-04 -4.4602E-04 -1.4365E-03  2.5923E+05 -3.2153E+05  1.6452E+03  0.0000E+00 -2.0000E-03   1   5
  1.2897E-03 -5.0598E-04 -6.7670E-04 -9.3271E+05 -3.6504E+05 -7.0850E+02  0.0000E+00 -2.0000E-03   1   5
  5.6612E-04 -5.3975E-04 -1.5791E-03 -4.0828E+05 -3.8931E+05 -4.0575E+02  0.0000E+00 -2.0000E-03   1   5
  4.0104E-04 -7.1663E-05 -6.4415E-04 -2.9028E+05 -5.2085E+04  1.9462E+02  0.0000E+00 -2.0000E-03   1   5
 -1.8370E-03  1.3241E-03 -1.2054E-03  1.3291E+06  9.5740E+05  1.4669E+03  0.0000E+00 -2.0000E-03   1   5
 -4.0535E-04 -2.8573E-04  5.4746E-04  2.9334E+05 -2.0603E+05 -1.4232E+03  0.0000E+00 -2.0000E-03   1   5
  6.3922E-04 -2.6635E-04 -7.6548E-04 -4.6248E+05 -1.9234E+05  9.9000E+01  0.0000E+00 -2.0000E-03   1   5
  6.9018E-05 -9.3425E-04  1.7247E-03 -4.9691E+04 -6.7520E+05  7.5775E+02  0.0000E+00 -2.0000E-03   1   5
 -1.6345E-03  5.1449E-04 -1.1069E-03  1.1815E+06  3.7200E+05  3.9625E+01  0.0000E+00 -2.0000E-03   1   5
 -5.1325E-04  9.0880E-04  6.4466E-04  3.7238E+05  6.5764E+05 -1.2821E+03  0.0000E+00 -2.0000E-03   1   5
 -9.2600E-04  2.1668E-04 -5.5418E-04  6.6882E+05  1.5725E+05 -7.7250E+02  0.0000E+00 -2.0000E-03   1   5
  4.3449E-04 -4.1523E-04  1.0482E-03 -3.1388E+05 -3.0187E+05  7.7462E+02  0.0000E+00 -2.0000E-03   1   5
  3.1337E-04 -3.1720E-04 -5.0772E-04 -2.2732E+05 -2.2881E+05 -3.7700E+02  0.0000E+00 -2.0000E-03   1   5
  1.4826E-04  8.1008E-04  1.9444E-03 -1.0764E+05  5.8607E+05 -7.5275E+02  0.0000E+00 -2.0000E-03   1   5
  2.6317E-04  4.9266E-04  2.9675E-04 -1.8950E+05  3.5657E+05  2.1788E+02  0.0000E+00 -2.0000E-03   1   5
  6.0552E-04 -1.5071E-03  5.1215E-04 -4.3699E+05 -1.0892E+06 -1.5728E+03  0.0000E+00 -2.0000E-03   1   5
  7.6521E-04 -3.8959E-04  5.0554E-04 -5.5246E+05 -2.8160E+05 -5.8250E+01  0.0000E+00 -2.0000E-03   1   5
 -3.3094E-04 -2.3138E-04  1.4323E-03  2.3953E+05 -1.6670E+05 -5.4200E+02  0.0000E+00 -2.0000E-03   1   5
 -5.9779E-04 -1.2496E-04  9.4547E-04  4.3268E+05 -9.1411E+04  3.5762E+02  0.0000E+00 -2.0000E-03   1   5
  4.7364E-04 -2.6469E-04  2.2502E-04 -3.4084E+05 -1.9107E+05 -1.4934E+03  0.0000E+00 -2.0000E-03   1   5
  3.0854E-04  6.2107E-04 -1.8964E-05 -2.2350E+05  4.4874E+05  8.7925E+02  0.0000E+00 -2.0000E-03   1   5
  2.8495E-04  3.4782E-04  9.1638E-04 -2.0591E+05  2.5120E+05 -2.8462E+02  0.0000E+00 -2.0000E-03   1   5
  4.9283E-04 -1.3128E-03  3.0527E-04 -3.5633E+05 -9.4996E+05  2.4665E+03  0.0000E+00 -2.0000E-03   1   5
 -1.5278E-03  3.9614E-04 -5.7657E-04  1.1053E+06  2.8736E+05 -1.3692E+03  0.0000E+00 -2.0000E-03   1   5
  7.4064E-05 -2.5556E-04  5.6352E-05 -5.2551E+04 -1.8525E+05  7.7050E+02  0.0000E+00 -2.0000E-03   1   5
  4.5684E-04  8.4258E-04  1.2329E-03 -3.3158E+05  6.0976E+05 -4.9862E+02  0.0000E+00 -2.0000E-03   1   5
  8.8987E-04  5.3404E-04  1.9173E-03 -6.4293E+05  3.8601E+05 -7.5362E+02  0.0000E+00 -2.0000E-03   1   5
 -9.3586E-04  4.2738E-04 -3.4575E-04  6.7564E+05  3.0978E+05  5.3312E+02  0.0000E+00 -2.0000E-03   1   5
  1.9521E-04 -5.4001E-04 -8.3346E-04 -1.4129E+05 -3.8918E+05  6.9312E+02  0.0000E+00 -2.0000E-03   1   5
  2.5247E-04 -2.8077E-04 -2.4973E-04 -1.8397E+05 -2.0245E+05 -2.1162E+02  0.0000E+00 -2.0000E-03   1   5
 -1.2767E-04  1.4533E-04  3.1839E-04  9.1849E+04  1.0390E+05 -1.0259E+03  0.0000E+00 -2.0000E-03   1   5
 -2.4437E-05  5.5778E-04 -5.7721E-05  1.7092E+04  4.0385E+05 -1.6439E+03  0.0000E+00 -2.0000E-03   1   5
  8.4116E-04 -6.8398E-04  1.4564E-03 -6.0841E+05 -4.9438E+05  1.4999E+03  0.0000E+00 -2.0000E-03   1   5
  1.3696E-03  2.8658E-04  2.5102E-04 -9.9004E+05  2.0716E+05 -9.6875E+01  0.0000E+00 -2.0000E-03   1   5
 -1.2247E-03 -1.0993E-05 -4.8623E-04  8.8521E+05 -8.1472E+03 -1.8029E+03  0.0000E+00 -2.0000E-03   1   5
  8.2323E-04  4.1142E-04 -1.3385E-05 -5.9563E+05  2.9691E+05 -2.3616E+03  0.0000E+00 -2.0000E-03   1   5
 -1.9420E-05  5.6770E-04 -8.1542E-04  1.5960E+04  4.1144E+05  2.9132E+03  0.0000E+00 -2.0000E-03   1   5
 -3.3240E-04 -1.4464E-04 -1.5028E-03  2.4181E+05 -1.0400E+05 -1.0456E+03  0.0000E+00 -2.0000E-03   1   5
 -1.0718E-03  2.4300E-05  1.2679E-03  7.7556E+05  1.7992E+04 -3.7100E+02  0.0000E+00 -2.0000E-03   1   5
 -1.9324E-04 -9.9627E-04  3.7001E-04  1.4058E+05 -7.2006E+05 -3.0000E+03  0.0000E+00 -2.0000E-03   1   5
 -2.8944E-03 -1.7712E-03 -1.0141E-03  2.0912E+06 -1.2813E+06 -1.1125E+01  0.0000E+00 -2.0000E-03   1   5
 -1.4199E-03  2.7021E-05  4.3528E-04  1.0259E+06  2.0265E+04 -5.4838E+02  0.0000E+00 -2.0000E-03   1   5
  3.7709E-04 -6.5191E-05 -5.9246E-04 -2.7314E+05 -4.7603E+04 -1.3526E+03  0.0000E+00 -2.0000E-03   1   5
 -7.9022E-04 -5.8319E-04  3.3452E-04  5.7037E+05 -4.2226E+05  2.4736E+03  0.0000E+00 -2.0000E-03   1   5
  2.1739E-04  1.4492E-04 -1.0569E-03 -1.5707E+05  1.0524E+05 -2.4020E+03  0.0000E+00 -2.0000E-03   1   5
 -6.5873E-04  7.8167E-04 -1.4574E-03  4.7638E+05  5.6475E+05  1.9296E+03  0.0000E+00 -2.0000E-03   1   5
  5.3713E-04  1.7130E-04  5.3737E-04 -3.8868E+05  1.2467E+05  3.5782E+03  0.0000E+00 -2.0000E-03   1   5
  5.1451E-04  6.1214E-04 -2.9915E-04 -3.7270E+05  4.4180E+05  1.2636E+03  0.0000E+00 -2.0000E-03   1   5
  4.6094E-04  5.1215E-04 -1.6470E-03 -3.3230E+05  3.6998E+05  5.2738E+02  0.0000E+00 -2.0000E-03   1   5
 -5.2209E-04 -1.2485E-03 -6.6310E-04  3.7694E+05 -9.0256E+05  2.2288E+02  0.0000E+00 -2.0000E-03   1   5
  1.3454E-03  9.0638E-04 -8.5862E-04 -9.7408E+05  6.5489E+05  2.1478E+03  0.0000E+00 -2.0000E-03   1   5
 -2.0735E-03  7.6548E-04 -4.3469E-04  1.4996E+06  5.5385E+05  2.6200E+02  0.0000E+00 -2.0000E-03   1   5
  1.4645E-03 -4.0526E-04  1.3464E-04 -1.0573E+06 -2.9436E+05 -2.2180E+03  0.0000E+00 -2.0000E-03   1   5
 -9.6223E-04  9.5276E-04 -4.8097E-04  6.9683E+05  6.8800E+05 -8.1638E+02  0.0000E+00 -2.0000E-03   1   5
 -1.4821E-03  2.2430E-04 -1.1935E-03  1.0713E+06  1.6131E+05 -2.0776E+03  0.0000E+00 -2.0000E-03   1   5
 -8.6602E-04 -6.4090E-04 -9.9031E-04  6.2540E+05 -4.6332E+05 -4.4762E+02  0.0000E+00 -2.0000E-03   1   5
  3.2238E-04  4.3766E-04 -1.2875E-03 -2.3342E+05  3.1674E+05  1.1070E+03  0.0000E+00 -2.0000E-03   1   5
  5.5129E-04  1.2947E-03 -7.0257E-04 -3.9941E+05  9.3508E+05  4.5875E+02  0.0000E+00 -2.0000E-03   1   5
  2.7905E-04  5.7541E-04 -1.3281E-03 -2.0125E+05  4.1577E+05  9.7100E+02  0.0000E+00 -2.0000E-03   1   5
 -2.3051E-04 -3.4362E-04 -6.0875E-04  1.6687E+05 -2.4919E+05 -1.1230E+03  0.0000E+00 -2.0000E-03   1   5
 -2.3495E-04  4.7817E-05 -7.1688E-04  1.7085E+05  3.5132E+04  4.1938E+02  0.0000E+00 -2.0000E-03   1   5
  2.1099E-04 -3.2809E-04  1.2919E-03 -1.5253E+05 -2.3696E+05  1.9460E+03  0.0000E+00 -2.0000E-03   1   5
  6.9334E-04 -3.2012E-04  1.7005E-03 -5.0212E+05 -2.3278E+05 -1.0596E+03  0.0000E+00 -2.0000E-03   1   5
  1.2623E-04  1.0962E-03 -5.5620E-04 -9.1419E+04  7.9309E+05  1.5438E+03  0.0000E+00 -2.0000E-03   1   5
  3.8798E-04  1.1425E-03  6.6193E-04 -2.7997E+05  8.2599E+05  2.2670E+03  0.0000E+00 -2.0000E-03   1   5
 -3.2795E-04  1.7623E-04 -3.9219E-05  2.3596E+05  1.2585E+05  4.4900E+02  0.0000E+00 -2.0000E-03   1   5
  3.2866E-04  2.6254E-04  3.4087E-05 -2.3850E+05  1.9032E+05  1.8736E+03  0.0000E+00 -2.0000E-03   1   5
  1.0364E-04  1.7917E-04  1.1070E-03 -7.5325E+04  1.2955E+05  2.8944E+03  0.0000E+00 -2.0000E-03   1   5
  6.9486E-04 -9.1765E-04  1.6359E-03 -5.0213E+05 -6.6291E+05 -1.3218E+03  0.0000E+00 -2.0000E-03   1   5
 -8.7346E-04 -7.7991E-04 -4.3220E-04  6.3121E+05 -5.6308E+05  6.2538E+02  0.0000E+00 -2.0000E-03   1   5
  3.2956E-04  1.8364E-04  1.2190E-03 -2.3790E+05  1.3283E+05  7.1875E+01  0.0000E+00 -2.0000E-03   1   5
  5.4102E-04 -2.5137E-05 -3.4978E-04 -3.9011E+05 -1.7628E+04 -7.2125E+01  0.0000E+00 -2.0000E-03   1   5
  5.3804E-04  1.0540E-03  6.0008E-04 -3.8893E+05  7.6258E+05 -7.0538E+02  0.0000E+00 -2.0000E-03   1   5
  2.8840E-04  6.2420E-04 -2.6167E-04 -2.0780E+05  4.5186E+05 -4.3288E+02  0.0000E+00 -2.0000E-03   1   5
 -9.2433E-04  6.1794E-04 -6.4435E-04  6.6820E+05  4.4771E+05 -2.1614E+03  0.0000E+00 -2.0000E-03   1   5
  3.3823E-04 -7.0699E-05 -1.1872E-03 -2.4520E+05 -5.1054E+04  2.3688E+02  0.0000E+00 -2.0000E-03   1   5
  1.0520E-04 -4.2192E-04 -3.6275E-04 -7.4965E+04 -3.0716E+05  1.2175E+02  0.0000E+00 -2.0000E-03   1   5
  1.2604E-06 -8.1141E-04 -3.9006E-04 -9.0933E+02 -5.8564E+05 -7.2988E+02  0.0000E+00 -2.0000E-03   1   5
  2.0872E-04 -7.8378E-04 -9.6658E-04 -1.5191E+05 -5.6729E+05 -1.5099E+03  0.0000E+00 -2.0000E-03   1   5
  1.4907E-03 -3.8792E-04 -9.6920E-04 -1.0778E+06 -2.7981E+05  7.6388E+02  0.0000E+00 -2.0000E-03   1   5
 -4.2759E-04 -1.0775E-03 -1.3363E-03  3.0990E+05 -7.7863E+05 -2.5825E+02  0.0000E+00 -2.0000E-03   1   5
 -5.4158E-04 -4.2317E-04  1.3266E-03  3.9275E+05 -3.0717E+05  2.7018E+03  0.0000E+00 -2.0000E-03   1   5
  4.5097E-04 -1.0019E-03  4.9274E-04 -3.2660E+05 -7.2453E+05 -5.4350E+02  0.0000E+00 -2.0000E-03   1   5
  3.5045E-04 -2.7800E-04  1.7561E-03 -2.5324E+05 -2.0176E+05  4.4250E+02  0.0000E+00 -2.0000E-03   1   5
 -7.8317E-05  1.0340E-04 -1.1977E-03  5.7343E+04  7.4435E+04 -1.7224E+03  0.0000E+00 -2.0000E-03   1   5
 -1.6858E-03  2.9109E-04 -1.5445E-04  1.2186E+06  2.0928E+05  3.2948E+03  0.0000E+00 -2.0000E-03   1   5
  6.7645E-04 -4.6153E-04  8.8116E-04 -4.9016E+05 -3.3252E+05 -1.3820E+03  0.0000E+00 -2.0000E-03   1   5
 -8.5885E-04 -8.4786E-05  5.7037E-04  6.2001E+05 -6.2054E+04  7.6500E+02  0.0000E+00 -2.0000E-03   1   5
  1.2246E-03  7.6304E-04 -1.0956E-04 -8.8546E+05  5.5193E+05  2.0310E+03  0.0000E+00 -2.0000E-03   1   5
  6.9499E-04 -1.3437E-03  2.2105E-04 -5.0226E+05 -9.7253E+05 -1.0498E+03  0.0000E+00 -2.0000E-03   1   5
 -2.2168E-03 -1.9962E-04 -4.3290E-04  1.6034E+06 -1.4488E+05  3.3750E+00  0.0000E+00 -2.0000E-03   1   5
 -7.0899E-04 -3.6979E-04  8.4645E-04  5.1226E+05 -2.6753E+05  1.0349E+03  0.0000E+00 -2.0000E-03   1   5
 -3.8838E-04  4.2914E-04 -2.6902E-04  2.8140E+05  3.1008E+05  1.9208E+03  0.0000E+00 -2.0000E-03   1   5
  4.1432E-04  7.6149E-04 -1.3362E-05 -2.9923E+05  5.5139E+05 -2.5500E+02  0.0000E+00 -2.0000E-03   1   5
  4.3262E-05 -3.1372E-04 -9.5113E-04 -3.1194E+04 -2.2674E+05  5.7138E+02  0.0000E+00 -2.0000E-03   1   5
 -3.0740E-04 -3.5065E-04  1.4592E-03  2.2243E+05 -2.5345E+05  2.9708E+03  0.0000E+00 -2.0000E-03   1   5
  1.3231E-03  2.5913E-04 -1.4355E-03 -9.5781E+05  1.8746E+05  1.3862E+02  0.0000E+00 -2.0000E-03   1   5
 -6.5076E-04  5.1404E-04  7.9101E-04  4.7088E+05  3.7192E+05 -1.3509E+03  0.0000E+00 -2.0000E-03   1   5
 -7.3550E-04  1.9050E-05  1.0893E-03  5.3135E+05  1.2856E+04 -2.8512E+02  0.0000E+00 -2.0000E-03   1   5
 -5.6284E-04 -4.4277E-04  1.5455E-03  4.0733E+05 -3.2005E+05 -9.6200E+02  0.0000E+00 -2.0000E-03   1   5
  3.0743E-04 -1.6135E-04 -4.2087E-04 -2.2339E+05 -1.1684E+05 -9.3425E+02  0.0000E+00 -2.0000E-03   1   5
 -2.6655E-04 -9.2633E-04  1.0781E-03  1.9297E+05 -6.6927E+05  2.4425E+02  0.0000E+00 -2.0000E-03   1   5
 -3.2077E-04 -5.8846E-04  3.9722E-04  2.3151E+05 -4.2550E+05  1.0775E+02  0.0000E+00 -2.0000E-03   1   5
  5.1594E-04  3.1557E-04  7.1867E-05 -3.7258E+05  2.2870E+05  9.0675E+02  0.0000E+00 -2.0000E-03   1   5
 -2.7497E-04 -6.4486E-04 -2.1446E-04  1.9894E+05 -4.6681E+05  2.6795E+03  0.0000E+00 -2.0000E-03   1   5
 -1.2251E-04 -1.5211E-04 -1.5599E-04  8.8443E+04 -1.0935E+05 -3.9625E+01  0.0000E+00 -2.0000E-03   1   5
  4.9461E-05  7.1343E-04  1.1361E-03 -3.5773E+04  5.1591E+05 -4.0062E+02  0.0000E+00 -2.0000E-03   1   5
  1.9581E-04 -9.8907E-04  7.5434E-04 -1.4215E+05 -7.1435E+05  6.3762E+02  0.0000E+00 -2.0000E-03   1   5
  2.0511E-04  4.1549E-04 -4.5301E-04 -1.4764E+05  3.0055E+05 -2.3392E+03  0.0000E+00 -2.0000E-03   1   5
  1.6443E-04  1.5776E-05 -2.9679E-05 -1.1840E+05  1.2942E+04 -3.2449E+03  0.0000E+00 -2.0000E-03   1   5
  6.0048E-04 -7.3887E-05  1.4546E-03 -4.3359E+05 -5.3182E+04  1.4549E+03  0.0000E+00 -2.0000E-03   1   5
  3.7912E-04 -5.7552E-04 -1.8321E-03 -2.7355E+05 -4.1634E+05  1.7975E+03  0.0000E+00 -2.0000E-03   1   5
 -1.7727E-04 -7.9729E-04  1.0501E-03  1.2795E+05 -5.7659E+05  1.5564E+03  0.0000E+00 -2.0000E-03   1   5
  8.8400E-04  3.4147E-04  7.8540E-04 -6.3948E+05  2.4739E+05  9.7988E+02  0.0000E+00 -2.0000E-03   1   5
 -4.6830E-04  4.1960E-04 -3.3443E-04  3.3820E+05  3.0138E+05  6.3412E+02  0.0000E+00 -2.0000E-03   1   5
  4.5997E-04  1.4689E-03  4.5829E-04 -3.3251E+05  1.0622E+06  3.4424E+03  0.0000E+00 -2.0000E-03   1   5
  2.7812E-04  1.3680E-03  5.7533E-04 -2.0035E+05  9.8918E+05  1.3302E+03  0.0000E+00 -2.0000E-03   1   5
  2.0872E-04  2.2150E-03 -7.3920E-04 -1.4947E+05  1.6012E+06  4.5488E+02  0.0000E+00 -2.0000E-03   1   5
 -8.6646E-04  1.9165E-04 -1.7911E-03  6.2788E+05  1.3818E+05  1.6438E+02  0.0000E+00 -2.0000E-03   1   5
  2.6923E-04  9.0328E-04 -1.7972E-03 -1.9384E+05  6.5268E+05 -9.8950E+02  0.0000E+00 -2.0000E-03   1   5
  2.9264E-04 -3.9537E-05  4.5141E-04 -2.1256E+05 -2.8313E+04  1.5508E+03  0.0000E+00 -2.0000E-03   1   5
 -2.3474E-04  1.1067E-04  1.7967E-03  1.7042E+05  8.1225E+04 -3.5374E+03  0.0000E+00 -2.0000E-03   1   5
 -1.0345E-04  2.6100E-04 -1.0336E-03  7.4912E+04  1.8907E+05 -1.1375E+03  0.0000E+00 -2.0000E-03   1   5
  1.2634E-04 -2.9701E-04 -9.6711E-04 -9.0737E+04 -2.1436E+05  1.1116E+03  0.0000E+00 -2.0000E-03   1   5
 -2.0069E-04  1.1769E-03 -1.2762E-03  1.4537E+05  8.5213E+05  1.9680E+03  0.0000E+00 -2.0000E-03   1   5
 -1.6545E-03 -4.2553E-05  5.7221E-04  1.1966E+06 -3.2577E+04  1.8721E+03  0.0000E+00 -2.0000E-03   1   5
 -8.5553E-04 -1.4136E-03 -1.5738E-03  6.1866E+05 -1.0231E+06 -1.3025E+02  0.0000E+00 -2.0000E-03   1   5
  1.1842E-04 -1.2669E-03 -7.2228E-05 -8.5095E+04 -9.1649E+05 -1.8176E+03  0.0000E+00 -2.0000E-03   1   5
 -8.2723E-04  2.5277E-04  9.0205E-04  5.9873E+05  1.8398E+05  6.1188E+02  0.0000E+00 -2.0000E-03   1   5
 -7.3416E-04  1.4806E-04 -8.6190E-04  5.3166E+05  1.0712E+05  3.7000E+02  0.0000E+00 -2.0000E-03   1   5
  1.8651E-04  7.4210E-04 -9.7328E-04 -1.3469E+05  5.3817E+05 -1.5449E+03  0.0000E+00 -2.0000E-03   1   5
  3.5398E-04 -6.8555E-05 -7.0875E-04 -2.5617E+05 -4.8836E+04 -5.4300E+02  0.0000E+00 -2.0000E-03   1   5
  5.8938E-04 -8.9053E-05  3.9129E-04 -4.2583E+05 -6.3454E+04 -7.8912E+02  0.0000E+00 -2.0000E-03   1   5
  1.3077E-03 -2.6646E-04 -5.2241E-05 -9.4521E+05 -1.9285E+05  8.1312E+02  0.0000E+00 -2.0000E-03   1   5
 -6.3116E-04 -8.0736E-04  3.9608E-04  4.5575E+05 -5.8455E+05 -1.5538E+02  0.0000E+00 -2.0000E-03   1   5
 -2.2652E-04 -1.1730E-03  5.0127E-04  1.6371E+05 -8.4878E+05 -2.7146E+03  0.0000E+00 -2.0000E-03   1   5
  5.8058E-04 -1.0094E-03 -4.4040E-04 -4.2003E+05 -7.3005E+05 -2.2125E+03  0.0000E+00 -2.0000E-03   1   5
 -5.7815E-04 -6.5473E-04  9.4798E-04  4.1800E+05 -4.7407E+05  1.1942E+03  0.0000E+00 -2.0000E-03   1   5
 -4.7385E-04  2.1664E-04 -8.2222E-04  3.4371E+05  1.5636E+05  2.0738E+03  0.0000E+00 -2.0000E-03   1   5
  1.7303E-03  1.3913E-04 -9.4052E-04 -1.2513E+06  1.0121E+05  7.3738E+02  0.0000E+00 -2.0000E-03   1   5
 -4.5926E-04  7.0255E-04  1.1083E-04  3.3059E+05  5.0769E+05  1.2419E+03  0.0000E+00 -2.0000E-03   1   5
 -9.7352E-04 -9.8206E-04 -1.2178E-04  7.0385E+05 -7.1066E+05  6.2988E+02  0.0000E+00 -2.0000E-03   1   5
 -6.4394E-04  4.6361E-04  1.3252E-03  4.6600E+05  3.3572E+05 -1.0812E+02  0.0000E+00 -2.0000E-03   1   5
  6.9836E-04 -2.9129E-04  3.4359E-04 -5.0598E+05 -2.1059E+05 -1.4745E+03  0.0000E+00 -2.0000E-03   1   5
  7.9211E-04 -4.8538E-04  7.5538E-04 -5.7333E+05 -3.5116E+05  7.8850E+02  0.0000E+00 -2.0000E-03   1   5
  5.3521E-05 -1.3137E-03  1.5117E-03 -3.9377E+04 -9.5050E+05 -1.6201E+03  0.0000E+00 -2.0000E-03   1   5
  3.3091E-04  9.2954E-05  6.3961E-04 -2.3859E+05  6.7555E+04 -4.7262E+02  0.0000E+00 -2.0000E-03   1   5
  1.9693E-04  7.4731E-04 -1.1636E-03 -1.4350E+05  5.4104E+05  1.1919E+03  0.0000E+00 -2.0000E-03   1   5
  1.3793E-03  8.0033E-04 -1.6952E-03 -9.9710E+05  5.7910E+05  1.6275E+02  0.0000E+00 -2.0000E-03   1   5
 -9.9711E-04 -3.3230E-04  1.2311E-03  7.2116E+05 -2.4040E+05  9.9862E+02  0.0000E+00 -2.0000E-03   1   5
  9.5159E-04 -1.4822E-04 -1.1270E-03 -6.8802E+05 -1.0706E+05 -2.7088E+02  0.0000E+00 -2.0000E-03   1   5
 -1.3202E-03  5.0948E-04 -9.4075E-04  9.5383E+05  3.6800E+05 -2.3338E+02  0.0000E+00 -2.0000E-03   1   5
  1.2440E-03  6.8351E-04 -5.7541E-05 -8.9979E+05  4.9278E+05  1.8650E+02  0.0000E+00 -2.0000E-03   1   5
 -3.9854E-04 -9.1687E-04 -1.0405E-03  2.8824E+05 -6.6319E+05 -2.9921E+03  0.0000E+00 -2.0000E-03   1   5
  7.9881E-04 -6.9950E-04 -7.1459E-04 -5.7804E+05 -5.0583E+05 -1.1050E+03  0.0000E+00 -2.0000E-03   1   5
  2.2045E-04 -5.8594E-04  1.9610E-03 -1.5971E+05 -4.2354E+05  3.6491E+03  0.0000E+00 -2.0000E-03   1   5
 -1.0849E-04 -1.0386E-03  1.5537E-03  7.9147E+04 -7.5122E+05 -2.3668E+03  0.0000E+00 -2.0000E-03   1   5
  4.6802E-04 -4.6151E-05 -8.1356E-04 -3.3888E+05 -3.4731E+04  5.8475E+02  0.0000E+00 -2.0000E-03   1   5
  1.3372E-03  1.2287E-03 -6.5188E-04 -9.6715E+05  8.8816E+05 -3.8605E+03  0.0000E+00 -2.0000E-03   1   5
 -1.7960E-04  2.8339E-04 -3.0577E-04  1.3040E+05  2.0589E+05  4.4350E+02  0.0000E+00 -2.0000E-03   1   5
  1.0039E-04 -1.1855E-03  1.7973E-03 -7.3088E+04 -8.5773E+05 -9.2988E+02  0.0000E+00 -2.0000E-03   1   5
  8.5681E-04 -6.9777E-04  8.1301E-06 -6.1965E+05 -5.0468E+05  3.8421E+03  0.0000E+00 -2.0000E-03   1   5
  1.0738E-03  6.8418E-04 -1.5940E-03 -7.7699E+05  4.9607E+05  7.5625E+01  0.0000E+00 -2.0000E-03   1   5
 -1.1004E-04  1.7971E-04 -3.6710E-04  7.8413E+04  1.3036E+05  1.1200E+03  0.0000E+00 -2.0000E-03   1   5
 -1.2880E-04  1.2555E-03 -1.6722E-03  9.3560E+04  9.0639E+05  2.5699E+03  0.0000E+00 -2.0000E-03   1   5
 -7.7123E-04 -8.6687E-04  1.8283E-03  5.5772E+05 -6.2734E+05 -5.4150E+02  0.0000E+00 -2.0000E-03   1   5
 -1.3311E-04 -5.6310E-04 -1.2641E-03  9.6737E+04 -4.0716E+05 -5.7850E+02  0.0000E+00 -2.0000E-03   1   5
  1.0315E-03 -9.0812E-05 -1.0088E-03 -7.4659E+05 -6.7078E+04  2.0725E+02  0.0000E+00 -2.0000E-03   1   5
 -2.6673E-04  8.5477E-04  4.4950E-04  1.9354E+05  6.1881E+05 -3.9812E+02  0.0000E+00 -2.0000E-03   1   5
  9.6276E-05 -1.2680E-03  9.4500E-04 -6.9797E+04 -9.1798E+05 -2.7141E+03  0.0000E+00 -2.0000E-03   1   5
  1.2939E-03  2.5513E-04  1.9396E-04 -9.3468E+05  1.8406E+05 -4.7175E+02  0.0000E+00 -2.0000E-03   1   5
 -4.2079E-04 -9.6338E-04  1.0940E-03  3.0389E+05 -6.9638E+05 -5.6912E+02  0.0000E+00 -2.0000E-03   1   5
  5.0914E-04 -4.2314E-04  7.4773E-04 -3.6792E+05 -3.0709E+05 -2.2595E+03  0.0000E+00 -2.0000E-03   1   5
 -1.1111E-03 -4.2405E-04 -1.6025E-04  8.0322E+05 -3.0690E+05 -1.2284E+03  0.0000E+00 -2.0000E-03   1   5
 -4.9119E-04 -1.1716E-03  3.7251E-04  3.5608E+05 -8.4665E+05  7.5825E+02  0.0000E+00 -2.0000E-03   1   5
  5.3111E-06 -9.3358E-05  5.1421E-04 -5.4513E+03 -6.6627E+04  4.8900E+02  0.0000E+00 -2.0000E-03   1   5
 -2.5049E-04  9.7000E-04  9.4635E-04  1.8140E+05  7.0132E+05 -1.4506E+03  0.0000E+00 -2.0000E-03   1   5
 -7.7842E-04  1.1327E-03 -1.3113E-03  5.6382E+05  8.1838E+05  1.5445E+03  0.0000E+00 -2.0000E-03   1   5
  1.2917E-04 -3.7324E-04 -4.0854E-04 -9.4216E+04 -2.7067E+05 -9.9488E+02  0.0000E+00 -2.0000E-03   1   5
 -6.3842E-04  3.1121E-04 -4.7539E-04  4.6197E+05  2.2673E+05 -1.5572E+03  0.0000E+00 -2.0000E-03   1   5
  9.6113E-04 -9.3243E-05  4.0032E-04 -6.9596E+05 -6.7288E+04 -1.7884E+03  0.0000E+00 -2.0000E-03   1   5
  5.3997E-04  2.6246E-04  3.6078E-04 -3.9060E+05  1.9066E+05  2.4500E+02  0.0000E+00 -2.0000E-03   1   5
 -5.0143E-04 -3.9828E-04  1.9339E-03  3.6252E+05 -2.8754E+05 -2.5268E+03  0.0000E+00 -2.0000E-03   1   5
 -2.7948E-04  1.2718E-03  1.2314E-03  2.0259E+05  9.1953E+05 -2.3190E+03  0.0000E+00 -2.0000E-03   1   5
 -2.4459E-04 -1.2430E-03 -5.4480E-04  1.7540E+05 -8.9903E+05 -1.7036E+03  0.0000E+00 -2.0000E-03   1   5
  3.7573E-04  1.3888E-03  2.5452E-04 -2.7285E+05  1.0040E+06 -1.6536E+03  0.0000E+00 -2.0000E-03   1   5
 -6.2088E-04  3.1998E-04  6.9643E-04  4.4854E+05  2.3163E+05  5.5938E+02  0.0000E+00 -2.0000E-03   1   5
 -7.6160E-04 -7.3685E-04 -1.8156E-03  5.4947E+05 -5.3375E+05  1.5348E+03  0.0000E+00 -2.0000E-03   1   5
  4.0985E-04  6.1439E-04  1.9392E-04 -2.9598E+05  4.4415E+05 -1.9200E+02  0.0000E+00 -2.0000E-03   1   5
  3.5464E-04 -7.4449E-04 -1.1532E-03 -2.5595E+05 -5.3775E+05 -8.4775E+02  0.0000E+00 -2.0000E-03   1   5
  7.8604E-05  4.8360E-04 -5.8663E-04 -5.7016E+04  3.4990E+05  2.6262E+03  0.0000E+00 -2.0000E-03   1   5
 -2.7035E-04  2.6059E-04 -5.3728E-04  1.9471E+05  1.8875E+05 -3.2112E+02  0.0000E+00 -2.0000E-03   1   5
  5.8381E-04  2.6567E-04  5.0286E-04 -4.2144E+05  1.9073E+05 -1.1726E+03  0.0000E+00 -2.0000E-03   1   5
  1.6310E-03 -1.1620E-04  1.8654E-04 -1.1798E+06 -8.4107E+04 -2.9215E+03  0.0000E+00 -2.0000E-03   1   5
 -6.0666E-05 -7.9191E-04  7.1159E-04  4.4267E+04 -5.7267E+05 -1.4312E+03  0.0000E+00 -2.0000E-03   1   5
 -6.4926E-04  7.1527E-04 -1.2062E-03  4.6964E+05  5.1713E+05  2.6591E+03  0.0000E+00 -2.0000E-03   1   5
 -1.2179E-03 -5.7591E-04  3.7842E-04  8.8112E+05 -4.1645E+05 -1.6438E+03  0.0000E+00 -2.0000E-03   1   5
  5.1118E-04  1.0954E-03  3.3729E-04 -3.7049E+05  7.9147E+05  1.1122E+03  0.0000E+00 -2.0000E-03   1   5
  1.5355E-04  1.2064E-03  5.4511E-04 -1.1114E+05  8.7162E+05  5.6588E+02  0.0000E+00 -2.0000E-03   1   5
  5.4500E-04  6.3888E-04 -9.4056E-04 -3.9360E+05  4.6239E+05  1.0179E+03  0.0000E+00 -2.0000E-03   1   5
 -1.1110E-03  4.5609E-04  8.9751E-04  8.0340E+05  3.2952E+05  2.8602E+03  0.0000E+00 -2.0000E-03   1   5
 -4.7785E-04 -3.5550E-04 -7.8482E-04  3.4563E+05 -2.5698E+05  1.3521E+03  0.0000E+00 -2.0000E-03   1   5
 -3.3644E-04 -1.6157E-04  4.6966E-04  2.4402E+05 -1.1705E+05  3.9625E+01  0.0000E+00 -2.0000E-03   1   5
  1.8581E-03  1.6940E-04  1.0624E-03 -1.3424E+06  1.2214E+05  1.3618E+03  0.0000E+00 -2.0000E-03   1   5
 -4.7737E-04  7.7013E-04  9.2765E-04  3.4483E+05  5.5592E+05  9.3512E+02  0.0000E+00 -2.0000E-03   1   5
  3.7425E-04 -1.0931E-03  2.1231E-04 -2.7079E+05 -7.9008E+05  2.5262E+03  0.0000E+00 -2.0000E-03   1   5
 -1.3153E-03  1.0136E-03 -5.9613E-04  9.5203E+05  7.3285E+05  7.9638E+02  0.0000E+00 -2.0000E-03   1   5
  3.8759E-04  8.6260E-04 -4.5651E-04 -2.7989E+05  6.2350E+05  1.0288E+02  0.0000E+00 -2.0000E-03   1   5
  1.9158E-05 -4.9741E-04 -4.5742E-04 -1.3381E+04 -3.5895E+05  6.9962E+02  0.0000E+00 -2.0000E-03   1   5
 -1.1778E-03 -4.8582E-04  2.0259E-04  8.5278E+05 -3.5140E+05 -6.0688E+02  0.0000E+00 -2.0000E-03   1   5
  7.7243E-04  6.5779E-06 -1.2447E-03 -5.5903E+05  4.5704E+03 -1.5321E+03  0.0000E+00 -2.0000E-03   1   5
 -1.2486E-03 -8.3534E-04  1.8070E-04  9.0274E+05 -6.0520E+05 -7.6588E+02  0.0000E+00 -2.0000E-03   1   5
  3.4990E-04  6.1983E-04 -9.9348E-04 -2.5303E+05  4.4934E+05  1.9135E+03  0.0000E+00 -2.0000E-03   1   5
  1.3567E-03  7.8953E-04  1.0001E-03 -9.8160E+05  5.7158E+05 -2.0378E+03  0.0000E+00 -2.0000E-03   1   5
  1.1801E-04  3.4768E-04  1.3419E-03 -8.5979E+04  2.5149E+05  1.8538E+02  0.0000E+00 -2.0000E-03   1   5
  5.5560E-05 -1.7387E-03  1.1191E-03 -3.9818E+04 -1.2573E+06  7.6438E+02  0.0000E+00 -2.0000E-03   1   5
 -1.1763E-04 -1.1831E-03  3.3326E-04  8.5644E+04 -8.5587E+05  8.6875E+01  0.0000E+00 -2.0000E-03   1   5
 -1.0889E-03  8.8505E-04  9.4288E-04  7.8683E+05  6.3995E+05 -3.1400E+02  0.0000E+00 -2.0000E-03   1   5
  9.6670E-04  6.8316E-04  9.6618E-04 -6.9826E+05  4.9392E+05 -3.0976E+03  0.0000E+00 -2.0000E-03   1   5
 -1.5040E-03  1.1572E-03 -1.0092E-03  1.0882E+06  8.3641E+05  5.1150E+02  0.0000E+00 -2.0000E-03   1   5
  1.0890E-03  2.1775E-04  8.3990E-04 -7.8759E+05  1.5860E+05 -1.7430E+03  0.0000E+00 -2.0000E-03   1   5
 -5.8770E-04 -2.3376E-04 -2.7362E-04  4.2319E+05 -1.6837E+05 -1.2992E+03  0.0000E+00 -2.0000E-03   1   5
  2.8012E-04  1.1184E-03  3.8177E-04 -2.0304E+05  8.0940E+05  1.3485E+03  0.0000E+00 -2.0000E-03   1   5
 -9.7332E-04  4.9674E-04 -3.8813E-04  7.0487E+05  3.5818E+05  5.0650E+02  0.0000E+00 -2.0000E-03   1   5
 -2.0414E-04 -2.7244E-04 -1.2426E-03  1.4758E+05 -1.9632E+05 -4.2225E+02  0.0000E+00 -2.0000E-03   1   5
 -3.3929E-04 -7.9886E-04 -1.8695E-04  2.4386E+05 -5.7773E+05 -2.0742E+03  0.0000E+00 -2.0000E-03   1   5
  6.6698E-04  6.1509E-04  8.5355E-04 -4.8279E+05  4.4532E+05  2.1525E+03  0.0000E+00 -2.0000E-03   1   5
 -9.0116E-04  6.3216E-04  1.4016E-03  6.5160E+05  4.5802E+05 -4.0675E+02  0.0000E+00 -2.0000E-03   1   5
  2.2553E-04  2.7192E-04  1.3200E-04 -1.6262E+05  1.9729E+05  2.8562E+02  0.0000E+00 -2.0000E-03   1   5
  2.7630E-04 -2.8582E-05 -1.6334E-03 -1.9882E+05 -2.0583E+04 -1.2741E+03  0.0000E+00 -2.0000E-03   1   5
 -2.1624E-04 -8.2443E-04 -9.2210E-04  1.5561E+05 -5.9570E+05 -6.5738E+02  0.0000E+00 -2.0000E-03   1   5
 -1.9353E-04  2.2995E-03 -5.4038E-04  1.3966E+05  1.6622E+06  4.1712E+02  0.0000E+00 -2.0000E-03   1   5
  4.1471E-04  4.2991E-04 -1.9353E-04 -2.9974E+05  3.1057E+05  4.7375E+01  0.0000E+00 -2.0000E-03   1   5
  6.7038E-05  2.7932E-04 -4.2223E-04 -4.8238E+04  2.0299E+05  2.0675E+02  0.0000E+00 -2.0000E-03   1   5
 -7.0482E-04  1.2893E-04  4.6773E-04  5.1011E+05  9.4156E+04 -1.1095E+03  0.0000E+00 -2.0000E-03   1   5
  1.3728E-04  5.3486E-04  1.1921E-04 -9.9662E+04  3.8716E+05  1.8976E+03  0.0000E+00 -2.0000E-03   1   5
  5.4753E-04  3.0136E-04  1.9227E-03 -3.9624E+05  2.1743E+05  7.7012E+02  0.0000E+00 -2.0000E-03   1   5
  7.7229E-04  1.6362E-04  7.2006E-06 -5.5877E+05  1.1743E+05 -1.0218E+03  0.0000E+00 -2.0000E-03   1   5
 -6.0488E-04 -4.3437E-04  2.9359E-04  4.3788E+05 -3.1398E+05  6.0938E+02  0.0000E+00 -2.0000E-03   1   5
  7.9196E-04 -9.1538E-05 -2.3279E-04 -5.7174E+05 -6.5432E+04 -9.1062E+02  0.0000E+00 -2.0000E-03   1   5
  1.0615E-03 -1.4707E-03  1.3292E-03 -7.6705E+05 -1.0630E+06  3.0570E+03  0.0000E+00 -2.0000E-03   1   5
  1.0228E-03  1.3370E-03  7.5183E-05 -7.3986E+05  9.6673E+05  1.0068E+03  0.0000E+00 -2.0000E-03   1   5
  1.0354E-03  1.7565E-04  7.0372E-05 -7.4864E+05  1.2686E+05 -8.3812E+02  0.0000E+00 -2.0000E-03   1   5
 -2.6419E-04 -4.5374E-04  9.3027E-04  1.9177E+05 -3.2883E+05 -3.3875E+02  0.0000E+00 -2.0000E-03   1   5
  1.7253E-03 -1.4367E-03  1.0133E-03 -1.2467E+06 -1.0388E+06  7.5250E+02  0.0000E+00 -2.0000E-03   1   5
 -6.7473E-05 -1.7121E-04  5.9803E-04  4.6868E+04 -1.2347E+05 -2.1000E+01  0.0000E+00 -2.0000E-03   1   5
 -5.9253E-04 -6.3429E-04  6.7374E-05  4.2711E+05 -4.5850E+05 -5.0925E+02  0.0000E+00 -2.0000E-03   1   5
  6.8681E-04 -1.3045E-03  4.3317E-04 -4.9598E+05 -9.4323E+05 -2.8350E+02  0.0000E+00 -2.0000E-03   1   5
 -1.0111E-03 -8.4025E-04  2.9386E-04  7.3162E+05 -6.0721E+05 -1.5130E+03  0.0000E+00 -2.0000E-03   1   5
  1.2320E-04 -4.7011E-04 -7.2857E-04 -9.0992E+04 -3.3990E+05 -2.1416E+03  0.0000E+00 -2.0000E-03   1   5
 -4.2939E-04 -7.4392E-04 -8.3455E-04  3.0970E+05 -5.3767E+05 -1.8392E+03  0.0000E+00 -2.0000E-03   1   5
 -1.6663E-04  9.2765E-04  1.5250E-04  1.1995E+05  6.7003E+05 -3.0338E+02  0.0000E+00 -2.0000E-03   1   5
  4.7377E-04  5.1457E-04 -9.9300E-04 -3.4275E+05  3.7109E+05 -3.0119E+03  0.0000E+00 -2.0000E-03   1   5
  6.3549E-04  3.0048E-04 -7.4313E-04 -4.5876E+05  2.1746E+05  1.1709E+03  0.0000E+00 -2.0000E-03   1   5
 -2.8664E-04 -4.8646E-04  4.8326E-04  2.0712E+05 -3.5113E+05 -2.0498E+03  0.0000E+00 -2.0000E-03   1   5
 -1.2797E-03 -4.8094E-05  5.1579E-04  9.2573E+05 -3.4934E+04 -1.6835E+03  0.0000E+00 -2.0000E-03   1   5
  6.8581E-05 -3.2451E-04  7.0868E-04 -5.0080E+04 -2.3450E+05  1.7250E+02  0.0000E+00 -2.0000E-03   1   5
 -4.6687E-04  2.5052E-04 -1.8858E-03  3.3808E+05  1.8065E+05  6.7525E+02  0.0000E+00 -2.0000E-03   1   5
 -5.1810E-04 -1.0411E-03  2.6095E-04  3.7463E+05 -7.5249E+05 -1.6845E+03  0.0000E+00 -2.0000E-03   1   5
 -2.7504E-04  3.9428E-04  1.2145E-03  1.9936E+05  2.8456E+05  1.3392E+03  0.0000E+00 -2.0000E-03   1   5
  2.6740E-04 -4.9192E-04  1.3636E-03 -1.9321E+05 -3.5649E+05  9.7050E+02  0.0000E+00 -2.0000E-03   1   5
  8.2227E-04  1.0657E-03  7.5837E-04 -5.9468E+05  7.7121E+05 -1.7275E+02  0.0000E+00 -2.0000E-03   1   5
 -6.5202E-04  1.6050E-03 -6.8648E-04  4.7241E+05  1.1600E+06  1.5062E+03  0.0000E+00 -2.0000E-03   1   5
  1.2152E-03 -1.2558E-03 -1.3417E-04 -8.7821E+05 -9.0741E+05 -3.1362E+02  0.0000E+00 -2.0000E-03   1   5
 -1.9860E-03 -1.0734E-04 -3.5436E-04  1.4357E+06 -7.7979E+04 -2.4438E+03  0.0000E+00 -2.0000E-03   1   5
  3.6513E-05 -1.3730E-04 -1.8017E-04 -2.5897E+04 -9.9336E+04 -7.7488E+02  0.0000E+00 -2.0000E-03   1   5
  5.2372E-04  1.0549E-03  3.8652E-04 -3.7707E+05  7.6217E+05  1.5798E+03  0.0000E+00 -2.0000E-03   1   5
 -8.8898E-05 -1.1522E-03 -6.7190E-04  6.3615E+04 -8.3387E+05 -1.3306E+03  0.0000E+00 -2.0000E-03   1   5
 -7.6377E-04  1.1200E-03  7.2599E-04  5.5332E+05  8.1032E+05  1.5575E+02  0.0000E+00 -2.0000E-03   1   5
 -5.2324E-05 -3.2491E-04  1.1670E-03  3.7315E+04 -2.3546E+05 -1.0289E+03  0.0000E+00 -2.0000E-03   1   5
  1.0041E-03  3.7535E-04  3.9413E-04 -7.2731E+05  2.7164E+05 -3.4388E+02  0.0000E+00 -2.0000E-03   1   5
  1.3575E-04  2.3681E-04 -3.8504E-04 -9.6473E+04  1.7231E+05 -5.6412E+02  0.0000E+00 -2.0000E-03   1   5
 -2.0274E-04  4.0700E-04  1.5621E-03  1.4583E+05  2.9377E+05 -3.7625E+01  0.0000E+00 -2.0000E-03   1   5
  1.9898E-04  5.0896E-04  1.2680E-03 -1.4398E+05  3.6724E+05  1.1169E+03  0.0000E+00 -2.0000E-03   1   5
  6.8068E-04  6.7784E-04 -3.5609E-04 -4.9143E+05  4.8992E+05  1.2105E+03  0.0000E+00 -2.0000E-03   1   5
 -1.8892E-04  1.4153E-03  6.6146E-04  1.3619E+05  1.0232E+06 -2.2540E+03  0.0000E+00 -2.0000E-03   1   5
 -7.3282E-04  1.1927E-04  1.0082E-03  5.3039E+05  8.6944E+04 -2.7875E+02  0.0000E+00 -2.0000E-03   1   5
 -3.5231E-04  1.3449E-03 -5.4765E-04  2.5539E+05  9.7311E+05 -3.7925E+02  0.0000E+00 -2.0000E-03   1   5
  7.9507E-04  5.3467E-04 -5.5930E-04 -5.7557E+05  3.8863E+05 -1.5250E+01  0.0000E+00 -2.0000E-03   1   5
 -1.8897E-04 -1.0957E-03  7.4299E-04  1.3654E+05 -7.9237E+05  1.6485E+03  0.0000E+00 -2.0000E-03   1   5
  2.2599E-05  2.7507E-04 -1.1193E-03 -1.5371E+04  1.9926E+05  5.9475E+02  0.0000E+00 -2.0000E-03   1   5
  1.4904E-04  6.0813E-04  8.6055E-04 -1.0727E+05  4.4008E+05  8.7362E+02  0.0000E+00 -2.0000E-03   1   5
 -1.0573E-03 -2.1804E-04  9.8936E-04  7.6506E+05 -1.5831E+05  3.5009E+03  0.0000E+00 -2.0000E-03   1   5
 -7.0235E-05  3.2017E-04 -5.1344E-04  5.0402E+04  2.3161E+05 -4.9025E+02  0.0000E+00 -2.0000E-03   1   5
  1.0608E-04 -2.8270E-04 -4.8311E-05 -7.7052E+04 -2.0461E+05  1.9969E+03  0.0000E+00 -2.0000E-03   1   5
  2.1430E-04  9.0943E-04 -1.6188E-04 -1.5530E+05  6.5776E+05  3.2919E+03  0.0000E+00 -2.0000E-03   1   5
 -4.9258E-05 -5.7997E-05  1.0355E-03  3.4689E+04 -4.1574E+04  1.6065E+03  0.0000E+00 -2.0000E-03   1   5
 -4.1811E-04  4.1416E-04 -8.6875E-04  3.0190E+05  2.9948E+05 -2.0735E+03  0.0000E+00 -2.0000E-03   1   5
  2.8790E-04  8.4447E-04  3.7559E-05 -2.0679E+05  6.0905E+05 -7.5000E+01  0.0000E+00 -2.0000E-03   1   5
  1.0851E-03  8.3012E-04  6.0693E-04 -7.8436E+05  6.0039E+05  2.0974E+03  0.0000E+00 -2.0000E-03   1   5
  2.9870E-04  1.9402E-03  4.7108E-04 -2.1564E+05  1.4027E+06 -5.7875E+02  0.0000E+00 -2.0000E-03   1   5
 -9.3100E-05 -1.5068E-04  4.4170E-04  6.7575E+04 -1.0763E+05 -1.6859E+03  0.0000E+00 -2.0000E-03   1   5
 -3.6109E-05 -1.9730E-04 -6.0370E-04  2.6154E+04 -1.4252E+05 -3.1962E+02  0.0000E+00 -2.0000E-03   1   5
 -1.2071E-03  1.1378E-03 -6.0710E-04  8.7250E+05  8.2336E+05  1.8392E+03  0.0000E+00 -2.0000E-03   1   5
  9.8192E-04 -3.1983E-04  7.1750E-04 -7.0992E+05 -2.3321E+05  2.1621E+03  0.0000E+00 -2.0000E-03   1   5
 -3.2923E-04 -1.6417E-03  1.2713E-03  2.3854E+05 -1.1870E+06 -4.8625E+01  0.0000E+00 -2.0000E-03   1   5
  3.4346E-04 -3.9634E-04  1.2966E-03 -2.4896E+05 -2.8669E+05 -8.2938E+02  0.0000E+00 -2.0000E-03   1   5
  3.1120E-04 -8.4979E-04  2.8566E-04 -2.2473E+05 -6.1354E+05  3.1161E+03  0.0000E+00 -2.0000E-03   1   5
 -4.2655E-04 -3.0439E-04 -1.9203E-03  3.0938E+05 -2.2004E+05  1.0998E+03  0.0000E+00 -2.0000E-03   1   5
 -9.9842E-04 -1.7149E-03  1.3374E-04  7.2170E+05 -1.2399E+06  1.3640E+03  0.0000E+00 -2.0000E-03   1   5
 -3.8748E-04  1.3391E-04 -7.4048E-04  2.8013E+05  9.7912E+04 -1.3514E+03  0.0000E+00 -2.0000E-03   1   5
  2.8396E-04 -7.3485E-04 -4.2569E-04 -2.0440E+05 -5.3126E+05  2.0591E+03  0.0000E+00 -2.0000E-03   1   5
  1.0620E-03 -1.1037E-03  2.4746E-04 -7.6680E+05 -7.9744E+05  1.0806E+03  0.0000E+00 -2.0000E-03   1   5
 -6.2174E-04 -6.4907E-04 -1.2313E-03  4.4910E+05 -4.6892E+05  5.2975E+02  0.0000E+00 -2.0000E-03   1   5
  3.8056E-04  1.7291E-04  3.3379E-05 -2.7459E+05  1.2563E+05 -4.6402E+03  0.0000E+00 -2.0000E-03   1   5
  6.3687E-04 -3.5370E-04 -1.5764E-06 -4.6123E+05 -2.5529E+05  7.2938E+02  0.0000E+00 -2.0000E-03   1   5
  4.7929E-04  2.2991E-04 -1.5035E-04 -3.4693E+05  1.6650E+05  1.4948E+03  0.0000E+00 -2.0000E-03   1   5
  4.9179E-04  8.6045E-04 -8.2110E-05 -3.5513E+05  6.2270E+05 -2.3851E+03  0.0000E+00 -2.0000E-03   1   5
 -1.2778E-03  1.2473E-03 -2.2206E-04  9.2298E+05  9.0274E+05 -1.6970E+03  0.0000E+00 -2.0000E-03   1   5
 -5.5375E-04  3.7458E-04  1.9021E-03  4.0020E+05  2.7032E+05  1.9569E+03  0.0000E+00 -2.0000E-03   1   5
  3.1125E-05 -9.3474E-04 -1.5535E-03 -2.2216E+04 -6.7555E+05 -6.5862E+02  0.0000E+00 -2.0000E-03   1   5
 -1.0778E-03 -3.9890E-04 -3.7734E-04  7.7932E+05 -2.8878E+05 -5.9625E+02  0.0000E+00 -2.0000E-03   1   5
 -1.3526E-04 -8.3653E-04  8.0957E-04  9.7744E+04 -6.0453E+05 -9.4000E+01  0.0000E+00 -2.0000E-03   1   5
 -5.7979E-04  3.7958E-04 -8.6755E-04  4.1953E+05  2.7444E+05 -1.5134E+03  0.0000E+00 -2.0000E-03   1   5
 -2.3031E-04  2.8157E-04  1.1072E-04  1.6636E+05  2.0400E+05 -2.3475E+03  0.0000E+00 -2.0000E-03   1   5
 -3.5222E-04  5.3507E-04  1.0387E-04  2.5368E+05  3.8685E+05 -3.3525E+02  0.0000E+00 -2.0000E-03   1   5
  6.3388E-05 -8.0470E-04  9.3294E-04 -4.5979E+04 -5.8169E+05  2.9612E+02  0.0000E+00 -2.0000E-03   1   5
 -5.6228E-04 -1.3766E-04 -3.1445E-04  4.0720E+05 -9.9752E+04 -1.7711E+03  0.0000E+00 -2.0000E-03   1   5
  1.5568E-03 -4.5432E-04 -8.8960E-04 -1.1256E+06 -3.2736E+05 -3.8538E+02  0.0000E+00 -2.0000E-03   1   5
  4.4913E-04  3.1293E-04 -5.0999E-04 -3.2434E+05  2.2559E+05  2.6488E+02  0.0000E+00 -2.0000E-03   1   5
 -1.0830E-03  2.8583E-04 -1.4505E-03  7.8351E+05  2.0572E+05  2.4862E+02  0.0000E+00 -2.0000E-03   1   5
 -8.5994E-06  2.0641E-05 -1.3471E-03  5.9599E+03  1.3955E+04 -5.3362E+02  0.0000E+00 -2.0000E-03   1   5
  2.8277E-04  5.5482E-04 -1.3179E-03 -2.0464E+05  4.0066E+05 -3.5400E+02  0.0000E+00 -2.0000E-03   1   5
 -3.2371E-05  5.2282E-04  1.4991E-03  2.4162E+04  3.7730E+05 -7.7650E+02  0.0000E+00 -2.0000E-03   1   5
 -8.1565E-04 -1.0526E-04  1.0999E-04  5.8995E+05 -7.6562E+04 -8.4288E+02  0.0000E+00 -2.0000E-03   1   5
  1.5313E-04  2.2643E-04  1.0815E-03 -1.1147E+05  1.6326E+05  1.7454E+03  0.0000E+00 -2.0000E-03   1   5
 -4.0482E-04  6.3777E-04  3.1436E-04  2.9340E+05  4.6049E+05 -3.2600E+02  0.0000E+00 -2.0000E-03   1   5
  3.4775E-04  6.5012E-04  1.2777E-03 -2.5144E+05  4.7088E+05  3.8700E+02  0.0000E+00 -2.0000E-03   1   5
 -9.5386E-04  2.6313E-04 -8.0848E-04  6.9058E+05  1.8973E+05 -6.3700E+02  0.0000E+00 -2.0000E-03   1   5
 -1.2359E-03 -8.2873E-04 -8.4456E-04  8.9350E+05 -5.9846E+05  3.5362E+02  0.0000E+00 -2.0000E-03   1   5
  3.7016E-04 -1.8904E-04  1.3577E-03 -2.6596E+05 -1.3640E+05  1.8650E+02  0.0000E+00 -2.0000E-03   1   5
 -4.7376E-04 -5.5222E-04 -6.7097E-04  3.4261E+05 -3.9894E+05  1.9586E+03  0.0000E+00 -2.0000E-03   1   5
  9.8094E-04 -6.6177E-04 -3.0353E-04 -7.0761E+05 -4.7827E+05  1.5358E+03  0.0000E+00 -2.0000E-03   1   5
  7.8524E-05 -6.7064E-04 -9.2775E-05 -5.6025E+04 -4.8570E+05  5.1500E+01  0.0000E+00 -2.0000E-03   1   5
  4.1092E-04 -3.0630E-04 -3.1741E-04 -2.9647E+05 -2.2227E+05  1.3820E+03  0.0000E+00 -2.0000E-03   1   5
 -9.6724E-04 -6.6555E-05 -1.2147E-03  6.9941E+05 -4.8099E+04  9.7275E+02  0.0000E+00 -2.0000E-03   1   5
  3.2587E-05 -9.0534E-04  2.0359E-05 -2.4281E+04 -6.5495E+05  1.6192E+03  0.0000E+00 -2.0000E-03   1   5
 -5.7426E-04 -4.5393E-04  1.9181E-04  4.1458E+05 -3.2850E+05  1.6765E+03  0.0000E+00 -2.0000E-03   1   5
  4.3844E-04 -1.1100E-03 -7.8921E-04 -3.1699E+05 -8.0277E+05 -1.3419E+03  0.0000E+00 -2.0000E-03   1   5
  1.2011E-03  1.6880E-04  1.7130E-03 -8.6873E+05  1.2150E+05 -1.6376E+03  0.0000E+00 -2.0000E-03   1   5
 -4.8601E-04 -1.5059E-06 -6.1081E-04  3.5107E+05 -8.4295E+02 -1.9654E+03  0.0000E+00 -2.0000E-03   1   5
  8.9925E-04  7.6459E-04  7.5740E-04 -6.5033E+05  5.5351E+05  2.9694E+03  0.0000E+00 -2.0000E-03   1   5
 -2.5707E-04  1.4393E-03 -1.9846E-03  1.8564E+05  1.0412E+06  3.2888E+03  0.0000E+00 -2.0000E-03   1   5
  4.4575E-04  8.1469E-05  1.2461E-03 -3.2205E+05  5.8472E+04 -1.8629E+03  0.0000E+00 -2.0000E-03   1   5
 -3.8414E-04  5.4571E-04 -6.5810E-04  2.7779E+05  3.9400E+05  3.5439E+03  0.0000E+00 -2.0000E-03   1   5
 -1.0664E-03 -5.9538E-04 -1.4187E-03  7.7112E+05 -4.2903E+05 -1.4548E+03  0.0000E+00 -2.0000E-03   1   5
  1.5218E-03  8.8578E-04  1.5755E-05 -1.1007E+06  6.4047E+05 -3.2321E+03  0.0000E+00 -2.0000E-03   1   5
  7.6500E-04  5.2986E-05 -2.0382E-04 -5.5366E+05  3.7887E+04 -9.7875E+02  0.0000E+00 -2.0000E-03   1   5
 -3.4555E-04 -8.3085E-04 -6.0352E-04  2.5013E+05 -6.0015E+05  2.0518E+03  0.0000E+00 -2.0000E-03   1   5
  8.5109E-04 -3.8246E-04 -8.8734E-04 -6.1538E+05 -2.7825E+05 -3.2724E+03  0.0000E+00 -2.0000E-03   1   5
 -1.8429E-04 -9.2509E-04 -4.2953E-04  1.3196E+05 -6.6891E+05 -1.3400E+03  0.0000E+00 -2.0000E-03   1   5
  2.4870E-04 -3.2174E-04  1.7530E-03 -1.8048E+05 -2.3240E+05 -9.2112E+02  0.0000E+00 -2.0000E-03   1   5
  6.7338E-04 -5.4131E-04  1.4131E-03 -4.8656E+05 -3.9120E+05 -1.9340E+03  0.0000E+00 -2.0000E-03   1   5
  1.2421E-03  1.4338E-03  7.5529E-04 -8.9842E+05  1.0365E+06 -1.9496E+03  0.0000E+00 -2.0000E-03   1   5
 -4.7012E-04 -1.2051E-03 -1.3643E-03  3.3978E+05 -8.7192E+05  1.3120E+03  0.0000E+00 -2.0000E-03   1   5
 -3.2223E-04 -5.6167E-04 -4.9433E-04  2.3290E+05 -4.0507E+05  2.9250E+02  0.0000E+00 -2.0000E-03   1   5
 -1.0930E-03 -1.1934E-04 -3.6098E-04  7.9144E+05 -8.6914E+04 -4.8725E+02  0.0000E+00 -2.0000E-03   1   5
 -6.9064E-04 -1.0953E-03  4.2137E-04  4.9981E+05 -7.9112E+05 -1.6712E+02  0.0000E+00 -2.0000E-03   1   5
 -9.4410E-04  2.8232E-04  9.8153E-04  6.8306E+05  2.0338E+05 -2.1888E+02  0.0000E+00 -2.0000E-03   1   5
  1.8896E-04  3.1284E-05 -1.3380E-03 -1.3726E+05  2.3084E+04 -2.8516E+03  0.0000E+00 -2.0000E-03   1   5
  6.2594E-04 -1.2472E-03 -1.2138E-03 -4.5215E+05 -9.0217E+05  1.6672E+03  0.0000E+00 -2.0000E-03   1   5
  6.8684E-06  1.3984E-03 -6.0324E-04 -5.6869E+03  1.0116E+06  2.7438E+02  0.0000E+00 -2.0000E-03   1   5
  1.6078E-03  1.3326E-03  1.0809E-04 -1.1626E+06  9.6423E+05  3.2500E+00  0.0000E+00 -2.0000E-03   1   5
  1.8192E-03  1.9898E-04  6.8330E-04 -1.3153E+06  1.4384E+05 -3.2600E+02  0.0000E+00 -2.0000E-03   1   5
  1.6382E-04  1.5561E-04  1.0093E-03 -1.1891E+05  1.1306E+05 -1.2471E+03  0.0000E+00 -2.0000E-03   1   5
 -1.4472E-03 -1.2924E-04 -1.1500E-03  1.0467E+06 -9.3614E+04 -1.3420E+03  0.0000E+00 -2.0000E-03   1   5
 -3.0486E-04 -4.1016E-04  4.5857E-04  2.1961E+05 -2.9732E+05  1.2434E+03  0.0000E+00 -2.0000E-03   1   5
  1.0205E-03  5.9816E-04 -1.5626E-03 -7.3875E+05  4.3341E+05  2.1050E+02  0.0000E+00 -2.0000E-03   1   5
  1.5688E-03  6.5872E-05  1.8581E-04 -1.1345E+06  4.6497E+04  3.0900E+02  0.0000E+00 -2.0000E-03   1   5
  2.4713E-04  7.2159E-06  3.5538E-04 -1.7859E+05  4.9639E+03 -6.1500E+02  0.0000E+00 -2.0000E-03   1   5
 -7.1068E-04  1.4370E-03 -1.1505E-03  5.1332E+05  1.0384E+06  1.6774E+03  0.0000E+00 -2.0000E-03   1   5
 -1.0025E-04 -2.0152E-04 -4.1080E-04  7.3324E+04 -1.4497E+05 -3.1988E+02  0.0000E+00 -2.0000E-03   1   5
 -4.4929E-04 -3.4751E-05  3.5996E-05  3.2520E+05 -2.3943E+04 -3.6125E+01  0.0000E+00 -2.0000E-03   1   5
 -6.0299E-04 -4.2165E-04 -5.4441E-04  4.3567E+05 -3.0513E+05  9.8412E+02  0.0000E+00 -2.0000E-03   1   5
  1.1491E-03 -1.3377E-04  9.9891E-04 -8.3124E+05 -9.7324E+04  1.4026E+03  0.0000E+00 -2.0000E-03   1   5
 -7.9327E-04  6.8362E-04 -1.2586E-04  5.7401E+05  4.9417E+05 -1.1302E+03  0.0000E+00 -2.0000E-03   1   5
  3.1710E-04  3.2088E-04 -1.5074E-03 -2.2849E+05  2.3219E+05  9.0875E+01  0.0000E+00 -2.0000E-03   1   5
  4.7406E-04  7.0655E-05 -1.1117E-03 -3.4286E+05  5.2079E+04  1.7022E+03  0.0000E+00 -2.0000E-03   1   5
 -5.9849E-04 -4.0552E-04 -2.5573E-04  4.3301E+05 -2.9456E+05  8.6775E+02  0.0000E+00 -2.0000E-03   1   5
  4.0834E-04 -1.3005E-03 -6.1987E-04 -2.9490E+05 -9.4032E+05 -3.6955E+03  0.0000E+00 -2.0000E-03   1   5
  5.1404E-04 -6.5145E-04 -4.7539E-04 -3.7222E+05 -4.7120E+05 -9.0875E+01  0.0000E+00 -2.0000E-03   1   5
 -5.5635E-05  7.7915E-04 -9.5306E-04  4.0291E+04  5.6374E+05 -1.0612E+03  0.0000E+00 -2.0000E-03   1   5
 -1.3392E-03  1.4102E-03  1.9984E-04  9.6793E+05  1.0195E+06  1.2594E+03  0.0000E+00 -2.0000E-03   1   5
 -2.2857E-04  6.1116E-04 -1.8749E-04  1.6607E+05  4.4081E+05  1.8702E+03  0.0000E+00 -2.0000E-03   1   5
  3.9441E-05  9.6874E-04  9.0308E-04 -2.8580E+04  7.0073E+05 -9.9188E+02  0.0000E+00 -2.0000E-03   1   5
 -3.5966E-04  1.0808E-03  3.4173E-04  2.6047E+05  7.8164E+05  1.9489E+03  0.0000E+00 -2.0000E-03   1   5
 -8.4192E-04  5.2492E-04 -3.5014E-04  6.0937E+05  3.7982E+05  6.9712E+02  0.0000E+00 -2.0000E-03   1   5
 -3.5842E-04  5.6874E-04  1.2433E-03  2.5971E+05  4.1110E+05 -3.8462E+02  0.0000E+00 -2.0000E-03   1   5
  7.8705E-04 -1.0048E-03  8.9208E-04 -5.7001E+05 -7.2774E+05  1.8725E+02  0.0000E+00 -2.0000E-03   1   5
 -1.2266E-03  5.6596E-04 -1.2701E-03  8.8763E+05  4.1007E+05 -3.8212E+02  0.0000E+00 -2.0000E-03   1   5
 -6.0081E-05 -5.3927E-04 -2.1012E-04  4.3513E+04 -3.8982E+05 -4.0362E+02  0.0000E+00 -2.0000E-03   1   5
 -1.2271E-03  1.4072E-04  7.8458E-04  8.8633E+05  1.0061E+05  1.7791E+03  0.0000E+00 -2.0000E-03   1   5
  3.9745E-04 -2.9105E-04 -1.8441E-04 -2.8761E+05 -2.1030E+05 -2.4525E+02  0.0000E+00 -2.0000E-03   1   5
 -4.3232E-04 -6.9107E-04  5.8550E-04  3.1299E+05 -4.9970E+05  2.4281E+03  0.0000E+00 -2.0000E-03   1   5
 -6.5489E-04  2.2069E-04  1.7790E-04  4.7285E+05  1.6022E+05 -9.3912E+02  0.0000E+00 -2.0000E-03   1   5
 -2.7567E-04 -1.0005E-03 -2.0972E-04  1.9991E+05 -7.2236E+05 -3.4000E+02  0.0000E+00 -2.0000E-03   1   5
 -7.7023E-04 -5.6094E-04 -1.2263E-03  5.5683E+05 -4.0641E+05  5.9875E+01  0.0000E+00 -2.0000E-03   1   5
 -5.3211E-04  7.0030E-04  7.7326E-04  3.8559E+05  5.0741E+05 -6.4125E+02  0.0000E+00 -2.0000E-03   1   5
  7.4965E-04 -4.9167E-04 -1.4425E-03 -5.4311E+05 -3.5538E+05 -7.6112E+02  0.0000E+00 -2.0000E-03   1   5
 -2.6399E-04 -1.2528E-03  1.2333E-04  1.9020E+05 -9.0645E+05 -1.3842E+03  0.0000E+00 -2.0000E-03   1   5
 -1.3020E-03 -6.2870E-04 -5.5443E-04  9.4075E+05 -4.5454E+05  3.3475E+02  0.0000E+00 -2.0000E-03   1   5
 -7.5198E-05 -7.1520E-04 -1.6303E-03  5.4986E+04 -5.1791E+05 -1.6796E+03  0.0000E+00 -2.0000E-03   1   5
 -1.0210E-03  8.5038E-04  6.0837E-04  7.3856E+05  6.1523E+05 -1.4410E+03  0.0000E+00 -2.0000E-03   1   5
 -1.1457E-03 -1.5785E-03  8.5637E-04  8.2814E+05 -1.1412E+06 -2.3338E+02  0.0000E+00 -2.0000E-03   1   5
  7.7045E-04  1.9272E-04  7.9275E-04 -5.5728E+05  1.3968E+05 -2.2796E+03  0.0000E+00 -2.0000E-03   1   5
 -6.7649E-04 -1.2038E-03  8.7589E-04  4.8957E+05 -8.7084E+05 -1.7738E+02  0.0000E+00 -2.0000E-03   1   5
  9.8693E-04  1.0287E-03 -2.6405E-04 -7.1412E+05  7.4311E+05  8.9875E+01  0.0000E+00 -2.0000E-03   1   5
  1.9411E-03  8.2133E-04 -1.7715E-05 -1.4035E+06  5.9555E+05  1.6684E+03  0.0000E+00 -2.0000E-03   1   5
 -3.0111E-04 -1.5136E-03  1.6920E-03  2.1710E+05 -1.0945E+06 -1.3372E+03  0.0000E+00 -2.0000E-03   1   5
  6.1986E-04 -3.5803E-05 -6.2618E-04 -4.4827E+05 -2.6426E+04 -5.3838E+02  0.0000E+00 -2.0000E-03   1   5
  6.3062E-04  1.0984E-03 -1.1876E-03 -4.5546E+05  7.9425E+05  3.4788E+02  0.0000E+00 -2.0000E-03   1   5
  2.7836E-04 -1.0920E-03  4.7289E-04 -2.0004E+05 -7.8977E+05 -8.8062E+02  0.0000E+00 -2.0000E-03   1   5
  8.4976E-04 -3.2081E-04 -3.1665E-04 -6.1394E+05 -2.3113E+05 -2.3270E+03  0.0000E+00 -2.0000E-03   1   5
  4.3779E-04 -1.7178E-04 -7.7275E-05 -3.1765E+05 -1.2424E+05 -1.5920E+03  0.0000E+00 -2.0000E-03   1   5
  4.1120E-04  1.2799E-03  3.8676E-04 -2.9755E+05  9.2519E+05  1.4430E+03  0.0000E+00 -2.0000E-03   1   5
 -2.4933E-04 -4.1235E-04  6.4064E-06  1.8119E+05 -2.9704E+05 -1.5704E+03  0.0000E+00 -2.0000E-03   1   5
  1.2434E-04  8.4453E-04  2.3652E-05 -9.0531E+04  6.0950E+05 -7.6875E+01  0.0000E+00 -2.0000E-03   1   5
 -4.3208E-04 -7.0602E-04 -1.1933E-03  3.1267E+05 -5.1076E+05 -1.6355E+03  0.0000E+00 -2.0000E-03   1   5
 -1.1058E-04  6.3026E-04  2.3423E-04  8.0170E+04  4.5578E+05  3.8750E+01  0.0000E+00 -2.0000E-03   1   5
  1.2994E-03  6.8057E-04 -3.8356E-04 -9.3907E+05  4.9197E+05  1.1555E+03  0.0000E+00 -2.0000E-03   1   5
  8.3521E-04  9.9742E-04 -7.7088E-04 -6.0459E+05  7.2187E+05 -2.4674E+03  0.0000E+00 -2.0000E-03   1   5
 -6.5484E-04  2.4263E-04 -6.0503E-04  4.7353E+05  1.7570E+05  4.4850E+02  0.0000E+00 -2.0000E-03   1   5
  3.6466E-04  4.8960E-04  6.3806E-04 -2.6467E+05  3.5287E+05  7.7600E+02  0.0000E+00 -2.0000E-03   1   5
 -8.8221E-04 -7.5606E-04  6.4079E-04  6.3737E+05 -5.4723E+05  4.0350E+02  0.0000E+00 -2.0000E-03   1   5
 -3.2251E-04 -4.3611E-04 -5.0170E-04  2.3239E+05 -3.1462E+05  4.6775E+02  0.0000E+00 -2.0000E-03   1   5
 -4.2750E-04 -7.0116E-04  4.7854E-04  3.0937E+05 -5.0671E+05  4.8662E+02  0.0000E+00 -2.0000E-03   1   5
  2.5807E-04 -4.7903E-04  1.0219E-03 -1.8712E+05 -3.4618E+05  1.5652E+03  0.0000E+00 -2.0000E-03   1   5
 -7.7517E-04  4.5044E-05  7.3989E-05  5.5960E+05  3.2459E+04 -4.9638E+02  0.0000E+00 -2.0000E-03   1   5
 -1.7731E-04  2.3971E-03 -1.0451E-03  1.2809E+05  1.7334E+06 -9.9625E+01  0.0000E+00 -2.0000E-03   1   5
  6.3343E-04  5.0201E-04 -6.3605E-05 -4.5817E+05  3.6256E+05  8.9188E+02  0.0000E+00 -2.0000E-03   1   5
  3.3509E-04  1.0262E-03  1.0487E-04 -2.4209E+05  7.4055E+05 -5.1250E+00  0.0000E+00 -2.0000E-03   1   5
 -1.0640E-03 -5.2566E-06  1.6606E-03  7.6973E+05 -3.5394E+03 -7.6012E+02  0.0000E+00 -2.0000E-03   1   5
  1.0597E-03  7.8447E-05  1.9527E-03 -7.6598E+05  5.5591E+04  1.7260E+03  0.0000E+00 -2.0000E-03   1   5
 -5.4278E-05  1.1842E-03 -2.4721E-04  3.9695E+04  8.5637E+05 -9.4488E+02  0.0000E+00 -2.0000E-03   1   5
 -3.2027E-04 -1.9276E-05 -3.1457E-04  2.3233E+05 -1.3632E+04 -2.3325E+03  0.0000E+00 -2.0000E-03   1   5
 -1.5318E-03  3.8899E-04  2.5109E-04  1.1075E+06  2.8102E+05 -8.8712E+02  0.0000E+00 -2.0000E-03   1   5
 -7.2669E-04 -8.6516E-05 -1.0234E-04  5.2686E+05 -6.1604E+04  2.5324E+03  0.0000E+00 -2.0000E-03   1   5
 -8.2838E-04 -7.6909E-05  1.0617E-03  5.9801E+05 -5.6402E+04 -2.9709E+03  0.0000E+00 -2.0000E-03   1   5
 -3.6756E-04  1.3709E-03  3.8592E-04  2.6405E+05  9.9006E+05  4.1100E+02  0.0000E+00 -2.0000E-03   1   5
 -1.3361E-04  1.2534E-04 -1.7664E-03  9.6959E+04  8.9943E+04  1.8079E+03  0.0000E+00 -2.0000E-03   1   5
 -3.9464E-04  6.2049E-04 -8.9911E-04  2.8472E+05  4.4881E+05  1.0900E+03  0.0000E+00 -2.0000E-03   1   5
  3.7415E-04 -6.0470E-04 -1.9179E-03 -2.6843E+05 -4.3693E+05 -1.1369E+03  0.0000E+00 -2.0000E-03   1   5
 -7.1380E-05 -5.3129E-04 -2.4641E-05  5.1596E+04 -3.8471E+05 -1.8375E+01  0.0000E+00 -2.0000E-03   1   5
