  0.0000E+00  0.0000E+00  4.1846E-08  2.0000E-03  9.9916E-01  1.5655E+00 -7.9600E-07
  2.0000E-03  6.6724E-03 -1.3595E-06  2.8259E-03  9.9916E-01  1.5649E+00  7.0615E-01
  4.0000E-03  1.3345E-02 -2.7609E-06  4.4665E-03  9.9916E-01  1.5644E+00  8.9356E-01
  6.0000E-03  2.0017E-02 -4.1622E-06  6.3160E-03  9.9916E-01  1.5640E+00  9.4785E-01
  8.0000E-03  2.6690E-02 -5.5636E-06  8.2348E-03  9.9916E-01  1.5637E+00  9.6932E-01
  1.0000E-02  3.3362E-02 -6.9650E-06  1.0184E-02  9.9916E-01  1.5635E+00  9.7976E-01
  1.2000E-02  4.0035E-02 -8.3663E-06  1.2149E-02  9.9916E-01  1.5634E+00  9.8557E-01
  1.4000E-02  4.6707E-02 -9.7677E-06  1.4122E-02  9.9916E-01  1.5634E+00  9.8912E-01
  1.6000E-02  5.3380E-02 -1.1169E-05  1.6102E-02  9.9916E-01  1.5635E+00  9.9145E-01
  1.8000E-02  6.0052E-02 -1.2570E-05  1.8086E-02  9.9916E-01  1.5637E+00  9.9305E-01
  2.0000E-02  6.6725E-02 -1.3972E-05  2.0072E-02  9.9916E-01  1.5640E+00  9.9420E-01
  2.2000E-02  7.3397E-02 -1.5373E-05  2.2060E-02  9.9916E-01  1.5643E+00  9.9506E-01
  2.4000E-02  8.0070E-02 -1.6775E-05  2.4050E-02  9.9916E-01  1.5648E+00  9.9571E-01
  2.6000E-02  8.6742E-02 -1.8176E-05  2.6041E-02  9.9916E-01  1.5654E+00  9.9621E-01
  2.8000E-02  9.3415E-02 -1.9577E-05  2.8033E-02  9.9916E-01  1.5661E+00  9.9662E-01
  3.0000E-02  1.0009E-01 -2.0979E-05  3.0025E-02  9.9916E-01  1.5669E+00  9.9694E-01
  3.2000E-02  1.0676E-01 -2.2380E-05  3.2018E-02  9.9916E-01  1.5677E+00  9.9721E-01
  3.4000E-02  1.1343E-01 -2.3781E-05  3.4012E-02  9.9916E-01  1.5687E+00  9.9743E-01
  3.6000E-02  1.2010E-01 -2.5183E-05  3.6006E-02  9.9916E-01  1.5698E+00  9.9761E-01
  3.8000E-02  1.2678E-01 -2.6584E-05  3.8000E-02  9.9916E-01  1.5710E+00  9.9777E-01
  4.0000E-02  1.3345E-01 -2.7985E-05  3.9995E-02  9.9916E-01  1.5722E+00  9.9790E-01
  4.2000E-02  1.4012E-01 -2.9387E-05  4.1990E-02  9.9916E-01  1.5736E+00  9.9802E-01
  4.4000E-02  1.4679E-01 -3.0788E-05  4.3985E-02  9.9916E-01  1.5751E+00  9.9812E-01
  4.6000E-02  1.5347E-01 -3.2190E-05  4.5980E-02  9.9916E-01  1.5766E+00  9.9821E-01
  4.8000E-02  1.6014E-01 -3.3591E-05  4.7976E-02  9.9916E-01  1.5783E+00  9.9828E-01
  5.0000E-02  1.6681E-01 -3.4992E-05  4.9971E-02  9.9916E-01  1.5801E+00  9.9835E-01
  5.2000E-02  1.7348E-01 -3.6394E-05  5.1967E-02  9.9916E-01  1.5819E+00  9.9841E-01
  5.4000E-02  1.8016E-01 -3.7795E-05  5.3963E-02  9.9916E-01  1.5839E+00  9.9846E-01
  5.6000E-02  1.8683E-01 -3.9196E-05  5.5959E-02  9.9916E-01  1.5859E+00  9.9851E-01
  5.8000E-02  1.9350E-01 -4.0598E-05  5.7955E-02  9.9916E-01  1.5880E+00  9.9855E-01
  6.0000E-02  2.0017E-01 -4.1999E-05  5.9951E-02  9.9916E-01  1.5903E+00  9.9859E-01
  6.2000E-02  2.0685E-01 -4.3401E-05  6.1947E-02  9.9916E-01  1.5926E+00  9.9863E-01
  6.4000E-02  2.1352E-01 -4.4802E-05  6.3943E-02  9.9916E-01  1.5950E+00  9.9866E-01
  6.6000E-02  2.2019E-01 -4.6203E-05  6.5940E-02  9.9916E-01  1.5975E+00  9.9869E-01
  6.8000E-02  2.2686E-01 -4.7605E-05  6.7936E-02  9.9916E-01  1.6002E+00  9.9871E-01
  7.0000E-02  2.3354E-01 -4.9006E-05  6.9933E-02  9.9916E-01  1.6029E+00  9.9874E-01
  7.2000E-02  2.4021E-01 -5.0407E-05  7.1929E-02  9.9916E-01  1.6056E+00  9.9876E-01
  7.4000E-02  2.4688E-01 -5.1809E-05  7.3926E-02  9.9916E-01  1.6085E+00  9.9878E-01
  7.6000E-02  2.5355E-01 -5.3210E-05  7.5922E-02  9.9916E-01  1.6115E+00  9.9880E-01
  7.8000E-02  2.6023E-01 -5.4611E-05  7.7919E-02  9.9916E-01  1.6146E+00  9.9881E-01
  8.0000E-02  2.6690E-01 -5.6013E-05  7.9915E-02  9.9916E-01  1.6177E+00  9.9883E-01
  8.2000E-02  2.7357E-01 -5.7414E-05  8.1912E-02  9.9916E-01  1.6210E+00  9.9885E-01
  8.4000E-02  2.8024E-01 -5.8816E-05  8.3909E-02  9.9916E-01  1.6243E+00  9.9886E-01
  8.6000E-02  2.8692E-01 -6.0217E-05  8.5906E-02  9.9916E-01  1.6277E+00  9.9887E-01
  8.8000E-02  2.9359E-01 -6.1618E-05  8.7902E-02  9.9916E-01  1.6312E+00  9.9888E-01
  9.0000E-02  3.0026E-01 -6.3020E-05  8.9899E-02  9.9916E-01  1.6348E+00  9.9890E-01
  9.2000E-02  3.0693E-01 -6.4421E-05  9.1896E-02  9.9916E-01  1.6385E+00  9.9891E-01
  9.4000E-02  3.1361E-01 -6.5822E-05  9.3893E-02  9.9916E-01  1.6423E+00  9.9892E-01
  9.6000E-02  3.2028E-01 -6.7224E-05  9.5889E-02  9.9916E-01  1.6461E+00  9.9892E-01
  9.8000E-02  3.2695E-01 -6.8625E-05  9.7886E-02  9.9916E-01  1.6501E+00  9.9893E-01
  1.0000E-01  3.3362E-01 -7.0026E-05  9.9883E-02  9.9916E-01  1.6541E+00  9.9894E-01
  1.0200E-01  3.4030E-01 -7.1428E-05  1.0188E-01  9.9916E-01  1.6582E+00  9.9895E-01
  1.0400E-01  3.4697E-01 -7.2829E-05  1.0388E-01  9.9916E-01  1.6624E+00  9.9896E-01
  1.0600E-01  3.5364E-01 -7.4231E-05  1.0587E-01  9.9916E-01  1.6667E+00  9.9896E-01
  1.0800E-01  3.6031E-01 -7.5632E-05  1.0787E-01  9.9916E-01  1.6710E+00  9.9897E-01
  1.1000E-01  3.6699E-01 -7.7033E-05  1.0987E-01  9.9916E-01  1.6755E+00  9.9898E-01
  1.1200E-01  3.7366E-01 -7.8435E-05  1.1186E-01  9.9916E-01  1.6800E+00  9.9898E-01
  1.1400E-01  3.8033E-01 -7.9836E-05  1.1386E-01  9.9916E-01  1.6846E+00  9.9899E-01
  1.1600E-01  3.8700E-01 -8.1237E-05  1.1586E-01  9.9916E-01  1.6893E+00  9.9899E-01
  1.1800E-01  3.9368E-01 -8.2639E-05  1.1786E-01  9.9916E-01  1.6940E+00  9.9900E-01
  1.2000E-01  4.0035E-01 -8.4040E-05  1.1985E-01  9.9916E-01  1.6989E+00  9.9900E-01
  1.2200E-01  4.0702E-01 -8.5442E-05  1.2185E-01  9.9916E-01  1.7038E+00  9.9901E-01
  1.2400E-01  4.1369E-01 -8.6843E-05  1.2385E-01  9.9916E-01  1.7088E+00  9.9901E-01
  1.2600E-01  4.2037E-01 -8.8244E-05  1.2584E-01  9.9916E-01  1.7138E+00  9.9901E-01
  1.2800E-01  4.2704E-01 -8.9646E-05  1.2784E-01  9.9916E-01  1.7190E+00  9.9902E-01
  1.3000E-01  4.3371E-01 -9.1047E-05  1.2984E-01  9.9916E-01  1.7242E+00  9.9902E-01
  1.3200E-01  4.4038E-01 -9.2448E-05  1.3183E-01  9.9916E-01  1.7295E+00  9.9902E-01
  1.3400E-01  4.4706E-01 -9.3850E-05  1.3383E-01  9.9916E-01  1.7348E+00  9.9903E-01
  1.3600E-01  4.5373E-01 -9.5251E-05  1.3583E-01  9.9916E-01  1.7403E+00  9.9903E-01
  1.3800E-01  4.6040E-01 -9.6652E-05  1.3783E-01  9.9916E-01  1.7458E+00  9.9903E-01
  1.4000E-01  4.6707E-01 -9.8054E-05  1.3982E-01  9.9916E-01  1.7514E+00  9.9904E-01
  1.4200E-01  4.7375E-01 -9.9455E-05  1.4182E-01  9.9916E-01  1.7570E+00  9.9904E-01
  1.4400E-01  4.8042E-01 -1.0086E-04  1.4382E-01  9.9916E-01  1.7627E+00  9.9904E-01
  1.4600E-01  4.8709E-01 -1.0226E-04  1.4581E-01  9.9916E-01  1.7685E+00  9.9905E-01
  1.4800E-01  4.9376E-01 -1.0366E-04  1.4781E-01  9.9916E-01  1.7744E+00  9.9905E-01
  1.5000E-01  5.0044E-01 -1.0506E-04  1.4981E-01  9.9916E-01  1.7803E+00  9.9905E-01
  1.5200E-01  5.0711E-01 -1.0646E-04  1.5181E-01  9.9916E-01  1.7863E+00  9.9905E-01
  1.5400E-01  5.1378E-01 -1.0786E-04  1.5380E-01  9.9916E-01  1.7923E+00  9.9905E-01
  1.5600E-01  5.2045E-01 -1.0926E-04  1.5580E-01  9.9916E-01  1.7985E+00  9.9906E-01
  1.5800E-01  5.2713E-01 -1.1067E-04  1.5780E-01  9.9916E-01  1.8046E+00  9.9906E-01
  1.6000E-01  5.3380E-01 -1.1207E-04  1.5979E-01  9.9916E-01  1.8109E+00  9.9906E-01
  1.6200E-01  5.4047E-01 -1.1347E-04  1.6179E-01  9.9916E-01  1.8172E+00  9.9906E-01
  1.6400E-01  5.4714E-01 -1.1487E-04  1.6379E-01  9.9916E-01  1.8236E+00  9.9906E-01
  1.6600E-01  5.5382E-01 -1.1627E-04  1.6579E-01  9.9916E-01  1.8300E+00  9.9907E-01
  1.6800E-01  5.6049E-01 -1.1767E-04  1.6778E-01  9.9916E-01  1.8365E+00  9.9907E-01
  1.7000E-01  5.6716E-01 -1.1907E-04  1.6978E-01  9.9916E-01  1.8431E+00  9.9907E-01
  1.7200E-01  5.7383E-01 -1.2048E-04  1.7178E-01  9.9916E-01  1.8497E+00  9.9907E-01
  1.7400E-01  5.8051E-01 -1.2188E-04  1.7377E-01  9.9916E-01  1.8564E+00  9.9907E-01
  1.7600E-01  5.8718E-01 -1.2328E-04  1.7577E-01  9.9916E-01  1.8631E+00  9.9907E-01
  1.7800E-01  5.9385E-01 -1.2468E-04  1.7777E-01  9.9916E-01  1.8700E+00  9.9907E-01
  1.8000E-01  6.0052E-01 -1.2608E-04  1.7977E-01  9.9916E-01  1.8768E+00  9.9908E-01
  1.8200E-01  6.0720E-01 -1.2748E-04  1.8176E-01  9.9916E-01  1.8837E+00  9.9908E-01
  1.8400E-01  6.1387E-01 -1.2888E-04  1.8376E-01  9.9916E-01  1.8907E+00  9.9908E-01
  1.8600E-01  6.2054E-01 -1.3029E-04  1.8576E-01  9.9916E-01  1.8977E+00  9.9908E-01
  1.8800E-01  6.2721E-01 -1.3169E-04  1.8775E-01  9.9916E-01  1.9048E+00  9.9908E-01
  1.9000E-01  6.3389E-01 -1.3309E-04  1.8975E-01  9.9916E-01  1.9120E+00  9.9908E-01
  1.9200E-01  6.4056E-01 -1.3449E-04  1.9175E-01  9.9916E-01  1.9192E+00  9.9908E-01
  1.9400E-01  6.4723E-01 -1.3589E-04  1.9375E-01  1.0005E+00  1.9271E+00  1.0004E+00
  1.9600E-01  6.5390E-01 -1.3730E-04  1.9575E-01  1.0035E+00  1.9362E+00  1.0035E+00
  1.9800E-01  6.6058E-01 -1.3873E-04  1.9776E-01  1.0101E+00  1.9494E+00  1.0100E+00
  2.0000E-01  6.6725E-01 -1.4021E-04  1.9979E-01  1.0239E+00  1.9743E+00  1.0238E+00
  2.0200E-01  6.7384E-01 -6.6408E-03  1.9932E-01  1.0407E+00  1.9073E+00  1.0407E+00
  2.0400E-01  6.8050E-01 -7.2787E-03  2.0117E-01  1.0853E+00  1.9191E+00  1.0852E+00
  2.0600E-01  6.8717E-01 -7.6940E-03  2.0399E-01  1.1489E+00  1.9363E+00  1.1489E+00
  2.0800E-01  6.9384E-01 -7.8966E-03  2.0651E-01  1.2155E+00  1.9485E+00  1.2155E+00
  2.1000E-01  7.0051E-01 -7.5301E-03  2.0978E-01  1.2891E+00  1.9690E+00  1.2890E+00
  2.1200E-01  7.0718E-01 -7.4017E-03  2.1273E-01  1.3620E+00  1.9914E+00  1.3620E+00
  2.1400E-01  7.1386E-01 -7.5794E-03  2.1545E-01  1.4344E+00  2.0062E+00  1.4344E+00
  2.1600E-01  7.2053E-01 -7.5063E-03  2.1823E-01  1.5070E+00  2.0168E+00  1.5070E+00
  2.1800E-01  7.2720E-01 -8.2422E-03  2.2081E-01  1.5774E+00  2.0349E+00  1.5773E+00
  2.2000E-01  7.3387E-01 -8.3779E-03  2.2423E-01  1.6535E+00  2.0600E+00  1.6534E+00
  2.2200E-01  7.4054E-01 -8.5044E-03  2.2761E-01  1.7288E+00  2.0841E+00  1.7288E+00
  2.2400E-01  7.4721E-01 -9.6731E-03  2.2997E-01  1.7957E+00  2.0970E+00  1.7957E+00
  2.2600E-01  7.5388E-01 -9.3844E-03  2.3368E-01  1.8724E+00  2.1282E+00  1.8723E+00
  2.2800E-01  7.6055E-01 -9.5380E-03  2.3750E-01  1.9500E+00  2.1606E+00  1.9500E+00
  2.3000E-01  7.6723E-01 -9.6979E-03  2.4147E-01  2.0287E+00  2.1963E+00  2.0287E+00
  2.3200E-01  7.7390E-01 -9.8641E-03  2.4561E-01  2.1071E+00  2.2355E+00  2.1071E+00
  2.3400E-01  7.8057E-01 -1.0036E-02  2.4989E-01  2.1818E+00  2.2783E+00  2.1818E+00
  2.3600E-01  7.8724E-01 -1.0215E-02  2.5432E-01  2.2466E+00  2.3245E+00  2.2465E+00
  2.3800E-01  7.9391E-01 -1.0397E-02  2.5886E-01  2.2887E+00  2.3738E+00  2.2886E+00
  2.4000E-01  8.0058E-01 -1.0582E-02  2.6346E-01  2.3117E+00  2.4253E+00  2.3117E+00
  2.4200E-01  8.0725E-01 -1.0768E-02  2.6809E-01  2.3208E+00  2.4784E+00  2.3207E+00
  2.4400E-01  8.1392E-01 -1.0955E-02  2.7274E-01  2.3252E+00  2.5325E+00  2.3252E+00
  2.4600E-01  8.2060E-01 -1.1142E-02  2.7739E-01  2.3274E+00  2.5874E+00  2.3274E+00
  2.4800E-01  8.2727E-01 -1.1329E-02  2.8204E-01  2.3278E+00  2.6429E+00  2.3278E+00
  2.5000E-01  8.3394E-01 -1.1516E-02  2.8669E-01  2.3278E+00  2.6990E+00  2.3278E+00
  2.5200E-01  8.4061E-01 -1.1703E-02  2.9134E-01  2.3278E+00  2.7557E+00  2.3278E+00
  2.5400E-01  8.4728E-01 -1.1890E-02  2.9600E-01  2.3278E+00  2.8130E+00  2.3278E+00
  2.5600E-01  8.5395E-01 -1.2077E-02  3.0065E-01  2.3278E+00  2.8707E+00  2.3278E+00
  2.5800E-01  8.6062E-01 -1.2264E-02  3.0530E-01  2.3278E+00  2.9288E+00  2.3278E+00
  2.6000E-01  8.6730E-01 -1.2451E-02  3.0996E-01  2.3278E+00  2.9874E+00  2.3278E+00
  2.6200E-01  8.7397E-01 -1.2638E-02  3.1461E-01  2.3278E+00  3.0464E+00  2.3278E+00
  2.6400E-01  8.8064E-01 -1.2825E-02  3.1926E-01  2.3278E+00  3.1058E+00  2.3278E+00
  2.6600E-01  8.8731E-01 -1.3013E-02  3.2392E-01  2.3278E+00  3.1656E+00  2.3278E+00
  2.6800E-01  8.9398E-01 -1.3200E-02  3.2857E-01  2.3278E+00  3.2257E+00  2.3278E+00
  2.7000E-01  9.0065E-01 -1.3387E-02  3.3322E-01  2.3278E+00  3.2861E+00  2.3278E+00
  2.7200E-01  9.0732E-01 -1.3574E-02  3.3787E-01  2.3278E+00  3.3468E+00  2.3278E+00
  2.7400E-01  9.1399E-01 -1.3761E-02  3.4253E-01  2.3278E+00  3.4078E+00  2.3278E+00
  2.7600E-01  9.2067E-01 -1.3948E-02  3.4718E-01  2.3278E+00  3.4691E+00  2.3278E+00
  2.7800E-01  9.2734E-01 -1.4135E-02  3.5183E-01  2.3278E+00  3.5307E+00  2.3278E+00
  2.8000E-01  9.3401E-01 -1.4322E-02  3.5649E-01  2.3278E+00  3.5925E+00  2.3278E+00
  2.8200E-01  9.4068E-01 -1.4509E-02  3.6114E-01  2.3278E+00  3.6545E+00  2.3278E+00
  2.8400E-01  9.4735E-01 -1.4696E-02  3.6579E-01  2.3278E+00  3.7167E+00  2.3278E+00
  2.8600E-01  9.5402E-01 -1.4883E-02  3.7045E-01  2.3278E+00  3.7792E+00  2.3278E+00
  2.8800E-01  9.6069E-01 -1.5070E-02  3.7510E-01  2.3278E+00  3.8419E+00  2.3278E+00
  2.9000E-01  9.6737E-01 -1.5257E-02  3.7975E-01  2.3278E+00  3.9047E+00  2.3278E+00
  2.9200E-01  9.7404E-01 -1.5444E-02  3.8440E-01  2.3278E+00  3.9678E+00  2.3278E+00
  2.9400E-01  9.8071E-01 -1.5632E-02  3.8906E-01  2.3278E+00  4.0310E+00  2.3278E+00
  2.9600E-01  9.8738E-01 -1.5819E-02  3.9371E-01  2.3278E+00  4.0944E+00  2.3278E+00
  2.9800E-01  9.9405E-01 -1.6006E-02  3.9836E-01  2.3278E+00  4.1579E+00  2.3278E+00
  3.0000E-01  1.0007E+00 -1.6193E-02  4.0302E-01  2.3278E+00  4.2216E+00  2.3278E+00
  3.0200E-01  1.0074E+00 -1.6380E-02  4.0767E-01  2.3278E+00  4.2854E+00  2.3278E+00
  3.0400E-01  1.0141E+00 -1.6567E-02  4.1232E-01  2.3278E+00  4.3494E+00  2.3278E+00
  3.0600E-01  1.0207E+00 -1.6754E-02  4.1698E-01  2.3278E+00  4.4135E+00  2.3278E+00
  3.0800E-01  1.0274E+00 -1.6941E-02  4.2163E-01  2.3278E+00  4.4777E+00  2.3278E+00
  3.1000E-01  1.0341E+00 -1.7128E-02  4.2628E-01  2.3278E+00  4.5421E+00  2.3278E+00
  3.1200E-01  1.0407E+00 -1.7315E-02  4.3094E-01  2.3278E+00  4.6066E+00  2.3278E+00
  3.1400E-01  1.0474E+00 -1.7502E-02  4.3559E-01  2.3278E+00  4.6712E+00  2.3278E+00
  3.1600E-01  1.0541E+00 -1.7689E-02  4.4024E-01  2.3278E+00  4.7358E+00  2.3278E+00
  3.1800E-01  1.0608E+00 -1.7876E-02  4.4489E-01  2.3278E+00  4.8006E+00  2.3278E+00
  3.2000E-01  1.0674E+00 -1.8063E-02  4.4955E-01  2.3278E+00  4.8655E+00  2.3278E+00
  3.2200E-01  1.0741E+00 -1.8251E-02  4.5420E-01  2.3278E+00  4.9305E+00  2.3278E+00
  3.2400E-01  1.0808E+00 -1.8438E-02  4.5885E-01  2.3278E+00  4.9956E+00  2.3278E+00
  3.2600E-01  1.0874E+00 -1.8625E-02  4.6351E-01  2.3278E+00  5.0607E+00  2.3278E+00
  3.2800E-01  1.0941E+00 -1.8812E-02  4.6816E-01  2.3278E+00  5.1260E+00  2.3278E+00
  3.3000E-01  1.1008E+00 -1.8999E-02  4.7281E-01  2.3278E+00  5.1913E+00  2.3278E+00
  3.3200E-01  1.1075E+00 -1.9186E-02  4.7747E-01  2.3278E+00  5.2567E+00  2.3278E+00
  3.3400E-01  1.1141E+00 -1.9373E-02  4.8212E-01  2.3278E+00  5.3222E+00  2.3278E+00
  3.3600E-01  1.1208E+00 -1.9560E-02  4.8677E-01  2.3278E+00  5.3877E+00  2.3278E+00
  3.3800E-01  1.1275E+00 -1.9747E-02  4.9142E-01  2.3278E+00  5.4533E+00  2.3278E+00
  3.4000E-01  1.1341E+00 -1.9934E-02  4.9608E-01  2.3278E+00  5.5190E+00  2.3278E+00
  3.4200E-01  1.1408E+00 -2.0121E-02  5.0073E-01  2.3278E+00  5.5848E+00  2.3278E+00
  3.4400E-01  1.1475E+00 -2.0308E-02  5.0538E-01  2.3278E+00  5.6506E+00  2.3278E+00
  3.4600E-01  1.1542E+00 -2.0495E-02  5.1004E-01  2.3278E+00  5.7165E+00  2.3278E+00
  3.4800E-01  1.1608E+00 -2.0682E-02  5.1469E-01  2.3278E+00  5.7824E+00  2.3278E+00
  3.5000E-01  1.1675E+00 -2.0870E-02  5.1934E-01  2.3278E+00  5.8484E+00  2.3278E+00
  3.5200E-01  1.1742E+00 -2.1057E-02  5.2400E-01  2.3278E+00  5.9144E+00  2.3278E+00
  3.5400E-01  1.1808E+00 -2.1244E-02  5.2865E-01  2.3278E+00  5.9805E+00  2.3278E+00
  3.5600E-01  1.1875E+00 -2.1431E-02  5.3330E-01  2.3278E+00  6.0467E+00  2.3278E+00
  3.5800E-01  1.1942E+00 -2.1618E-02  5.3796E-01  2.3278E+00  6.1129E+00  2.3278E+00
  3.6000E-01  1.2009E+00 -2.1805E-02  5.4261E-01  2.3278E+00  6.1791E+00  2.3278E+00
  3.6200E-01  1.2075E+00 -2.1992E-02  5.4726E-01  2.3278E+00  6.2454E+00  2.3278E+00
  3.6400E-01  1.2142E+00 -2.2179E-02  5.5191E-01  2.3278E+00  6.3117E+00  2.3278E+00
  3.6600E-01  1.2209E+00 -2.2366E-02  5.5657E-01  2.3278E+00  6.3781E+00  2.3278E+00
  3.6800E-01  1.2275E+00 -2.2553E-02  5.6122E-01  2.3278E+00  6.4445E+00  2.3278E+00
  3.7000E-01  1.2342E+00 -2.2740E-02  5.6587E-01  2.3278E+00  6.5110E+00  2.3278E+00
  3.7200E-01  1.2409E+00 -2.2927E-02  5.7053E-01  2.3278E+00  6.5775E+00  2.3278E+00
  3.7400E-01  1.2476E+00 -2.3114E-02  5.7518E-01  2.3278E+00  6.6440E+00  2.3278E+00
  3.7600E-01  1.2542E+00 -2.3301E-02  5.7983E-01  2.3278E+00  6.7106E+00  2.3278E+00
  3.7800E-01  1.2609E+00 -2.3489E-02  5.8449E-01  2.3278E+00  6.7772E+00  2.3278E+00
  3.8000E-01  1.2676E+00 -2.3676E-02  5.8914E-01  2.3278E+00  6.8438E+00  2.3278E+00
  3.8200E-01  1.2742E+00 -2.3863E-02  5.9379E-01  2.3278E+00  6.9105E+00  2.3278E+00
  3.8400E-01  1.2809E+00 -2.4050E-02  5.9845E-01  2.3278E+00  6.9772E+00  2.3278E+00
  3.8600E-01  1.2876E+00 -2.4237E-02  6.0310E-01  2.3278E+00  7.0440E+00  2.3278E+00
  3.8800E-01  1.2943E+00 -2.4424E-02  6.0775E-01  2.3278E+00  7.1107E+00  2.3278E+00
  3.9000E-01  1.3009E+00 -2.4611E-02  6.1240E-01  2.3278E+00  7.1776E+00  2.3278E+00
  3.9200E-01  1.3076E+00 -2.4798E-02  6.1706E-01  2.3278E+00  7.2444E+00  2.3278E+00
  3.9400E-01  1.3143E+00 -2.4985E-02  6.2171E-01  2.3278E+00  7.3112E+00  2.3278E+00
  3.9600E-01  1.3209E+00 -2.5172E-02  6.2636E-01  2.3278E+00  7.3781E+00  2.3278E+00
  3.9800E-01  1.3276E+00 -2.5359E-02  6.3102E-01  2.3278E+00  7.4451E+00  2.3278E+00
  4.0000E-01  1.3343E+00 -2.5546E-02  6.3567E-01  2.3278E+00  7.5120E+00  2.3278E+00
  4.0200E-01  1.3410E+00 -2.5733E-02  6.4032E-01  2.3278E+00  7.5790E+00  2.3278E+00
  4.0400E-01  1.3476E+00 -2.5920E-02  6.4498E-01  2.3278E+00  7.6460E+00  2.3278E+00
  4.0600E-01  1.3543E+00 -2.6108E-02  6.4963E-01  2.3278E+00  7.7130E+00  2.3278E+00
  4.0800E-01  1.3610E+00 -2.6295E-02  6.5428E-01  2.3278E+00  7.7800E+00  2.3278E+00
  4.1000E-01  1.3676E+00 -2.6482E-02  6.5893E-01  2.3278E+00  7.8471E+00  2.3278E+00
  4.1200E-01  1.3743E+00 -2.6669E-02  6.6359E-01  2.3278E+00  7.9142E+00  2.3278E+00
  4.1400E-01  1.3810E+00 -2.6856E-02  6.6824E-01  2.3278E+00  7.9813E+00  2.3278E+00
  4.1600E-01  1.3877E+00 -2.7043E-02  6.7289E-01  2.3278E+00  8.0484E+00  2.3278E+00
  4.1800E-01  1.3943E+00 -2.7230E-02  6.7755E-01  2.3278E+00  8.1156E+00  2.3278E+00
  4.2000E-01  1.4010E+00 -2.7417E-02  6.8220E-01  2.3278E+00  8.1827E+00  2.3278E+00
  4.2200E-01  1.4077E+00 -2.7604E-02  6.8685E-01  2.3278E+00  8.2499E+00  2.3278E+00
  4.2400E-01  1.4143E+00 -2.7791E-02  6.9151E-01  2.3278E+00  8.3171E+00  2.3278E+00
  4.2600E-01  1.4210E+00 -2.7978E-02  6.9616E-01  2.3278E+00  8.3844E+00  2.3278E+00
  4.2800E-01  1.4277E+00 -2.8165E-02  7.0081E-01  2.3278E+00  8.4516E+00  2.3278E+00
  4.3000E-01  1.4344E+00 -2.8352E-02  7.0547E-01  2.3278E+00  8.5189E+00  2.3278E+00
  4.3200E-01  1.4410E+00 -2.8539E-02  7.1012E-01  2.3278E+00  8.5862E+00  2.3278E+00
  4.3400E-01  1.4477E+00 -2.8727E-02  7.1477E-01  2.3278E+00  8.6535E+00  2.3278E+00
  4.3600E-01  1.4544E+00 -2.8914E-02  7.1942E-01  2.3278E+00  8.7208E+00  2.3278E+00
  4.3800E-01  1.4610E+00 -2.9101E-02  7.2408E-01  2.3278E+00  8.7881E+00  2.3278E+00
  4.4000E-01  1.4677E+00 -2.9288E-02  7.2873E-01  2.3278E+00  8.8555E+00  2.3278E+00
  4.4200E-01  1.4744E+00 -2.9475E-02  7.3338E-01  2.3278E+00  8.9228E+00  2.3278E+00
  4.4400E-01  1.4811E+00 -2.9662E-02  7.3804E-01  2.3278E+00  8.9902E+00  2.3278E+00
  4.4600E-01  1.4877E+00 -2.9849E-02  7.4269E-01  2.3278E+00  9.0576E+00  2.3278E+00
  4.4800E-01  1.4944E+00 -3.0036E-02  7.4734E-01  2.3278E+00  9.1250E+00  2.3278E+00
  4.5000E-01  1.5011E+00 -3.0223E-02  7.5200E-01  2.3278E+00  9.1925E+00  2.3278E+00
  4.5200E-01  1.5077E+00 -3.0410E-02  7.5665E-01  2.3278E+00  9.2599E+00  2.3278E+00
  4.5400E-01  1.5144E+00 -3.0597E-02  7.6130E-01  2.3278E+00  9.3274E+00  2.3278E+00
  4.5600E-01  1.5211E+00 -3.0784E-02  7.6596E-01  2.3278E+00  9.3948E+00  2.3278E+00
  4.5800E-01  1.5278E+00 -3.0971E-02  7.7061E-01  2.3278E+00  9.4623E+00  2.3278E+00
  4.6000E-01  1.5344E+00 -3.1158E-02  7.7526E-01  2.3278E+00  9.5298E+00  2.3278E+00
  4.6200E-01  1.5411E+00 -3.1346E-02  7.7991E-01  2.3278E+00  9.5973E+00  2.3278E+00
  4.6400E-01  1.5478E+00 -3.1533E-02  7.8457E-01  2.3278E+00  9.6648E+00  2.3278E+00
  4.6600E-01  1.5544E+00 -3.1720E-02  7.8922E-01  2.3278E+00  9.7323E+00  2.3278E+00
  4.6800E-01  1.5611E+00 -3.1907E-02  7.9387E-01  2.3278E+00  9.7999E+00  2.3278E+00
  4.7000E-01  1.5678E+00 -3.2094E-02  7.9853E-01  2.3278E+00  9.8674E+00  2.3278E+00
  4.7200E-01  1.5745E+00 -3.2281E-02  8.0318E-01  2.3278E+00  9.9350E+00  2.3278E+00
  4.7400E-01  1.5811E+00 -3.2468E-02  8.0783E-01  2.3278E+00  1.0003E+01  2.3278E+00
  4.7600E-01  1.5878E+00 -3.2655E-02  8.1249E-01  2.3278E+00  1.0070E+01  2.3278E+00
  4.7800E-01  1.5945E+00 -3.2842E-02  8.1714E-01  2.3278E+00  1.0138E+01  2.3278E+00
  4.8000E-01  1.6011E+00 -3.3029E-02  8.2179E-01  2.3278E+00  1.0205E+01  2.3278E+00
  4.8200E-01  1.6078E+00 -3.3216E-02  8.2644E-01  2.3278E+00  1.0273E+01  2.3278E+00
  4.8400E-01  1.6145E+00 -3.3403E-02  8.3110E-01  2.3278E+00  1.0341E+01  2.3278E+00
  4.8600E-01  1.6212E+00 -3.3590E-02  8.3575E-01  2.3278E+00  1.0408E+01  2.3278E+00
  4.8800E-01  1.6278E+00 -3.3777E-02  8.4040E-01  2.3278E+00  1.0476E+01  2.3278E+00
  4.9000E-01  1.6345E+00 -3.3965E-02  8.4506E-01  2.3278E+00  1.0544E+01  2.3278E+00
  4.9200E-01  1.6412E+00 -3.4152E-02  8.4971E-01  2.3278E+00  1.0611E+01  2.3278E+00
  4.9400E-01  1.6478E+00 -3.4339E-02  8.5436E-01  2.3278E+00  1.0679E+01  2.3278E+00
  4.9600E-01  1.6545E+00 -3.4526E-02  8.5902E-01  2.3278E+00  1.0747E+01  2.3278E+00
  4.9800E-01  1.6612E+00 -3.4713E-02  8.6367E-01  2.3278E+00  1.0814E+01  2.3278E+00
  5.0000E-01  1.6679E+00 -3.4900E-02  8.6832E-01  2.3278E+00  1.0882E+01  2.3278E+00
  5.0200E-01  1.6745E+00 -3.5087E-02  8.7298E-01  2.3278E+00  1.0950E+01  2.3278E+00
  5.0400E-01  1.6812E+00 -3.5274E-02  8.7763E-01  2.3278E+00  1.1017E+01  2.3278E+00
  5.0600E-01  1.6879E+00 -3.5461E-02  8.8228E-01  2.3278E+00  1.1085E+01  2.3278E+00
  5.0800E-01  1.6945E+00 -3.5648E-02  8.8693E-01  2.3278E+00  1.1153E+01  2.3278E+00
  5.1000E-01  1.7012E+00 -3.5835E-02  8.9159E-01  2.3278E+00  1.1221E+01  2.3278E+00
  5.1200E-01  1.7079E+00 -3.6022E-02  8.9624E-01  2.3278E+00  1.1288E+01  2.3278E+00
  5.1400E-01  1.7146E+00 -3.6209E-02  9.0089E-01  2.3278E+00  1.1356E+01  2.3278E+00
  5.1600E-01  1.7212E+00 -3.6396E-02  9.0555E-01  2.3278E+00  1.1424E+01  2.3278E+00
  5.1800E-01  1.7279E+00 -3.6584E-02  9.1020E-01  2.3278E+00  1.1492E+01  2.3278E+00
  5.2000E-01  1.7346E+00 -3.6771E-02  9.1485E-01  2.3278E+00  1.1559E+01  2.3278E+00
  5.2200E-01  1.7412E+00 -3.6958E-02  9.1951E-01  2.3278E+00  1.1627E+01  2.3278E+00
  5.2400E-01  1.7479E+00 -3.7145E-02  9.2416E-01  2.3278E+00  1.1695E+01  2.3278E+00
  5.2600E-01  1.7546E+00 -3.7332E-02  9.2881E-01  2.3278E+00  1.1763E+01  2.3278E+00
  5.2800E-01  1.7613E+00 -3.7519E-02  9.3347E-01  2.3278E+00  1.1831E+01  2.3278E+00
  5.3000E-01  1.7679E+00 -3.7706E-02  9.3812E-01  2.3278E+00  1.1898E+01  2.3278E+00
  5.3200E-01  1.7746E+00 -3.7893E-02  9.4277E-01  2.3278E+00  1.1966E+01  2.3278E+00
  5.3400E-01  1.7813E+00 -3.8080E-02  9.4742E-01  2.3278E+00  1.2034E+01  2.3278E+00
  5.3600E-01  1.7879E+00 -3.8267E-02  9.5208E-01  2.3278E+00  1.2102E+01  2.3278E+00
  5.3800E-01  1.7946E+00 -3.8454E-02  9.5673E-01  2.3278E+00  1.2170E+01  2.3278E+00
  5.4000E-01  1.8013E+00 -3.8641E-02  9.6138E-01  2.3278E+00  1.2238E+01  2.3278E+00
  5.4200E-01  1.8080E+00 -3.8828E-02  9.6604E-01  2.3278E+00  1.2305E+01  2.3278E+00
  5.4400E-01  1.8146E+00 -3.9015E-02  9.7069E-01  2.3278E+00  1.2373E+01  2.3278E+00
  5.4600E-01  1.8213E+00 -3.9202E-02  9.7534E-01  2.3278E+00  1.2441E+01  2.3278E+00
  5.4800E-01  1.8280E+00 -3.9390E-02  9.8000E-01  2.3278E+00  1.2509E+01  2.3278E+00
  5.5000E-01  1.8346E+00 -3.9577E-02  9.8465E-01  2.3278E+00  1.2577E+01  2.3278E+00
  5.5200E-01  1.8413E+00 -3.9764E-02  9.8930E-01  2.3278E+00  1.2645E+01  2.3278E+00
  5.5400E-01  1.8480E+00 -3.9951E-02  9.9395E-01  2.3278E+00  1.2713E+01  2.3278E+00
  5.5600E-01  1.8547E+00 -4.0138E-02  9.9861E-01  2.3278E+00  1.2781E+01  2.3278E+00
  5.5800E-01  1.8613E+00 -4.0325E-02  1.0033E+00  2.3278E+00  1.2848E+01  2.3278E+00
  5.6000E-01  1.8680E+00 -4.0512E-02  1.0079E+00  2.3278E+00  1.2916E+01  2.3278E+00
  5.6200E-01  1.8747E+00 -4.0699E-02  1.0126E+00  2.3278E+00  1.2984E+01  2.3278E+00
  5.6400E-01  1.8813E+00 -4.0886E-02  1.0172E+00  2.3278E+00  1.3052E+01  2.3278E+00
  5.6600E-01  1.8880E+00 -4.1073E-02  1.0219E+00  2.3278E+00  1.3120E+01  2.3278E+00
  5.6800E-01  1.8947E+00 -4.1260E-02  1.0265E+00  2.3278E+00  1.3188E+01  2.3278E+00
  5.7000E-01  1.9014E+00 -4.1447E-02  1.0312E+00  2.3278E+00  1.3256E+01  2.3278E+00
  5.7200E-01  1.9080E+00 -4.1634E-02  1.0358E+00  2.3278E+00  1.3324E+01  2.3278E+00
  5.7400E-01  1.9147E+00 -4.1821E-02  1.0405E+00  2.3278E+00  1.3392E+01  2.3278E+00
  5.7600E-01  1.9214E+00 -4.2009E-02  1.0451E+00  2.3278E+00  1.3460E+01  2.3278E+00
  5.7800E-01  1.9280E+00 -4.2196E-02  1.0498E+00  2.3278E+00  1.3528E+01  2.3278E+00
  5.8000E-01  1.9347E+00 -4.2383E-02  1.0544E+00  2.3278E+00  1.3596E+01  2.3278E+00
  5.8200E-01  1.9414E+00 -4.2570E-02  1.0591E+00  2.3278E+00  1.3664E+01  2.3278E+00
  5.8400E-01  1.9480E+00 -4.2757E-02  1.0638E+00  2.3278E+00  1.3731E+01  2.3278E+00
  5.8600E-01  1.9547E+00 -4.2944E-02  1.0684E+00  2.3278E+00  1.3799E+01  2.3278E+00
  5.8800E-01  1.9614E+00 -4.3131E-02  1.0731E+00  2.3278E+00  1.3867E+01  2.3278E+00
  5.9000E-01  1.9681E+00 -4.3318E-02  1.0777E+00  2.3278E+00  1.3935E+01  2.3278E+00
  5.9200E-01  1.9747E+00 -4.3505E-02  1.0824E+00  2.3278E+00  1.4003E+01  2.3278E+00
  5.9400E-01  1.9814E+00 -4.3692E-02  1.0870E+00  2.3278E+00  1.4071E+01  2.3278E+00
  5.9600E-01  1.9881E+00 -4.3879E-02  1.0917E+00  2.3278E+00  1.4139E+01  2.3278E+00
  5.9800E-01  1.9947E+00 -4.4066E-02  1.0963E+00  2.3278E+00  1.4207E+01  2.3278E+00
  6.0000E-01  2.0014E+00 -4.4253E-02  1.1010E+00  2.3278E+00  1.4275E+01  2.3278E+00
  6.0200E-01  2.0081E+00 -4.4440E-02  1.1056E+00  2.3278E+00  1.4343E+01  2.3278E+00
  6.0400E-01  2.0148E+00 -4.4628E-02  1.1103E+00  2.3278E+00  1.4411E+01  2.3278E+00
  6.0600E-01  2.0214E+00 -4.4815E-02  1.1149E+00  2.3278E+00  1.4479E+01  2.3278E+00
  6.0800E-01  2.0281E+00 -4.5002E-02  1.1196E+00  2.3278E+00  1.4547E+01  2.3278E+00
  6.1000E-01  2.0348E+00 -4.5189E-02  1.1242E+00  2.3278E+00  1.4615E+01  2.3278E+00
  6.1200E-01  2.0414E+00 -4.5376E-02  1.1289E+00  2.3278E+00  1.4683E+01  2.3278E+00
  6.1400E-01  2.0481E+00 -4.5563E-02  1.1335E+00  2.3278E+00  1.4751E+01  2.3278E+00
  6.1600E-01  2.0548E+00 -4.5750E-02  1.1382E+00  2.3278E+00  1.4819E+01  2.3278E+00
  6.1800E-01  2.0615E+00 -4.5937E-02  1.1429E+00  2.3278E+00  1.4887E+01  2.3278E+00
  6.2000E-01  2.0681E+00 -4.6124E-02  1.1475E+00  2.3278E+00  1.4955E+01  2.3278E+00
  6.2200E-01  2.0748E+00 -4.6311E-02  1.1522E+00  2.3278E+00  1.5023E+01  2.3278E+00
  6.2400E-01  2.0815E+00 -4.6498E-02  1.1568E+00  2.3278E+00  1.5091E+01  2.3278E+00
  6.2600E-01  2.0881E+00 -4.6685E-02  1.1615E+00  2.3278E+00  1.5159E+01  2.3278E+00
  6.2800E-01  2.0948E+00 -4.6872E-02  1.1661E+00  2.3278E+00  1.5227E+01  2.3278E+00
  6.3000E-01  2.1015E+00 -4.7059E-02  1.1708E+00  2.3278E+00  1.5295E+01  2.3278E+00
  6.3200E-01  2.1082E+00 -4.7247E-02  1.1754E+00  2.3278E+00  1.5364E+01  2.3278E+00
  6.3400E-01  2.1148E+00 -4.7434E-02  1.1801E+00  2.3278E+00  1.5432E+01  2.3278E+00
  6.3600E-01  2.1215E+00 -4.7621E-02  1.1847E+00  2.3278E+00  1.5500E+01  2.3278E+00
  6.3800E-01  2.1282E+00 -4.7808E-02  1.1894E+00  2.3278E+00  1.5568E+01  2.3278E+00
  6.4000E-01  2.1348E+00 -4.7995E-02  1.1940E+00  2.3278E+00  1.5636E+01  2.3278E+00
  6.4200E-01  2.1415E+00 -4.8182E-02  1.1987E+00  2.3278E+00  1.5704E+01  2.3278E+00
  6.4400E-01  2.1482E+00 -4.8369E-02  1.2033E+00  2.3278E+00  1.5772E+01  2.3278E+00
  6.4600E-01  2.1549E+00 -4.8556E-02  1.2080E+00  2.3278E+00  1.5840E+01  2.3278E+00
  6.4800E-01  2.1615E+00 -4.8743E-02  1.2126E+00  2.3278E+00  1.5908E+01  2.3278E+00
  6.5000E-01  2.1682E+00 -4.8930E-02  1.2173E+00  2.3278E+00  1.5976E+01  2.3278E+00
  6.5200E-01  2.1749E+00 -4.9117E-02  1.2220E+00  2.3278E+00  1.6044E+01  2.3278E+00
  6.5400E-01  2.1815E+00 -4.9304E-02  1.2266E+00  2.3278E+00  1.6112E+01  2.3278E+00
  6.5600E-01  2.1882E+00 -4.9491E-02  1.2313E+00  2.3278E+00  1.6180E+01  2.3278E+00
  6.5800E-01  2.1949E+00 -4.9678E-02  1.2359E+00  2.3278E+00  1.6248E+01  2.3278E+00
  6.6000E-01  2.2016E+00 -4.9866E-02  1.2406E+00  2.3278E+00  1.6316E+01  2.3278E+00
  6.6200E-01  2.2082E+00 -5.0053E-02  1.2452E+00  2.3278E+00  1.6384E+01  2.3278E+00
  6.6400E-01  2.2149E+00 -5.0240E-02  1.2499E+00  2.3278E+00  1.6453E+01  2.3278E+00
  6.6600E-01  2.2216E+00 -5.0427E-02  1.2545E+00  2.3278E+00  1.6521E+01  2.3278E+00
  6.6800E-01  2.2282E+00 -5.0614E-02  1.2592E+00  2.3278E+00  1.6589E+01  2.3278E+00
  6.7000E-01  2.2349E+00 -5.0801E-02  1.2638E+00  2.3278E+00  1.6657E+01  2.3278E+00
  6.7200E-01  2.2416E+00 -5.0988E-02  1.2685E+00  2.3278E+00  1.6725E+01  2.3278E+00
  6.7400E-01  2.2483E+00 -5.1175E-02  1.2731E+00  2.3278E+00  1.6793E+01  2.3278E+00
  6.7600E-01  2.2549E+00 -5.1362E-02  1.2778E+00  2.3278E+00  1.6861E+01  2.3278E+00
  6.7800E-01  2.2616E+00 -5.1549E-02  1.2824E+00  2.3278E+00  1.6929E+01  2.3278E+00
  6.8000E-01  2.2683E+00 -5.1736E-02  1.2871E+00  2.3278E+00  1.6997E+01  2.3278E+00
  6.8200E-01  2.2749E+00 -5.1923E-02  1.2918E+00  2.3278E+00  1.7065E+01  2.3278E+00
  6.8400E-01  2.2816E+00 -5.2110E-02  1.2964E+00  2.3278E+00  1.7134E+01  2.3278E+00
  6.8600E-01  2.2883E+00 -5.2297E-02  1.3011E+00  2.3278E+00  1.7202E+01  2.3278E+00
  6.8800E-01  2.2950E+00 -5.2485E-02  1.3057E+00  2.3278E+00  1.7270E+01  2.3278E+00
  6.9000E-01  2.3016E+00 -5.2672E-02  1.3104E+00  2.3278E+00  1.7338E+01  2.3278E+00
  6.9200E-01  2.3083E+00 -5.2859E-02  1.3150E+00  2.3278E+00  1.7406E+01  2.3278E+00
  6.9400E-01  2.3150E+00 -5.3046E-02  1.3197E+00  2.3278E+00  1.7474E+01  2.3278E+00
  6.9600E-01  2.3216E+00 -5.3233E-02  1.3243E+00  2.3278E+00  1.7542E+01  2.3278E+00
  6.9800E-01  2.3283E+00 -5.3420E-02  1.3290E+00  2.3278E+00  1.7610E+01  2.3278E+00
  7.0000E-01  2.3350E+00 -5.3607E-02  1.3336E+00  2.3278E+00  1.7678E+01  2.3278E+00
  7.0200E-01  2.3417E+00 -5.3794E-02  1.3383E+00  2.3278E+00  1.7747E+01  2.3278E+00
  7.0400E-01  2.3483E+00 -5.3981E-02  1.3429E+00  2.3278E+00  1.7815E+01  2.3278E+00
  7.0600E-01  2.3550E+00 -5.4168E-02  1.3476E+00  2.3278E+00  1.7883E+01  2.3278E+00
  7.0800E-01  2.3617E+00 -5.4355E-02  1.3522E+00  2.3278E+00  1.7951E+01  2.3278E+00
  7.1000E-01  2.3683E+00 -5.4542E-02  1.3569E+00  2.3278E+00  1.8019E+01  2.3278E+00
  7.1200E-01  2.3750E+00 -5.4729E-02  1.3615E+00  2.3278E+00  1.8087E+01  2.3278E+00
  7.1400E-01  2.3817E+00 -5.4916E-02  1.3662E+00  2.3278E+00  1.8155E+01  2.3278E+00
  7.1600E-01  2.3884E+00 -5.5104E-02  1.3709E+00  2.3278E+00  1.8224E+01  2.3278E+00
  7.1800E-01  2.3950E+00 -5.5291E-02  1.3755E+00  2.3278E+00  1.8292E+01  2.3278E+00
  7.2000E-01  2.4017E+00 -5.5478E-02  1.3802E+00  2.3278E+00  1.8360E+01  2.3278E+00
  7.2200E-01  2.4084E+00 -5.5665E-02  1.3848E+00  2.3278E+00  1.8428E+01  2.3278E+00
  7.2400E-01  2.4150E+00 -5.5852E-02  1.3895E+00  2.3278E+00  1.8496E+01  2.3278E+00
  7.2600E-01  2.4217E+00 -5.6039E-02  1.3941E+00  2.3278E+00  1.8564E+01  2.3278E+00
  7.2800E-01  2.4284E+00 -5.6226E-02  1.3988E+00  2.3278E+00  1.8632E+01  2.3278E+00
  7.3000E-01  2.4351E+00 -5.6413E-02  1.4034E+00  2.3278E+00  1.8701E+01  2.3278E+00
  7.3200E-01  2.4417E+00 -5.6600E-02  1.4081E+00  2.3278E+00  1.8769E+01  2.3278E+00
  7.3400E-01  2.4484E+00 -5.6787E-02  1.4127E+00  2.3278E+00  1.8837E+01  2.3278E+00
  7.3600E-01  2.4551E+00 -5.6974E-02  1.4174E+00  2.3278E+00  1.8905E+01  2.3278E+00
  7.3800E-01  2.4617E+00 -5.7161E-02  1.4220E+00  2.3278E+00  1.8973E+01  2.3278E+00
  7.4000E-01  2.4684E+00 -5.7348E-02  1.4267E+00  2.3278E+00  1.9041E+01  2.3278E+00
  7.4200E-01  2.4751E+00 -5.7535E-02  1.4313E+00  2.3278E+00  1.9109E+01  2.3278E+00
  7.4400E-01  2.4818E+00 -5.7723E-02  1.4360E+00  2.3278E+00  1.9178E+01  2.3278E+00
  7.4600E-01  2.4884E+00 -5.7910E-02  1.4406E+00  2.3278E+00  1.9246E+01  2.3278E+00
  7.4800E-01  2.4951E+00 -5.8097E-02  1.4453E+00  2.3278E+00  1.9314E+01  2.3278E+00
  7.5000E-01  2.5018E+00 -5.8284E-02  1.4500E+00  2.3278E+00  1.9382E+01  2.3278E+00
  7.5200E-01  2.5084E+00 -5.8471E-02  1.4546E+00  2.3278E+00  1.9450E+01  2.3278E+00
  7.5400E-01  2.5151E+00 -5.8658E-02  1.4593E+00  2.3278E+00  1.9518E+01  2.3278E+00
  7.5600E-01  2.5218E+00 -5.8845E-02  1.4639E+00  2.3278E+00  1.9587E+01  2.3278E+00
  7.5800E-01  2.5285E+00 -5.9032E-02  1.4686E+00  2.3278E+00  1.9655E+01  2.3278E+00
  7.6000E-01  2.5351E+00 -5.9219E-02  1.4732E+00  2.3278E+00  1.9723E+01  2.3278E+00
  7.6200E-01  2.5418E+00 -5.9406E-02  1.4779E+00  2.3278E+00  1.9791E+01  2.3278E+00
  7.6400E-01  2.5485E+00 -5.9593E-02  1.4825E+00  2.3278E+00  1.9859E+01  2.3278E+00
  7.6600E-01  2.5551E+00 -5.9780E-02  1.4872E+00  2.3278E+00  1.9928E+01  2.3278E+00
  7.6800E-01  2.5618E+00 -5.9967E-02  1.4918E+00  2.3278E+00  1.9996E+01  2.3278E+00
  7.7000E-01  2.5685E+00 -6.0154E-02  1.4965E+00  2.3278E+00  2.0064E+01  2.3278E+00
  7.7200E-01  2.5752E+00 -6.0342E-02  1.5011E+00  2.3278E+00  2.0132E+01  2.3278E+00
  7.7400E-01  2.5818E+00 -6.0529E-02  1.5058E+00  2.3278E+00  2.0200E+01  2.3278E+00
  7.7600E-01  2.5885E+00 -6.0716E-02  1.5104E+00  2.3278E+00  2.0268E+01  2.3278E+00
  7.7800E-01  2.5952E+00 -6.0903E-02  1.5151E+00  2.3278E+00  2.0337E+01  2.3278E+00
  7.8000E-01  2.6018E+00 -6.1090E-02  1.5198E+00  2.3278E+00  2.0405E+01  2.3278E+00
  7.8200E-01  2.6085E+00 -6.1277E-02  1.5244E+00  2.3278E+00  2.0473E+01  2.3278E+00
  7.8400E-01  2.6152E+00 -6.1464E-02  1.5291E+00  2.3278E+00  2.0541E+01  2.3278E+00
  7.8600E-01  2.6219E+00 -6.1651E-02  1.5337E+00  2.3278E+00  2.0609E+01  2.3278E+00
  7.8800E-01  2.6285E+00 -6.1838E-02  1.5384E+00  2.3278E+00  2.0678E+01  2.3278E+00
  7.9000E-01  2.6352E+00 -6.2025E-02  1.5430E+00  2.3278E+00  2.0746E+01  2.3278E+00
  7.9200E-01  2.6419E+00 -6.2212E-02  1.5477E+00  2.3278E+00  2.0814E+01  2.3278E+00
  7.9400E-01  2.6485E+00 -6.2399E-02  1.5523E+00  2.3278E+00  2.0882E+01  2.3278E+00
  7.9600E-01  2.6552E+00 -6.2586E-02  1.5570E+00  2.3278E+00  2.0950E+01  2.3278E+00
  7.9800E-01  2.6619E+00 -6.2773E-02  1.5616E+00  2.3278E+00  2.1019E+01  2.3277E+00
  8.0000E-01  2.6686E+00 -6.2961E-02  1.5663E+00  2.3278E+00  2.1087E+01  2.3277E+00
  8.0200E-01  2.6752E+00 -6.3148E-02  1.5709E+00  2.3278E+00  2.1155E+01  2.3277E+00
  8.0400E-01  2.6819E+00 -6.3335E-02  1.5756E+00  2.3278E+00  2.1223E+01  2.3277E+00
  8.0600E-01  2.6886E+00 -6.3522E-02  1.5802E+00  2.3278E+00  2.1291E+01  2.3277E+00
  8.0800E-01  2.6952E+00 -6.3709E-02  1.5849E+00  2.3278E+00  2.1360E+01  2.3277E+00
  8.1000E-01  2.7019E+00 -6.3896E-02  1.5895E+00  2.3278E+00  2.1428E+01  2.3277E+00
  8.1200E-01  2.7086E+00 -6.4083E-02  1.5942E+00  2.3278E+00  2.1496E+01  2.3277E+00
  8.1400E-01  2.7153E+00 -6.4270E-02  1.5989E+00  2.3278E+00  2.1564E+01  2.3277E+00
  8.1600E-01  2.7219E+00 -6.4457E-02  1.6035E+00  2.3278E+00  2.1632E+01  2.3277E+00
  8.1800E-01  2.7286E+00 -6.4644E-02  1.6082E+00  2.3278E+00  2.1701E+01  2.3277E+00
  8.2000E-01  2.7353E+00 -6.4831E-02  1.6128E+00  2.3278E+00  2.1769E+01  2.3277E+00
  8.2200E-01  2.7419E+00 -6.5018E-02  1.6175E+00  2.3278E+00  2.1837E+01  2.3277E+00
  8.2400E-01  2.7486E+00 -6.5205E-02  1.6221E+00  2.3278E+00  2.1905E+01  2.3277E+00
  8.2600E-01  2.7553E+00 -6.5392E-02  1.6268E+00  2.3278E+00  2.1973E+01  2.3277E+00
  8.2800E-01  2.7620E+00 -6.5580E-02  1.6314E+00  2.3278E+00  2.2042E+01  2.3277E+00
  8.3000E-01  2.7686E+00 -6.5767E-02  1.6361E+00  2.3278E+00  2.2110E+01  2.3277E+00
  8.3200E-01  2.7753E+00 -6.5954E-02  1.6407E+00  2.3278E+00  2.2178E+01  2.3277E+00
  8.3400E-01  2.7820E+00 -6.6141E-02  1.6454E+00  2.3278E+00  2.2246E+01  2.3277E+00
  8.3600E-01  2.7886E+00 -6.6328E-02  1.6500E+00  2.3278E+00  2.2315E+01  2.3277E+00
  8.3800E-01  2.7953E+00 -6.6515E-02  1.6547E+00  2.3278E+00  2.2383E+01  2.3277E+00
  8.4000E-01  2.8020E+00 -6.6702E-02  1.6593E+00  2.3278E+00  2.2451E+01  2.3277E+00
  8.4200E-01  2.8087E+00 -6.6889E-02  1.6640E+00  2.3278E+00  2.2519E+01  2.3277E+00
  8.4400E-01  2.8153E+00 -6.7076E-02  1.6686E+00  2.3278E+00  2.2587E+01  2.3277E+00
  8.4600E-01  2.8220E+00 -6.7263E-02  1.6733E+00  2.3278E+00  2.2656E+01  2.3277E+00
  8.4800E-01  2.8287E+00 -6.7450E-02  1.6780E+00  2.3278E+00  2.2724E+01  2.3277E+00
  8.5000E-01  2.8353E+00 -6.7637E-02  1.6826E+00  2.3278E+00  2.2792E+01  2.3277E+00
  8.5200E-01  2.8420E+00 -6.7824E-02  1.6873E+00  2.3278E+00  2.2860E+01  2.3277E+00
  8.5400E-01  2.8487E+00 -6.8011E-02  1.6919E+00  2.3278E+00  2.2929E+01  2.3277E+00
  8.5600E-01  2.8553E+00 -6.8199E-02  1.6966E+00  2.3278E+00  2.2997E+01  2.3277E+00
  8.5800E-01  2.8620E+00 -6.8386E-02  1.7012E+00  2.3278E+00  2.3065E+01  2.3277E+00
  8.6000E-01  2.8687E+00 -6.8573E-02  1.7059E+00  2.3278E+00  2.3133E+01  2.3277E+00
  8.6200E-01  2.8754E+00 -6.8760E-02  1.7105E+00  2.3278E+00  2.3201E+01  2.3277E+00
  8.6400E-01  2.8820E+00 -6.8947E-02  1.7152E+00  2.3278E+00  2.3270E+01  2.3277E+00
  8.6600E-01  2.8887E+00 -6.9134E-02  1.7198E+00  2.3278E+00  2.3338E+01  2.3277E+00
  8.6800E-01  2.8954E+00 -6.9321E-02  1.7245E+00  2.3278E+00  2.3406E+01  2.3277E+00
  8.7000E-01  2.9020E+00 -6.9508E-02  1.7291E+00  2.3278E+00  2.3474E+01  2.3277E+00
  8.7200E-01  2.9087E+00 -6.9695E-02  1.7338E+00  2.3278E+00  2.3543E+01  2.3277E+00
  8.7400E-01  2.9154E+00 -6.9882E-02  1.7384E+00  2.3278E+00  2.3611E+01  2.3277E+00
  8.7600E-01  2.9221E+00 -7.0069E-02  1.7431E+00  2.3278E+00  2.3679E+01  2.3277E+00
  8.7800E-01  2.9287E+00 -7.0256E-02  1.7478E+00  2.3278E+00  2.3747E+01  2.3277E+00
  8.8000E-01  2.9354E+00 -7.0443E-02  1.7524E+00  2.3278E+00  2.3816E+01  2.3277E+00
  8.8200E-01  2.9421E+00 -7.0630E-02  1.7571E+00  2.3278E+00  2.3884E+01  2.3277E+00
  8.8400E-01  2.9487E+00 -7.0818E-02  1.7617E+00  2.3278E+00  2.3952E+01  2.3277E+00
  8.8600E-01  2.9554E+00 -7.1005E-02  1.7664E+00  2.3278E+00  2.4020E+01  2.3277E+00
  8.8800E-01  2.9621E+00 -7.1192E-02  1.7710E+00  2.3278E+00  2.4089E+01  2.3277E+00
  8.9000E-01  2.9688E+00 -7.1379E-02  1.7757E+00  2.3278E+00  2.4157E+01  2.3277E+00
  8.9200E-01  2.9754E+00 -7.1566E-02  1.7803E+00  2.3278E+00  2.4225E+01  2.3277E+00
  8.9400E-01  2.9821E+00 -7.1753E-02  1.7850E+00  2.3278E+00  2.4293E+01  2.3277E+00
  8.9600E-01  2.9888E+00 -7.1940E-02  1.7896E+00  2.3278E+00  2.4362E+01  2.3277E+00
  8.9800E-01  2.9954E+00 -7.2127E-02  1.7943E+00  2.3278E+00  2.4430E+01  2.3277E+00
  9.0000E-01  3.0021E+00 -7.2314E-02  1.7989E+00  2.3278E+00  2.4498E+01  2.3277E+00
  9.0200E-01  3.0088E+00 -7.2501E-02  1.8036E+00  2.3278E+00  2.4566E+01  2.3277E+00
  9.0400E-01  3.0155E+00 -7.2688E-02  1.8082E+00  2.3278E+00  2.4635E+01  2.3277E+00
  9.0600E-01  3.0221E+00 -7.2875E-02  1.8129E+00  2.3278E+00  2.4703E+01  2.3277E+00
  9.0800E-01  3.0288E+00 -7.3062E-02  1.8175E+00  2.3278E+00  2.4771E+01  2.3277E+00
  9.1000E-01  3.0355E+00 -7.3249E-02  1.8222E+00  2.3278E+00  2.4839E+01  2.3277E+00
  9.1200E-01  3.0421E+00 -7.3437E-02  1.8269E+00  2.3278E+00  2.4908E+01  2.3277E+00
  9.1400E-01  3.0488E+00 -7.3624E-02  1.8315E+00  2.3278E+00  2.4976E+01  2.3277E+00
  9.1600E-01  3.0555E+00 -7.3811E-02  1.8362E+00  2.3278E+00  2.5044E+01  2.3277E+00
  9.1800E-01  3.0622E+00 -7.3998E-02  1.8408E+00  2.3278E+00  2.5112E+01  2.3277E+00
  9.2000E-01  3.0688E+00 -7.4185E-02  1.8455E+00  2.3278E+00  2.5181E+01  2.3277E+00
  9.2200E-01  3.0755E+00 -7.4372E-02  1.8501E+00  2.3278E+00  2.5249E+01  2.3277E+00
  9.2400E-01  3.0822E+00 -7.4559E-02  1.8548E+00  2.3278E+00  2.5317E+01  2.3277E+00
  9.2600E-01  3.0888E+00 -7.4746E-02  1.8594E+00  2.3278E+00  2.5385E+01  2.3277E+00
  9.2800E-01  3.0955E+00 -7.4933E-02  1.8641E+00  2.3278E+00  2.5454E+01  2.3277E+00
  9.3000E-01  3.1022E+00 -7.5120E-02  1.8687E+00  2.3278E+00  2.5522E+01  2.3277E+00
  9.3200E-01  3.1089E+00 -7.5307E-02  1.8734E+00  2.3278E+00  2.5590E+01  2.3277E+00
  9.3400E-01  3.1155E+00 -7.5494E-02  1.8780E+00  2.3278E+00  2.5658E+01  2.3277E+00
  9.3600E-01  3.1222E+00 -7.5681E-02  1.8827E+00  2.3278E+00  2.5727E+01  2.3277E+00
  9.3800E-01  3.1289E+00 -7.5868E-02  1.8873E+00  2.3278E+00  2.5795E+01  2.3277E+00
  9.4000E-01  3.1355E+00 -7.6056E-02  1.8920E+00  2.3278E+00  2.5863E+01  2.3277E+00
  9.4200E-01  3.1422E+00 -7.6243E-02  1.8966E+00  2.3278E+00  2.5931E+01  2.3277E+00
  9.4400E-01  3.1489E+00 -7.6430E-02  1.9013E+00  2.3278E+00  2.6000E+01  2.3277E+00
  9.4600E-01  3.1556E+00 -7.6617E-02  1.9060E+00  2.3278E+00  2.6068E+01  2.3277E+00
  9.4800E-01  3.1622E+00 -7.6804E-02  1.9106E+00  2.3278E+00  2.6136E+01  2.3277E+00
  9.5000E-01  3.1689E+00 -7.6991E-02  1.9153E+00  2.3278E+00  2.6204E+01  2.3277E+00
  9.5200E-01  3.1756E+00 -7.7178E-02  1.9199E+00  2.3278E+00  2.6273E+01  2.3277E+00
  9.5400E-01  3.1822E+00 -7.7365E-02  1.9246E+00  2.3278E+00  2.6341E+01  2.3277E+00
  9.5600E-01  3.1889E+00 -7.7552E-02  1.9292E+00  2.3278E+00  2.6409E+01  2.3277E+00
  9.5800E-01  3.1956E+00 -7.7739E-02  1.9339E+00  2.3278E+00  2.6477E+01  2.3277E+00
  9.6000E-01  3.2023E+00 -7.7926E-02  1.9385E+00  2.3278E+00  2.6546E+01  2.3277E+00
  9.6200E-01  3.2089E+00 -7.8113E-02  1.9432E+00  2.3278E+00  2.6614E+01  2.3277E+00
  9.6400E-01  3.2156E+00 -7.8300E-02  1.9478E+00  2.3278E+00  2.6682E+01  2.3277E+00
  9.6600E-01  3.2223E+00 -7.8487E-02  1.9525E+00  2.3278E+00  2.6751E+01  2.3277E+00
  9.6800E-01  3.2289E+00 -7.8675E-02  1.9571E+00  2.3278E+00  2.6819E+01  2.3277E+00
  9.7000E-01  3.2356E+00 -7.8862E-02  1.9618E+00  2.3278E+00  2.6887E+01  2.3277E+00
  9.7200E-01  3.2423E+00 -7.9049E-02  1.9664E+00  2.3278E+00  2.6955E+01  2.3277E+00
  9.7400E-01  3.2490E+00 -7.9236E-02  1.9711E+00  2.3278E+00  2.7024E+01  2.3277E+00
  9.7600E-01  3.2556E+00 -7.9423E-02  1.9758E+00  2.3278E+00  2.7092E+01  2.3277E+00
  9.7800E-01  3.2623E+00 -7.9610E-02  1.9804E+00  2.3278E+00  2.7160E+01  2.3277E+00
  9.8000E-01  3.2690E+00 -7.9797E-02  1.9851E+00  2.3278E+00  2.7228E+01  2.3277E+00
  9.8200E-01  3.2756E+00 -7.9984E-02  1.9897E+00  2.3278E+00  2.7297E+01  2.3277E+00
  9.8400E-01  3.2823E+00 -8.0171E-02  1.9944E+00  2.3278E+00  2.7365E+01  2.3277E+00
  9.8600E-01  3.2890E+00 -8.0358E-02  1.9990E+00  2.3278E+00  2.7433E+01  2.3277E+00
  9.8800E-01  3.2957E+00 -8.0545E-02  2.0037E+00  2.3278E+00  2.7502E+01  2.3277E+00
  9.9000E-01  3.3023E+00 -8.0732E-02  2.0083E+00  2.3278E+00  2.7570E+01  2.3277E+00
  9.9200E-01  3.3090E+00 -8.0919E-02  2.0130E+00  2.3278E+00  2.7638E+01  2.3277E+00
  9.9400E-01  3.3157E+00 -8.1106E-02  2.0176E+00  2.3278E+00  2.7706E+01  2.3277E+00
  9.9600E-01  3.3223E+00 -8.1294E-02  2.0223E+00  2.3278E+00  2.7775E+01  2.3277E+00
  1.0000E+00  3.3357E+00 -8.1668E-02  2.0316E+00  2.3278E+00  2.7911E+01  2.3277E+00
