  1.4990E-03  5.0000E-03  3.7000E+02  0.0000E+00  0.0000E+00  1.0000E-03  0.0000E+00  0.0000E+00  0.0000E+00
  2.9979E-03  1.0000E-02  3.7000E+02  0.0000E+00  0.0000E+00  1.0000E-03  0.0000E+00  0.0000E+00  0.0000E+00
  4.4969E-03  1.5000E-02  3.7000E+02  0.0000E+00  0.0000E+00  1.0000E-03  0.0000E+00  0.0000E+00  0.0000E+00
  5.9958E-03  2.0000E-02  3.7000E+02  0.0000E+00  0.0000E+00  1.0000E-03  0.0000E+00  0.0000E+00  0.0000E+00
  7.4948E-03  2.5000E-02  3.7000E+02  0.0000E+00  0.0000E+00  1.0000E-03  0.0000E+00  0.0000E+00  0.0000E+00
  8.9938E-03  3.0000E-02  3.7000E+02  0.0000E+00  0.0000E+00  1.0000E-03  0.0000E+00  0.0000E+00  0.0000E+00
  1.0493E-02  3.5000E-02  3.7000E+02  0.0000E+00  0.0000E+00  1.0000E-03  0.0000E+00  0.0000E+00  0.0000E+00
  1.1992E-02  4.0000E-02  3.7000E+02  0.0000E+00  0.0000E+00  1.0000E-03  0.0000E+00  0.0000E+00  0.0000E+00
  1.3491E-02  4.5000E-02  3.7000E+02  0.0000E+00  0.0000E+00  1.0000E-03  0.0000E+00  0.0000E+00  0.0000E+00
  1.4990E-02  5.0000E-02  3.7000E+02  0.0000E+00  0.0000E+00  1.0000E-03  0.0000E+00  0.0000E+00  0.0000E+00
  1.6489E-02  5.5000E-02  3.7000E+02  0.0000E+00  0.0000E+00  1.0000E-03  0.0000E+00  0.0000E+00  0.0000E+00
  1.7988E-02  6.0000E-02  3.7000E+02  0.0000E+00  0.0000E+00  1.0000E-03  0.0000E+00  0.0000E+00  0.0000E+00
  1.9486E-02  6.5000E-02  3.7000E+02  0.0000E+00  0.0000E+00  1.0000E-03  0.0000E+00  0.0000E+00  0.0000E+00
  2.0985E-02  7.0000E-02  3.7000E+02  0.0000E+00  0.0000E+00  1.0000E-03  0.0000E+00  0.0000E+00  0.0000E+00
  2.2484E-02  7.5000E-02  3.7000E+02  0.0000E+00  0.0000E+00  1.0000E-03  0.0000E+00  0.0000E+00  0.0000E+00
  2.3983E-02  8.0000E-02  3.7000E+02  0.0000E+00  0.0000E+00  1.0000E-03  0.0000E+00  0.0000E+00  0.0000E+00
  2.5482E-02  8.5000E-02  3.7000E+02  0.0000E+00  0.0000E+00  1.0000E-03  0.0000E+00  0.0000E+00  0.0000E+00
  2.6981E-02  9.0000E-02  3.7000E+02  0.0000E+00  0.0000E+00  1.0000E-03  0.0000E+00  0.0000E+00  0.0000E+00
  2.8480E-02  9.5000E-02  3.7000E+02  0.0000E+00  0.0000E+00  1.0000E-03  0.0000E+00  0.0000E+00  0.0000E+00
  2.9979E-02  1.0000E-01  3.7000E+02  0.0000E+00  0.0000E+00  1.0000E-03  0.0000E+00  0.0000E+00  0.0000E+00
  3.1478E-02  1.0500E-01  3.7000E+02  0.0000E+00  0.0000E+00  1.0000E-03  0.0000E+00  0.0000E+00  0.0000E+00
  3.2977E-02  1.1000E-01  3.7000E+02  0.0000E+00  0.0000E+00  1.0000E-03  0.0000E+00  0.0000E+00  0.0000E+00
  3.4476E-02  1.1500E-01  3.7000E+02  0.0000E+00  0.0000E+00  1.0000E-03  0.0000E+00  0.0000E+00  0.0000E+00
  3.5975E-02  1.2000E-01  3.7000E+02  0.0000E+00  0.0000E+00  1.0000E-03  0.0000E+00  0.0000E+00  0.0000E+00
  3.7474E-02  1.2500E-01  3.7000E+02  0.0000E+00  0.0000E+00  1.0000E-03  0.0000E+00  0.0000E+00  0.0000E+00
  3.8973E-02  1.3000E-01  3.7000E+02  0.0000E+00  0.0000E+00  1.0000E-03  0.0000E+00  0.0000E+00  0.0000E+00
  4.0472E-02  1.3500E-01  3.7000E+02  0.0000E+00  0.0000E+00  1.0000E-03  0.0000E+00  0.0000E+00  0.0000E+00
  4.1971E-02  1.4000E-01  3.7000E+02  0.0000E+00  0.0000E+00  1.0000E-03  0.0000E+00  0.0000E+00  0.0000E+00
  4.3470E-02  1.4500E-01  3.7000E+02  0.0000E+00  0.0000E+00  1.0000E-03  0.0000E+00  0.0000E+00  0.0000E+00
  4.4969E-02  1.5000E-01  3.7000E+02  0.0000E+00  0.0000E+00  1.0000E-03  0.0000E+00  0.0000E+00  0.0000E+00
  4.6468E-02  1.5500E-01  3.7000E+02  0.0000E+00  0.0000E+00  1.0000E-03  0.0000E+00  0.0000E+00  0.0000E+00
  4.7967E-02  1.6000E-01  3.7000E+02  0.0000E+00  0.0000E+00  1.0000E-03  0.0000E+00  0.0000E+00  0.0000E+00
  4.9466E-02  1.6500E-01  3.7000E+02  0.0000E+00  0.0000E+00  1.0000E-03  0.0000E+00  0.0000E+00  0.0000E+00
  5.0965E-02  1.7000E-01  3.7000E+02  0.0000E+00  0.0000E+00  1.0000E-03  0.0000E+00  0.0000E+00  0.0000E+00
  5.2464E-02  1.7500E-01  3.7000E+02  0.0000E+00  0.0000E+00  1.0000E-03  0.0000E+00  0.0000E+00  0.0000E+00
  5.3963E-02  1.8000E-01  3.7000E+02  0.0000E+00  0.0000E+00  1.0000E-03  0.0000E+00  0.0000E+00  0.0000E+00
  5.5462E-02  1.8500E-01  3.7000E+02  0.0000E+00  0.0000E+00  1.0000E-03  0.0000E+00  0.0000E+00  0.0000E+00
  5.6961E-02  1.9000E-01  3.7000E+02  0.0000E+00  0.0000E+00  1.0000E-03  0.0000E+00  0.0000E+00  0.0000E+00
  5.8459E-02  1.9500E-01  3.7000E+02  0.0000E+00  0.0000E+00  1.0000E-03  0.0000E+00  0.0000E+00  0.0000E+00
  5.9958E-02  2.0000E-01  3.7000E+02  0.0000E+00  0.0000E+00  1.0000E-03  0.0000E+00  0.0000E+00  0.0000E+00
  6.1457E-02  2.0500E-01  3.7000E+02  0.0000E+00  0.0000E+00  1.0000E-03  0.0000E+00  0.0000E+00  0.0000E+00
  6.2956E-02  2.1000E-01  3.7000E+02  0.0000E+00  0.0000E+00  1.0000E-03  0.0000E+00  0.0000E+00  0.0000E+00
  6.4455E-02  2.1500E-01  3.7000E+02  0.0000E+00  0.0000E+00  1.0000E-03  0.0000E+00  0.0000E+00  0.0000E+00
  6.5954E-02  2.2000E-01  3.7000E+02  0.0000E+00  0.0000E+00  1.0000E-03  0.0000E+00  0.0000E+00  0.0000E+00
  6.7453E-02  2.2500E-01  3.7000E+02  0.0000E+00  0.0000E+00  1.0000E-03  0.0000E+00  0.0000E+00  0.0000E+00
  6.8952E-02  2.3000E-01  3.7000E+02  0.0000E+00  0.0000E+00  1.0000E-03  0.0000E+00  0.0000E+00  0.0000E+00
  7.0451E-02  2.3500E-01  3.7000E+02  0.0000E+00  0.0000E+00  1.0000E-03  0.0000E+00  0.0000E+00  0.0000E+00
  7.1950E-02  2.4000E-01  3.7000E+02  0.0000E+00  0.0000E+00  1.0000E-03  0.0000E+00  0.0000E+00  0.0000E+00
  7.3449E-02  2.4500E-01  3.7000E+02  0.0000E+00  0.0000E+00  1.0000E-03  0.0000E+00  0.0000E+00  0.0000E+00
  7.4948E-02  2.5000E-01  3.7000E+02  0.0000E+00  0.0000E+00  1.0000E-03  0.0000E+00  0.0000E+00  0.0000E+00
  7.6447E-02  2.5500E-01  3.7000E+02  0.0000E+00  0.0000E+00  1.0000E-03  0.0000E+00  0.0000E+00  0.0000E+00
  7.7946E-02  2.6000E-01  3.7000E+02  0.0000E+00  0.0000E+00  1.0000E-03  0.0000E+00  0.0000E+00  0.0000E+00
  7.9445E-02  2.6500E-01  3.7000E+02  0.0000E+00  0.0000E+00  1.0000E-03  0.0000E+00  0.0000E+00  0.0000E+00
  8.0944E-02  2.7000E-01  3.7000E+02  0.0000E+00  0.0000E+00  1.0000E-03  0.0000E+00  0.0000E+00  0.0000E+00
  8.2443E-02  2.7500E-01  3.7000E+02  0.0000E+00  0.0000E+00  1.0000E-03  0.0000E+00  0.0000E+00  0.0000E+00
  8.3942E-02  2.8000E-01  3.7000E+02  0.0000E+00  0.0000E+00  1.0000E-03  0.0000E+00  0.0000E+00  0.0000E+00
  8.5441E-02  2.8500E-01  3.7000E+02  0.0000E+00  0.0000E+00  1.0000E-03  0.0000E+00  0.0000E+00  0.0000E+00
  8.6940E-02  2.9000E-01  3.7000E+02  0.0000E+00  0.0000E+00  1.0000E-03  0.0000E+00  0.0000E+00  0.0000E+00
  8.8439E-02  2.9500E-01  3.7000E+02  0.0000E+00  0.0000E+00  1.0000E-03  0.0000E+00  0.0000E+00  0.0000E+00
  8.9938E-02  3.0000E-01  3.7000E+02  0.0000E+00  0.0000E+00  1.0000E-03  0.0000E+00  0.0000E+00  0.0000E+00
  9.1437E-02  3.0500E-01  3.7000E+02  0.0000E+00  0.0000E+00  1.0000E-03  0.0000E+00  0.0000E+00  0.0000E+00
  9.2936E-02  3.1000E-01  3.7000E+02  0.0000E+00  0.0000E+00  1.0000E-03  0.0000E+00  0.0000E+00  0.0000E+00
  9.4435E-02  3.1500E-01  3.7000E+02  0.0000E+00  0.0000E+00  1.0000E-03  0.0000E+00  0.0000E+00  0.0000E+00
  9.5933E-02  3.2000E-01  3.7000E+02  0.0000E+00  0.0000E+00  1.0000E-03  0.0000E+00  0.0000E+00  0.0000E+00
  9.7432E-02  3.2500E-01  3.7000E+02  0.0000E+00  0.0000E+00  1.0000E-03  0.0000E+00  0.0000E+00  0.0000E+00
  9.8931E-02  3.3000E-01  3.7000E+02  0.0000E+00  0.0000E+00  1.0000E-03  0.0000E+00  0.0000E+00  0.0000E+00
  1.0043E-01  3.3500E-01  3.7000E+02  0.0000E+00  0.0000E+00  1.0000E-03  0.0000E+00  0.0000E+00  0.0000E+00
  1.0193E-01  3.4000E-01  3.7000E+02  0.0000E+00  0.0000E+00  1.0000E-03  0.0000E+00  0.0000E+00  0.0000E+00
  1.0343E-01  3.4500E-01  3.7000E+02  0.0000E+00  0.0000E+00  1.0000E-03  0.0000E+00  0.0000E+00  0.0000E+00
  1.0493E-01  3.5000E-01  3.7000E+02  0.0000E+00  0.0000E+00  1.0000E-03  0.0000E+00  0.0000E+00  0.0000E+00
  1.0643E-01  3.5500E-01  3.7000E+02  0.0000E+00  0.0000E+00  1.0000E-03  0.0000E+00  0.0000E+00  0.0000E+00
  1.0793E-01  3.6000E-01  3.7000E+02  0.0000E+00  0.0000E+00  1.0000E-03  0.0000E+00  0.0000E+00  0.0000E+00
  1.0942E-01  3.6500E-01  3.7000E+02  0.0000E+00  0.0000E+00  1.0000E-03  0.0000E+00  0.0000E+00  0.0000E+00
  1.1092E-01  3.7000E-01  3.7000E+02  0.0000E+00  0.0000E+00  1.0000E-03  0.0000E+00  0.0000E+00  0.0000E+00
  1.1242E-01  3.7500E-01  3.7000E+02  0.0000E+00  0.0000E+00  1.0000E-03  0.0000E+00  0.0000E+00  0.0000E+00
  1.1392E-01  3.8000E-01  3.7000E+02  0.0000E+00  0.0000E+00  1.0000E-03  0.0000E+00  0.0000E+00  0.0000E+00
  1.1542E-01  3.8500E-01  3.7000E+02  0.0000E+00  0.0000E+00  1.0000E-03  0.0000E+00  0.0000E+00  0.0000E+00
  1.1692E-01  3.9000E-01  3.7000E+02  0.0000E+00  0.0000E+00  1.0000E-03  0.0000E+00  0.0000E+00  0.0000E+00
  1.1842E-01  3.9500E-01  3.7000E+02  0.0000E+00  0.0000E+00  1.0000E-03  0.0000E+00  0.0000E+00  0.0000E+00
  1.1992E-01  4.0000E-01  3.7000E+02  0.0000E+00  0.0000E+00  1.0000E-03  0.0000E+00  0.0000E+00  0.0000E+00
  1.2142E-01  4.0500E-01  3.7000E+02  0.0000E+00  0.0000E+00  1.0000E-03  0.0000E+00  0.0000E+00  0.0000E+00
  1.2291E-01  4.1000E-01  3.7000E+02  0.0000E+00  0.0000E+00  1.0000E-03  0.0000E+00  0.0000E+00  0.0000E+00
  1.2441E-01  4.1500E-01  3.7000E+02  0.0000E+00  0.0000E+00  1.0000E-03  0.0000E+00  0.0000E+00  0.0000E+00
  1.2591E-01  4.2000E-01  3.7000E+02  0.0000E+00  0.0000E+00  1.0000E-03  0.0000E+00  0.0000E+00  0.0000E+00
  1.2741E-01  4.2500E-01  3.7000E+02  0.0000E+00  0.0000E+00  1.0000E-03  0.0000E+00  0.0000E+00  0.0000E+00
  1.2891E-01  4.3000E-01  3.7000E+02  0.0000E+00  0.0000E+00  1.0000E-03  0.0000E+00  0.0000E+00  0.0000E+00
  1.3041E-01  4.3500E-01  3.7000E+02  0.0000E+00  0.0000E+00  1.0000E-03  0.0000E+00  0.0000E+00  0.0000E+00
  1.3191E-01  4.4000E-01  3.7000E+02  0.0000E+00  0.0000E+00  1.0000E-03  0.0000E+00  0.0000E+00  0.0000E+00
  1.3341E-01  4.4500E-01  3.7000E+02  0.0000E+00  0.0000E+00  1.0000E-03  0.0000E+00  0.0000E+00  0.0000E+00
  1.3491E-01  4.5000E-01  3.7000E+02  0.0000E+00  0.0000E+00  1.0000E-03  0.0000E+00  0.0000E+00  0.0000E+00
  1.3641E-01  4.5500E-01  3.7000E+02  0.0000E+00  0.0000E+00  1.0000E-03  0.0000E+00  0.0000E+00  0.0000E+00
  1.3790E-01  4.6000E-01  3.7000E+02  0.0000E+00  0.0000E+00  1.0000E-03  0.0000E+00  0.0000E+00  0.0000E+00
  1.3940E-01  4.6500E-01  3.7000E+02  0.0000E+00  0.0000E+00  1.0000E-03  0.0000E+00  0.0000E+00  0.0000E+00
  1.4090E-01  4.7000E-01  3.7000E+02  0.0000E+00  0.0000E+00  1.0000E-03  0.0000E+00  0.0000E+00  0.0000E+00
  1.4240E-01  4.7500E-01  3.7000E+02  0.0000E+00  0.0000E+00  1.0000E-03  0.0000E+00  0.0000E+00  0.0000E+00
  1.4390E-01  4.8000E-01  3.7000E+02  0.0000E+00  0.0000E+00  1.0000E-03  0.0000E+00  0.0000E+00  0.0000E+00
  1.4540E-01  4.8500E-01  3.7000E+02  0.0000E+00  0.0000E+00  1.0000E-03  0.0000E+00  0.0000E+00  0.0000E+00
  1.4690E-01  4.9000E-01  3.7000E+02  0.0000E+00  0.0000E+00  1.0000E-03  0.0000E+00  0.0000E+00  0.0000E+00
  1.4840E-01  4.9500E-01  3.7000E+02  0.0000E+00  0.0000E+00  1.0000E-03  0.0000E+00  0.0000E+00  0.0000E+00
  1.4990E-01  5.0000E-01  3.7000E+02  0.0000E+00  0.0000E+00  1.0000E-03  0.0000E+00  0.0000E+00  0.0000E+00
  1.5140E-01  5.0500E-01  3.7000E+02  0.0000E+00  0.0000E+00  1.0000E-03  0.0000E+00  0.0000E+00  0.0000E+00
  1.5289E-01  5.1000E-01  3.7000E+02  0.0000E+00  0.0000E+00  1.0000E-03  0.0000E+00  0.0000E+00  0.0000E+00
  1.5439E-01  5.1500E-01  3.7000E+02  0.0000E+00  0.0000E+00  1.0000E-03  0.0000E+00  0.0000E+00  0.0000E+00
  1.5589E-01  5.2000E-01  3.7000E+02  0.0000E+00  0.0000E+00  1.0000E-03  0.0000E+00  0.0000E+00  0.0000E+00
  1.5739E-01  5.2500E-01  3.7000E+02  0.0000E+00  0.0000E+00  1.0000E-03  0.0000E+00  0.0000E+00  0.0000E+00
  1.5889E-01  5.3000E-01  3.7000E+02  0.0000E+00  0.0000E+00  1.0000E-03  0.0000E+00  0.0000E+00  0.0000E+00
  1.6039E-01  5.3500E-01  3.7000E+02  0.0000E+00  0.0000E+00  1.0000E-03  0.0000E+00  0.0000E+00  0.0000E+00
  1.6189E-01  5.4000E-01  3.7000E+02  0.0000E+00  0.0000E+00  1.0000E-03  0.0000E+00  0.0000E+00  0.0000E+00
  1.6339E-01  5.4500E-01  3.7000E+02  0.0000E+00  0.0000E+00  1.0000E-03  0.0000E+00  0.0000E+00  0.0000E+00
  1.6489E-01  5.5000E-01  3.7000E+02  0.0000E+00  0.0000E+00  1.0000E-03  0.0000E+00  0.0000E+00  0.0000E+00
  1.6638E-01  5.5500E-01  3.7000E+02  0.0000E+00  0.0000E+00  1.0000E-03  0.0000E+00  0.0000E+00  0.0000E+00
  1.6788E-01  5.6000E-01  3.7000E+02  0.0000E+00  0.0000E+00  1.0000E-03  0.0000E+00  0.0000E+00  0.0000E+00
  1.6938E-01  5.6500E-01  3.7000E+02  0.0000E+00  0.0000E+00  1.0000E-03  0.0000E+00  0.0000E+00  0.0000E+00
  1.7088E-01  5.7000E-01  3.7000E+02  0.0000E+00  0.0000E+00  1.0000E-03  0.0000E+00  0.0000E+00  0.0000E+00
  1.7238E-01  5.7500E-01  3.7000E+02  0.0000E+00  0.0000E+00  1.0000E-03  0.0000E+00  0.0000E+00  0.0000E+00
  1.7388E-01  5.8000E-01  3.7000E+02  0.0000E+00  0.0000E+00  1.0000E-03  0.0000E+00  0.0000E+00  0.0000E+00
  1.7538E-01  5.8500E-01  3.7000E+02  0.0000E+00  0.0000E+00  1.0000E-03  0.0000E+00  0.0000E+00  0.0000E+00
  1.7688E-01  5.9000E-01  3.7000E+02  0.0000E+00  0.0000E+00  1.0000E-03  0.0000E+00  0.0000E+00  0.0000E+00
  1.7838E-01  5.9500E-01  3.7000E+02  0.0000E+00  0.0000E+00  1.0000E-03  0.0000E+00  0.0000E+00  0.0000E+00
  1.7988E-01  6.0000E-01  3.7000E+02  0.0000E+00  0.0000E+00  1.0000E-03  0.0000E+00  0.0000E+00  0.0000E+00
  1.8137E-01  6.0500E-01  3.7000E+02  0.0000E+00  0.0000E+00  1.0000E-03  0.0000E+00  0.0000E+00  0.0000E+00
  1.8287E-01  6.1000E-01  3.7000E+02  0.0000E+00  0.0000E+00  1.0000E-03  0.0000E+00  0.0000E+00  0.0000E+00
  1.8437E-01  6.1500E-01  3.7000E+02  0.0000E+00  0.0000E+00  1.0000E-03  0.0000E+00  0.0000E+00  0.0000E+00
  1.8587E-01  6.2000E-01  3.7000E+02  0.0000E+00  0.0000E+00  1.0000E-03  0.0000E+00  0.0000E+00  0.0000E+00
  1.8737E-01  6.2500E-01  3.7000E+02  0.0000E+00  0.0000E+00  1.0000E-03  0.0000E+00  0.0000E+00  0.0000E+00
  1.8887E-01  6.3000E-01  3.7000E+02  0.0000E+00  0.0000E+00  1.0000E-03  0.0000E+00  0.0000E+00  0.0000E+00
  1.9037E-01  6.3500E-01  3.7000E+02  0.0000E+00  0.0000E+00  1.0000E-03  0.0000E+00  0.0000E+00  0.0000E+00
  1.9187E-01  6.4000E-01  3.7000E+02  0.0000E+00  0.0000E+00  1.0000E-03  0.0000E+00  0.0000E+00  0.0000E+00
  1.9337E-01  6.4500E-01  3.7000E+02  0.0000E+00  0.0000E+00  1.0000E-03  0.0000E+00  0.0000E+00  0.0000E+00
  1.9486E-01  6.5000E-01  3.7000E+02  0.0000E+00  0.0000E+00  1.0000E-03  0.0000E+00  0.0000E+00  0.0000E+00
  1.9636E-01  6.5500E-01  3.7000E+02  0.0000E+00  0.0000E+00  1.0000E-03  0.0000E+00  0.0000E+00  0.0000E+00
  1.9786E-01  6.6000E-01  3.7000E+02  0.0000E+00  0.0000E+00  1.0000E-03  0.0000E+00  0.0000E+00  0.0000E+00
  1.9936E-01  6.6500E-01  3.7000E+02  0.0000E+00  0.0000E+00  1.0000E-03  0.0000E+00  0.0000E+00  0.0000E+00
  2.0086E-01  6.7000E-01  3.7000E+02  0.0000E+00  0.0000E+00  1.0000E-03  0.0000E+00  0.0000E+00  0.0000E+00
  2.0236E-01  6.7500E-01  3.7000E+02  0.0000E+00  0.0000E+00  1.0000E-03  0.0000E+00  0.0000E+00  0.0000E+00
  2.0386E-01  6.8000E-01  3.7000E+02  0.0000E+00  0.0000E+00  1.0000E-03  0.0000E+00  0.0000E+00  0.0000E+00
  2.0536E-01  6.8500E-01  3.7000E+02  0.0000E+00  0.0000E+00  1.0000E-03  0.0000E+00  0.0000E+00  0.0000E+00
  2.0686E-01  6.9000E-01  3.7000E+02  0.0000E+00  0.0000E+00  1.0000E-03  0.0000E+00  0.0000E+00  0.0000E+00
  2.0836E-01  6.9500E-01  3.7000E+02  0.0000E+00  0.0000E+00  1.0000E-03  0.0000E+00  0.0000E+00  0.0000E+00
  2.0985E-01  7.0000E-01  3.7000E+02  0.0000E+00  0.0000E+00  1.0000E-03  0.0000E+00  0.0000E+00  0.0000E+00
  2.1135E-01  7.0500E-01  3.7000E+02  0.0000E+00  0.0000E+00  1.0000E-03  0.0000E+00  0.0000E+00  0.0000E+00
  2.1285E-01  7.1000E-01  3.7000E+02  0.0000E+00  0.0000E+00  1.0000E-03  0.0000E+00  0.0000E+00  0.0000E+00
  2.1435E-01  7.1500E-01  3.7000E+02  0.0000E+00  0.0000E+00  1.0000E-03  0.0000E+00  0.0000E+00  0.0000E+00
  2.1585E-01  7.2000E-01  3.7000E+02  0.0000E+00  0.0000E+00  1.0000E-03  0.0000E+00  0.0000E+00  0.0000E+00
  2.1735E-01  7.2500E-01  3.7000E+02  0.0000E+00  0.0000E+00  1.0000E-03  0.0000E+00  0.0000E+00  0.0000E+00
  2.1885E-01  7.3000E-01  3.7000E+02  0.0000E+00  0.0000E+00  1.0000E-03  0.0000E+00  0.0000E+00  0.0000E+00
  2.2035E-01  7.3500E-01  3.7000E+02  0.0000E+00  0.0000E+00  1.0000E-03  0.0000E+00  0.0000E+00  0.0000E+00
  2.2185E-01  7.4000E-01  3.7000E+02  0.0000E+00  0.0000E+00  1.0000E-03  0.0000E+00  0.0000E+00  0.0000E+00
  2.2335E-01  7.4500E-01  3.7000E+02  0.0000E+00  0.0000E+00  1.0000E-03  0.0000E+00  0.0000E+00  0.0000E+00
  2.2484E-01  7.5000E-01  3.7000E+02  0.0000E+00  0.0000E+00  1.0000E-03  0.0000E+00  0.0000E+00  0.0000E+00
  2.2634E-01  7.5500E-01  3.7000E+02  0.0000E+00  0.0000E+00  1.0000E-03  0.0000E+00  0.0000E+00  0.0000E+00
  2.2784E-01  7.6000E-01  3.7000E+02  0.0000E+00  0.0000E+00  1.0000E-03  0.0000E+00  0.0000E+00  0.0000E+00
  2.2934E-01  7.6500E-01  3.7000E+02  0.0000E+00  0.0000E+00  1.0000E-03  0.0000E+00  0.0000E+00  0.0000E+00
  2.3084E-01  7.7000E-01  3.7000E+02  0.0000E+00  0.0000E+00  1.0000E-03  0.0000E+00  0.0000E+00  0.0000E+00
  2.3234E-01  7.7500E-01  3.7000E+02  0.0000E+00  0.0000E+00  1.0000E-03  0.0000E+00  0.0000E+00  0.0000E+00
  2.3384E-01  7.8000E-01  3.7000E+02  0.0000E+00  0.0000E+00  1.0000E-03  0.0000E+00  0.0000E+00  0.0000E+00
  2.3534E-01  7.8500E-01  3.7000E+02  0.0000E+00  0.0000E+00  1.0000E-03  0.0000E+00  0.0000E+00  0.0000E+00
  2.3684E-01  7.9000E-01  3.7000E+02  0.0000E+00  0.0000E+00  1.0000E-03  0.0000E+00  0.0000E+00  0.0000E+00
  2.3833E-01  7.9500E-01  3.7000E+02  0.0000E+00  0.0000E+00  1.0000E-03  0.0000E+00  0.0000E+00  0.0000E+00
  2.3983E-01  8.0000E-01  3.7000E+02  0.0000E+00  0.0000E+00  1.0000E-03  0.0000E+00  0.0000E+00  0.0000E+00
  2.4133E-01  8.0500E-01  3.7000E+02  0.0000E+00  0.0000E+00  1.0000E-03  0.0000E+00  0.0000E+00  0.0000E+00
  2.4283E-01  8.1000E-01  3.7000E+02  0.0000E+00  0.0000E+00  1.0000E-03  0.0000E+00  0.0000E+00  0.0000E+00
  2.4433E-01  8.1500E-01  3.7000E+02  0.0000E+00  0.0000E+00  1.0000E-03  0.0000E+00  0.0000E+00  0.0000E+00
  2.4583E-01  8.2000E-01  3.7000E+02  0.0000E+00  0.0000E+00  1.0000E-03  0.0000E+00  0.0000E+00  0.0000E+00
  2.4733E-01  8.2500E-01  3.7000E+02  0.0000E+00  0.0000E+00  1.0000E-03  0.0000E+00  0.0000E+00  0.0000E+00
  2.4883E-01  8.3000E-01  3.7000E+02  0.0000E+00  0.0000E+00  1.0000E-03  0.0000E+00  0.0000E+00  0.0000E+00
  2.5033E-01  8.3500E-01  3.7000E+02  0.0000E+00  0.0000E+00  1.0000E-03  0.0000E+00  0.0000E+00  0.0000E+00
  2.5183E-01  8.4000E-01  3.7000E+02  0.0000E+00  0.0000E+00  1.0000E-03  0.0000E+00  0.0000E+00  0.0000E+00
  2.5332E-01  8.4500E-01  3.7000E+02  0.0000E+00  0.0000E+00  1.0000E-03  0.0000E+00  0.0000E+00  0.0000E+00
  2.5482E-01  8.5000E-01  3.7000E+02  0.0000E+00  0.0000E+00  1.0000E-03  0.0000E+00  0.0000E+00  0.0000E+00
  2.5632E-01  8.5500E-01  3.7000E+02  0.0000E+00  0.0000E+00  1.0000E-03  0.0000E+00  0.0000E+00  0.0000E+00
  2.5782E-01  8.6000E-01  3.7000E+02  0.0000E+00  0.0000E+00  1.0000E-03  0.0000E+00  0.0000E+00  0.0000E+00
  2.5932E-01  8.6500E-01  3.7000E+02  0.0000E+00  0.0000E+00  1.0000E-03  0.0000E+00  0.0000E+00  0.0000E+00
  2.6082E-01  8.7000E-01  3.7000E+02  0.0000E+00  0.0000E+00  1.0000E-03  0.0000E+00  0.0000E+00  0.0000E+00
  2.6232E-01  8.7500E-01  3.7000E+02  0.0000E+00  0.0000E+00  1.0000E-03  0.0000E+00  0.0000E+00  0.0000E+00
  2.6382E-01  8.8000E-01  3.7000E+02  0.0000E+00  0.0000E+00  1.0000E-03  0.0000E+00  0.0000E+00  0.0000E+00
  2.6532E-01  8.8500E-01  3.7000E+02  0.0000E+00  0.0000E+00  1.0000E-03  0.0000E+00  0.0000E+00  0.0000E+00
  2.6682E-01  8.9000E-01  3.7000E+02  0.0000E+00  0.0000E+00  1.0000E-03  0.0000E+00  0.0000E+00  0.0000E+00
  2.6831E-01  8.9500E-01  3.7000E+02  0.0000E+00  0.0000E+00  1.0000E-03  0.0000E+00  0.0000E+00  0.0000E+00
  2.6981E-01  9.0000E-01  3.7000E+02  0.0000E+00  0.0000E+00  1.0000E-03  0.0000E+00  0.0000E+00  0.0000E+00
  2.7131E-01  9.0500E-01  3.7000E+02  0.0000E+00  0.0000E+00  1.0000E-03  0.0000E+00  0.0000E+00  0.0000E+00
  2.7281E-01  9.1000E-01  3.7000E+02  0.0000E+00  0.0000E+00  1.0000E-03  0.0000E+00  0.0000E+00  0.0000E+00
  2.7431E-01  9.1500E-01  3.7000E+02  0.0000E+00  0.0000E+00  1.0000E-03  0.0000E+00  0.0000E+00  0.0000E+00
  2.7581E-01  9.2000E-01  3.7000E+02  0.0000E+00  0.0000E+00  1.0000E-03  0.0000E+00  0.0000E+00  0.0000E+00
  2.7731E-01  9.2500E-01  3.7000E+02  0.0000E+00  0.0000E+00  1.0000E-03  0.0000E+00  0.0000E+00  0.0000E+00
  2.7881E-01  9.3000E-01  3.7000E+02  0.0000E+00  0.0000E+00  1.0000E-03  0.0000E+00  0.0000E+00  0.0000E+00
  2.8031E-01  9.3500E-01  3.7000E+02  0.0000E+00  0.0000E+00  1.0000E-03  0.0000E+00  0.0000E+00  0.0000E+00
  2.8180E-01  9.4000E-01  3.7000E+02  0.0000E+00  0.0000E+00  1.0000E-03  0.0000E+00  0.0000E+00  0.0000E+00
  2.8330E-01  9.4500E-01  3.7000E+02  0.0000E+00  0.0000E+00  1.0000E-03  0.0000E+00  0.0000E+00  0.0000E+00
  2.8480E-01  9.5000E-01  3.7000E+02  0.0000E+00  0.0000E+00  1.0000E-03  0.0000E+00  0.0000E+00  0.0000E+00
  2.8630E-01  9.5500E-01  3.7000E+02  0.0000E+00  0.0000E+00  1.0000E-03  0.0000E+00  0.0000E+00  0.0000E+00
  2.8780E-01  9.6000E-01  3.7000E+02  0.0000E+00  0.0000E+00  1.0000E-03  0.0000E+00  0.0000E+00  0.0000E+00
  2.8930E-01  9.6500E-01  3.7000E+02  0.0000E+00  0.0000E+00  1.0000E-03  0.0000E+00  0.0000E+00  0.0000E+00
  2.9080E-01  9.7000E-01  3.7000E+02  0.0000E+00  0.0000E+00  1.0000E-03  0.0000E+00  0.0000E+00  0.0000E+00
  2.9230E-01  9.7500E-01  3.7000E+02  0.0000E+00  0.0000E+00  1.0000E-03  0.0000E+00  0.0000E+00  0.0000E+00
  2.9380E-01  9.8000E-01  3.7000E+02  0.0000E+00  0.0000E+00  1.0000E-03  0.0000E+00  0.0000E+00  0.0000E+00
  2.9530E-01  9.8500E-01  3.7000E+02  0.0000E+00  0.0000E+00  1.0000E-03  0.0000E+00  0.0000E+00  0.0000E+00
  2.9679E-01  9.9000E-01  3.7000E+02  0.0000E+00  0.0000E+00  1.0000E-03  0.0000E+00  0.0000E+00  0.0000E+00
  2.9829E-01  9.9500E-01  3.7000E+02  0.0000E+00  0.0000E+00  1.0000E-03  0.0000E+00  0.0000E+00  0.0000E+00
  2.9979E-01  1.0000E+00  3.7000E+02  0.0000E+00  0.0000E+00  1.0000E-03  0.0000E+00  0.0000E+00  0.0000E+00
  3.0129E-01  1.0050E+00  3.7000E+02  0.0000E+00  0.0000E+00  1.0000E-03  0.0000E+00  0.0000E+00  0.0000E+00
  3.0279E-01  1.0100E+00  3.7000E+02  0.0000E+00  0.0000E+00  1.0000E-03  0.0000E+00  0.0000E+00  0.0000E+00
  3.0429E-01  1.0150E+00  3.7000E+02  0.0000E+00  0.0000E+00  1.0000E-03  0.0000E+00  0.0000E+00  0.0000E+00
  3.0579E-01  1.0200E+00  3.7000E+02  0.0000E+00  0.0000E+00  1.0000E-03  0.0000E+00  0.0000E+00  0.0000E+00
  3.0729E-01  1.0250E+00  3.7000E+02  0.0000E+00  0.0000E+00  1.0000E-03  0.0000E+00  0.0000E+00  0.0000E+00
  3.0879E-01  1.0300E+00  3.7000E+02  0.0000E+00  0.0000E+00  1.0000E-03  0.0000E+00  0.0000E+00  0.0000E+00
  3.1028E-01  1.0350E+00  3.7000E+02  0.0000E+00  0.0000E+00  1.0000E-03  0.0000E+00  0.0000E+00  0.0000E+00
  3.1178E-01  1.0400E+00  3.7000E+02  0.0000E+00  0.0000E+00  1.0000E-03  0.0000E+00  0.0000E+00  0.0000E+00
  3.1328E-01  1.0450E+00  3.7000E+02  0.0000E+00  0.0000E+00  1.0000E-03  0.0000E+00  0.0000E+00  0.0000E+00
  3.1478E-01  1.0500E+00  3.7000E+02  0.0000E+00  0.0000E+00  1.0000E-03  0.0000E+00  0.0000E+00  0.0000E+00
  3.1628E-01  1.0550E+00  3.7000E+02  0.0000E+00  0.0000E+00  1.0000E-03  0.0000E+00  0.0000E+00  0.0000E+00
  3.1778E-01  1.0600E+00  3.7000E+02  0.0000E+00  0.0000E+00  1.0000E-03  0.0000E+00  0.0000E+00  0.0000E+00
  3.1928E-01  1.0650E+00  3.7000E+02  0.0000E+00  0.0000E+00  1.0000E-03  0.0000E+00  0.0000E+00  0.0000E+00
  3.2078E-01  1.0700E+00  3.7000E+02  0.0000E+00  0.0000E+00  1.0000E-03  0.0000E+00  0.0000E+00  0.0000E+00
  3.2228E-01  1.0750E+00  3.7000E+02  0.0000E+00  0.0000E+00  1.0000E-03  0.0000E+00  0.0000E+00  0.0000E+00
  3.2378E-01  1.0800E+00  3.7000E+02  0.0000E+00  0.0000E+00  1.0000E-03  0.0000E+00  0.0000E+00  0.0000E+00
  3.2527E-01  1.0850E+00  3.7000E+02  0.0000E+00  0.0000E+00  1.0000E-03  0.0000E+00  0.0000E+00  0.0000E+00
  3.2677E-01  1.0900E+00  3.7000E+02  0.0000E+00  0.0000E+00  1.0000E-03  0.0000E+00  0.0000E+00  0.0000E+00
  3.2827E-01  1.0950E+00  3.7000E+02  0.0000E+00  0.0000E+00  1.0000E-03  0.0000E+00  0.0000E+00  0.0000E+00
  3.2977E-01  1.1000E+00  3.7000E+02  0.0000E+00  0.0000E+00  1.0000E-03  0.0000E+00  0.0000E+00  0.0000E+00
  3.3127E-01  1.1050E+00  3.7000E+02  0.0000E+00  0.0000E+00  1.0000E-03  0.0000E+00  0.0000E+00  0.0000E+00
  3.3277E-01  1.1100E+00  3.7000E+02  0.0000E+00  0.0000E+00  1.0000E-03  0.0000E+00  0.0000E+00  0.0000E+00
  3.3427E-01  1.1150E+00  3.7000E+02  0.0000E+00  0.0000E+00  1.0000E-03  0.0000E+00  0.0000E+00  0.0000E+00
  3.3577E-01  1.1200E+00  3.7000E+02  0.0000E+00  0.0000E+00  1.0000E-03  0.0000E+00  0.0000E+00  0.0000E+00
  3.3727E-01  1.1250E+00  3.7000E+02  0.0000E+00  0.0000E+00  1.0000E-03  0.0000E+00  0.0000E+00  0.0000E+00
  3.3877E-01  1.1300E+00  3.7000E+02  0.0000E+00  0.0000E+00  1.0000E-03  0.0000E+00  0.0000E+00  0.0000E+00
  3.4026E-01  1.1350E+00  3.7000E+02  0.0000E+00  0.0000E+00  1.0000E-03  0.0000E+00  0.0000E+00  0.0000E+00
  3.4176E-01  1.1400E+00  3.7000E+02  0.0000E+00  0.0000E+00  1.0000E-03  0.0000E+00  0.0000E+00  0.0000E+00
  3.4326E-01  1.1450E+00  3.7000E+02  0.0000E+00  0.0000E+00  1.0000E-03  0.0000E+00  0.0000E+00  0.0000E+00
  3.4476E-01  1.1500E+00  3.7000E+02  0.0000E+00  0.0000E+00  1.0000E-03  0.0000E+00  0.0000E+00  0.0000E+00
  3.4626E-01  1.1550E+00  3.7000E+02  0.0000E+00  0.0000E+00  1.0000E-03  0.0000E+00  0.0000E+00  0.0000E+00
  3.4776E-01  1.1600E+00  3.7000E+02  0.0000E+00  0.0000E+00  1.0000E-03  0.0000E+00  0.0000E+00  0.0000E+00
  3.4926E-01  1.1650E+00  3.7000E+02  0.0000E+00  0.0000E+00  1.0000E-03  0.0000E+00  0.0000E+00  0.0000E+00
  3.5076E-01  1.1700E+00  3.7000E+02  0.0000E+00  0.0000E+00  1.0000E-03  0.0000E+00  0.0000E+00  0.0000E+00
  3.5226E-01  1.1750E+00  3.7000E+02  0.0000E+00  0.0000E+00  1.0000E-03  0.0000E+00  0.0000E+00  0.0000E+00
  3.5375E-01  1.1800E+00  3.7000E+02  0.0000E+00  0.0000E+00  1.0000E-03  0.0000E+00  0.0000E+00  0.0000E+00
  3.5525E-01  1.1850E+00  3.7000E+02  0.0000E+00  0.0000E+00  1.0000E-03  0.0000E+00  0.0000E+00  0.0000E+00
  3.5675E-01  1.1900E+00  3.7000E+02  0.0000E+00  0.0000E+00  1.0000E-03  0.0000E+00  0.0000E+00  0.0000E+00
  3.5825E-01  1.1950E+00  3.7000E+02  0.0000E+00  0.0000E+00  1.0000E-03  0.0000E+00  0.0000E+00  0.0000E+00
  3.5975E-01  1.2000E+00  3.7000E+02  0.0000E+00  0.0000E+00  1.0000E-03  0.0000E+00  0.0000E+00  0.0000E+00
  3.6125E-01  1.2050E+00  3.7000E+02  0.0000E+00  0.0000E+00  1.0000E-03  0.0000E+00  0.0000E+00  0.0000E+00
  3.6275E-01  1.2100E+00  3.7000E+02  0.0000E+00  0.0000E+00  1.0000E-03  0.0000E+00  0.0000E+00  0.0000E+00
  3.6425E-01  1.2150E+00  3.7000E+02  0.0000E+00  0.0000E+00  1.0000E-03  0.0000E+00  0.0000E+00  0.0000E+00
  3.6575E-01  1.2200E+00  3.7000E+02  0.0000E+00  0.0000E+00  1.0000E-03  0.0000E+00  0.0000E+00  0.0000E+00
  3.6725E-01  1.2250E+00  3.7000E+02  0.0000E+00  0.0000E+00  1.0000E-03  0.0000E+00  0.0000E+00  0.0000E+00
  3.6874E-01  1.2300E+00  3.7000E+02  0.0000E+00  0.0000E+00  1.0000E-03  0.0000E+00  0.0000E+00  0.0000E+00
  3.7024E-01  1.2350E+00  3.7000E+02  0.0000E+00  0.0000E+00  1.0000E-03  0.0000E+00  0.0000E+00  0.0000E+00
  3.7174E-01  1.2400E+00  3.7000E+02  0.0000E+00  0.0000E+00  1.0000E-03  0.0000E+00  0.0000E+00  0.0000E+00
  3.7324E-01  1.2450E+00  3.7000E+02  0.0000E+00  0.0000E+00  1.0000E-03  0.0000E+00  0.0000E+00  0.0000E+00
  3.7474E-01  1.2500E+00  3.7000E+02  0.0000E+00  0.0000E+00  1.0000E-03  0.0000E+00  0.0000E+00  0.0000E+00
  3.7624E-01  1.2550E+00  3.7000E+02  0.0000E+00  0.0000E+00  1.0000E-03  0.0000E+00  0.0000E+00  0.0000E+00
  3.7774E-01  1.2600E+00  3.7000E+02  0.0000E+00  0.0000E+00  1.0000E-03  0.0000E+00  0.0000E+00  0.0000E+00
  3.7924E-01  1.2650E+00  3.7000E+02  0.0000E+00  0.0000E+00  1.0000E-03  0.0000E+00  0.0000E+00  0.0000E+00
  3.8074E-01  1.2700E+00  3.7000E+02  0.0000E+00  0.0000E+00  1.0000E-03  0.0000E+00  0.0000E+00  0.0000E+00
  3.8224E-01  1.2750E+00  3.7000E+02  0.0000E+00  0.0000E+00  1.0000E-03  0.0000E+00  0.0000E+00  0.0000E+00
  3.8373E-01  1.2800E+00  3.7000E+02  0.0000E+00  0.0000E+00  1.0000E-03  0.0000E+00  0.0000E+00  0.0000E+00
  3.8523E-01  1.2850E+00  3.7000E+02  0.0000E+00  0.0000E+00  1.0000E-03  0.0000E+00  0.0000E+00  0.0000E+00
  3.8673E-01  1.2900E+00  3.7000E+02  0.0000E+00  0.0000E+00  1.0000E-03  0.0000E+00  0.0000E+00  0.0000E+00
  3.8823E-01  1.2950E+00  3.7000E+02  0.0000E+00  0.0000E+00  1.0000E-03  0.0000E+00  0.0000E+00  0.0000E+00
  3.8973E-01  1.3000E+00  3.7000E+02  0.0000E+00  0.0000E+00  1.0000E-03  0.0000E+00  0.0000E+00  0.0000E+00
  3.9123E-01  1.3050E+00  3.7000E+02  0.0000E+00  0.0000E+00  1.0000E-03  0.0000E+00  0.0000E+00  0.0000E+00
  3.9273E-01  1.3100E+00  3.7000E+02  0.0000E+00  0.0000E+00  1.0000E-03  0.0000E+00  0.0000E+00  0.0000E+00
  3.9423E-01  1.3150E+00  3.7000E+02  0.0000E+00  0.0000E+00  1.0000E-03  0.0000E+00  0.0000E+00  0.0000E+00
  3.9573E-01  1.3200E+00  3.7000E+02  0.0000E+00  0.0000E+00  1.0000E-03  0.0000E+00  0.0000E+00  0.0000E+00
  3.9722E-01  1.3250E+00  3.7000E+02  0.0000E+00  0.0000E+00  1.0000E-03  0.0000E+00  0.0000E+00  0.0000E+00
  3.9872E-01  1.3300E+00  3.7000E+02  0.0000E+00  0.0000E+00  1.0000E-03  0.0000E+00  0.0000E+00  0.0000E+00
  4.0022E-01  1.3350E+00  3.7000E+02  0.0000E+00  0.0000E+00  1.0000E-03  0.0000E+00  0.0000E+00  0.0000E+00
  4.0172E-01  1.3400E+00  3.7000E+02  0.0000E+00  0.0000E+00  1.0000E-03  0.0000E+00  0.0000E+00  0.0000E+00
  4.0322E-01  1.3450E+00  3.7000E+02  0.0000E+00  0.0000E+00  1.0000E-03  0.0000E+00  0.0000E+00  0.0000E+00
  4.0472E-01  1.3500E+00  3.7000E+02  0.0000E+00  0.0000E+00  1.0000E-03  0.0000E+00  0.0000E+00  0.0000E+00
  4.0622E-01  1.3550E+00  3.7000E+02  0.0000E+00  0.0000E+00  1.0000E-03  0.0000E+00  0.0000E+00  0.0000E+00
  4.0772E-01  1.3600E+00  3.7000E+02  0.0000E+00  0.0000E+00  1.0000E-03  0.0000E+00  0.0000E+00  0.0000E+00
  4.0922E-01  1.3650E+00  3.7000E+02  0.0000E+00  0.0000E+00  1.0000E-03  0.0000E+00  0.0000E+00  0.0000E+00
  4.1072E-01  1.3700E+00  3.7000E+02  0.0000E+00  0.0000E+00  1.0000E-03  0.0000E+00  0.0000E+00  0.0000E+00
  4.1221E-01  1.3750E+00  3.7000E+02  0.0000E+00  0.0000E+00  1.0000E-03  0.0000E+00  0.0000E+00  0.0000E+00
  4.1371E-01  1.3800E+00  3.7000E+02  0.0000E+00  0.0000E+00  1.0000E-03  0.0000E+00  0.0000E+00  0.0000E+00
  4.1521E-01  1.3850E+00  3.7000E+02  0.0000E+00  0.0000E+00  1.0000E-03  0.0000E+00  0.0000E+00  0.0000E+00
  4.1671E-01  1.3900E+00  3.7000E+02  0.0000E+00  0.0000E+00  1.0000E-03  0.0000E+00  0.0000E+00  0.0000E+00
  4.1821E-01  1.3950E+00  3.7000E+02  0.0000E+00  0.0000E+00  1.0000E-03  0.0000E+00  0.0000E+00  0.0000E+00
  4.1971E-01  1.4000E+00  3.7000E+02  0.0000E+00  0.0000E+00  1.0000E-03  0.0000E+00  0.0000E+00  0.0000E+00
  4.2121E-01  1.4050E+00  3.7000E+02  0.0000E+00  0.0000E+00  1.0000E-03  0.0000E+00  0.0000E+00  0.0000E+00
  4.2271E-01  1.4100E+00  3.7000E+02  0.0000E+00  0.0000E+00  1.0000E-03  0.0000E+00  0.0000E+00  0.0000E+00
  4.2421E-01  1.4150E+00  3.7000E+02  0.0000E+00  0.0000E+00  1.0000E-03  0.0000E+00  0.0000E+00  0.0000E+00
  4.2570E-01  1.4200E+00  3.7000E+02  0.0000E+00  0.0000E+00  1.0000E-03  0.0000E+00  0.0000E+00  0.0000E+00
  4.2720E-01  1.4250E+00  3.7000E+02  0.0000E+00  0.0000E+00  1.0000E-03  0.0000E+00  0.0000E+00  0.0000E+00
  4.2870E-01  1.4300E+00  3.7000E+02  0.0000E+00  0.0000E+00  1.0000E-03  0.0000E+00  0.0000E+00  0.0000E+00
  4.3020E-01  1.4350E+00  3.7000E+02  0.0000E+00  0.0000E+00  1.0000E-03  0.0000E+00  0.0000E+00  0.0000E+00
  4.3170E-01  1.4400E+00  3.7000E+02  0.0000E+00  0.0000E+00  1.0000E-03  0.0000E+00  0.0000E+00  0.0000E+00
  4.3320E-01  1.4450E+00  3.7000E+02  0.0000E+00  0.0000E+00  1.0000E-03  0.0000E+00  0.0000E+00  0.0000E+00
  4.3470E-01  1.4500E+00  3.7000E+02  0.0000E+00  0.0000E+00  1.0000E-03  0.0000E+00  0.0000E+00  0.0000E+00
  4.3620E-01  1.4550E+00  3.7000E+02  0.0000E+00  0.0000E+00  1.0000E-03  0.0000E+00  0.0000E+00  0.0000E+00
  4.3770E-01  1.4600E+00  3.7000E+02  0.0000E+00  0.0000E+00  1.0000E-03  0.0000E+00  0.0000E+00  0.0000E+00
  4.3920E-01  1.4650E+00  3.7000E+02  0.0000E+00  0.0000E+00  1.0000E-03  0.0000E+00  0.0000E+00  0.0000E+00
  4.4069E-01  1.4700E+00  3.7000E+02  0.0000E+00  0.0000E+00  1.0000E-03  0.0000E+00  0.0000E+00  0.0000E+00
  4.4219E-01  1.4750E+00  3.7000E+02  0.0000E+00  0.0000E+00  1.0000E-03  0.0000E+00  0.0000E+00  0.0000E+00
  4.4369E-01  1.4800E+00  3.7000E+02  0.0000E+00  0.0000E+00  1.0000E-03  0.0000E+00  0.0000E+00  0.0000E+00
  4.4519E-01  1.4850E+00  3.7000E+02  0.0000E+00  0.0000E+00  1.0000E-03  0.0000E+00  0.0000E+00  0.0000E+00
  4.4669E-01  1.4900E+00  3.7000E+02  0.0000E+00  0.0000E+00  1.0000E-03  0.0000E+00  0.0000E+00  0.0000E+00
  4.4819E-01  1.4950E+00  3.7000E+02  0.0000E+00  0.0000E+00  1.0000E-03  0.0000E+00  0.0000E+00  0.0000E+00
  4.4969E-01  1.5000E+00  3.7000E+02  0.0000E+00  0.0000E+00  1.0000E-03  0.0000E+00  0.0000E+00  0.0000E+00
  4.5119E-01  1.5050E+00  3.7000E+02  0.0000E+00  0.0000E+00  1.0000E-03  0.0000E+00  0.0000E+00  0.0000E+00
  4.5269E-01  1.5100E+00  3.7000E+02  0.0000E+00  0.0000E+00  1.0000E-03  0.0000E+00  0.0000E+00  0.0000E+00
  4.5419E-01  1.5150E+00  3.7000E+02  0.0000E+00  0.0000E+00  1.0000E-03  0.0000E+00  0.0000E+00  0.0000E+00
  4.5568E-01  1.5200E+00  3.7000E+02  0.0000E+00  0.0000E+00  1.0000E-03  0.0000E+00  0.0000E+00  0.0000E+00
  4.5718E-01  1.5250E+00  3.7000E+02  0.0000E+00  0.0000E+00  1.0000E-03  0.0000E+00  0.0000E+00  0.0000E+00
  4.5868E-01  1.5300E+00  3.7000E+02  0.0000E+00  0.0000E+00  1.0000E-03  0.0000E+00  0.0000E+00  0.0000E+00
  4.6018E-01  1.5350E+00  3.7000E+02  0.0000E+00  0.0000E+00  1.0000E-03  0.0000E+00  0.0000E+00  0.0000E+00
  4.6168E-01  1.5400E+00  3.7000E+02  0.0000E+00  0.0000E+00  1.0000E-03  0.0000E+00  0.0000E+00  0.0000E+00
  4.6318E-01  1.5450E+00  3.7000E+02  0.0000E+00  0.0000E+00  1.0000E-03  0.0000E+00  0.0000E+00  0.0000E+00
  4.6468E-01  1.5500E+00  3.7000E+02  0.0000E+00  0.0000E+00  1.0000E-03  0.0000E+00  0.0000E+00  0.0000E+00
  4.6618E-01  1.5550E+00  3.7000E+02  0.0000E+00  0.0000E+00  1.0000E-03  0.0000E+00  0.0000E+00  0.0000E+00
  4.6768E-01  1.5600E+00  3.7000E+02  0.0000E+00  0.0000E+00  1.0000E-03  0.0000E+00  0.0000E+00  0.0000E+00
  4.6917E-01  1.5650E+00  3.7000E+02  0.0000E+00  0.0000E+00  1.0000E-03  0.0000E+00  0.0000E+00  0.0000E+00
  4.7067E-01  1.5700E+00  3.7000E+02  0.0000E+00  0.0000E+00  1.0000E-03  0.0000E+00  0.0000E+00  0.0000E+00
  4.7217E-01  1.5750E+00  3.7000E+02  0.0000E+00  0.0000E+00  1.0000E-03  0.0000E+00  0.0000E+00  0.0000E+00
  4.7367E-01  1.5800E+00  3.7000E+02  0.0000E+00  0.0000E+00  1.0000E-03  0.0000E+00  0.0000E+00  0.0000E+00
  4.7517E-01  1.5850E+00  3.7000E+02  0.0000E+00  0.0000E+00  1.0000E-03  0.0000E+00  0.0000E+00  0.0000E+00
  4.7667E-01  1.5900E+00  3.7000E+02  0.0000E+00  0.0000E+00  1.0000E-03  0.0000E+00  0.0000E+00  0.0000E+00
  4.7817E-01  1.5950E+00  3.7000E+02  0.0000E+00  0.0000E+00  1.0000E-03  0.0000E+00  0.0000E+00  0.0000E+00
  4.7967E-01  1.6000E+00  3.7000E+02  0.0000E+00  0.0000E+00  1.0000E-03  0.0000E+00  0.0000E+00  0.0000E+00
  4.8117E-01  1.6050E+00  3.7000E+02  0.0000E+00  0.0000E+00  1.0000E-03  0.0000E+00  0.0000E+00  0.0000E+00
  4.8267E-01  1.6100E+00  3.7000E+02  0.0000E+00  0.0000E+00  1.0000E-03  0.0000E+00  0.0000E+00  0.0000E+00
  4.8416E-01  1.6150E+00  3.7000E+02  0.0000E+00  0.0000E+00  1.0000E-03  0.0000E+00  0.0000E+00  0.0000E+00
  4.8566E-01  1.6200E+00  3.7000E+02  0.0000E+00  0.0000E+00  1.0000E-03  0.0000E+00  0.0000E+00  0.0000E+00
  4.8716E-01  1.6250E+00  3.7000E+02  0.0000E+00  0.0000E+00  1.0000E-03  0.0000E+00  0.0000E+00  0.0000E+00
  4.8866E-01  1.6300E+00  3.7000E+02  0.0000E+00  0.0000E+00  1.0000E-03  0.0000E+00  0.0000E+00  0.0000E+00
  4.9016E-01  1.6350E+00  3.7000E+02  0.0000E+00  0.0000E+00  1.0000E-03  0.0000E+00  0.0000E+00  0.0000E+00
  4.9166E-01  1.6400E+00  3.7000E+02  0.0000E+00  0.0000E+00  1.0000E-03  0.0000E+00  0.0000E+00  0.0000E+00
  4.9316E-01  1.6450E+00  3.7000E+02  0.0000E+00  0.0000E+00  1.0000E-03  0.0000E+00  0.0000E+00  0.0000E+00
  4.9466E-01  1.6500E+00  3.7000E+02  0.0000E+00  0.0000E+00  1.0000E-03  0.0000E+00  0.0000E+00  0.0000E+00
  4.9616E-01  1.6550E+00  3.7000E+02  0.0000E+00  0.0000E+00  1.0000E-03  0.0000E+00  0.0000E+00  0.0000E+00
  4.9766E-01  1.6600E+00  3.7000E+02  0.0000E+00  0.0000E+00  1.0000E-03  0.0000E+00  0.0000E+00  0.0000E+00
  4.9915E-01  1.6650E+00  3.7000E+02  0.0000E+00  0.0000E+00  1.0000E-03  0.0000E+00  0.0000E+00  0.0000E+00
  5.0065E-01  1.6700E+00  3.7000E+02  0.0000E+00  0.0000E+00  1.0000E-03  0.0000E+00  0.0000E+00  0.0000E+00
  5.0215E-01  1.6750E+00  3.7000E+02  0.0000E+00  0.0000E+00  1.0000E-03  0.0000E+00  0.0000E+00  0.0000E+00
  5.0365E-01  1.6800E+00  3.7000E+02  0.0000E+00  0.0000E+00  1.0000E-03  0.0000E+00  0.0000E+00  0.0000E+00
  5.0515E-01  1.6850E+00  3.7000E+02  0.0000E+00  0.0000E+00  1.0000E-03  0.0000E+00  0.0000E+00  0.0000E+00
  5.0665E-01  1.6900E+00  3.7000E+02  0.0000E+00  0.0000E+00  1.0000E-03  0.0000E+00  0.0000E+00  0.0000E+00
  5.0815E-01  1.6950E+00  3.7000E+02  0.0000E+00  0.0000E+00  1.0000E-03  0.0000E+00  0.0000E+00  0.0000E+00
  5.0965E-01  1.7000E+00  3.7000E+02  0.0000E+00  0.0000E+00  1.0000E-03  0.0000E+00  0.0000E+00  0.0000E+00
  5.1115E-01  1.7050E+00  3.7000E+02  0.0000E+00  0.0000E+00  1.0000E-03  0.0000E+00  0.0000E+00  0.0000E+00
  5.1264E-01  1.7100E+00  3.7000E+02  0.0000E+00  0.0000E+00  1.0000E-03  0.0000E+00  0.0000E+00  0.0000E+00
  5.1414E-01  1.7150E+00  3.7000E+02  0.0000E+00  0.0000E+00  1.0000E-03  0.0000E+00  0.0000E+00  0.0000E+00
  5.1564E-01  1.7200E+00  3.7000E+02  0.0000E+00  0.0000E+00  1.0000E-03  0.0000E+00  0.0000E+00  0.0000E+00
  5.1714E-01  1.7250E+00  3.7000E+02  0.0000E+00  0.0000E+00  1.0000E-03  0.0000E+00  0.0000E+00  0.0000E+00
  5.1864E-01  1.7300E+00  3.7000E+02  0.0000E+00  0.0000E+00  1.0000E-03  0.0000E+00  0.0000E+00  0.0000E+00
  5.2014E-01  1.7350E+00  3.7000E+02  0.0000E+00  0.0000E+00  1.0000E-03  0.0000E+00  0.0000E+00  0.0000E+00
  5.2164E-01  1.7400E+00  3.7000E+02  0.0000E+00  0.0000E+00  1.0000E-03  0.0000E+00  0.0000E+00  0.0000E+00
  5.2314E-01  1.7450E+00  3.7000E+02  0.0000E+00  0.0000E+00  1.0000E-03  0.0000E+00  0.0000E+00  0.0000E+00
  5.2464E-01  1.7500E+00  3.7000E+02  0.0000E+00  0.0000E+00  1.0000E-03  0.0000E+00  0.0000E+00  0.0000E+00
  5.2614E-01  1.7550E+00  3.7000E+02  0.0000E+00  0.0000E+00  1.0000E-03  0.0000E+00  0.0000E+00  0.0000E+00
  5.2763E-01  1.7600E+00  3.7000E+02  0.0000E+00  0.0000E+00  1.0000E-03  0.0000E+00  0.0000E+00  0.0000E+00
  5.2913E-01  1.7650E+00  3.7000E+02  0.0000E+00  0.0000E+00  1.0000E-03  0.0000E+00  0.0000E+00  0.0000E+00
  5.3063E-01  1.7700E+00  3.7000E+02  0.0000E+00  0.0000E+00  1.0000E-03  0.0000E+00  0.0000E+00  0.0000E+00
  5.3213E-01  1.7750E+00  3.7000E+02  0.0000E+00  0.0000E+00  1.0000E-03  0.0000E+00  0.0000E+00  0.0000E+00
  5.3363E-01  1.7800E+00  3.7000E+02  0.0000E+00  0.0000E+00  1.0000E-03  0.0000E+00  0.0000E+00  0.0000E+00
  5.3513E-01  1.7850E+00  3.7000E+02  0.0000E+00  0.0000E+00  1.0000E-03  0.0000E+00  0.0000E+00  0.0000E+00
  5.3663E-01  1.7900E+00  3.7000E+02  0.0000E+00  0.0000E+00  1.0000E-03  0.0000E+00  0.0000E+00  0.0000E+00
  5.3813E-01  1.7950E+00  3.7000E+02  0.0000E+00  0.0000E+00  1.0000E-03  0.0000E+00  0.0000E+00  0.0000E+00
  5.3963E-01  1.8000E+00  3.7000E+02  0.0000E+00  0.0000E+00  1.0000E-03  0.0000E+00  0.0000E+00  0.0000E+00
  5.4112E-01  1.8050E+00  3.7000E+02  0.0000E+00  0.0000E+00  1.0000E-03  0.0000E+00  0.0000E+00  0.0000E+00
  5.4262E-01  1.8100E+00  3.7000E+02  0.0000E+00  0.0000E+00  1.0000E-03  0.0000E+00  0.0000E+00  0.0000E+00
  5.4412E-01  1.8150E+00  3.7000E+02  0.0000E+00  0.0000E+00  1.0000E-03  0.0000E+00  0.0000E+00  0.0000E+00
  5.4562E-01  1.8200E+00  3.7000E+02  0.0000E+00  0.0000E+00  1.0000E-03  0.0000E+00  0.0000E+00  0.0000E+00
  5.4712E-01  1.8250E+00  3.7000E+02  0.0000E+00  0.0000E+00  1.0000E-03  0.0000E+00  0.0000E+00  0.0000E+00
  5.4862E-01  1.8300E+00  3.7000E+02  0.0000E+00  0.0000E+00  1.0000E-03  0.0000E+00  0.0000E+00  0.0000E+00
  5.5012E-01  1.8350E+00  3.7000E+02  0.0000E+00  0.0000E+00  1.0000E-03  0.0000E+00  0.0000E+00  0.0000E+00
  5.5162E-01  1.8400E+00  3.7000E+02  0.0000E+00  0.0000E+00  1.0000E-03  0.0000E+00  0.0000E+00  0.0000E+00
  5.5312E-01  1.8450E+00  3.7000E+02  0.0000E+00  0.0000E+00  1.0000E-03  0.0000E+00  0.0000E+00  0.0000E+00
  5.5462E-01  1.8500E+00  3.7000E+02  0.0000E+00  0.0000E+00  1.0000E-03  0.0000E+00  0.0000E+00  0.0000E+00
  5.5611E-01  1.8550E+00  3.7000E+02  0.0000E+00  0.0000E+00  1.0000E-03  0.0000E+00  0.0000E+00  0.0000E+00
  5.5761E-01  1.8600E+00  3.7000E+02  0.0000E+00  0.0000E+00  1.0000E-03  0.0000E+00  0.0000E+00  0.0000E+00
  5.5911E-01  1.8650E+00  3.7000E+02  0.0000E+00  0.0000E+00  1.0000E-03  0.0000E+00  0.0000E+00  0.0000E+00
  5.6061E-01  1.8700E+00  3.7000E+02  0.0000E+00  0.0000E+00  1.0000E-03  0.0000E+00  0.0000E+00  0.0000E+00
  5.6211E-01  1.8750E+00  3.7000E+02  0.0000E+00  0.0000E+00  1.0000E-03  0.0000E+00  0.0000E+00  0.0000E+00
  5.6361E-01  1.8800E+00  3.7000E+02  0.0000E+00  0.0000E+00  1.0000E-03  0.0000E+00  0.0000E+00  0.0000E+00
  5.6511E-01  1.8850E+00  3.7000E+02  0.0000E+00  0.0000E+00  1.0000E-03  0.0000E+00  0.0000E+00  0.0000E+00
  5.6661E-01  1.8900E+00  3.7000E+02  0.0000E+00  0.0000E+00  1.0000E-03  0.0000E+00  0.0000E+00  0.0000E+00
  5.6811E-01  1.8950E+00  3.7000E+02  0.0000E+00  0.0000E+00  1.0000E-03  0.0000E+00  0.0000E+00  0.0000E+00
  5.6961E-01  1.9000E+00  3.7000E+02  0.0000E+00  0.0000E+00  1.0000E-03  0.0000E+00  0.0000E+00  0.0000E+00
  5.7110E-01  1.9050E+00  3.7000E+02  0.0000E+00  0.0000E+00  1.0000E-03  0.0000E+00  0.0000E+00  0.0000E+00
  5.7260E-01  1.9100E+00  3.7000E+02  0.0000E+00  0.0000E+00  1.0000E-03  0.0000E+00  0.0000E+00  0.0000E+00
  5.7410E-01  1.9150E+00  3.7000E+02  0.0000E+00  0.0000E+00  1.0000E-03  0.0000E+00  0.0000E+00  0.0000E+00
  5.7560E-01  1.9200E+00  3.7000E+02  0.0000E+00  0.0000E+00  1.0000E-03  0.0000E+00  0.0000E+00  0.0000E+00
  5.7710E-01  1.9250E+00  3.7000E+02  0.0000E+00  0.0000E+00  1.0000E-03  0.0000E+00  0.0000E+00  0.0000E+00
  5.7860E-01  1.9300E+00  3.7000E+02  0.0000E+00  0.0000E+00  1.0000E-03  0.0000E+00  0.0000E+00  0.0000E+00
  5.8010E-01  1.9350E+00  3.7000E+02  0.0000E+00  0.0000E+00  1.0000E-03  0.0000E+00  0.0000E+00  0.0000E+00
  5.8160E-01  1.9400E+00  3.7000E+02  0.0000E+00  0.0000E+00  1.0000E-03  0.0000E+00  0.0000E+00  0.0000E+00
  5.8310E-01  1.9450E+00  3.7000E+02  0.0000E+00  0.0000E+00  1.0000E-03  0.0000E+00  0.0000E+00  0.0000E+00
  5.8459E-01  1.9500E+00  3.7000E+02  0.0000E+00  0.0000E+00  1.0000E-03  0.0000E+00  0.0000E+00  0.0000E+00
  5.8609E-01  1.9550E+00  3.7000E+02  0.0000E+00  0.0000E+00  1.0000E-03  0.0000E+00  0.0000E+00  0.0000E+00
  5.8759E-01  1.9600E+00  3.7000E+02  0.0000E+00  0.0000E+00  1.0000E-03  0.0000E+00  0.0000E+00  0.0000E+00
  5.8909E-01  1.9650E+00  3.7000E+02  0.0000E+00  0.0000E+00  1.0000E-03  0.0000E+00  0.0000E+00  0.0000E+00
  5.9059E-01  1.9700E+00  3.7000E+02  0.0000E+00  0.0000E+00  1.0000E-03  0.0000E+00  0.0000E+00  0.0000E+00
  5.9209E-01  1.9750E+00  3.7000E+02  0.0000E+00  0.0000E+00  1.0000E-03  0.0000E+00  0.0000E+00  0.0000E+00
  5.9359E-01  1.9800E+00  3.7000E+02  0.0000E+00  0.0000E+00  1.0000E-03  0.0000E+00  0.0000E+00  0.0000E+00
  5.9509E-01  1.9850E+00  3.7000E+02  0.0000E+00  0.0000E+00  1.0000E-03  0.0000E+00  0.0000E+00  0.0000E+00
  5.9659E-01  1.9900E+00  3.7000E+02  0.0000E+00  0.0000E+00  1.0000E-03  0.0000E+00  0.0000E+00  0.0000E+00
  5.9809E-01  1.9950E+00  3.7000E+02  0.0000E+00  0.0000E+00  1.0000E-03  0.0000E+00  0.0000E+00  0.0000E+00
  5.9958E-01  2.0000E+00  3.7000E+02  0.0000E+00  0.0000E+00  1.0000E-03  0.0000E+00  0.0000E+00  0.0000E+00
  6.0108E-01  2.0050E+00  3.7000E+02  0.0000E+00  0.0000E+00  1.0000E-03  0.0000E+00  0.0000E+00  0.0000E+00
  6.0258E-01  2.0100E+00  3.7000E+02  0.0000E+00  0.0000E+00  1.0000E-03  0.0000E+00  0.0000E+00  0.0000E+00
  6.0408E-01  2.0150E+00  3.7000E+02  0.0000E+00  0.0000E+00  1.0000E-03  0.0000E+00  0.0000E+00  0.0000E+00
  6.0558E-01  2.0200E+00  3.7000E+02  0.0000E+00  0.0000E+00  1.0000E-03  0.0000E+00  0.0000E+00  0.0000E+00
  6.0708E-01  2.0250E+00  3.7000E+02  0.0000E+00  0.0000E+00  1.0000E-03  0.0000E+00  0.0000E+00  0.0000E+00
  6.0858E-01  2.0300E+00  3.7000E+02  0.0000E+00  0.0000E+00  1.0000E-03  0.0000E+00  0.0000E+00  0.0000E+00
  6.1008E-01  2.0350E+00  3.7000E+02  0.0000E+00  0.0000E+00  1.0000E-03  0.0000E+00  0.0000E+00  0.0000E+00
  6.1158E-01  2.0400E+00  3.7000E+02  0.0000E+00  0.0000E+00  1.0000E-03  0.0000E+00  0.0000E+00  0.0000E+00
  6.1307E-01  2.0450E+00  3.7000E+02  0.0000E+00  0.0000E+00  1.0000E-03  0.0000E+00  0.0000E+00  0.0000E+00
  6.1457E-01  2.0500E+00  3.7000E+02  0.0000E+00  0.0000E+00  1.0000E-03  0.0000E+00  0.0000E+00  0.0000E+00
  6.1607E-01  2.0550E+00  3.7000E+02  0.0000E+00  0.0000E+00  1.0000E-03  0.0000E+00  0.0000E+00  0.0000E+00
  6.1757E-01  2.0600E+00  3.7000E+02  0.0000E+00  0.0000E+00  1.0000E-03  0.0000E+00  0.0000E+00  0.0000E+00
  6.1907E-01  2.0650E+00  3.7000E+02  0.0000E+00  0.0000E+00  1.0000E-03  0.0000E+00  0.0000E+00  0.0000E+00
  6.2057E-01  2.0700E+00  3.7000E+02  0.0000E+00  0.0000E+00  1.0000E-03  0.0000E+00  0.0000E+00  0.0000E+00
  6.2207E-01  2.0750E+00  3.7000E+02  0.0000E+00  0.0000E+00  1.0000E-03  0.0000E+00  0.0000E+00  0.0000E+00
  6.2357E-01  2.0800E+00  3.7000E+02  0.0000E+00  0.0000E+00  1.0000E-03  0.0000E+00  0.0000E+00  0.0000E+00
  6.2507E-01  2.0850E+00  3.7000E+02  0.0000E+00  0.0000E+00  1.0000E-03  0.0000E+00  0.0000E+00  0.0000E+00
  6.2657E-01  2.0900E+00  3.7000E+02  0.0000E+00  0.0000E+00  1.0000E-03  0.0000E+00  0.0000E+00  0.0000E+00
  6.2806E-01  2.0950E+00  3.7000E+02  0.0000E+00  0.0000E+00  1.0000E-03  0.0000E+00  0.0000E+00  0.0000E+00
  6.2956E-01  2.1000E+00  3.7000E+02  0.0000E+00  0.0000E+00  1.0000E-03  0.0000E+00  0.0000E+00  0.0000E+00
  6.3106E-01  2.1050E+00  3.7000E+02  0.0000E+00  0.0000E+00  1.0000E-03  0.0000E+00  0.0000E+00  0.0000E+00
  6.3256E-01  2.1100E+00  3.7000E+02  0.0000E+00  0.0000E+00  1.0000E-03  0.0000E+00  0.0000E+00  0.0000E+00
  6.3406E-01  2.1150E+00  3.7000E+02  0.0000E+00  0.0000E+00  1.0000E-03  0.0000E+00  0.0000E+00  0.0000E+00
  6.3556E-01  2.1200E+00  3.7000E+02  0.0000E+00  0.0000E+00  1.0000E-03  0.0000E+00  0.0000E+00  0.0000E+00
  6.3706E-01  2.1250E+00  3.7000E+02  0.0000E+00  0.0000E+00  1.0000E-03  0.0000E+00  0.0000E+00  0.0000E+00
  6.3856E-01  2.1300E+00  3.7000E+02  0.0000E+00  0.0000E+00  1.0000E-03  0.0000E+00  0.0000E+00  0.0000E+00
  6.4006E-01  2.1350E+00  3.7000E+02  0.0000E+00  0.0000E+00  1.0000E-03  0.0000E+00  0.0000E+00  0.0000E+00
  6.4156E-01  2.1400E+00  3.7000E+02  0.0000E+00  0.0000E+00  1.0000E-03  0.0000E+00  0.0000E+00  0.0000E+00
  6.4305E-01  2.1450E+00  3.7000E+02  0.0000E+00  0.0000E+00  1.0000E-03  0.0000E+00  0.0000E+00  0.0000E+00
  6.4455E-01  2.1500E+00  3.7000E+02  0.0000E+00  0.0000E+00  1.0000E-03  0.0000E+00  0.0000E+00  0.0000E+00
  6.4605E-01  2.1550E+00  3.7000E+02  0.0000E+00  0.0000E+00  1.0000E-03  0.0000E+00  0.0000E+00  0.0000E+00
  6.4755E-01  2.1600E+00  3.7000E+02  0.0000E+00  0.0000E+00  1.0000E-03  0.0000E+00  0.0000E+00  0.0000E+00
  6.4905E-01  2.1650E+00  3.7000E+02  0.0000E+00  0.0000E+00  1.0000E-03  0.0000E+00  0.0000E+00  0.0000E+00
  6.5055E-01  2.1700E+00  3.7000E+02  0.0000E+00  0.0000E+00  1.0000E-03  0.0000E+00  0.0000E+00  0.0000E+00
  6.5205E-01  2.1750E+00  3.7000E+02  0.0000E+00  0.0000E+00  1.0000E-03  0.0000E+00  0.0000E+00  0.0000E+00
  6.5355E-01  2.1800E+00  3.7000E+02  0.0000E+00  0.0000E+00  1.0000E-03  0.0000E+00  0.0000E+00  0.0000E+00
  6.5505E-01  2.1850E+00  3.7000E+02  0.0000E+00  0.0000E+00  1.0000E-03  0.0000E+00  0.0000E+00  0.0000E+00
  6.5654E-01  2.1900E+00  3.7000E+02  0.0000E+00  0.0000E+00  1.0000E-03  0.0000E+00  0.0000E+00  0.0000E+00
  6.5804E-01  2.1950E+00  3.7000E+02  0.0000E+00  0.0000E+00  1.0000E-03  0.0000E+00  0.0000E+00  0.0000E+00
  6.5954E-01  2.2000E+00  3.7000E+02  0.0000E+00  0.0000E+00  1.0000E-03  0.0000E+00  0.0000E+00  0.0000E+00
  6.6104E-01  2.2050E+00  3.7000E+02  0.0000E+00  0.0000E+00  1.0000E-03  0.0000E+00  0.0000E+00  0.0000E+00
  6.6254E-01  2.2100E+00  3.7000E+02  0.0000E+00  0.0000E+00  1.0000E-03  0.0000E+00  0.0000E+00  0.0000E+00
  6.6404E-01  2.2150E+00  3.7000E+02  0.0000E+00  0.0000E+00  1.0000E-03  0.0000E+00  0.0000E+00  0.0000E+00
  6.6554E-01  2.2200E+00  3.7000E+02  0.0000E+00  0.0000E+00  1.0000E-03  0.0000E+00  0.0000E+00  0.0000E+00
  6.6704E-01  2.2250E+00  3.7000E+02  0.0000E+00  0.0000E+00  1.0000E-03  0.0000E+00  0.0000E+00  0.0000E+00
  6.6854E-01  2.2300E+00  3.7000E+02  0.0000E+00  0.0000E+00  1.0000E-03  0.0000E+00  0.0000E+00  0.0000E+00
  6.7004E-01  2.2350E+00  3.7000E+02  0.0000E+00  0.0000E+00  1.0000E-03  0.0000E+00  0.0000E+00  0.0000E+00
  6.7153E-01  2.2400E+00  3.7000E+02  0.0000E+00  0.0000E+00  1.0000E-03  0.0000E+00  0.0000E+00  0.0000E+00
  6.7303E-01  2.2450E+00  3.7000E+02  0.0000E+00  0.0000E+00  1.0000E-03  0.0000E+00  0.0000E+00  0.0000E+00
  6.7453E-01  2.2500E+00  3.7000E+02  0.0000E+00  0.0000E+00  1.0000E-03  0.0000E+00  0.0000E+00  0.0000E+00
  6.7603E-01  2.2550E+00  3.7000E+02  0.0000E+00  0.0000E+00  1.0000E-03  0.0000E+00  0.0000E+00  0.0000E+00
  6.7753E-01  2.2600E+00  3.7000E+02  0.0000E+00  0.0000E+00  1.0000E-03  0.0000E+00  0.0000E+00  0.0000E+00
  6.7903E-01  2.2650E+00  3.7000E+02  0.0000E+00  0.0000E+00  1.0000E-03  0.0000E+00  0.0000E+00  0.0000E+00
  6.8053E-01  2.2700E+00  3.7000E+02  0.0000E+00  0.0000E+00  1.0000E-03  0.0000E+00  0.0000E+00  0.0000E+00
  6.8203E-01  2.2750E+00  3.7000E+02  0.0000E+00  0.0000E+00  1.0000E-03  0.0000E+00  0.0000E+00  0.0000E+00
  6.8353E-01  2.2800E+00  3.7000E+02  0.0000E+00  0.0000E+00  1.0000E-03  0.0000E+00  0.0000E+00  0.0000E+00
  6.8503E-01  2.2850E+00  3.7000E+02  0.0000E+00  0.0000E+00  1.0000E-03  0.0000E+00  0.0000E+00  0.0000E+00
  6.8652E-01  2.2900E+00  3.7000E+02  0.0000E+00  0.0000E+00  1.0000E-03  0.0000E+00  0.0000E+00  0.0000E+00
  6.8802E-01  2.2950E+00  3.7000E+02  0.0000E+00  0.0000E+00  1.0000E-03  0.0000E+00  0.0000E+00  0.0000E+00
  6.8952E-01  2.3000E+00  3.7000E+02  0.0000E+00  0.0000E+00  1.0000E-03  0.0000E+00  0.0000E+00  0.0000E+00
  6.9102E-01  2.3050E+00  3.7000E+02  0.0000E+00  0.0000E+00  1.0000E-03  0.0000E+00  0.0000E+00  0.0000E+00
  6.9252E-01  2.3100E+00  3.7000E+02  0.0000E+00  0.0000E+00  1.0000E-03  0.0000E+00  0.0000E+00  0.0000E+00
  6.9402E-01  2.3150E+00  3.7000E+02  0.0000E+00  0.0000E+00  1.0000E-03  0.0000E+00  0.0000E+00  0.0000E+00
  6.9552E-01  2.3200E+00  3.7000E+02  0.0000E+00  0.0000E+00  1.0000E-03  0.0000E+00  0.0000E+00  0.0000E+00
  6.9702E-01  2.3250E+00  3.7000E+02  0.0000E+00  0.0000E+00  1.0000E-03  0.0000E+00  0.0000E+00  0.0000E+00
  6.9852E-01  2.3300E+00  3.7000E+02  0.0000E+00  0.0000E+00  1.0000E-03  0.0000E+00  0.0000E+00  0.0000E+00
  7.0001E-01  2.3350E+00  3.7000E+02  0.0000E+00  0.0000E+00  1.0000E-03  0.0000E+00  0.0000E+00  0.0000E+00
  7.0151E-01  2.3400E+00  3.7000E+02  0.0000E+00  0.0000E+00  1.0000E-03  0.0000E+00  0.0000E+00  0.0000E+00
  7.0301E-01  2.3450E+00  3.7000E+02  0.0000E+00  0.0000E+00  1.0000E-03  0.0000E+00  0.0000E+00  0.0000E+00
  7.0451E-01  2.3500E+00  3.7000E+02  0.0000E+00  0.0000E+00  1.0000E-03  0.0000E+00  0.0000E+00  0.0000E+00
  7.0601E-01  2.3550E+00  3.7000E+02  0.0000E+00  0.0000E+00  1.0000E-03  0.0000E+00  0.0000E+00  0.0000E+00
  7.0751E-01  2.3600E+00  3.7000E+02  0.0000E+00  0.0000E+00  1.0000E-03  0.0000E+00  0.0000E+00  0.0000E+00
  7.0901E-01  2.3650E+00  3.7000E+02  0.0000E+00  0.0000E+00  1.0000E-03  0.0000E+00  0.0000E+00  0.0000E+00
  7.1051E-01  2.3700E+00  3.7000E+02  0.0000E+00  0.0000E+00  1.0000E-03  0.0000E+00  0.0000E+00  0.0000E+00
  7.1201E-01  2.3750E+00  3.7000E+02  0.0000E+00  0.0000E+00  1.0000E-03  0.0000E+00  0.0000E+00  0.0000E+00
  7.1351E-01  2.3800E+00  3.7000E+02  0.0000E+00  0.0000E+00  1.0000E-03  0.0000E+00  0.0000E+00  0.0000E+00
  7.1500E-01  2.3850E+00  3.7000E+02  0.0000E+00  0.0000E+00  1.0000E-03  0.0000E+00  0.0000E+00  0.0000E+00
  7.1650E-01  2.3900E+00  3.7000E+02  0.0000E+00  0.0000E+00  1.0000E-03  0.0000E+00  0.0000E+00  0.0000E+00
  7.1800E-01  2.3950E+00  3.7000E+02  0.0000E+00  0.0000E+00  1.0000E-03  0.0000E+00  0.0000E+00  0.0000E+00
  7.1950E-01  2.4000E+00  3.7000E+02  0.0000E+00  0.0000E+00  1.0000E-03  0.0000E+00  0.0000E+00  0.0000E+00
  7.2100E-01  2.4050E+00  3.7000E+02  0.0000E+00  0.0000E+00  1.0000E-03  0.0000E+00  0.0000E+00  0.0000E+00
  7.2250E-01  2.4100E+00  3.7000E+02  0.0000E+00  0.0000E+00  1.0000E-03  0.0000E+00  0.0000E+00  0.0000E+00
  7.2400E-01  2.4150E+00  3.7000E+02  0.0000E+00  0.0000E+00  1.0000E-03  0.0000E+00  0.0000E+00  0.0000E+00
  7.2550E-01  2.4200E+00  3.7000E+02  0.0000E+00  0.0000E+00  1.0000E-03  0.0000E+00  0.0000E+00  0.0000E+00
  7.2700E-01  2.4250E+00  3.7000E+02  0.0000E+00  0.0000E+00  1.0000E-03  0.0000E+00  0.0000E+00  0.0000E+00
  7.2849E-01  2.4300E+00  3.7000E+02  0.0000E+00  0.0000E+00  1.0000E-03  0.0000E+00  0.0000E+00  0.0000E+00
  7.2999E-01  2.4350E+00  3.7000E+02  0.0000E+00  0.0000E+00  1.0000E-03  0.0000E+00  0.0000E+00  0.0000E+00
  7.3149E-01  2.4400E+00  3.7000E+02  0.0000E+00  0.0000E+00  1.0000E-03  0.0000E+00  0.0000E+00  0.0000E+00
  7.3299E-01  2.4450E+00  3.7000E+02  0.0000E+00  0.0000E+00  1.0000E-03  0.0000E+00  0.0000E+00  0.0000E+00
  7.3449E-01  2.4500E+00  3.7000E+02  0.0000E+00  0.0000E+00  1.0000E-03  0.0000E+00  0.0000E+00  0.0000E+00
  7.3599E-01  2.4550E+00  3.7000E+02  0.0000E+00  0.0000E+00  1.0000E-03  0.0000E+00  0.0000E+00  0.0000E+00
  7.3749E-01  2.4600E+00  3.7000E+02  0.0000E+00  0.0000E+00  1.0000E-03  0.0000E+00  0.0000E+00  0.0000E+00
  7.3899E-01  2.4650E+00  3.7000E+02  0.0000E+00  0.0000E+00  1.0000E-03  0.0000E+00  0.0000E+00  0.0000E+00
  7.4049E-01  2.4700E+00  3.7000E+02  0.0000E+00  0.0000E+00  1.0000E-03  0.0000E+00  0.0000E+00  0.0000E+00
  7.4199E-01  2.4750E+00  3.7000E+02  0.0000E+00  0.0000E+00  1.0000E-03  0.0000E+00  0.0000E+00  0.0000E+00
  7.4348E-01  2.4800E+00  3.7000E+02  0.0000E+00  0.0000E+00  1.0000E-03  0.0000E+00  0.0000E+00  0.0000E+00
  7.4498E-01  2.4850E+00  3.7000E+02  0.0000E+00  0.0000E+00  1.0000E-03  0.0000E+00  0.0000E+00  0.0000E+00
  7.4648E-01  2.4900E+00  3.7000E+02  0.0000E+00  0.0000E+00  1.0000E-03  0.0000E+00  0.0000E+00  0.0000E+00
  7.4798E-01  2.4950E+00  3.7000E+02  0.0000E+00  0.0000E+00  1.0000E-03  0.0000E+00  0.0000E+00  0.0000E+00
  7.4948E-01  2.5000E+00  3.7000E+02  0.0000E+00  0.0000E+00  1.0000E-03  0.0000E+00  0.0000E+00  0.0000E+00
  7.5098E-01  2.5050E+00  3.7000E+02  0.0000E+00  0.0000E+00  1.0000E-03  0.0000E+00  0.0000E+00  0.0000E+00
  7.5248E-01  2.5100E+00  3.7000E+02  0.0000E+00  0.0000E+00  1.0000E-03  0.0000E+00  0.0000E+00  0.0000E+00
  7.5398E-01  2.5150E+00  3.7000E+02  0.0000E+00  0.0000E+00  1.0000E-03  0.0000E+00  0.0000E+00  0.0000E+00
  7.5548E-01  2.5200E+00  3.7000E+02  0.0000E+00  0.0000E+00  1.0000E-03  0.0000E+00  0.0000E+00  0.0000E+00
  7.5698E-01  2.5250E+00  3.7000E+02  0.0000E+00  0.0000E+00  1.0000E-03  0.0000E+00  0.0000E+00  0.0000E+00
  7.5847E-01  2.5300E+00  3.7000E+02  0.0000E+00  0.0000E+00  1.0000E-03  0.0000E+00  0.0000E+00  0.0000E+00
  7.5997E-01  2.5350E+00  3.7000E+02  0.0000E+00  0.0000E+00  1.0000E-03  0.0000E+00  0.0000E+00  0.0000E+00
  7.6147E-01  2.5400E+00  3.7000E+02  0.0000E+00  0.0000E+00  1.0000E-03  0.0000E+00  0.0000E+00  0.0000E+00
  7.6297E-01  2.5450E+00  3.7000E+02  0.0000E+00  0.0000E+00  1.0000E-03  0.0000E+00  0.0000E+00  0.0000E+00
  7.6447E-01  2.5500E+00  3.7000E+02  0.0000E+00  0.0000E+00  1.0000E-03  0.0000E+00  0.0000E+00  0.0000E+00
  7.6597E-01  2.5550E+00  3.7000E+02  0.0000E+00  0.0000E+00  1.0000E-03  0.0000E+00  0.0000E+00  0.0000E+00
  7.6747E-01  2.5600E+00  3.7000E+02  0.0000E+00  0.0000E+00  1.0000E-03  0.0000E+00  0.0000E+00  0.0000E+00
  7.6897E-01  2.5650E+00  3.7000E+02  0.0000E+00  0.0000E+00  1.0000E-03  0.0000E+00  0.0000E+00  0.0000E+00
  7.7047E-01  2.5700E+00  3.7000E+02  0.0000E+00  0.0000E+00  1.0000E-03  0.0000E+00  0.0000E+00  0.0000E+00
  7.7196E-01  2.5750E+00  3.7000E+02  0.0000E+00  0.0000E+00  1.0000E-03  0.0000E+00  0.0000E+00  0.0000E+00
  7.7346E-01  2.5800E+00  3.7000E+02  0.0000E+00  0.0000E+00  1.0000E-03  0.0000E+00  0.0000E+00  0.0000E+00
  7.7496E-01  2.5850E+00  3.7000E+02  0.0000E+00  0.0000E+00  1.0000E-03  0.0000E+00  0.0000E+00  0.0000E+00
  7.7646E-01  2.5900E+00  3.7000E+02  0.0000E+00  0.0000E+00  1.0000E-03  0.0000E+00  0.0000E+00  0.0000E+00
  7.7796E-01  2.5950E+00  3.7000E+02  0.0000E+00  0.0000E+00  1.0000E-03  0.0000E+00  0.0000E+00  0.0000E+00
  7.7946E-01  2.6000E+00  3.7000E+02  0.0000E+00  0.0000E+00  1.0000E-03  0.0000E+00  0.0000E+00  0.0000E+00
  7.8096E-01  2.6050E+00  3.7000E+02  0.0000E+00  0.0000E+00  1.0000E-03  0.0000E+00  0.0000E+00  0.0000E+00
  7.8246E-01  2.6100E+00  3.7000E+02  0.0000E+00  0.0000E+00  1.0000E-03  0.0000E+00  0.0000E+00  0.0000E+00
  7.8396E-01  2.6150E+00  3.7000E+02  0.0000E+00  0.0000E+00  1.0000E-03  0.0000E+00  0.0000E+00  0.0000E+00
  7.8546E-01  2.6200E+00  3.7000E+02  0.0000E+00  0.0000E+00  1.0000E-03  0.0000E+00  0.0000E+00  0.0000E+00
  7.8695E-01  2.6250E+00  3.7000E+02  0.0000E+00  0.0000E+00  1.0000E-03  0.0000E+00  0.0000E+00  0.0000E+00
  7.8845E-01  2.6300E+00  3.7000E+02  0.0000E+00  0.0000E+00  1.0000E-03  0.0000E+00  0.0000E+00  0.0000E+00
  7.8995E-01  2.6350E+00  3.7000E+02  0.0000E+00  0.0000E+00  1.0000E-03  0.0000E+00  0.0000E+00  0.0000E+00
  7.9145E-01  2.6400E+00  3.7000E+02  0.0000E+00  0.0000E+00  1.0000E-03  0.0000E+00  0.0000E+00  0.0000E+00
  7.9295E-01  2.6450E+00  3.7000E+02  0.0000E+00  0.0000E+00  1.0000E-03  0.0000E+00  0.0000E+00  0.0000E+00
  7.9445E-01  2.6500E+00  3.7000E+02  0.0000E+00  0.0000E+00  1.0000E-03  0.0000E+00  0.0000E+00  0.0000E+00
  7.9595E-01  2.6550E+00  3.7000E+02  0.0000E+00  0.0000E+00  1.0000E-03  0.0000E+00  0.0000E+00  0.0000E+00
  7.9745E-01  2.6600E+00  3.7000E+02  0.0000E+00  0.0000E+00  1.0000E-03  0.0000E+00  0.0000E+00  0.0000E+00
  7.9895E-01  2.6650E+00  3.7000E+02  0.0000E+00  0.0000E+00  1.0000E-03  0.0000E+00  0.0000E+00  0.0000E+00
  8.0045E-01  2.6700E+00  3.7000E+02  0.0000E+00  0.0000E+00  1.0000E-03  0.0000E+00  0.0000E+00  0.0000E+00
  8.0194E-01  2.6750E+00  3.7000E+02  0.0000E+00  0.0000E+00  1.0000E-03  0.0000E+00  0.0000E+00  0.0000E+00
  8.0344E-01  2.6800E+00  3.7000E+02  0.0000E+00  0.0000E+00  1.0000E-03  0.0000E+00  0.0000E+00  0.0000E+00
  8.0494E-01  2.6850E+00  3.7000E+02  0.0000E+00  0.0000E+00  1.0000E-03  0.0000E+00  0.0000E+00  0.0000E+00
  8.0644E-01  2.6900E+00  3.7000E+02  0.0000E+00  0.0000E+00  1.0000E-03  0.0000E+00  0.0000E+00  0.0000E+00
  8.0794E-01  2.6950E+00  3.7000E+02  0.0000E+00  0.0000E+00  1.0000E-03  0.0000E+00  0.0000E+00  0.0000E+00
  8.0944E-01  2.7000E+00  3.7000E+02  0.0000E+00  0.0000E+00  1.0000E-03  0.0000E+00  0.0000E+00  0.0000E+00
  8.1094E-01  2.7050E+00  3.7000E+02  0.0000E+00  0.0000E+00  1.0000E-03  0.0000E+00  0.0000E+00  0.0000E+00
  8.1244E-01  2.7100E+00  3.7000E+02  0.0000E+00  0.0000E+00  1.0000E-03  0.0000E+00  0.0000E+00  0.0000E+00
  8.1394E-01  2.7150E+00  3.7000E+02  0.0000E+00  0.0000E+00  1.0000E-03  0.0000E+00  0.0000E+00  0.0000E+00
  8.1543E-01  2.7200E+00  3.7000E+02  0.0000E+00  0.0000E+00  1.0000E-03  0.0000E+00  0.0000E+00  0.0000E+00
  8.1693E-01  2.7250E+00  3.7000E+02  0.0000E+00  0.0000E+00  1.0000E-03  0.0000E+00  0.0000E+00  0.0000E+00
  8.1843E-01  2.7300E+00  3.7000E+02  0.0000E+00  0.0000E+00  1.0000E-03  0.0000E+00  0.0000E+00  0.0000E+00
  8.1993E-01  2.7350E+00  3.7000E+02  0.0000E+00  0.0000E+00  1.0000E-03  0.0000E+00  0.0000E+00  0.0000E+00
  8.2143E-01  2.7400E+00  3.7000E+02  0.0000E+00  0.0000E+00  1.0000E-03  0.0000E+00  0.0000E+00  0.0000E+00
  8.2293E-01  2.7450E+00  3.7000E+02  0.0000E+00  0.0000E+00  1.0000E-03  0.0000E+00  0.0000E+00  0.0000E+00
  8.2443E-01  2.7500E+00  3.7000E+02  0.0000E+00  0.0000E+00  1.0000E-03  0.0000E+00  0.0000E+00  0.0000E+00
  8.2593E-01  2.7550E+00  3.7000E+02  0.0000E+00  0.0000E+00  1.0000E-03  0.0000E+00  0.0000E+00  0.0000E+00
  8.2743E-01  2.7600E+00  3.7000E+02  0.0000E+00  0.0000E+00  1.0000E-03  0.0000E+00  0.0000E+00  0.0000E+00
  8.2893E-01  2.7650E+00  3.7000E+02  0.0000E+00  0.0000E+00  1.0000E-03  0.0000E+00  0.0000E+00  0.0000E+00
  8.3042E-01  2.7700E+00  3.7000E+02  0.0000E+00  0.0000E+00  1.0000E-03  0.0000E+00  0.0000E+00  0.0000E+00
  8.3192E-01  2.7750E+00  3.7000E+02  0.0000E+00  0.0000E+00  1.0000E-03  0.0000E+00  0.0000E+00  0.0000E+00
  8.3342E-01  2.7800E+00  3.7000E+02  0.0000E+00  0.0000E+00  1.0000E-03  0.0000E+00  0.0000E+00  0.0000E+00
  8.3492E-01  2.7850E+00  3.7000E+02  0.0000E+00  0.0000E+00  1.0000E-03  0.0000E+00  0.0000E+00  0.0000E+00
  8.3642E-01  2.7900E+00  3.7000E+02  0.0000E+00  0.0000E+00  1.0000E-03  0.0000E+00  0.0000E+00  0.0000E+00
  8.3792E-01  2.7950E+00  3.7000E+02  0.0000E+00  0.0000E+00  1.0000E-03  0.0000E+00  0.0000E+00  0.0000E+00
  8.3942E-01  2.8000E+00  3.7000E+02  0.0000E+00  0.0000E+00  1.0000E-03  0.0000E+00  0.0000E+00  0.0000E+00
  8.4092E-01  2.8050E+00  3.7000E+02  0.0000E+00  0.0000E+00  1.0000E-03  0.0000E+00  0.0000E+00  0.0000E+00
  8.4242E-01  2.8100E+00  3.7000E+02  0.0000E+00  0.0000E+00  1.0000E-03  0.0000E+00  0.0000E+00  0.0000E+00
  8.4391E-01  2.8150E+00  3.7000E+02  0.0000E+00  0.0000E+00  1.0000E-03  0.0000E+00  0.0000E+00  0.0000E+00
  8.4541E-01  2.8200E+00  3.7000E+02  0.0000E+00  0.0000E+00  1.0000E-03  0.0000E+00  0.0000E+00  0.0000E+00
  8.4691E-01  2.8250E+00  3.7000E+02  0.0000E+00  0.0000E+00  1.0000E-03  0.0000E+00  0.0000E+00  0.0000E+00
  8.4841E-01  2.8300E+00  3.7000E+02  0.0000E+00  0.0000E+00  1.0000E-03  0.0000E+00  0.0000E+00  0.0000E+00
  8.4991E-01  2.8350E+00  3.7000E+02  0.0000E+00  0.0000E+00  1.0000E-03  0.0000E+00  0.0000E+00  0.0000E+00
  8.5141E-01  2.8400E+00  3.7000E+02  0.0000E+00  0.0000E+00  1.0000E-03  0.0000E+00  0.0000E+00  0.0000E+00
  8.5291E-01  2.8450E+00  3.7000E+02  0.0000E+00  0.0000E+00  1.0000E-03  0.0000E+00  0.0000E+00  0.0000E+00
  8.5441E-01  2.8500E+00  3.7000E+02  0.0000E+00  0.0000E+00  1.0000E-03  0.0000E+00  0.0000E+00  0.0000E+00
  8.5591E-01  2.8550E+00  3.7000E+02  0.0000E+00  0.0000E+00  1.0000E-03  0.0000E+00  0.0000E+00  0.0000E+00
  8.5741E-01  2.8600E+00  3.7000E+02  0.0000E+00  0.0000E+00  1.0000E-03  0.0000E+00  0.0000E+00  0.0000E+00
  8.5890E-01  2.8650E+00  3.7000E+02  0.0000E+00  0.0000E+00  1.0000E-03  0.0000E+00  0.0000E+00  0.0000E+00
  8.6040E-01  2.8700E+00  3.7000E+02  0.0000E+00  0.0000E+00  1.0000E-03  0.0000E+00  0.0000E+00  0.0000E+00
  8.6190E-01  2.8750E+00  3.7000E+02  0.0000E+00  0.0000E+00  1.0000E-03  0.0000E+00  0.0000E+00  0.0000E+00
  8.6340E-01  2.8800E+00  3.7000E+02  0.0000E+00  0.0000E+00  1.0000E-03  0.0000E+00  0.0000E+00  0.0000E+00
  8.6490E-01  2.8850E+00  3.7000E+02  0.0000E+00  0.0000E+00  1.0000E-03  0.0000E+00  0.0000E+00  0.0000E+00
  8.6640E-01  2.8900E+00  3.7000E+02  0.0000E+00  0.0000E+00  1.0000E-03  0.0000E+00  0.0000E+00  0.0000E+00
  8.6790E-01  2.8950E+00  3.7000E+02  0.0000E+00  0.0000E+00  1.0000E-03  0.0000E+00  0.0000E+00  0.0000E+00
  8.6940E-01  2.9000E+00  3.7000E+02  0.0000E+00  0.0000E+00  1.0000E-03  0.0000E+00  0.0000E+00  0.0000E+00
  8.7090E-01  2.9050E+00  3.7000E+02  0.0000E+00  0.0000E+00  1.0000E-03  0.0000E+00  0.0000E+00  0.0000E+00
  8.7240E-01  2.9100E+00  3.7000E+02  0.0000E+00  0.0000E+00  1.0000E-03  0.0000E+00  0.0000E+00  0.0000E+00
  8.7389E-01  2.9150E+00  3.7000E+02  0.0000E+00  0.0000E+00  1.0000E-03  0.0000E+00  0.0000E+00  0.0000E+00
  8.7539E-01  2.9200E+00  3.7000E+02  0.0000E+00  0.0000E+00  1.0000E-03  0.0000E+00  2.7130E-02  0.0000E+00
  8.7689E-01  2.9250E+00  3.7000E+02  0.0000E+00  0.0000E+00  1.0000E-03  0.0000E+00  7.1920E-02  0.0000E+00
  8.7839E-01  2.9300E+00  3.7000E+02  0.0000E+00  0.0000E+00  1.0000E-03  0.0000E+00  1.3555E-01  0.0000E+00
  8.7989E-01  2.9350E+00  3.7000E+02  0.0000E+00  0.0000E+00  1.0000E-03  0.0000E+00  2.2589E-01  0.0000E+00
  8.8139E-01  2.9400E+00  3.7000E+02  0.0000E+00  0.0000E+00  1.0000E-03  0.0000E+00  3.5404E-01  0.0000E+00
  8.8289E-01  2.9450E+00  3.7000E+02  0.0000E+00  0.0000E+00  1.0000E-03  0.0000E+00  5.3556E-01  0.0000E+00
  8.8439E-01  2.9500E+00  3.7000E+02  0.0000E+00  0.0000E+00  1.0000E-03  0.0000E+00  7.9223E-01  0.0000E+00
  8.8589E-01  2.9550E+00  3.7000E+02  0.0000E+00  0.0000E+00  1.0000E-03  0.0000E+00  1.1542E+00  0.0000E+00
  8.8738E-01  2.9600E+00  3.7000E+02  0.0000E+00  0.0000E+00  1.0000E-03  0.0000E+00  1.6629E+00  0.0000E+00
  8.8888E-01  2.9650E+00  3.7000E+02  0.0000E+00  0.0000E+00  1.0000E-03  0.0000E+00  2.3740E+00  0.0000E+00
  8.9038E-01  2.9700E+00  3.7000E+02  0.0000E+00  0.0000E+00  1.0000E-03  0.0000E+00  3.3615E+00  0.0000E+00
  8.9188E-01  2.9750E+00  3.7000E+02  0.0000E+00  0.0000E+00  1.0001E-03  0.0000E+00  4.7200E+00  0.0000E+00
  8.9338E-01  2.9800E+00  3.7000E+02  3.8756E-11  0.0000E+00  1.0001E-03  0.0000E+00  6.5657E+00  0.0000E+00
  8.9488E-01  2.9850E+00  3.7000E+02 -3.8756E-11  0.0000E+00  1.0001E-03  0.0000E+00  9.0339E+00  0.0000E+00
  8.9638E-01  2.9900E+00  3.7000E+02  0.0000E+00  0.0000E+00  1.0001E-03  0.0000E+00  1.2269E+01  0.0000E+00
  8.9788E-01  2.9950E+00  3.7000E+02  0.0000E+00  0.0000E+00  1.0002E-03  0.0000E+00  1.6408E+01  0.0000E+00
  8.9938E-01  3.0000E+00  3.7000E+02  0.0000E+00  0.0000E+00  1.0003E-03  0.0000E+00  2.1560E+01  0.0000E+00
  9.0088E-01  3.0050E+00  3.7000E+02  0.0000E+00  0.0000E+00  1.0004E-03  0.0000E+00  2.7782E+01  0.0000E+00
  9.0237E-01  3.0100E+00  3.7000E+02 -3.8756E-11  0.0000E+00  1.0005E-03  0.0000E+00  3.5069E+01  0.0000E+00
  9.0387E-01  3.0150E+00  3.7000E+02  0.0000E+00  0.0000E+00  1.0007E-03  0.0000E+00  4.3355E+01  0.0000E+00
  9.0537E-01  3.0200E+00  3.7000E+02  0.0000E+00  0.0000E+00  1.0009E-03  0.0000E+00  5.2525E+01  0.0000E+00
  9.0687E-01  3.0250E+00  3.7000E+02  0.0000E+00  0.0000E+00  1.0011E-03  0.0000E+00  6.2440E+01  0.0000E+00
  9.0837E-01  3.0300E+00  3.7000E+02 -3.8756E-11  0.0000E+00  1.0014E-03  0.0000E+00  7.2957E+01  0.0000E+00
  9.0987E-01  3.0350E+00  3.7000E+02  3.8756E-11  0.0000E+00  1.0017E-03  0.0000E+00  8.3944E+01  0.0000E+00
  9.1137E-01  3.0400E+00  3.7000E+02 -3.8756E-11  0.0000E+00  1.0020E-03  0.0000E+00  9.5289E+01  0.0000E+00
  9.1287E-01  3.0450E+00  3.7000E+02  3.8756E-11  0.0000E+00  1.0025E-03  0.0000E+00  1.0690E+02  0.0000E+00
  9.1437E-01  3.0500E+00  3.7000E+02 -3.8756E-11  0.0000E+00  1.0029E-03  0.0000E+00  1.1871E+02  0.0000E+00
  9.1587E-01  3.0550E+00  3.7000E+02  3.8756E-11  0.0000E+00  1.0034E-03  0.0000E+00  1.3067E+02  0.0000E+00
  9.1736E-01  3.0600E+00  3.7000E+02 -3.8756E-11  0.0000E+00  1.0040E-03  0.0000E+00  1.4273E+02  0.0000E+00
  9.1886E-01  3.0650E+00  3.7000E+02  3.8756E-11  0.0000E+00  1.0046E-03  0.0000E+00  1.5487E+02  0.0000E+00
  9.2036E-01  3.0700E+00  3.7000E+02  0.0000E+00  0.0000E+00  1.0052E-03  0.0000E+00  1.6706E+02  0.0000E+00
  9.2186E-01  3.0750E+00  3.7000E+02 -3.8756E-11  0.0000E+00  1.0059E-03  0.0000E+00  1.7930E+02  0.0000E+00
  9.2336E-01  3.0800E+00  3.7000E+02  0.0000E+00  0.0000E+00  1.0067E-03  0.0000E+00  1.9158E+02  0.0000E+00
  9.2486E-01  3.0850E+00  3.7000E+02  3.8756E-11  0.0000E+00  1.0075E-03  0.0000E+00  2.0388E+02  0.0000E+00
  9.2636E-01  3.0900E+00  3.7000E+02  0.0000E+00  0.0000E+00  1.0083E-03  0.0000E+00  2.1623E+02  0.0000E+00
  9.2786E-01  3.0950E+00  3.7000E+02  0.0000E+00  0.0000E+00  1.0092E-03  0.0000E+00  2.2860E+02  0.0000E+00
  9.2936E-01  3.1000E+00  3.7000E+02  3.8756E-11  0.0000E+00  1.0102E-03  0.0000E+00  2.4098E+02  0.0000E+00
  9.3085E-01  3.1050E+00  3.7000E+02  0.0000E+00  0.0000E+00  1.0112E-03  0.0000E+00  2.5337E+02  0.0000E+00
  9.3235E-01  3.1100E+00  3.7000E+02  0.0000E+00  0.0000E+00  1.0122E-03  0.0000E+00  2.6577E+02  0.0000E+00
  9.3385E-01  3.1150E+00  3.7000E+02  0.0000E+00  0.0000E+00  1.0133E-03  0.0000E+00  2.7819E+02  0.0000E+00
  9.3535E-01  3.1200E+00  3.7000E+02 -3.8756E-11  0.0000E+00  1.0145E-03  0.0000E+00  2.9061E+02  0.0000E+00
  9.3685E-01  3.1250E+00  3.7000E+02  0.0000E+00  0.0000E+00  1.0157E-03  0.0000E+00  3.0306E+02  0.0000E+00
  9.3835E-01  3.1300E+00  3.7000E+02 -3.8756E-11  0.0000E+00  1.0169E-03  0.0000E+00  3.1552E+02  0.0000E+00
  9.3985E-01  3.1350E+00  3.7000E+02  3.8756E-11  0.0000E+00  1.0183E-03  0.0000E+00  3.2799E+02  0.0000E+00
  9.4135E-01  3.1400E+00  3.7000E+02  0.0000E+00  0.0000E+00  1.0196E-03  0.0000E+00  3.4048E+02  0.0000E+00
  9.4285E-01  3.1450E+00  3.7000E+02  0.0000E+00  0.0000E+00  1.0210E-03  0.0000E+00  3.5299E+02  0.0000E+00
  9.4435E-01  3.1500E+00  3.7000E+02 -3.8756E-11  0.0000E+00  1.0225E-03  0.0000E+00  3.6552E+02  0.0000E+00
  9.4584E-01  3.1550E+00  3.7000E+02  3.8756E-11  0.0000E+00  1.0240E-03  0.0000E+00  3.7806E+02  0.0000E+00
  9.4734E-01  3.1600E+00  3.7000E+02 -3.8756E-11  0.0000E+00  1.0255E-03  0.0000E+00  3.9062E+02  0.0000E+00
  9.4884E-01  3.1650E+00  3.7000E+02  0.0000E+00  0.0000E+00  1.0271E-03  0.0000E+00  4.0320E+02  0.0000E+00
  9.5034E-01  3.1700E+00  3.7000E+02  0.0000E+00  0.0000E+00  1.0288E-03  0.0000E+00  4.1580E+02  0.0000E+00
  9.5184E-01  3.1750E+00  3.7000E+02  0.0000E+00  0.0000E+00  1.0305E-03  0.0000E+00  4.2843E+02  0.0000E+00
  9.5334E-01  3.1800E+00  3.7000E+02  3.8756E-11  0.0000E+00  1.0323E-03  0.0000E+00  4.4107E+02  0.0000E+00
  9.5484E-01  3.1850E+00  3.7000E+02  0.0000E+00  0.0000E+00  1.0341E-03  0.0000E+00  4.5373E+02  0.0000E+00
  9.5634E-01  3.1900E+00  3.7000E+02  0.0000E+00  0.0000E+00  1.0359E-03  0.0000E+00  4.6638E+02  0.0000E+00
  9.5784E-01  3.1950E+00  3.7000E+02 -3.8756E-11  0.0000E+00  1.0379E-03  0.0000E+00  4.7903E+02  0.0000E+00
  9.5933E-01  3.2000E+00  3.7000E+02  3.8756E-11  0.0000E+00  1.0398E-03  0.0000E+00  4.9168E+02  0.0000E+00
  9.6083E-01  3.2050E+00  3.7000E+02  0.0000E+00  0.0000E+00  1.0418E-03  0.0000E+00  5.0432E+02  0.0000E+00
  9.6233E-01  3.2100E+00  3.7000E+02  0.0000E+00  0.0000E+00  1.0439E-03  0.0000E+00  5.1694E+02  0.0000E+00
  9.6383E-01  3.2150E+00  3.7000E+02  0.0000E+00  0.0000E+00  1.0460E-03  0.0000E+00  5.2952E+02  0.0000E+00
  9.6533E-01  3.2200E+00  3.7000E+02  0.0000E+00  0.0000E+00  1.0482E-03  0.0000E+00  5.4202E+02  0.0000E+00
  9.6683E-01  3.2250E+00  3.7000E+02  0.0000E+00  0.0000E+00  1.0504E-03  0.0000E+00  5.5441E+02  0.0000E+00
  9.6833E-01  3.2300E+00  3.7000E+02  0.0000E+00  0.0000E+00  1.0527E-03  0.0000E+00  5.6664E+02  0.0000E+00
  9.6983E-01  3.2350E+00  3.7000E+02  0.0000E+00  0.0000E+00  1.0550E-03  0.0000E+00  5.7864E+02  0.0000E+00
  9.7133E-01  3.2400E+00  3.7000E+02 -3.8756E-11  0.0000E+00  1.0574E-03  0.0000E+00  5.9031E+02  0.0000E+00
  9.7283E-01  3.2450E+00  3.7000E+02  0.0000E+00  0.0000E+00  1.0598E-03  0.0000E+00  6.0154E+02  0.0000E+00
  9.7432E-01  3.2500E+00  3.7000E+02 -3.8756E-11  0.0000E+00  1.0623E-03  0.0000E+00  6.1219E+02  0.0000E+00
  9.7582E-01  3.2550E+00  3.7000E+02  0.0000E+00  0.0000E+00  1.0648E-03  0.0000E+00  6.2210E+02  0.0000E+00
  9.7732E-01  3.2600E+00  3.7000E+02 -3.8756E-11  0.0000E+00  1.0673E-03  0.0000E+00  6.3113E+02  0.0000E+00
  9.7882E-01  3.2650E+00  3.7000E+02  0.0000E+00  0.0000E+00  1.0699E-03  0.0000E+00  6.3914E+02  0.0000E+00
  9.8032E-01  3.2700E+00  3.7000E+02  0.0000E+00  0.0000E+00  1.0725E-03  0.0000E+00  6.4604E+02  0.0000E+00
  9.8182E-01  3.2750E+00  3.7000E+02  0.0000E+00  0.0000E+00  1.0751E-03  0.0000E+00  6.5180E+02  0.0000E+00
  9.8332E-01  3.2800E+00  3.7000E+02  0.0000E+00  0.0000E+00  1.0778E-03  0.0000E+00  6.5646E+02  0.0000E+00
  9.8482E-01  3.2850E+00  3.7000E+02 -3.8756E-11  0.0000E+00  1.0804E-03  0.0000E+00  6.6014E+02  0.0000E+00
  9.8632E-01  3.2900E+00  3.7000E+02  0.0000E+00  0.0000E+00  1.0831E-03  0.0000E+00  6.6296E+02  0.0000E+00
  9.8782E-01  3.2950E+00  3.7000E+02  0.0000E+00  0.0000E+00  1.0858E-03  0.0000E+00  6.6509E+02  0.0000E+00
  9.8931E-01  3.3000E+00  3.7000E+02  3.8756E-11  0.0000E+00  1.0885E-03  0.0000E+00  6.6666E+02  0.0000E+00
  9.9081E-01  3.3050E+00  3.7000E+02 -3.8756E-11  0.0000E+00  1.0912E-03  0.0000E+00  6.6781E+02  0.0000E+00
  9.9231E-01  3.3100E+00  3.7000E+02  0.0000E+00  0.0000E+00  1.0939E-03  0.0000E+00  6.6864E+02  0.0000E+00
  9.9381E-01  3.3150E+00  3.7000E+02  3.8756E-11  0.0000E+00  1.0966E-03  0.0000E+00  6.6924E+02  0.0000E+00
  9.9531E-01  3.3200E+00  3.7000E+02  0.0000E+00  0.0000E+00  1.0993E-03  0.0000E+00  6.6966E+02  0.0000E+00
  9.9681E-01  3.3250E+00  3.7000E+02  3.8756E-11  0.0000E+00  1.1020E-03  0.0000E+00  6.6997E+02  0.0000E+00
  9.9831E-01  3.3300E+00  3.7000E+02  0.0000E+00  0.0000E+00  1.1047E-03  0.0000E+00  6.7018E+02  0.0000E+00
  9.9981E-01  3.3350E+00  3.7000E+02  0.0000E+00  0.0000E+00  1.1075E-03  0.0000E+00  6.7033E+02  0.0000E+00
  1.0000E+00  3.3356E+00  3.7000E+02  3.0084E-10  0.0000E+00  1.1078E-03  0.0000E+00  6.7035E+02  0.0000E+00
