  1.4990E-03  5.0000E-03  7.5000E+02  0.0000E+00  0.0000E+00  0.0000E+00  1.4990E-03  0.0000E+00  7.5000E+05
  2.9979E-03  1.0000E-02  7.5000E+02  0.0000E+00  0.0000E+00  0.0000E+00  2.9979E-03  0.0000E+00  7.5000E+05
  4.4969E-03  1.5000E-02  7.5000E+02  0.0000E+00  0.0000E+00  0.0000E+00  4.4969E-03  0.0000E+00  7.5000E+05
  5.9958E-03  2.0000E-02  7.5000E+02  0.0000E+00  0.0000E+00  0.0000E+00  5.9958E-03  0.0000E+00  7.5000E+05
  7.4948E-03  2.5000E-02  7.5000E+02  0.0000E+00  0.0000E+00  0.0000E+00  7.4948E-03  0.0000E+00  7.5000E+05
  8.9938E-03  3.0000E-02  7.5000E+02  0.0000E+00  0.0000E+00  0.0000E+00  8.9938E-03  0.0000E+00  7.5000E+05
  1.0493E-02  3.5000E-02  7.5000E+02  0.0000E+00  0.0000E+00  0.0000E+00  1.0493E-02  0.0000E+00  7.5000E+05
  1.1992E-02  4.0000E-02  7.5000E+02  0.0000E+00  0.0000E+00  0.0000E+00  1.1992E-02  0.0000E+00  7.5000E+05
  1.3491E-02  4.5000E-02  7.5000E+02  0.0000E+00  0.0000E+00  0.0000E+00  1.3491E-02  0.0000E+00  7.5000E+05
  1.4990E-02  5.0000E-02  7.5000E+02  0.0000E+00  0.0000E+00  0.0000E+00  1.4990E-02  0.0000E+00  7.5000E+05
  1.6489E-02  5.5000E-02  7.5000E+02  0.0000E+00  0.0000E+00  0.0000E+00  1.6489E-02  0.0000E+00  7.5000E+05
  1.7988E-02  6.0000E-02  7.5000E+02  0.0000E+00  0.0000E+00  0.0000E+00  1.7988E-02  0.0000E+00  7.5000E+05
  1.9486E-02  6.5000E-02  7.5000E+02  0.0000E+00  0.0000E+00  0.0000E+00  1.9486E-02  0.0000E+00  7.5000E+05
  2.0985E-02  7.0000E-02  7.5000E+02  0.0000E+00  0.0000E+00  0.0000E+00  2.0985E-02  0.0000E+00  7.5000E+05
  2.2484E-02  7.5000E-02  7.5000E+02  0.0000E+00  0.0000E+00  0.0000E+00  2.2484E-02  0.0000E+00  7.5000E+05
  2.3983E-02  8.0000E-02  7.5000E+02  0.0000E+00  0.0000E+00  0.0000E+00  2.3983E-02  0.0000E+00  7.5000E+05
  2.5482E-02  8.5000E-02  7.5000E+02  0.0000E+00  0.0000E+00  0.0000E+00  2.5482E-02  0.0000E+00  7.5000E+05
  2.6981E-02  9.0000E-02  7.5000E+02  0.0000E+00  0.0000E+00  0.0000E+00  2.6981E-02  0.0000E+00  7.5000E+05
  2.8480E-02  9.5000E-02  7.5000E+02  0.0000E+00  0.0000E+00  0.0000E+00  2.8480E-02  0.0000E+00  7.5000E+05
  2.9979E-02  1.0000E-01  7.5000E+02  0.0000E+00  0.0000E+00  0.0000E+00  2.9979E-02  0.0000E+00  7.5000E+05
  3.1478E-02  1.0500E-01  7.5000E+02  0.0000E+00  0.0000E+00  0.0000E+00  3.1478E-02  0.0000E+00  7.5000E+05
  3.2977E-02  1.1000E-01  7.5000E+02  0.0000E+00  0.0000E+00  0.0000E+00  3.2977E-02  0.0000E+00  7.5000E+05
  3.4476E-02  1.1500E-01  7.5000E+02  0.0000E+00  0.0000E+00  0.0000E+00  3.4476E-02  0.0000E+00  7.5000E+05
  3.5975E-02  1.2000E-01  7.5000E+02  0.0000E+00  0.0000E+00  0.0000E+00  3.5975E-02  0.0000E+00  7.5000E+05
  3.7474E-02  1.2500E-01  7.5000E+02  0.0000E+00  0.0000E+00  0.0000E+00  3.7474E-02  0.0000E+00  7.5000E+05
  3.8973E-02  1.3000E-01  7.5000E+02  0.0000E+00  0.0000E+00  0.0000E+00  3.8973E-02  0.0000E+00  7.5000E+05
  4.0472E-02  1.3500E-01  7.5000E+02  0.0000E+00  0.0000E+00  0.0000E+00  4.0472E-02  0.0000E+00  7.5000E+05
  4.1971E-02  1.4000E-01  7.5000E+02  0.0000E+00  0.0000E+00  0.0000E+00  4.1971E-02  0.0000E+00  7.5000E+05
  4.3470E-02  1.4500E-01  7.5000E+02  0.0000E+00  0.0000E+00  0.0000E+00  4.3470E-02  0.0000E+00  7.5000E+05
  4.4969E-02  1.5000E-01  7.5000E+02  0.0000E+00  0.0000E+00  0.0000E+00  4.4969E-02  0.0000E+00  7.5000E+05
  4.6468E-02  1.5500E-01  7.5000E+02  0.0000E+00  0.0000E+00  0.0000E+00  4.6468E-02  0.0000E+00  7.5000E+05
  4.7967E-02  1.6000E-01  7.5000E+02  0.0000E+00  0.0000E+00  0.0000E+00  4.7967E-02  0.0000E+00  7.5000E+05
  4.9466E-02  1.6500E-01  7.5000E+02  0.0000E+00  0.0000E+00  0.0000E+00  4.9466E-02  0.0000E+00  7.5000E+05
  5.0965E-02  1.7000E-01  7.5000E+02  0.0000E+00  0.0000E+00  0.0000E+00  5.0965E-02  0.0000E+00  7.5000E+05
  5.2464E-02  1.7500E-01  7.5000E+02  0.0000E+00  0.0000E+00  0.0000E+00  5.2464E-02  0.0000E+00  7.5000E+05
  5.3963E-02  1.8000E-01  7.5000E+02  0.0000E+00  0.0000E+00  0.0000E+00  5.3963E-02  0.0000E+00  7.5000E+05
  5.5462E-02  1.8500E-01  7.5000E+02  0.0000E+00  0.0000E+00  0.0000E+00  5.5462E-02  0.0000E+00  7.5000E+05
  5.6961E-02  1.9000E-01  7.5000E+02  0.0000E+00  0.0000E+00  0.0000E+00  5.6961E-02  0.0000E+00  7.5000E+05
  5.8459E-02  1.9500E-01  7.5000E+02  0.0000E+00  0.0000E+00  0.0000E+00  5.8459E-02  0.0000E+00  7.5000E+05
  5.9958E-02  2.0000E-01  7.5000E+02  0.0000E+00  0.0000E+00  0.0000E+00  5.9958E-02  0.0000E+00  7.5000E+05
  6.1457E-02  2.0500E-01  7.5000E+02  0.0000E+00  0.0000E+00  0.0000E+00  6.1457E-02  0.0000E+00  7.5000E+05
  6.2956E-02  2.1000E-01  7.5000E+02  0.0000E+00  0.0000E+00  0.0000E+00  6.2956E-02  0.0000E+00  7.5000E+05
  6.4455E-02  2.1500E-01  7.5000E+02  0.0000E+00  0.0000E+00  0.0000E+00  6.4455E-02  0.0000E+00  7.5000E+05
  6.5954E-02  2.2000E-01  7.5000E+02  0.0000E+00  0.0000E+00  0.0000E+00  6.5954E-02  0.0000E+00  7.5000E+05
  6.7453E-02  2.2500E-01  7.5000E+02  0.0000E+00  0.0000E+00  0.0000E+00  6.7453E-02  0.0000E+00  7.5000E+05
  6.8952E-02  2.3000E-01  7.5000E+02  0.0000E+00  0.0000E+00  0.0000E+00  6.8952E-02  0.0000E+00  7.5000E+05
  7.0451E-02  2.3500E-01  7.5000E+02  0.0000E+00  0.0000E+00  0.0000E+00  7.0451E-02  0.0000E+00  7.5000E+05
  7.1950E-02  2.4000E-01  7.5000E+02  0.0000E+00  0.0000E+00  0.0000E+00  7.1950E-02  0.0000E+00  7.5000E+05
  7.3449E-02  2.4500E-01  7.5000E+02  0.0000E+00  0.0000E+00  0.0000E+00  7.3449E-02  0.0000E+00  7.5000E+05
  7.4948E-02  2.5000E-01  7.5000E+02  0.0000E+00  0.0000E+00  0.0000E+00  7.4948E-02  0.0000E+00  7.5000E+05
  7.6447E-02  2.5500E-01  7.5000E+02  0.0000E+00  0.0000E+00  0.0000E+00  7.6447E-02  0.0000E+00  7.5000E+05
  7.7946E-02  2.6000E-01  7.5000E+02  0.0000E+00  0.0000E+00  0.0000E+00  7.7946E-02  0.0000E+00  7.5000E+05
  7.9445E-02  2.6500E-01  7.5000E+02  0.0000E+00  0.0000E+00  0.0000E+00  7.9445E-02  0.0000E+00  7.5000E+05
  8.0944E-02  2.7000E-01  7.5000E+02  0.0000E+00  0.0000E+00  0.0000E+00  8.0944E-02  0.0000E+00  7.5000E+05
  8.2443E-02  2.7500E-01  7.5000E+02  0.0000E+00  0.0000E+00  0.0000E+00  8.2443E-02  0.0000E+00  7.5000E+05
  8.3942E-02  2.8000E-01  7.5000E+02  0.0000E+00  0.0000E+00  0.0000E+00  8.3942E-02  0.0000E+00  7.5000E+05
  8.5441E-02  2.8500E-01  7.5000E+02  0.0000E+00  0.0000E+00  0.0000E+00  8.5441E-02  0.0000E+00  7.5000E+05
  8.6940E-02  2.9000E-01  7.5000E+02  0.0000E+00  0.0000E+00  0.0000E+00  8.6940E-02  0.0000E+00  7.5000E+05
  8.8439E-02  2.9500E-01  7.5000E+02  0.0000E+00  0.0000E+00  0.0000E+00  8.8439E-02  0.0000E+00  7.5000E+05
  8.9938E-02  3.0000E-01  7.5000E+02  0.0000E+00  0.0000E+00  0.0000E+00  8.9938E-02  0.0000E+00  7.5000E+05
  9.1437E-02  3.0500E-01  7.5000E+02  0.0000E+00  0.0000E+00  0.0000E+00  9.1437E-02  0.0000E+00  7.5000E+05
  9.2936E-02  3.1000E-01  7.5000E+02  0.0000E+00  0.0000E+00  0.0000E+00  9.2936E-02  0.0000E+00  7.5000E+05
  9.4435E-02  3.1500E-01  7.5000E+02  0.0000E+00  0.0000E+00  0.0000E+00  9.4435E-02  0.0000E+00  7.5000E+05
  9.5934E-02  3.2000E-01  7.5000E+02  0.0000E+00  0.0000E+00  0.0000E+00  9.5934E-02  0.0000E+00  7.5000E+05
  9.7432E-02  3.2500E-01  7.5000E+02  0.0000E+00  0.0000E+00  0.0000E+00  9.7432E-02  0.0000E+00  7.5000E+05
  9.8931E-02  3.3000E-01  7.5000E+02  0.0000E+00  0.0000E+00  0.0000E+00  9.8931E-02  0.0000E+00  7.5000E+05
  1.0043E-01  3.3500E-01  7.5000E+02  0.0000E+00  0.0000E+00  0.0000E+00  1.0043E-01  0.0000E+00  7.5000E+05
  1.0193E-01  3.4000E-01  7.5000E+02  0.0000E+00  0.0000E+00  0.0000E+00  1.0193E-01  0.0000E+00  7.5000E+05
  1.0343E-01  3.4500E-01  7.5000E+02  0.0000E+00  0.0000E+00  0.0000E+00  1.0343E-01  0.0000E+00  7.5000E+05
  1.0493E-01  3.5000E-01  7.5000E+02  0.0000E+00  0.0000E+00  0.0000E+00  1.0493E-01  0.0000E+00  7.5000E+05
  1.0643E-01  3.5500E-01  7.5000E+02  0.0000E+00  0.0000E+00  0.0000E+00  1.0643E-01  0.0000E+00  7.5000E+05
  1.0793E-01  3.6000E-01  7.5000E+02  0.0000E+00  0.0000E+00  0.0000E+00  1.0793E-01  0.0000E+00  7.5000E+05
  1.0942E-01  3.6500E-01  7.5000E+02  0.0000E+00  0.0000E+00  0.0000E+00  1.0942E-01  0.0000E+00  7.5000E+05
  1.1092E-01  3.7000E-01  7.5000E+02  0.0000E+00  0.0000E+00  0.0000E+00  1.1092E-01  0.0000E+00  7.5000E+05
  1.1242E-01  3.7500E-01  7.5000E+02  0.0000E+00  0.0000E+00  0.0000E+00  1.1242E-01  0.0000E+00  7.5000E+05
  1.1392E-01  3.8000E-01  7.5000E+02  0.0000E+00  0.0000E+00  0.0000E+00  1.1392E-01  0.0000E+00  7.5000E+05
  1.1542E-01  3.8500E-01  7.5000E+02  0.0000E+00  0.0000E+00  0.0000E+00  1.1542E-01  0.0000E+00  7.5000E+05
  1.1692E-01  3.9000E-01  7.5000E+02  0.0000E+00  0.0000E+00  0.0000E+00  1.1692E-01  0.0000E+00  7.5000E+05
  1.1842E-01  3.9500E-01  7.5000E+02  0.0000E+00  0.0000E+00  0.0000E+00  1.1842E-01  0.0000E+00  7.5000E+05
  1.1992E-01  4.0000E-01  7.5000E+02  0.0000E+00  0.0000E+00  0.0000E+00  1.1992E-01  0.0000E+00  7.5000E+05
  1.2142E-01  4.0500E-01  7.5000E+02  0.0000E+00  0.0000E+00  0.0000E+00  1.2142E-01  0.0000E+00  7.5000E+05
  1.2291E-01  4.1000E-01  7.5000E+02  0.0000E+00  0.0000E+00  0.0000E+00  1.2291E-01  0.0000E+00  7.5000E+05
  1.2441E-01  4.1500E-01  7.5000E+02  0.0000E+00  0.0000E+00  0.0000E+00  1.2441E-01  0.0000E+00  7.5000E+05
  1.2591E-01  4.2000E-01  7.5000E+02  0.0000E+00  0.0000E+00  0.0000E+00  1.2591E-01  0.0000E+00  7.5000E+05
  1.2741E-01  4.2500E-01  7.5000E+02  0.0000E+00  0.0000E+00  0.0000E+00  1.2741E-01  0.0000E+00  7.5000E+05
  1.2891E-01  4.3000E-01  7.5000E+02  0.0000E+00  0.0000E+00  0.0000E+00  1.2891E-01  0.0000E+00  7.5000E+05
  1.3041E-01  4.3500E-01  7.5000E+02  0.0000E+00  0.0000E+00  0.0000E+00  1.3041E-01  0.0000E+00  7.5000E+05
  1.3191E-01  4.4000E-01  7.5000E+02  0.0000E+00  0.0000E+00  0.0000E+00  1.3191E-01  0.0000E+00  7.5000E+05
  1.3341E-01  4.4500E-01  7.5000E+02  0.0000E+00  0.0000E+00  0.0000E+00  1.3341E-01  0.0000E+00  7.5000E+05
  1.3491E-01  4.5000E-01  7.5000E+02  0.0000E+00  0.0000E+00  0.0000E+00  1.3491E-01  0.0000E+00  7.5000E+05
  1.3641E-01  4.5500E-01  7.5000E+02  0.0000E+00  0.0000E+00  0.0000E+00  1.3641E-01  0.0000E+00  7.5000E+05
  1.3790E-01  4.6000E-01  7.5000E+02  0.0000E+00  0.0000E+00  0.0000E+00  1.3790E-01  0.0000E+00  7.5000E+05
  1.3940E-01  4.6500E-01  7.5000E+02  0.0000E+00  0.0000E+00  0.0000E+00  1.3940E-01  0.0000E+00  7.5000E+05
  1.4090E-01  4.7000E-01  7.5000E+02  0.0000E+00  0.0000E+00  0.0000E+00  1.4090E-01  0.0000E+00  7.5000E+05
  1.4240E-01  4.7500E-01  7.5000E+02  0.0000E+00  0.0000E+00  0.0000E+00  1.4240E-01  0.0000E+00  7.5000E+05
  1.4390E-01  4.8000E-01  7.5000E+02  0.0000E+00  0.0000E+00  0.0000E+00  1.4390E-01  0.0000E+00  7.5000E+05
  1.4540E-01  4.8500E-01  7.5000E+02  0.0000E+00  0.0000E+00  0.0000E+00  1.4540E-01  0.0000E+00  7.5000E+05
  1.4690E-01  4.9000E-01  7.5000E+02  0.0000E+00  0.0000E+00  0.0000E+00  1.4690E-01  0.0000E+00  7.5000E+05
  1.4840E-01  4.9500E-01  7.5000E+02  0.0000E+00  0.0000E+00  0.0000E+00  1.4840E-01  0.0000E+00  7.5000E+05
  1.4990E-01  5.0000E-01  7.5000E+02  0.0000E+00  0.0000E+00  0.0000E+00  1.4990E-01  0.0000E+00  7.5000E+05
  1.5140E-01  5.0500E-01  7.5000E+02  0.0000E+00  0.0000E+00  0.0000E+00  1.5140E-01  0.0000E+00  7.5000E+05
  1.5289E-01  5.1000E-01  7.5000E+02  0.0000E+00  0.0000E+00  0.0000E+00  1.5289E-01  0.0000E+00  7.5000E+05
  1.5439E-01  5.1500E-01  7.5000E+02  0.0000E+00  0.0000E+00  0.0000E+00  1.5439E-01  0.0000E+00  7.5000E+05
  1.5589E-01  5.2000E-01  7.5000E+02  0.0000E+00  0.0000E+00  0.0000E+00  1.5589E-01  0.0000E+00  7.5000E+05
  1.5739E-01  5.2500E-01  7.5000E+02  0.0000E+00  0.0000E+00  0.0000E+00  1.5739E-01  0.0000E+00  7.5000E+05
  1.5889E-01  5.3000E-01  7.5000E+02  0.0000E+00  0.0000E+00  0.0000E+00  1.5889E-01  0.0000E+00  7.5000E+05
  1.6039E-01  5.3500E-01  7.5000E+02  0.0000E+00  0.0000E+00  0.0000E+00  1.6039E-01  0.0000E+00  7.5000E+05
  1.6189E-01  5.4000E-01  7.5000E+02  0.0000E+00  0.0000E+00  0.0000E+00  1.6189E-01  0.0000E+00  7.5000E+05
  1.6339E-01  5.4500E-01  7.5000E+02  0.0000E+00  0.0000E+00  0.0000E+00  1.6339E-01  0.0000E+00  7.5000E+05
  1.6489E-01  5.5000E-01  7.5000E+02  0.0000E+00  0.0000E+00  0.0000E+00  1.6489E-01  0.0000E+00  7.5000E+05
  1.6638E-01  5.5500E-01  7.5000E+02  0.0000E+00  0.0000E+00  0.0000E+00  1.6638E-01  0.0000E+00  7.5000E+05
  1.6788E-01  5.6000E-01  7.5000E+02  0.0000E+00  0.0000E+00  0.0000E+00  1.6788E-01  0.0000E+00  7.5000E+05
  1.6938E-01  5.6500E-01  7.5000E+02  0.0000E+00  0.0000E+00  0.0000E+00  1.6938E-01  0.0000E+00  7.5000E+05
  1.7088E-01  5.7000E-01  7.5000E+02  0.0000E+00  0.0000E+00  0.0000E+00  1.7088E-01  0.0000E+00  7.5000E+05
  1.7238E-01  5.7500E-01  7.5000E+02  0.0000E+00  0.0000E+00  0.0000E+00  1.7238E-01  0.0000E+00  7.5000E+05
  1.7388E-01  5.8000E-01  7.5000E+02  0.0000E+00  0.0000E+00  0.0000E+00  1.7388E-01  0.0000E+00  7.5000E+05
  1.7538E-01  5.8500E-01  7.5000E+02  0.0000E+00  0.0000E+00  0.0000E+00  1.7538E-01  0.0000E+00  7.5000E+05
  1.7688E-01  5.9000E-01  7.5000E+02  0.0000E+00  0.0000E+00  0.0000E+00  1.7688E-01  0.0000E+00  7.5000E+05
  1.7838E-01  5.9500E-01  7.5000E+02  0.0000E+00  0.0000E+00  0.0000E+00  1.7838E-01  0.0000E+00  7.5000E+05
  1.7988E-01  6.0000E-01  7.5000E+02  0.0000E+00  0.0000E+00  0.0000E+00  1.7988E-01  0.0000E+00  7.5000E+05
  1.8137E-01  6.0500E-01  7.5000E+02  0.0000E+00  0.0000E+00  0.0000E+00  1.8137E-01  0.0000E+00  7.5000E+05
  1.8287E-01  6.1000E-01  7.5000E+02  0.0000E+00  0.0000E+00  0.0000E+00  1.8287E-01  0.0000E+00  7.5000E+05
  1.8437E-01  6.1500E-01  7.5000E+02  0.0000E+00  0.0000E+00  0.0000E+00  1.8437E-01  0.0000E+00  7.5000E+05
  1.8587E-01  6.2000E-01  7.5000E+02  0.0000E+00  0.0000E+00  0.0000E+00  1.8587E-01  0.0000E+00  7.5000E+05
  1.8737E-01  6.2500E-01  7.5000E+02  0.0000E+00  0.0000E+00  0.0000E+00  1.8737E-01  0.0000E+00  7.5000E+05
  1.8887E-01  6.3000E-01  7.5000E+02  0.0000E+00  0.0000E+00  0.0000E+00  1.8887E-01  0.0000E+00  7.5000E+05
  1.9037E-01  6.3500E-01  7.5000E+02  0.0000E+00  0.0000E+00  0.0000E+00  1.9037E-01  0.0000E+00  7.5000E+05
  1.9187E-01  6.4000E-01  7.5000E+02  0.0000E+00  0.0000E+00  0.0000E+00  1.9187E-01  0.0000E+00  7.5007E+05
  1.9337E-01  6.4500E-01  7.5000E+02  1.5503E-10  0.0000E+00  0.0000E+00  1.9337E-01  0.0000E+00  7.5024E+05
  1.9486E-01  6.5000E-01  7.5000E+02  7.7513E-11  0.0000E+00  0.0000E+00  1.9487E-01  0.0000E+00  7.5064E+05
  1.9636E-01  6.5500E-01  7.5000E+02  3.1005E-10  0.0000E+00  0.0000E+00  1.9637E-01  0.0000E+00  7.5158E+05
  1.9786E-01  6.6000E-01  7.5000E+02  8.5264E-10  0.0000E+00  0.0000E+00  1.9787E-01  0.0000E+00  7.5365E+05
  1.9936E-01  6.6500E-01  7.5000E+02  1.6278E-09  0.0000E+00  0.0000E+00  1.9938E-01  0.0000E+00  7.5793E+05
  2.0086E-01  6.7000E-01  7.5000E+02  4.6508E-10  0.0000E+00  0.0000E+00  2.0090E-01  0.0000E+00  7.6573E+05
  2.0236E-01  6.7500E-01  7.5000E+02  2.3254E-10  0.0000E+00  0.0000E+00  2.0244E-01  0.0000E+00  7.7778E+05
  2.0386E-01  6.8000E-01  7.5000E+02  1.3177E-09  0.0000E+00  0.0000E+00  2.0401E-01  0.0000E+00  7.9352E+05
  2.0536E-01  6.8500E-01  7.5000E+02  8.5264E-10  0.0000E+00  0.0000E+00  2.0562E-01  0.0000E+00  8.1172E+05
  2.0686E-01  6.9000E-01  7.5000E+02  2.3254E-10  0.0000E+00  0.0000E+00  2.0726E-01  0.0000E+00  8.3129E+05
  2.0836E-01  6.9500E-01  7.5000E+02  7.7513E-11  0.0000E+00  0.0000E+00  2.0894E-01  0.0000E+00  8.5160E+05
  2.0985E-01  7.0000E-01  7.5000E+02  0.0000E+00  0.0000E+00  0.0000E+00  2.1066E-01  0.0000E+00  8.7233E+05
  2.1135E-01  7.0500E-01  7.5000E+02 -7.7513E-11  0.0000E+00  0.0000E+00  2.1243E-01  0.0000E+00  8.9335E+05
  2.1285E-01  7.1000E-01  7.5000E+02  0.0000E+00  0.0000E+00  0.0000E+00  2.1424E-01  0.0000E+00  9.1462E+05
  2.1435E-01  7.1500E-01  7.5000E+02 -7.7513E-11  0.0000E+00  0.0000E+00  2.1608E-01  0.0000E+00  9.3609E+05
  2.1585E-01  7.2000E-01  7.5000E+02  0.0000E+00  0.0000E+00  0.0000E+00  2.1798E-01  0.0000E+00  9.5774E+05
  2.1735E-01  7.2500E-01  7.5000E+02  0.0000E+00  0.0000E+00  0.0000E+00  2.1991E-01  0.0000E+00  9.7958E+05
  2.1885E-01  7.3000E-01  7.5000E+02 -7.7513E-11  0.0000E+00  0.0000E+00  2.2189E-01  0.0000E+00  1.0016E+06
  2.2035E-01  7.3500E-01  7.5000E+02  7.7513E-11  0.0000E+00  0.0000E+00  2.2392E-01  0.0000E+00  1.0239E+06
  2.2185E-01  7.4000E-01  7.5000E+02  0.0000E+00  0.0000E+00  0.0000E+00  2.2599E-01  0.0000E+00  1.0463E+06
  2.2335E-01  7.4500E-01  7.5000E+02 -1.5503E-10  0.0000E+00  0.0000E+00  2.2810E-01  0.0000E+00  1.0689E+06
  2.2484E-01  7.5000E-01  7.5000E+02  0.0000E+00  0.0000E+00  0.0000E+00  2.3026E-01  0.0000E+00  1.0918E+06
  2.2634E-01  7.5500E-01  7.5000E+02 -7.7513E-11  0.0000E+00  0.0000E+00  2.3246E-01  0.0000E+00  1.1149E+06
  2.2784E-01  7.6000E-01  7.5000E+02  0.0000E+00  0.0000E+00  0.0000E+00  2.3472E-01  0.0000E+00  1.1381E+06
  2.2934E-01  7.6500E-01  7.5000E+02  7.7513E-11  0.0000E+00  0.0000E+00  2.3701E-01  0.0000E+00  1.1615E+06
  2.3084E-01  7.7000E-01  7.5000E+02  1.5503E-10  0.0000E+00  0.0000E+00  2.3936E-01  0.0000E+00  1.1848E+06
  2.3234E-01  7.7500E-01  7.5000E+02  3.8756E-10  0.0000E+00  0.0000E+00  2.4175E-01  0.0000E+00  1.2078E+06
  2.3384E-01  7.8000E-01  7.5000E+02  1.3952E-09  0.0000E+00  0.0000E+00  2.4418E-01  0.0000E+00  1.2297E+06
  2.3534E-01  7.8500E-01  7.5000E+02  2.5579E-09  0.0000E+00  0.0000E+00  2.4666E-01  0.0000E+00  1.2494E+06
  2.3684E-01  7.9000E-01  7.5000E+02  1.3177E-09  0.0000E+00  0.0000E+00  2.4918E-01  0.0000E+00  1.2652E+06
  2.3833E-01  7.9500E-01  7.5000E+02  3.1005E-10  0.0000E+00  0.0000E+00  2.5172E-01  0.0000E+00  1.2759E+06
  2.3983E-01  8.0000E-01  7.5000E+02  2.0928E-09  0.0000E+00  0.0000E+00  2.5427E-01  0.0000E+00  1.2821E+06
  2.4133E-01  8.0500E-01  7.5000E+02  1.5503E-09  0.0000E+00  0.0000E+00  2.5684E-01  0.0000E+00  1.2852E+06
  2.4283E-01  8.1000E-01  7.5000E+02  5.4259E-10  0.0000E+00  0.0000E+00  2.5941E-01  0.0000E+00  1.2867E+06
  2.4433E-01  8.1500E-01  7.5000E+02  2.3254E-10  0.0000E+00  0.0000E+00  2.6198E-01  0.0000E+00  1.2873E+06
  2.4583E-01  8.2000E-01  7.5000E+02  0.0000E+00  0.0000E+00  0.0000E+00  2.6455E-01  0.0000E+00  1.2876E+06
  2.4733E-01  8.2500E-01  7.5000E+02  7.7513E-11  0.0000E+00  0.0000E+00  2.6713E-01  0.0000E+00  1.2877E+06
  2.4883E-01  8.3000E-01  7.5000E+02  0.0000E+00  0.0000E+00  0.0000E+00  2.6970E-01  0.0000E+00  1.2877E+06
  2.5033E-01  8.3500E-01  7.5000E+02  0.0000E+00  0.0000E+00  0.0000E+00  2.7228E-01  0.0000E+00  1.2877E+06
  2.5183E-01  8.4000E-01  7.5000E+02  0.0000E+00  0.0000E+00  0.0000E+00  2.7485E-01  0.0000E+00  1.2877E+06
  2.5332E-01  8.4500E-01  7.5000E+02  0.0000E+00  0.0000E+00  0.0000E+00  2.7742E-01  0.0000E+00  1.2877E+06
  2.5482E-01  8.5000E-01  7.5000E+02  0.0000E+00  0.0000E+00  0.0000E+00  2.8000E-01  0.0000E+00  1.2877E+06
  2.5632E-01  8.5500E-01  7.5000E+02  0.0000E+00  0.0000E+00  0.0000E+00  2.8257E-01  0.0000E+00  1.2877E+06
  2.5782E-01  8.6000E-01  7.5000E+02  0.0000E+00  0.0000E+00  0.0000E+00  2.8514E-01  0.0000E+00  1.2877E+06
  2.5932E-01  8.6500E-01  7.5000E+02  0.0000E+00  0.0000E+00  0.0000E+00  2.8772E-01  0.0000E+00  1.2877E+06
  2.6082E-01  8.7000E-01  7.5000E+02  0.0000E+00  0.0000E+00  0.0000E+00  2.9029E-01  0.0000E+00  1.2877E+06
  2.6232E-01  8.7500E-01  7.5000E+02  0.0000E+00  0.0000E+00  0.0000E+00  2.9286E-01  0.0000E+00  1.2877E+06
  2.6382E-01  8.8000E-01  7.5000E+02  0.0000E+00  0.0000E+00  0.0000E+00  2.9544E-01  0.0000E+00  1.2877E+06
  2.6532E-01  8.8500E-01  7.5000E+02  0.0000E+00  0.0000E+00  0.0000E+00  2.9801E-01  0.0000E+00  1.2877E+06
  2.6682E-01  8.9000E-01  7.5000E+02  0.0000E+00  0.0000E+00  0.0000E+00  3.0059E-01  0.0000E+00  1.2877E+06
  2.6831E-01  8.9500E-01  7.5000E+02  0.0000E+00  0.0000E+00  0.0000E+00  3.0316E-01  0.0000E+00  1.2877E+06
  2.6981E-01  9.0000E-01  7.5000E+02  0.0000E+00  0.0000E+00  0.0000E+00  3.0573E-01  0.0000E+00  1.2877E+06
  2.7131E-01  9.0500E-01  7.5000E+02  0.0000E+00  0.0000E+00  0.0000E+00  3.0831E-01  0.0000E+00  1.2877E+06
  2.7281E-01  9.1000E-01  7.5000E+02  0.0000E+00  0.0000E+00  0.0000E+00  3.1088E-01  0.0000E+00  1.2877E+06
  2.7431E-01  9.1500E-01  7.5000E+02  0.0000E+00  0.0000E+00  0.0000E+00  3.1345E-01  0.0000E+00  1.2877E+06
  2.7581E-01  9.2000E-01  7.5000E+02  0.0000E+00  0.0000E+00  0.0000E+00  3.1603E-01  0.0000E+00  1.2877E+06
  2.7731E-01  9.2500E-01  7.5000E+02  0.0000E+00  0.0000E+00  0.0000E+00  3.1860E-01  0.0000E+00  1.2877E+06
  2.7881E-01  9.3000E-01  7.5000E+02  0.0000E+00  0.0000E+00  0.0000E+00  3.2117E-01  0.0000E+00  1.2877E+06
  2.8031E-01  9.3500E-01  7.5000E+02  0.0000E+00  0.0000E+00  0.0000E+00  3.2375E-01  0.0000E+00  1.2877E+06
  2.8180E-01  9.4000E-01  7.5000E+02  0.0000E+00  0.0000E+00  0.0000E+00  3.2632E-01  0.0000E+00  1.2877E+06
  2.8330E-01  9.4500E-01  7.5000E+02  0.0000E+00  0.0000E+00  0.0000E+00  3.2890E-01  0.0000E+00  1.2877E+06
  2.8480E-01  9.5000E-01  7.5000E+02  0.0000E+00  0.0000E+00  0.0000E+00  3.3147E-01  0.0000E+00  1.2877E+06
  2.8630E-01  9.5500E-01  7.5000E+02  0.0000E+00  0.0000E+00  0.0000E+00  3.3404E-01  0.0000E+00  1.2877E+06
  2.8780E-01  9.6000E-01  7.5000E+02  0.0000E+00  0.0000E+00  0.0000E+00  3.3662E-01  0.0000E+00  1.2877E+06
  2.8930E-01  9.6500E-01  7.5000E+02  0.0000E+00  0.0000E+00  0.0000E+00  3.3919E-01  0.0000E+00  1.2877E+06
  2.9080E-01  9.7000E-01  7.5000E+02  0.0000E+00  0.0000E+00  0.0000E+00  3.4176E-01  0.0000E+00  1.2877E+06
  2.9230E-01  9.7500E-01  7.5000E+02  0.0000E+00  0.0000E+00  0.0000E+00  3.4434E-01  0.0000E+00  1.2877E+06
  2.9380E-01  9.8000E-01  7.5000E+02  0.0000E+00  0.0000E+00  0.0000E+00  3.4691E-01  0.0000E+00  1.2877E+06
  2.9530E-01  9.8500E-01  7.5000E+02  0.0000E+00  0.0000E+00  0.0000E+00  3.4948E-01  0.0000E+00  1.2877E+06
  2.9679E-01  9.9000E-01  7.5000E+02  0.0000E+00  0.0000E+00  0.0000E+00  3.5206E-01  0.0000E+00  1.2877E+06
  2.9829E-01  9.9500E-01  7.5000E+02  0.0000E+00  0.0000E+00  0.0000E+00  3.5463E-01  0.0000E+00  1.2877E+06
  2.9979E-01  1.0000E+00  7.5000E+02  0.0000E+00  0.0000E+00  0.0000E+00  3.5721E-01  0.0000E+00  1.2877E+06
  3.0129E-01  1.0050E+00  7.5000E+02  0.0000E+00  0.0000E+00  0.0000E+00  3.5978E-01  0.0000E+00  1.2877E+06
  3.0279E-01  1.0100E+00  7.5000E+02  0.0000E+00  0.0000E+00  0.0000E+00  3.6235E-01  0.0000E+00  1.2877E+06
  3.0429E-01  1.0150E+00  7.5000E+02  0.0000E+00  0.0000E+00  0.0000E+00  3.6493E-01  0.0000E+00  1.2877E+06
  3.0579E-01  1.0200E+00  7.5000E+02  0.0000E+00  0.0000E+00  0.0000E+00  3.6750E-01  0.0000E+00  1.2877E+06
  3.0729E-01  1.0250E+00  7.5000E+02  0.0000E+00  0.0000E+00  0.0000E+00  3.7007E-01  0.0000E+00  1.2877E+06
  3.0879E-01  1.0300E+00  7.5000E+02  0.0000E+00  0.0000E+00  0.0000E+00  3.7265E-01  0.0000E+00  1.2877E+06
  3.1028E-01  1.0350E+00  7.5000E+02  0.0000E+00  0.0000E+00  0.0000E+00  3.7522E-01  0.0000E+00  1.2877E+06
  3.1178E-01  1.0400E+00  7.5000E+02  0.0000E+00  0.0000E+00  0.0000E+00  3.7779E-01  0.0000E+00  1.2877E+06
  3.1328E-01  1.0450E+00  7.5000E+02  0.0000E+00  0.0000E+00  0.0000E+00  3.8037E-01  0.0000E+00  1.2877E+06
  3.1478E-01  1.0500E+00  7.5000E+02  0.0000E+00  0.0000E+00  0.0000E+00  3.8294E-01  0.0000E+00  1.2877E+06
  3.1628E-01  1.0550E+00  7.5000E+02  0.0000E+00  0.0000E+00  0.0000E+00  3.8552E-01  0.0000E+00  1.2877E+06
  3.1778E-01  1.0600E+00  7.5000E+02  0.0000E+00  0.0000E+00  0.0000E+00  3.8809E-01  0.0000E+00  1.2877E+06
  3.1928E-01  1.0650E+00  7.5000E+02  0.0000E+00  0.0000E+00  0.0000E+00  3.9066E-01  0.0000E+00  1.2877E+06
  3.2078E-01  1.0700E+00  7.5000E+02  0.0000E+00  0.0000E+00  0.0000E+00  3.9324E-01  0.0000E+00  1.2877E+06
  3.2228E-01  1.0750E+00  7.5000E+02  0.0000E+00  0.0000E+00  0.0000E+00  3.9581E-01  0.0000E+00  1.2877E+06
  3.2378E-01  1.0800E+00  7.5000E+02  0.0000E+00  0.0000E+00  0.0000E+00  3.9838E-01  0.0000E+00  1.2877E+06
  3.2527E-01  1.0850E+00  7.5000E+02  0.0000E+00  0.0000E+00  0.0000E+00  4.0096E-01  0.0000E+00  1.2877E+06
  3.2677E-01  1.0900E+00  7.5000E+02  0.0000E+00  0.0000E+00  0.0000E+00  4.0353E-01  0.0000E+00  1.2877E+06
  3.2827E-01  1.0950E+00  7.5000E+02  0.0000E+00  0.0000E+00  0.0000E+00  4.0610E-01  0.0000E+00  1.2877E+06
  3.2977E-01  1.1000E+00  7.5000E+02  0.0000E+00  0.0000E+00  0.0000E+00  4.0868E-01  0.0000E+00  1.2877E+06
  3.3127E-01  1.1050E+00  7.5000E+02  0.0000E+00  0.0000E+00  0.0000E+00  4.1125E-01  0.0000E+00  1.2877E+06
  3.3277E-01  1.1100E+00  7.5000E+02  0.0000E+00  0.0000E+00  0.0000E+00  4.1383E-01  0.0000E+00  1.2877E+06
  3.3427E-01  1.1150E+00  7.5000E+02  0.0000E+00  0.0000E+00  0.0000E+00  4.1640E-01  0.0000E+00  1.2877E+06
  3.3577E-01  1.1200E+00  7.5000E+02  0.0000E+00  0.0000E+00  0.0000E+00  4.1897E-01  0.0000E+00  1.2877E+06
  3.3727E-01  1.1250E+00  7.5000E+02  0.0000E+00  0.0000E+00  0.0000E+00  4.2155E-01  0.0000E+00  1.2877E+06
  3.3877E-01  1.1300E+00  7.5000E+02  0.0000E+00  0.0000E+00  0.0000E+00  4.2412E-01  0.0000E+00  1.2877E+06
  3.4026E-01  1.1350E+00  7.5000E+02  0.0000E+00  0.0000E+00  0.0000E+00  4.2669E-01  0.0000E+00  1.2877E+06
  3.4176E-01  1.1400E+00  7.5000E+02  0.0000E+00  0.0000E+00  0.0000E+00  4.2927E-01  0.0000E+00  1.2877E+06
  3.4326E-01  1.1450E+00  7.5000E+02  0.0000E+00  0.0000E+00  0.0000E+00  4.3184E-01  0.0000E+00  1.2877E+06
  3.4476E-01  1.1500E+00  7.5000E+02  0.0000E+00  0.0000E+00  0.0000E+00  4.3441E-01  0.0000E+00  1.2877E+06
  3.4626E-01  1.1550E+00  7.5000E+02 -7.7513E-11  0.0000E+00  0.0000E+00  4.3699E-01  0.0000E+00  1.2876E+06
  3.4776E-01  1.1600E+00  7.5000E+02  0.0000E+00  0.0000E+00  0.0000E+00  4.3956E-01  0.0000E+00  1.2875E+06
  3.4926E-01  1.1650E+00  7.5000E+02  7.7513E-11  0.0000E+00  0.0000E+00  4.4213E-01  0.0000E+00  1.2874E+06
  3.5076E-01  1.1700E+00  7.5000E+02  0.0000E+00  0.0000E+00  0.0000E+00  4.4471E-01  0.0000E+00  1.2872E+06
  3.5226E-01  1.1750E+00  7.5000E+02 -7.7513E-11  0.0000E+00  0.0000E+00  4.4728E-01  0.0000E+00  1.2869E+06
  3.5375E-01  1.1800E+00  7.5000E+02  0.0000E+00  0.0000E+00  0.0000E+00  4.4985E-01  0.0000E+00  1.2865E+06
  3.5525E-01  1.1850E+00  7.5000E+02  0.0000E+00  0.0000E+00  0.0000E+00  4.5242E-01  0.0000E+00  1.2860E+06
  3.5675E-01  1.1900E+00  7.5000E+02  0.0000E+00  0.0000E+00  0.0000E+00  4.5499E-01  0.0000E+00  1.2853E+06
  3.5825E-01  1.1950E+00  7.5000E+02 -7.7513E-11  0.0000E+00  0.0000E+00  4.5756E-01  0.0000E+00  1.2843E+06
  3.5975E-01  1.2000E+00  7.5000E+02  7.7513E-11  0.0000E+00  0.0000E+00  4.6012E-01  0.0000E+00  1.2829E+06
  3.6125E-01  1.2050E+00  7.5000E+02  0.0000E+00  0.0000E+00  0.0000E+00  4.6269E-01  0.0000E+00  1.2810E+06
  3.6275E-01  1.2100E+00  7.5000E+02  0.0000E+00  0.0000E+00  0.0000E+00  4.6524E-01  0.0000E+00  1.2785E+06
  3.6425E-01  1.2150E+00  7.5000E+02  0.0000E+00  0.0000E+00  0.0000E+00  4.6780E-01  0.0000E+00  1.2751E+06
  3.6575E-01  1.2200E+00  7.5000E+02  7.7513E-11  0.0000E+00  0.0000E+00  4.7034E-01  0.0000E+00  1.2706E+06
  3.6725E-01  1.2250E+00  7.5000E+02  0.0000E+00  0.0000E+00  0.0000E+00  4.7287E-01  0.0000E+00  1.2649E+06
  3.6874E-01  1.2300E+00  7.5000E+02  7.7513E-11  0.0000E+00  0.0000E+00  4.7540E-01  0.0000E+00  1.2577E+06
  3.7024E-01  1.2350E+00  7.5000E+02  0.0000E+00  0.0000E+00  0.0000E+00  4.7790E-01  0.0000E+00  1.2489E+06
  3.7174E-01  1.2400E+00  7.5000E+02  0.0000E+00  0.0000E+00  0.0000E+00  4.8039E-01  0.0000E+00  1.2383E+06
  3.7324E-01  1.2450E+00  7.5000E+02  0.0000E+00  0.0000E+00  0.0000E+00  4.8285E-01  0.0000E+00  1.2260E+06
  3.7474E-01  1.2500E+00  7.5000E+02  0.0000E+00  0.0000E+00  0.0000E+00  4.8529E-01  0.0000E+00  1.2121E+06
  3.7624E-01  1.2550E+00  7.5000E+02  7.7513E-11  0.0000E+00  0.0000E+00  4.8769E-01  0.0000E+00  1.1967E+06
  3.7774E-01  1.2600E+00  7.5000E+02  7.7513E-11  0.0000E+00  0.0000E+00  4.9007E-01  0.0000E+00  1.1801E+06
  3.7924E-01  1.2650E+00  7.5000E+02  0.0000E+00  0.0000E+00  0.0000E+00  4.9241E-01  0.0000E+00  1.1624E+06
  3.8074E-01  1.2700E+00  7.5000E+02  7.7513E-11  0.0000E+00  0.0000E+00  4.9471E-01  0.0000E+00  1.1439E+06
  3.8223E-01  1.2750E+00  7.5000E+02  0.0000E+00  0.0000E+00  0.0000E+00  4.9698E-01  0.0000E+00  1.1246E+06
  3.8373E-01  1.2800E+00  7.5000E+02  0.0000E+00  0.0000E+00  0.0000E+00  4.9921E-01  0.0000E+00  1.1049E+06
  3.8523E-01  1.2850E+00  7.5000E+02  0.0000E+00  0.0000E+00  0.0000E+00  5.0140E-01  0.0000E+00  1.0847E+06
  3.8673E-01  1.2900E+00  7.5000E+02  7.7513E-11  0.0000E+00  0.0000E+00  5.0355E-01  0.0000E+00  1.0641E+06
  3.8823E-01  1.2950E+00  7.5000E+02 -7.7513E-11  0.0000E+00  0.0000E+00  5.0565E-01  0.0000E+00  1.0433E+06
  3.8973E-01  1.3000E+00  7.5000E+02  0.0000E+00  0.0000E+00  0.0000E+00  5.0772E-01  0.0000E+00  1.0222E+06
  3.9123E-01  1.3050E+00  7.5000E+02  0.0000E+00  0.0000E+00  0.0000E+00  5.0974E-01  0.0000E+00  1.0010E+06
  3.9273E-01  1.3100E+00  7.5000E+02  7.7513E-11  0.0000E+00  0.0000E+00  5.1172E-01  0.0000E+00  9.7961E+05
  3.9423E-01  1.3150E+00  7.5000E+02 -7.7513E-11  0.0000E+00  0.0000E+00  5.1365E-01  0.0000E+00  9.5809E+05
  3.9573E-01  1.3200E+00  7.5000E+02  1.5503E-10  0.0000E+00  0.0000E+00  5.1555E-01  0.0000E+00  9.3645E+05
  3.9722E-01  1.3250E+00  7.5000E+02 -7.7513E-11  0.0000E+00  0.0000E+00  5.1740E-01  0.0000E+00  9.1470E+05
  3.9872E-01  1.3300E+00  7.5000E+02  7.7513E-11  0.0000E+00  0.0000E+00  5.1920E-01  0.0000E+00  8.9282E+05
  4.0022E-01  1.3350E+00  7.5000E+02  0.0000E+00  0.0000E+00  0.0000E+00  5.2096E-01  0.0000E+00  8.7085E+05
  4.0172E-01  1.3400E+00  7.5000E+02  0.0000E+00  0.0000E+00  0.0000E+00  5.2268E-01  0.0000E+00  8.4881E+05
  4.0322E-01  1.3450E+00  7.5000E+02  0.0000E+00  0.0000E+00  0.0000E+00  5.2436E-01  0.0000E+00  8.2669E+05
  4.0472E-01  1.3500E+00  7.5000E+02  0.0000E+00  0.0000E+00  0.0000E+00  5.2599E-01  0.0000E+00  8.0451E+05
  4.0622E-01  1.3550E+00  7.5000E+02  0.0000E+00  0.0000E+00  0.0000E+00  5.2757E-01  0.0000E+00  7.8225E+05
  4.0772E-01  1.3600E+00  7.5000E+02  0.0000E+00  0.0000E+00  0.0000E+00  5.2911E-01  0.0000E+00  7.5994E+05
  4.0922E-01  1.3650E+00  7.5000E+02  0.0000E+00  0.0000E+00  0.0000E+00  5.3061E-01  0.0000E+00  7.3755E+05
  4.1072E-01  1.3700E+00  7.5000E+02  0.0000E+00  0.0000E+00  0.0000E+00  5.3206E-01  0.0000E+00  7.1511E+05
  4.1221E-01  1.3750E+00  7.5000E+02  0.0000E+00  0.0000E+00  0.0000E+00  5.3347E-01  0.0000E+00  6.9260E+05
  4.1371E-01  1.3800E+00  7.5000E+02  0.0000E+00  0.0000E+00  0.0000E+00  5.3483E-01  0.0000E+00  6.7004E+05
  4.1521E-01  1.3850E+00  7.5000E+02  0.0000E+00  0.0000E+00  0.0000E+00  5.3615E-01  0.0000E+00  6.4742E+05
  4.1671E-01  1.3900E+00  7.5000E+02  0.0000E+00  0.0000E+00  0.0000E+00  5.3742E-01  0.0000E+00  6.2475E+05
  4.1821E-01  1.3950E+00  7.5000E+02  0.0000E+00  0.0000E+00  0.0000E+00  5.3864E-01  0.0000E+00  6.0202E+05
  4.1971E-01  1.4000E+00  7.5000E+02  0.0000E+00  0.0000E+00  0.0000E+00  5.3983E-01  0.0000E+00  5.7924E+05
  4.2121E-01  1.4050E+00  7.5000E+02  0.0000E+00  0.0000E+00  0.0000E+00  5.4096E-01  0.0000E+00  5.5641E+05
  4.2271E-01  1.4100E+00  7.5000E+02  0.0000E+00  0.0000E+00  0.0000E+00  5.4205E-01  0.0000E+00  5.3354E+05
  4.2421E-01  1.4150E+00  7.5000E+02 -7.7513E-11  0.0000E+00  0.0000E+00  5.4309E-01  0.0000E+00  5.1062E+05
  4.2570E-01  1.4200E+00  7.5000E+02  7.7513E-11  0.0000E+00  0.0000E+00  5.4409E-01  0.0000E+00  4.8766E+05
  4.2720E-01  1.4250E+00  7.5000E+02  0.0000E+00  0.0000E+00  0.0000E+00  5.4504E-01  0.0000E+00  4.6465E+05
  4.2870E-01  1.4300E+00  7.5000E+02 -7.7513E-11  0.0000E+00  0.0000E+00  5.4595E-01  0.0000E+00  4.4161E+05
  4.3020E-01  1.4350E+00  7.5000E+02  0.0000E+00  0.0000E+00  0.0000E+00  5.4681E-01  0.0000E+00  4.1853E+05
  4.3170E-01  1.4400E+00  7.5000E+02  7.7513E-11  0.0000E+00  0.0000E+00  5.4762E-01  0.0000E+00  3.9542E+05
  4.3320E-01  1.4450E+00  7.5000E+02  0.0000E+00  0.0000E+00  0.0000E+00  5.4839E-01  0.0000E+00  3.7227E+05
  4.3470E-01  1.4500E+00  7.5000E+02  0.0000E+00  0.0000E+00  0.0000E+00  5.4911E-01  0.0000E+00  3.4909E+05
  4.3620E-01  1.4550E+00  7.5000E+02  0.0000E+00  0.0000E+00  0.0000E+00  5.4978E-01  0.0000E+00  3.2588E+05
  4.3770E-01  1.4600E+00  7.5000E+02  0.0000E+00  0.0000E+00  0.0000E+00  5.5041E-01  0.0000E+00  3.0264E+05
  4.3920E-01  1.4650E+00  7.5000E+02 -7.7513E-11  0.0000E+00  0.0000E+00  5.5099E-01  0.0000E+00  2.7938E+05
  4.4069E-01  1.4700E+00  7.5000E+02  0.0000E+00  0.0000E+00  0.0000E+00  5.5153E-01  0.0000E+00  2.5609E+05
  4.4219E-01  1.4750E+00  7.5000E+02  0.0000E+00  0.0000E+00  0.0000E+00  5.5202E-01  0.0000E+00  2.3278E+05
  4.4369E-01  1.4800E+00  7.5000E+02  7.7513E-11  0.0000E+00  0.0000E+00  5.5246E-01  0.0000E+00  2.0946E+05
  4.4519E-01  1.4850E+00  7.5000E+02  0.0000E+00  0.0000E+00  0.0000E+00  5.5285E-01  0.0000E+00  1.8611E+05
  4.4669E-01  1.4900E+00  7.5000E+02 -7.7513E-11  0.0000E+00  0.0000E+00  5.5320E-01  0.0000E+00  1.6275E+05
  4.4819E-01  1.4950E+00  7.5000E+02  7.7513E-11  0.0000E+00  0.0000E+00  5.5350E-01  0.0000E+00  1.3938E+05
  4.4969E-01  1.5000E+00  7.5000E+02  0.0000E+00  0.0000E+00  0.0000E+00  5.5376E-01  0.0000E+00  1.1599E+05
  4.5119E-01  1.5050E+00  7.5000E+02  0.0000E+00  0.0000E+00  0.0000E+00  5.5397E-01  0.0000E+00  9.2594E+04
  4.5269E-01  1.5100E+00  7.5000E+02 -7.7513E-11  0.0000E+00  0.0000E+00  5.5413E-01  0.0000E+00  6.9190E+04
  4.5419E-01  1.5150E+00  7.5000E+02  7.7513E-11  0.0000E+00  0.0000E+00  5.5424E-01  0.0000E+00  4.5780E+04
  4.5568E-01  1.5200E+00  7.5000E+02  0.0000E+00  0.0000E+00  0.0000E+00  5.5431E-01  0.0000E+00  2.2367E+04
  4.5718E-01  1.5250E+00  7.5000E+02  7.7513E-11  0.0000E+00  0.0000E+00  5.5433E-01  0.0000E+00 -1.0489E+03
  4.5868E-01  1.5300E+00  7.5000E+02  7.7513E-11  0.0000E+00  0.0000E+00  5.5431E-01  0.0000E+00 -2.4464E+04
  4.6018E-01  1.5350E+00  7.5000E+02 -1.5503E-10  0.0000E+00  0.0000E+00  5.5424E-01  0.0000E+00 -4.7878E+04
  4.6168E-01  1.5400E+00  7.5000E+02  7.7513E-11  0.0000E+00  0.0000E+00  5.5412E-01  0.0000E+00 -7.1287E+04
  4.6318E-01  1.5450E+00  7.5000E+02 -7.7513E-11  0.0000E+00  0.0000E+00  5.5395E-01  0.0000E+00 -9.4691E+04
  4.6468E-01  1.5500E+00  7.5000E+02  0.0000E+00  0.0000E+00  0.0000E+00  5.5374E-01  0.0000E+00 -1.1809E+05
  4.6618E-01  1.5550E+00  7.5000E+02  0.0000E+00  0.0000E+00  0.0000E+00  5.5348E-01  0.0000E+00 -1.4147E+05
  4.6768E-01  1.5600E+00  7.5000E+02  0.0000E+00  0.0000E+00  0.0000E+00  5.5317E-01  0.0000E+00 -1.6484E+05
  4.6917E-01  1.5650E+00  7.5000E+02  0.0000E+00  0.0000E+00  0.0000E+00  5.5282E-01  0.0000E+00 -1.8815E+05
  4.7067E-01  1.5700E+00  7.5000E+02  0.0000E+00  0.0000E+00  0.0000E+00  5.5242E-01  0.0000E+00 -2.1140E+05
  4.7217E-01  1.5750E+00  7.5000E+02  0.0000E+00  0.0000E+00  0.0000E+00  5.5198E-01  0.0000E+00 -2.3460E+05
  4.7367E-01  1.5800E+00  7.5000E+02  0.0000E+00  0.0000E+00  0.0000E+00  5.5148E-01  0.0000E+00 -2.5773E+05
  4.7517E-01  1.5850E+00  7.5000E+02  0.0000E+00  0.0000E+00  0.0000E+00  5.5094E-01  0.0000E+00 -2.8077E+05
  4.7667E-01  1.5900E+00  7.5000E+02 -7.7513E-11  0.0000E+00  0.0000E+00  5.5036E-01  0.0000E+00 -3.0369E+05
  4.7817E-01  1.5950E+00  7.5000E+02  7.7513E-11  0.0000E+00  0.0000E+00  5.4973E-01  0.0000E+00 -3.2645E+05
  4.7967E-01  1.6000E+00  7.5000E+02  0.0000E+00  0.0000E+00  0.0000E+00  5.4906E-01  0.0000E+00 -3.4901E+05
  4.8117E-01  1.6050E+00  7.5000E+02  0.0000E+00  0.0000E+00  0.0000E+00  5.4834E-01  0.0000E+00 -3.7128E+05
  4.8267E-01  1.6100E+00  7.5000E+02  0.0000E+00  0.0000E+00  0.0000E+00  5.4757E-01  0.0000E+00 -3.9320E+05
  4.8416E-01  1.6150E+00  7.5000E+02 -1.5503E-10  0.0000E+00  0.0000E+00  5.4676E-01  0.0000E+00 -4.1463E+05
  4.8566E-01  1.6200E+00  7.5000E+02  0.0000E+00  0.0000E+00  0.0000E+00  5.4592E-01  0.0000E+00 -4.3543E+05
  4.8716E-01  1.6250E+00  7.5000E+02  7.7513E-11  0.0000E+00  0.0000E+00  5.4502E-01  0.0000E+00 -4.5541E+05
  4.8866E-01  1.6300E+00  7.5000E+02  7.7513E-11  0.0000E+00  0.0000E+00  5.4410E-01  0.0000E+00 -4.7437E+05
  4.9016E-01  1.6350E+00  7.5000E+02  0.0000E+00  0.0000E+00  0.0000E+00  5.4313E-01  0.0000E+00 -4.9207E+05
  4.9166E-01  1.6400E+00  7.5000E+02  0.0000E+00  0.0000E+00  0.0000E+00  5.4213E-01  0.0000E+00 -5.0828E+05
  4.9316E-01  1.6450E+00  7.5000E+02  0.0000E+00  0.0000E+00  0.0000E+00  5.4110E-01  0.0000E+00 -5.2277E+05
  4.9466E-01  1.6500E+00  7.5000E+02  0.0000E+00  0.0000E+00  0.0000E+00  5.4004E-01  0.0000E+00 -5.3542E+05
  4.9616E-01  1.6550E+00  7.5000E+02  0.0000E+00  0.0000E+00  0.0000E+00  5.3896E-01  0.0000E+00 -5.4615E+05
  4.9765E-01  1.6600E+00  7.5000E+02  0.0000E+00  0.0000E+00  0.0000E+00  5.3786E-01  0.0000E+00 -5.5501E+05
  4.9915E-01  1.6650E+00  7.5000E+02  0.0000E+00  0.0000E+00  0.0000E+00  5.3674E-01  0.0000E+00 -5.6214E+05
  5.0065E-01  1.6700E+00  7.5000E+02  1.5503E-10  0.0000E+00  0.0000E+00  5.3561E-01  0.0000E+00 -5.6773E+05
  5.0215E-01  1.6750E+00  7.5000E+02  0.0000E+00  0.0000E+00  0.0000E+00  5.3447E-01  0.0000E+00 -5.7204E+05
  5.0365E-01  1.6800E+00  7.5000E+02  7.7513E-11  0.0000E+00  0.0000E+00  5.3333E-01  0.0000E+00 -5.7530E+05
  5.0515E-01  1.6850E+00  7.5000E+02  0.0000E+00  0.0000E+00  0.0000E+00  5.3218E-01  0.0000E+00 -5.7773E+05
  5.0665E-01  1.6900E+00  7.5000E+02  0.0000E+00  0.0000E+00  0.0000E+00  5.3102E-01  0.0000E+00 -5.7952E+05
  5.0815E-01  1.6950E+00  7.5000E+02  7.7513E-11  0.0000E+00  0.0000E+00  5.2986E-01  0.0000E+00 -5.8083E+05
  5.0965E-01  1.7000E+00  7.5000E+02  0.0000E+00  0.0000E+00  0.0000E+00  5.2870E-01  0.0000E+00 -5.8178E+05
  5.1115E-01  1.7050E+00  7.5000E+02  0.0000E+00  0.0000E+00  0.0000E+00  5.2753E-01  0.0000E+00 -5.8247E+05
  5.1264E-01  1.7100E+00  7.5000E+02  0.0000E+00  0.0000E+00  0.0000E+00  5.2637E-01  0.0000E+00 -5.8297E+05
  5.1414E-01  1.7150E+00  7.5000E+02  0.0000E+00  0.0000E+00  0.0000E+00  5.2520E-01  0.0000E+00 -5.8333E+05
  5.1564E-01  1.7200E+00  7.5000E+02  0.0000E+00  0.0000E+00  0.0000E+00  5.2404E-01  0.0000E+00 -5.8359E+05
  5.1714E-01  1.7250E+00  7.5000E+02  7.7513E-11  0.0000E+00  0.0000E+00  5.2287E-01  0.0000E+00 -5.8377E+05
  5.1864E-01  1.7300E+00  7.5000E+02 -7.7513E-11  0.0000E+00  0.0000E+00  5.2170E-01  0.0000E+00 -5.8391E+05
  5.2014E-01  1.7350E+00  7.5000E+02  7.7513E-11  0.0000E+00  0.0000E+00  5.2054E-01  0.0000E+00 -5.8400E+05
  5.2164E-01  1.7400E+00  7.5000E+02  0.0000E+00  0.0000E+00  0.0000E+00  5.1937E-01  0.0000E+00 -5.8407E+05
  5.2314E-01  1.7450E+00  7.5000E+02  7.7513E-11  0.0000E+00  0.0000E+00  5.1820E-01  0.0000E+00 -5.8408E+05
  5.2464E-01  1.7500E+00  7.5000E+02  0.0000E+00  0.0000E+00  0.0000E+00  5.1703E-01  0.0000E+00 -5.8408E+05
  5.2614E-01  1.7550E+00  7.5000E+02  0.0000E+00  0.0000E+00  0.0000E+00  5.1587E-01  0.0000E+00 -5.8408E+05
  5.2763E-01  1.7600E+00  7.5000E+02  0.0000E+00  0.0000E+00  0.0000E+00  5.1470E-01  0.0000E+00 -5.8408E+05
  5.2913E-01  1.7650E+00  7.5000E+02  0.0000E+00  0.0000E+00  0.0000E+00  5.1353E-01  0.0000E+00 -5.8408E+05
  5.3063E-01  1.7700E+00  7.5000E+02  0.0000E+00  0.0000E+00  0.0000E+00  5.1237E-01  0.0000E+00 -5.8408E+05
  5.3213E-01  1.7750E+00  7.5000E+02  0.0000E+00  0.0000E+00  0.0000E+00  5.1120E-01  0.0000E+00 -5.8408E+05
  5.3363E-01  1.7800E+00  7.5000E+02  0.0000E+00  0.0000E+00  0.0000E+00  5.1003E-01  0.0000E+00 -5.8408E+05
  5.3513E-01  1.7850E+00  7.5000E+02  0.0000E+00  0.0000E+00  0.0000E+00  5.0886E-01  0.0000E+00 -5.8408E+05
  5.3663E-01  1.7900E+00  7.5000E+02  0.0000E+00  0.0000E+00  0.0000E+00  5.0770E-01  0.0000E+00 -5.8408E+05
  5.3813E-01  1.7950E+00  7.5000E+02  0.0000E+00  0.0000E+00  0.0000E+00  5.0653E-01  0.0000E+00 -5.8408E+05
  5.3963E-01  1.8000E+00  7.5000E+02  0.0000E+00  0.0000E+00  0.0000E+00  5.0536E-01  0.0000E+00 -5.8408E+05
  5.4112E-01  1.8050E+00  7.5000E+02  0.0000E+00  0.0000E+00  0.0000E+00  5.0419E-01  0.0000E+00 -5.8408E+05
  5.4262E-01  1.8100E+00  7.5000E+02  0.0000E+00  0.0000E+00  0.0000E+00  5.0303E-01  0.0000E+00 -5.8408E+05
  5.4412E-01  1.8150E+00  7.5000E+02  0.0000E+00  0.0000E+00  0.0000E+00  5.0186E-01  0.0000E+00 -5.8408E+05
  5.4562E-01  1.8200E+00  7.5000E+02  0.0000E+00  0.0000E+00  0.0000E+00  5.0069E-01  0.0000E+00 -5.8408E+05
  5.4712E-01  1.8250E+00  7.5000E+02  0.0000E+00  0.0000E+00  0.0000E+00  4.9952E-01  0.0000E+00 -5.8408E+05
  5.4862E-01  1.8300E+00  7.5000E+02  0.0000E+00  0.0000E+00  0.0000E+00  4.9836E-01  0.0000E+00 -5.8408E+05
  5.5012E-01  1.8350E+00  7.5000E+02  0.0000E+00  0.0000E+00  0.0000E+00  4.9719E-01  0.0000E+00 -5.8408E+05
  5.5162E-01  1.8400E+00  7.5000E+02  0.0000E+00  0.0000E+00  0.0000E+00  4.9602E-01  0.0000E+00 -5.8408E+05
  5.5312E-01  1.8450E+00  7.5000E+02  0.0000E+00  0.0000E+00  0.0000E+00  4.9486E-01  0.0000E+00 -5.8408E+05
  5.5462E-01  1.8500E+00  7.5000E+02  0.0000E+00  0.0000E+00  0.0000E+00  4.9369E-01  0.0000E+00 -5.8408E+05
  5.5611E-01  1.8550E+00  7.5000E+02  0.0000E+00  0.0000E+00  0.0000E+00  4.9252E-01  0.0000E+00 -5.8408E+05
  5.5761E-01  1.8600E+00  7.5000E+02  0.0000E+00  0.0000E+00  0.0000E+00  4.9135E-01  0.0000E+00 -5.8408E+05
  5.5911E-01  1.8650E+00  7.5000E+02  0.0000E+00  0.0000E+00  0.0000E+00  4.9019E-01  0.0000E+00 -5.8408E+05
  5.6061E-01  1.8700E+00  7.5000E+02  0.0000E+00  0.0000E+00  0.0000E+00  4.8902E-01  0.0000E+00 -5.8408E+05
  5.6211E-01  1.8750E+00  7.5000E+02  0.0000E+00  0.0000E+00  0.0000E+00  4.8785E-01  0.0000E+00 -5.8408E+05
  5.6361E-01  1.8800E+00  7.5000E+02  0.0000E+00  0.0000E+00  0.0000E+00  4.8668E-01  0.0000E+00 -5.8408E+05
  5.6511E-01  1.8850E+00  7.5000E+02  0.0000E+00  0.0000E+00  0.0000E+00  4.8552E-01  0.0000E+00 -5.8408E+05
  5.6661E-01  1.8900E+00  7.5000E+02  0.0000E+00  0.0000E+00  0.0000E+00  4.8435E-01  0.0000E+00 -5.8408E+05
  5.6811E-01  1.8950E+00  7.5000E+02  0.0000E+00  0.0000E+00  0.0000E+00  4.8318E-01  0.0000E+00 -5.8408E+05
  5.6961E-01  1.9000E+00  7.5000E+02  0.0000E+00  0.0000E+00  0.0000E+00  4.8201E-01  0.0000E+00 -5.8408E+05
  5.7110E-01  1.9050E+00  7.5000E+02  0.0000E+00  0.0000E+00  0.0000E+00  4.8085E-01  0.0000E+00 -5.8408E+05
  5.7260E-01  1.9100E+00  7.5000E+02  0.0000E+00  0.0000E+00  0.0000E+00  4.7968E-01  0.0000E+00 -5.8408E+05
  5.7410E-01  1.9150E+00  7.5000E+02  0.0000E+00  0.0000E+00  0.0000E+00  4.7851E-01  0.0000E+00 -5.8408E+05
  5.7560E-01  1.9200E+00  7.5000E+02  0.0000E+00  0.0000E+00  0.0000E+00  4.7735E-01  0.0000E+00 -5.8408E+05
  5.7710E-01  1.9250E+00  7.5000E+02  0.0000E+00  0.0000E+00  0.0000E+00  4.7618E-01  0.0000E+00 -5.8408E+05
  5.7860E-01  1.9300E+00  7.5000E+02  0.0000E+00  0.0000E+00  0.0000E+00  4.7501E-01  0.0000E+00 -5.8408E+05
  5.8010E-01  1.9350E+00  7.5000E+02  0.0000E+00  0.0000E+00  0.0000E+00  4.7384E-01  0.0000E+00 -5.8408E+05
  5.8160E-01  1.9400E+00  7.5000E+02  0.0000E+00  0.0000E+00  0.0000E+00  4.7268E-01  0.0000E+00 -5.8408E+05
  5.8310E-01  1.9450E+00  7.5000E+02  0.0000E+00  0.0000E+00  0.0000E+00  4.7151E-01  0.0000E+00 -5.8408E+05
  5.8459E-01  1.9500E+00  7.5000E+02  0.0000E+00  0.0000E+00  0.0000E+00  4.7034E-01  0.0000E+00 -5.8408E+05
  5.8609E-01  1.9550E+00  7.5000E+02  0.0000E+00  0.0000E+00  0.0000E+00  4.6917E-01  0.0000E+00 -5.8408E+05
  5.8759E-01  1.9600E+00  7.5000E+02  0.0000E+00  0.0000E+00  0.0000E+00  4.6801E-01  0.0000E+00 -5.8408E+05
  5.8909E-01  1.9650E+00  7.5000E+02  0.0000E+00  0.0000E+00  0.0000E+00  4.6684E-01  0.0000E+00 -5.8408E+05
  5.9059E-01  1.9700E+00  7.5000E+02  0.0000E+00  0.0000E+00  0.0000E+00  4.6567E-01  0.0000E+00 -5.8408E+05
  5.9209E-01  1.9750E+00  7.5000E+02  0.0000E+00  0.0000E+00  0.0000E+00  4.6450E-01  0.0000E+00 -5.8408E+05
  5.9359E-01  1.9800E+00  7.5000E+02  0.0000E+00  0.0000E+00  0.0000E+00  4.6334E-01  0.0000E+00 -5.8408E+05
  5.9509E-01  1.9850E+00  7.5000E+02  0.0000E+00  0.0000E+00  0.0000E+00  4.6217E-01  0.0000E+00 -5.8408E+05
  5.9659E-01  1.9900E+00  7.5000E+02  0.0000E+00  0.0000E+00  0.0000E+00  4.6100E-01  0.0000E+00 -5.8408E+05
  5.9809E-01  1.9950E+00  7.5000E+02  0.0000E+00  0.0000E+00  0.0000E+00  4.5983E-01  0.0000E+00 -5.8408E+05
  5.9958E-01  2.0000E+00  7.5000E+02  0.0000E+00  0.0000E+00  0.0000E+00  4.5867E-01  0.0000E+00 -5.8408E+05
  6.0108E-01  2.0050E+00  7.5000E+02  0.0000E+00  0.0000E+00  0.0000E+00  4.5750E-01  0.0000E+00 -5.8408E+05
  6.0258E-01  2.0100E+00  7.5000E+02  0.0000E+00  0.0000E+00  0.0000E+00  4.5633E-01  0.0000E+00 -5.8408E+05
  6.0408E-01  2.0150E+00  7.5000E+02  0.0000E+00  0.0000E+00  0.0000E+00  4.5517E-01  0.0000E+00 -5.8408E+05
  6.0558E-01  2.0200E+00  7.5000E+02  0.0000E+00  0.0000E+00  0.0000E+00  4.5400E-01  0.0000E+00 -5.8408E+05
  6.0708E-01  2.0250E+00  7.5000E+02  0.0000E+00  0.0000E+00  0.0000E+00  4.5283E-01  0.0000E+00 -5.8408E+05
  6.0858E-01  2.0300E+00  7.5000E+02  0.0000E+00  0.0000E+00  0.0000E+00  4.5166E-01  0.0000E+00 -5.8408E+05
  6.1008E-01  2.0350E+00  7.5000E+02  0.0000E+00  0.0000E+00  0.0000E+00  4.5050E-01  0.0000E+00 -5.8408E+05
  6.1158E-01  2.0400E+00  7.5000E+02  0.0000E+00  0.0000E+00  0.0000E+00  4.4933E-01  0.0000E+00 -5.8408E+05
  6.1308E-01  2.0450E+00  7.5000E+02  0.0000E+00  0.0000E+00  0.0000E+00  4.4816E-01  0.0000E+00 -5.8408E+05
  6.1457E-01  2.0500E+00  7.5000E+02  0.0000E+00  0.0000E+00  0.0000E+00  4.4699E-01  0.0000E+00 -5.8408E+05
  6.1607E-01  2.0550E+00  7.5000E+02  0.0000E+00  0.0000E+00  0.0000E+00  4.4583E-01  0.0000E+00 -5.8408E+05
  6.1757E-01  2.0600E+00  7.5000E+02  0.0000E+00  0.0000E+00  0.0000E+00  4.4466E-01  0.0000E+00 -5.8408E+05
  6.1907E-01  2.0650E+00  7.5000E+02  0.0000E+00  0.0000E+00  0.0000E+00  4.4349E-01  0.0000E+00 -5.8408E+05
  6.2057E-01  2.0700E+00  7.5000E+02  0.0000E+00  0.0000E+00  0.0000E+00  4.4232E-01  0.0000E+00 -5.8408E+05
  6.2207E-01  2.0750E+00  7.5000E+02  0.0000E+00  0.0000E+00  0.0000E+00  4.4116E-01  0.0000E+00 -5.8408E+05
  6.2357E-01  2.0800E+00  7.5000E+02  0.0000E+00  0.0000E+00  0.0000E+00  4.3999E-01  0.0000E+00 -5.8408E+05
  6.2507E-01  2.0850E+00  7.5000E+02  0.0000E+00  0.0000E+00  0.0000E+00  4.3882E-01  0.0000E+00 -5.8408E+05
  6.2657E-01  2.0900E+00  7.5000E+02  0.0000E+00  0.0000E+00  0.0000E+00  4.3766E-01  0.0000E+00 -5.8408E+05
  6.2806E-01  2.0950E+00  7.5000E+02  0.0000E+00  0.0000E+00  0.0000E+00  4.3649E-01  0.0000E+00 -5.8408E+05
  6.2956E-01  2.1000E+00  7.5000E+02  0.0000E+00  0.0000E+00  0.0000E+00  4.3532E-01  0.0000E+00 -5.8408E+05
  6.3106E-01  2.1050E+00  7.5000E+02  0.0000E+00  0.0000E+00  0.0000E+00  4.3415E-01  0.0000E+00 -5.8408E+05
  6.3256E-01  2.1100E+00  7.5000E+02  0.0000E+00  0.0000E+00  0.0000E+00  4.3299E-01  0.0000E+00 -5.8408E+05
  6.3406E-01  2.1150E+00  7.5000E+02  0.0000E+00  0.0000E+00  0.0000E+00  4.3182E-01  0.0000E+00 -5.8408E+05
  6.3556E-01  2.1200E+00  7.5000E+02  0.0000E+00  0.0000E+00  0.0000E+00  4.3065E-01  0.0000E+00 -5.8408E+05
  6.3706E-01  2.1250E+00  7.5000E+02  0.0000E+00  0.0000E+00  0.0000E+00  4.2948E-01  0.0000E+00 -5.8408E+05
  6.3856E-01  2.1300E+00  7.5000E+02  0.0000E+00  0.0000E+00  0.0000E+00  4.2832E-01  0.0000E+00 -5.8408E+05
  6.4006E-01  2.1350E+00  7.5000E+02  0.0000E+00  0.0000E+00  0.0000E+00  4.2715E-01  0.0000E+00 -5.8408E+05
  6.4156E-01  2.1400E+00  7.5000E+02  0.0000E+00  0.0000E+00  0.0000E+00  4.2598E-01  0.0000E+00 -5.8408E+05
  6.4305E-01  2.1450E+00  7.5000E+02  0.0000E+00  0.0000E+00  0.0000E+00  4.2481E-01  0.0000E+00 -5.8408E+05
  6.4455E-01  2.1500E+00  7.5000E+02  0.0000E+00  0.0000E+00  0.0000E+00  4.2365E-01  0.0000E+00 -5.8408E+05
  6.4605E-01  2.1550E+00  7.5000E+02  0.0000E+00  0.0000E+00  0.0000E+00  4.2248E-01  0.0000E+00 -5.8408E+05
  6.4755E-01  2.1600E+00  7.5000E+02  0.0000E+00  0.0000E+00  0.0000E+00  4.2131E-01  0.0000E+00 -5.8408E+05
  6.4905E-01  2.1650E+00  7.5000E+02  0.0000E+00  0.0000E+00  0.0000E+00  4.2014E-01  0.0000E+00 -5.8408E+05
  6.5055E-01  2.1700E+00  7.5000E+02  0.0000E+00  0.0000E+00  0.0000E+00  4.1898E-01  0.0000E+00 -5.8408E+05
  6.5205E-01  2.1750E+00  7.5000E+02  0.0000E+00  0.0000E+00  0.0000E+00  4.1781E-01  0.0000E+00 -5.8408E+05
  6.5355E-01  2.1800E+00  7.5000E+02  0.0000E+00  0.0000E+00  0.0000E+00  4.1664E-01  0.0000E+00 -5.8408E+05
  6.5505E-01  2.1850E+00  7.5000E+02  0.0000E+00  0.0000E+00  0.0000E+00  4.1548E-01  0.0000E+00 -5.8408E+05
  6.5654E-01  2.1900E+00  7.5000E+02  0.0000E+00  0.0000E+00  0.0000E+00  4.1431E-01  0.0000E+00 -5.8408E+05
  6.5804E-01  2.1950E+00  7.5000E+02 -7.7513E-11  0.0000E+00  0.0000E+00  4.1314E-01  0.0000E+00 -5.8406E+05
  6.5954E-01  2.2000E+00  7.5000E+02  7.7513E-11  0.0000E+00  0.0000E+00  4.1197E-01  0.0000E+00 -5.8402E+05
  6.6104E-01  2.2050E+00  7.5000E+02  0.0000E+00  0.0000E+00  0.0000E+00  4.1081E-01  0.0000E+00 -5.8398E+05
  6.6254E-01  2.2100E+00  7.5000E+02 -7.7513E-11  0.0000E+00  0.0000E+00  4.0964E-01  0.0000E+00 -5.8393E+05
  6.6404E-01  2.2150E+00  7.5000E+02  0.0000E+00  0.0000E+00  0.0000E+00  4.0847E-01  0.0000E+00 -5.8387E+05
  6.6554E-01  2.2200E+00  7.5000E+02  7.7513E-11  0.0000E+00  0.0000E+00  4.0731E-01  0.0000E+00 -5.8380E+05
  6.6704E-01  2.2250E+00  7.5000E+02 -7.7513E-11  0.0000E+00  0.0000E+00  4.0614E-01  0.0000E+00 -5.8371E+05
  6.6854E-01  2.2300E+00  7.5000E+02  7.7513E-11  0.0000E+00  0.0000E+00  4.0497E-01  0.0000E+00 -5.8360E+05
  6.7004E-01  2.2350E+00  7.5000E+02  0.0000E+00  0.0000E+00  0.0000E+00  4.0381E-01  0.0000E+00 -5.8347E+05
  6.7153E-01  2.2400E+00  7.5000E+02  0.0000E+00  0.0000E+00  0.0000E+00  4.0264E-01  0.0000E+00 -5.8331E+05
  6.7303E-01  2.2450E+00  7.5000E+02  0.0000E+00  0.0000E+00  0.0000E+00  4.0147E-01  0.0000E+00 -5.8312E+05
  6.7453E-01  2.2500E+00  7.5000E+02  0.0000E+00  0.0000E+00  0.0000E+00  4.0031E-01  0.0000E+00 -5.8289E+05
  6.7603E-01  2.2550E+00  7.5000E+02  0.0000E+00  0.0000E+00  0.0000E+00  3.9914E-01  0.0000E+00 -5.8260E+05
  6.7753E-01  2.2600E+00  7.5000E+02 -7.7513E-11  0.0000E+00  0.0000E+00  3.9798E-01  0.0000E+00 -5.8226E+05
  6.7903E-01  2.2650E+00  7.5000E+02  0.0000E+00  0.0000E+00  0.0000E+00  3.9682E-01  0.0000E+00 -5.8184E+05
  6.8053E-01  2.2700E+00  7.5000E+02  0.0000E+00  0.0000E+00  0.0000E+00  3.9565E-01  0.0000E+00 -5.8134E+05
  6.8203E-01  2.2750E+00  7.5000E+02  0.0000E+00  0.0000E+00  0.0000E+00  3.9449E-01  0.0000E+00 -5.8074E+05
  6.8353E-01  2.2800E+00  7.5000E+02  0.0000E+00  0.0000E+00  0.0000E+00  3.9333E-01  0.0000E+00 -5.8002E+05
  6.8503E-01  2.2850E+00  7.5000E+02  0.0000E+00  0.0000E+00  0.0000E+00  3.9217E-01  0.0000E+00 -5.7915E+05
  6.8652E-01  2.2900E+00  7.5000E+02  0.0000E+00  0.0000E+00  0.0000E+00  3.9102E-01  0.0000E+00 -5.7811E+05
  6.8802E-01  2.2950E+00  7.5000E+02  0.0000E+00  0.0000E+00  0.0000E+00  3.8986E-01  0.0000E+00 -5.7687E+05
  6.8952E-01  2.3000E+00  7.5000E+02  0.0000E+00  0.0000E+00  0.0000E+00  3.8871E-01  0.0000E+00 -5.7541E+05
  6.9102E-01  2.3050E+00  7.5000E+02 -7.7513E-11  0.0000E+00  0.0000E+00  3.8756E-01  0.0000E+00 -5.7368E+05
  6.9252E-01  2.3100E+00  7.5000E+02  0.0000E+00  0.0000E+00  0.0000E+00  3.8642E-01  0.0000E+00 -5.7166E+05
  6.9402E-01  2.3150E+00  7.5000E+02  0.0000E+00  0.0000E+00  0.0000E+00  3.8528E-01  0.0000E+00 -5.6930E+05
  6.9552E-01  2.3200E+00  7.5000E+02 -7.7513E-11  0.0000E+00  0.0000E+00  3.8414E-01  0.0000E+00 -5.6658E+05
  6.9702E-01  2.3250E+00  7.5000E+02  7.7513E-11  0.0000E+00  0.0000E+00  3.8302E-01  0.0000E+00 -5.6345E+05
  6.9852E-01  2.3300E+00  7.5000E+02  0.0000E+00  0.0000E+00  0.0000E+00  3.8189E-01  0.0000E+00 -5.5989E+05
  7.0001E-01  2.3350E+00  7.5000E+02 -7.7513E-11  0.0000E+00  0.0000E+00  3.8078E-01  0.0000E+00 -5.5588E+05
  7.0151E-01  2.3400E+00  7.5000E+02  7.7513E-11  0.0000E+00  0.0000E+00  3.7967E-01  0.0000E+00 -5.5140E+05
  7.0301E-01  2.3450E+00  7.5000E+02  0.0000E+00  0.0000E+00  0.0000E+00  3.7857E-01  0.0000E+00 -5.4646E+05
  7.0451E-01  2.3500E+00  7.5000E+02  0.0000E+00  0.0000E+00  0.0000E+00  3.7749E-01  0.0000E+00 -5.4104E+05
  7.0601E-01  2.3550E+00  7.5000E+02  7.7513E-11  0.0000E+00  0.0000E+00  3.7641E-01  0.0000E+00 -5.3518E+05
  7.0751E-01  2.3600E+00  7.5000E+02  0.0000E+00  0.0000E+00  0.0000E+00  3.7535E-01  0.0000E+00 -5.2888E+05
  7.0901E-01  2.3650E+00  7.5000E+02 -7.7513E-11  0.0000E+00  0.0000E+00  3.7430E-01  0.0000E+00 -5.2218E+05
  7.1051E-01  2.3700E+00  7.5000E+02  7.7513E-11  0.0000E+00  0.0000E+00  3.7326E-01  0.0000E+00 -5.1511E+05
  7.1201E-01  2.3750E+00  7.5000E+02  0.0000E+00  0.0000E+00  0.0000E+00  3.7224E-01  0.0000E+00 -5.0772E+05
  7.1351E-01  2.3800E+00  7.5000E+02 -7.7513E-11  0.0000E+00  0.0000E+00  3.7123E-01  0.0000E+00 -5.0002E+05
  7.1500E-01  2.3850E+00  7.5000E+02  0.0000E+00  0.0000E+00  0.0000E+00  3.7024E-01  0.0000E+00 -4.9208E+05
  7.1650E-01  2.3900E+00  7.5000E+02  0.0000E+00  0.0000E+00  0.0000E+00  3.6926E-01  0.0000E+00 -4.8391E+05
  7.1800E-01  2.3950E+00  7.5000E+02  0.0000E+00  0.0000E+00  0.0000E+00  3.6831E-01  0.0000E+00 -4.7555E+05
  7.1950E-01  2.4000E+00  7.5000E+02  0.0000E+00  0.0000E+00  0.0000E+00  3.6736E-01  0.0000E+00 -4.6704E+05
  7.2100E-01  2.4050E+00  7.5000E+02  0.0000E+00  0.0000E+00  0.0000E+00  3.6644E-01  0.0000E+00 -4.5840E+05
  7.2250E-01  2.4100E+00  7.5000E+02  0.0000E+00  0.0000E+00  0.0000E+00  3.6553E-01  0.0000E+00 -4.4966E+05
  7.2400E-01  2.4150E+00  7.5000E+02  7.7513E-11  0.0000E+00  0.0000E+00  3.6464E-01  0.0000E+00 -4.4082E+05
  7.2550E-01  2.4200E+00  7.5000E+02  0.0000E+00  0.0000E+00  0.0000E+00  3.6377E-01  0.0000E+00 -4.3192E+05
  7.2700E-01  2.4250E+00  7.5000E+02  0.0000E+00  0.0000E+00  0.0000E+00  3.6292E-01  0.0000E+00 -4.2297E+05
  7.2850E-01  2.4300E+00  7.5000E+02  7.7513E-11  0.0000E+00  0.0000E+00  3.6208E-01  0.0000E+00 -4.1397E+05
  7.2999E-01  2.4350E+00  7.5000E+02 -7.7513E-11  0.0000E+00  0.0000E+00  3.6126E-01  0.0000E+00 -4.0495E+05
  7.3149E-01  2.4400E+00  7.5000E+02  0.0000E+00  0.0000E+00  0.0000E+00  3.6046E-01  0.0000E+00 -3.9590E+05
  7.3299E-01  2.4450E+00  7.5000E+02  0.0000E+00  0.0000E+00  0.0000E+00  3.5968E-01  0.0000E+00 -3.8684E+05
  7.3449E-01  2.4500E+00  7.5000E+02  7.7513E-11  0.0000E+00  0.0000E+00  3.5891E-01  0.0000E+00 -3.7777E+05
  7.3599E-01  2.4550E+00  7.5000E+02 -7.7513E-11  0.0000E+00  0.0000E+00  3.5817E-01  0.0000E+00 -3.6869E+05
  7.3749E-01  2.4600E+00  7.5000E+02  0.0000E+00  0.0000E+00  0.0000E+00  3.5744E-01  0.0000E+00 -3.5961E+05
  7.3899E-01  2.4650E+00  7.5000E+02  0.0000E+00  0.0000E+00  0.0000E+00  3.5673E-01  0.0000E+00 -3.5054E+05
  7.4049E-01  2.4700E+00  7.5000E+02  0.0000E+00  0.0000E+00  0.0000E+00  3.5604E-01  0.0000E+00 -3.4147E+05
  7.4199E-01  2.4750E+00  7.5000E+02  0.0000E+00  0.0000E+00  0.0000E+00  3.5537E-01  0.0000E+00 -3.3241E+05
  7.4348E-01  2.4800E+00  7.5000E+02  0.0000E+00  0.0000E+00  0.0000E+00  3.5471E-01  0.0000E+00 -3.2335E+05
  7.4498E-01  2.4850E+00  7.5000E+02  7.7513E-11  0.0000E+00  0.0000E+00  3.5407E-01  0.0000E+00 -3.1431E+05
  7.4648E-01  2.4900E+00  7.5000E+02  0.0000E+00  0.0000E+00  0.0000E+00  3.5345E-01  0.0000E+00 -3.0527E+05
  7.4798E-01  2.4950E+00  7.5000E+02 -7.7513E-11  0.0000E+00  0.0000E+00  3.5285E-01  0.0000E+00 -2.9623E+05
  7.4948E-01  2.5000E+00  7.5000E+02  7.7513E-11  0.0000E+00  0.0000E+00  3.5227E-01  0.0000E+00 -2.8720E+05
  7.5098E-01  2.5050E+00  7.5000E+02 -7.7513E-11  0.0000E+00  0.0000E+00  3.5170E-01  0.0000E+00 -2.7818E+05
  7.5248E-01  2.5100E+00  7.5000E+02  7.7513E-11  0.0000E+00  0.0000E+00  3.5116E-01  0.0000E+00 -2.6918E+05
  7.5398E-01  2.5150E+00  7.5000E+02  0.0000E+00  0.0000E+00  0.0000E+00  3.5063E-01  0.0000E+00 -2.6021E+05
  7.5548E-01  2.5200E+00  7.5000E+02  0.0000E+00  0.0000E+00  0.0000E+00  3.5012E-01  0.0000E+00 -2.5127E+05
  7.5698E-01  2.5250E+00  7.5000E+02  0.0000E+00  0.0000E+00  0.0000E+00  3.4962E-01  0.0000E+00 -2.4234E+05
  7.5847E-01  2.5300E+00  7.5000E+02  0.0000E+00  0.0000E+00  0.0000E+00  3.4915E-01  0.0000E+00 -2.3343E+05
  7.5997E-01  2.5350E+00  7.5000E+02  0.0000E+00  0.0000E+00  0.0000E+00  3.4869E-01  0.0000E+00 -2.2455E+05
  7.6147E-01  2.5400E+00  7.5000E+02  0.0000E+00  0.0000E+00  0.0000E+00  3.4825E-01  0.0000E+00 -2.1568E+05
  7.6297E-01  2.5450E+00  7.5000E+02  0.0000E+00  0.0000E+00  0.0000E+00  3.4783E-01  0.0000E+00 -2.0684E+05
  7.6447E-01  2.5500E+00  7.5000E+02  0.0000E+00  0.0000E+00  0.0000E+00  3.4742E-01  0.0000E+00 -1.9803E+05
  7.6597E-01  2.5550E+00  7.5000E+02  0.0000E+00  0.0000E+00  0.0000E+00  3.4704E-01  0.0000E+00 -1.8925E+05
  7.6747E-01  2.5600E+00  7.5000E+02  7.7513E-11  0.0000E+00  0.0000E+00  3.4667E-01  0.0000E+00 -1.8050E+05
  7.6897E-01  2.5650E+00  7.5000E+02  0.0000E+00  0.0000E+00  0.0000E+00  3.4632E-01  0.0000E+00 -1.7179E+05
  7.7047E-01  2.5700E+00  7.5000E+02  0.0000E+00  0.0000E+00  0.0000E+00  3.4598E-01  0.0000E+00 -1.6313E+05
  7.7196E-01  2.5750E+00  7.5000E+02  0.0000E+00  0.0000E+00  0.0000E+00  3.4566E-01  0.0000E+00 -1.5451E+05
  7.7346E-01  2.5800E+00  7.5000E+02  0.0000E+00  0.0000E+00  0.0000E+00  3.4536E-01  0.0000E+00 -1.4596E+05
  7.7496E-01  2.5850E+00  7.5000E+02  7.7513E-11  0.0000E+00  0.0000E+00  3.4508E-01  0.0000E+00 -1.3748E+05
  7.7646E-01  2.5900E+00  7.5000E+02  0.0000E+00  0.0000E+00  0.0000E+00  3.4481E-01  0.0000E+00 -1.2908E+05
  7.7796E-01  2.5950E+00  7.5000E+02 -7.7513E-11  0.0000E+00  0.0000E+00  3.4456E-01  0.0000E+00 -1.2077E+05
  7.7946E-01  2.6000E+00  7.5000E+02  7.7513E-11  0.0000E+00  0.0000E+00  3.4433E-01  0.0000E+00 -1.1258E+05
  7.8096E-01  2.6050E+00  7.5000E+02  7.7513E-11  0.0000E+00  0.0000E+00  3.4411E-01  0.0000E+00 -1.0452E+05
  7.8246E-01  2.6100E+00  7.5000E+02  0.0000E+00  0.0000E+00  0.0000E+00  3.4391E-01  0.0000E+00 -9.6618E+04
  7.8396E-01  2.6150E+00  7.5000E+02  0.0000E+00  0.0000E+00  0.0000E+00  3.4373E-01  0.0000E+00 -8.8896E+04
  7.8546E-01  2.6200E+00  7.5000E+02  0.0000E+00  0.0000E+00  0.0000E+00  3.4356E-01  0.0000E+00 -8.1382E+04
  7.8695E-01  2.6250E+00  7.5000E+02  7.7513E-11  0.0000E+00  0.0000E+00  3.4340E-01  0.0000E+00 -7.4107E+04
  7.8845E-01  2.6300E+00  7.5000E+02  0.0000E+00  0.0000E+00  0.0000E+00  3.4326E-01  0.0000E+00 -6.7104E+04
  7.8995E-01  2.6350E+00  7.5000E+02 -7.7513E-11  0.0000E+00  0.0000E+00  3.4313E-01  0.0000E+00 -6.0404E+04
  7.9145E-01  2.6400E+00  7.5000E+02  0.0000E+00  0.0000E+00  0.0000E+00  3.4302E-01  0.0000E+00 -5.4042E+04
  7.9295E-01  2.6450E+00  7.5000E+02  0.0000E+00  0.0000E+00  0.0000E+00  3.4292E-01  0.0000E+00 -4.8048E+04
  7.9445E-01  2.6500E+00  7.5000E+02  0.0000E+00  0.0000E+00  0.0000E+00  3.4283E-01  0.0000E+00 -4.2448E+04
  7.9595E-01  2.6550E+00  7.5000E+02  7.7513E-11  0.0000E+00  0.0000E+00  3.4275E-01  0.0000E+00 -3.7265E+04
  7.9745E-01  2.6600E+00  7.5000E+02  7.7513E-11  0.0000E+00  0.0000E+00  3.4268E-01  0.0000E+00 -3.2514E+04
  7.9895E-01  2.6650E+00  7.5000E+02  0.0000E+00  0.0000E+00  0.0000E+00  3.4262E-01  0.0000E+00 -2.8200E+04
  8.0045E-01  2.6700E+00  7.5000E+02 -1.5503E-10  0.0000E+00  0.0000E+00  3.4257E-01  0.0000E+00 -2.4323E+04
  8.0194E-01  2.6750E+00  7.5000E+02  7.7513E-11  0.0000E+00  0.0000E+00  3.4252E-01  0.0000E+00 -2.0873E+04
  8.0344E-01  2.6800E+00  7.5000E+02  7.7513E-11  0.0000E+00  0.0000E+00  3.4248E-01  0.0000E+00 -1.7831E+04
  8.0494E-01  2.6850E+00  7.5000E+02  0.0000E+00  0.0000E+00  0.0000E+00  3.4245E-01  0.0000E+00 -1.5173E+04
  8.0644E-01  2.6900E+00  7.5000E+02  0.0000E+00  0.0000E+00  0.0000E+00  3.4242E-01  0.0000E+00 -1.2870E+04
  8.0794E-01  2.6950E+00  7.5000E+02  0.0000E+00  0.0000E+00  0.0000E+00  3.4240E-01  0.0000E+00 -1.0890E+04
  8.0944E-01  2.7000E+00  7.5000E+02  0.0000E+00  0.0000E+00  0.0000E+00  3.4238E-01  0.0000E+00 -9.1996E+03
  8.1094E-01  2.7050E+00  7.5000E+02  7.7513E-11  0.0000E+00  0.0000E+00  3.4236E-01  0.0000E+00 -7.7653E+03
  8.1244E-01  2.7100E+00  7.5000E+02 -7.7513E-11  0.0000E+00  0.0000E+00  3.4235E-01  0.0000E+00 -6.5549E+03
  8.1394E-01  2.7150E+00  7.5000E+02  0.0000E+00  0.0000E+00  0.0000E+00  3.4233E-01  0.0000E+00 -5.5384E+03
  8.1543E-01  2.7200E+00  7.5000E+02  7.7513E-11  0.0000E+00  0.0000E+00  3.4232E-01  0.0000E+00 -4.6881E+03
  8.1693E-01  2.7250E+00  7.5000E+02 -7.7513E-11  0.0000E+00  0.0000E+00  3.4231E-01  0.0000E+00 -3.9794E+03
  8.1843E-01  2.7300E+00  7.5000E+02  0.0000E+00  0.0000E+00  0.0000E+00  3.4231E-01  0.0000E+00 -3.3904E+03
  8.1993E-01  2.7350E+00  7.5000E+02  0.0000E+00  0.0000E+00  0.0000E+00  3.4230E-01  0.0000E+00 -2.9022E+03
  8.2143E-01  2.7400E+00  7.5000E+02  7.7513E-11  0.0000E+00  0.0000E+00  3.4230E-01  0.0000E+00 -2.4984E+03
  8.2293E-01  2.7450E+00  7.5000E+02  7.7513E-11  0.0000E+00  0.0000E+00  3.4229E-01  0.0000E+00 -2.1649E+03
  8.2443E-01  2.7500E+00  7.5000E+02  0.0000E+00  0.0000E+00  0.0000E+00  3.4229E-01  0.0000E+00 -1.8899E+03
  8.2593E-01  2.7550E+00  7.5000E+02 -1.5503E-10  0.0000E+00  0.0000E+00  3.4228E-01  0.0000E+00 -1.6635E+03
  8.2743E-01  2.7600E+00  7.5000E+02  0.0000E+00  0.0000E+00  0.0000E+00  3.4228E-01  0.0000E+00 -1.4772E+03
  8.2893E-01  2.7650E+00  7.5000E+02  0.0000E+00  0.0000E+00  0.0000E+00  3.4228E-01  0.0000E+00 -1.3241E+03
  8.3042E-01  2.7700E+00  7.5000E+02  7.7513E-11  0.0000E+00  0.0000E+00  3.4228E-01  0.0000E+00 -1.1983E+03
  8.3192E-01  2.7750E+00  7.5000E+02 -7.7513E-11  0.0000E+00  0.0000E+00  3.4227E-01  0.0000E+00 -1.0950E+03
  8.3342E-01  2.7800E+00  7.5000E+02  0.0000E+00  0.0000E+00  0.0000E+00  3.4227E-01  0.0000E+00 -1.0103E+03
  8.3492E-01  2.7850E+00  7.5000E+02  0.0000E+00  0.0000E+00  0.0000E+00  3.4227E-01  0.0000E+00 -9.4075E+02
  8.3642E-01  2.7900E+00  7.5000E+02  0.0000E+00  0.0000E+00  0.0000E+00  3.4227E-01  0.0000E+00 -8.8374E+02
  8.3792E-01  2.7950E+00  7.5000E+02  7.7513E-11  0.0000E+00  0.0000E+00  3.4227E-01  0.0000E+00 -8.3701E+02
  8.3942E-01  2.8000E+00  7.5000E+02  0.0000E+00  0.0000E+00  0.0000E+00  3.4226E-01  0.0000E+00 -7.9871E+02
  8.4092E-01  2.8050E+00  7.5000E+02  7.7513E-11  0.0000E+00  0.0000E+00  3.4226E-01  0.0000E+00 -7.6732E+02
  8.4242E-01  2.8100E+00  7.5000E+02  0.0000E+00  0.0000E+00  0.0000E+00  3.4226E-01  0.0000E+00 -7.4160E+02
  8.4392E-01  2.8150E+00  7.5000E+02  0.0000E+00  0.0000E+00  0.0000E+00  3.4226E-01  0.0000E+00 -7.3773E+02
  8.4541E-01  2.8200E+00  7.5000E+02  0.0000E+00  0.0000E+00  0.0000E+00  3.4226E-01  0.0000E+00 -7.3773E+02
  8.4691E-01  2.8250E+00  7.5000E+02  0.0000E+00  0.0000E+00  0.0000E+00  3.4226E-01  0.0000E+00 -7.3773E+02
  8.4841E-01  2.8300E+00  7.5000E+02  0.0000E+00  0.0000E+00  0.0000E+00  3.4225E-01  0.0000E+00 -7.3773E+02
  8.4991E-01  2.8350E+00  7.5000E+02  0.0000E+00  0.0000E+00  0.0000E+00  3.4225E-01  0.0000E+00 -7.3773E+02
  8.5141E-01  2.8400E+00  7.5000E+02  0.0000E+00  0.0000E+00  0.0000E+00  3.4225E-01  0.0000E+00 -7.3773E+02
  8.5291E-01  2.8450E+00  7.5000E+02  0.0000E+00  0.0000E+00  0.0000E+00  3.4225E-01  0.0000E+00 -7.3773E+02
  8.5441E-01  2.8500E+00  7.5000E+02  0.0000E+00  0.0000E+00  0.0000E+00  3.4225E-01  0.0000E+00 -7.3773E+02
  8.5591E-01  2.8550E+00  7.5000E+02  0.0000E+00  0.0000E+00  0.0000E+00  3.4225E-01  0.0000E+00 -7.3773E+02
  8.5741E-01  2.8600E+00  7.5000E+02  0.0000E+00  0.0000E+00  0.0000E+00  3.4225E-01  0.0000E+00 -7.3773E+02
  8.5890E-01  2.8650E+00  7.5000E+02  0.0000E+00  0.0000E+00  0.0000E+00  3.4224E-01  0.0000E+00 -7.3773E+02
  8.6040E-01  2.8700E+00  7.5000E+02  0.0000E+00  0.0000E+00  0.0000E+00  3.4224E-01  0.0000E+00 -7.3773E+02
  8.6190E-01  2.8750E+00  7.5000E+02  0.0000E+00  0.0000E+00  0.0000E+00  3.4224E-01  0.0000E+00 -7.3773E+02
  8.6340E-01  2.8800E+00  7.5000E+02  0.0000E+00  0.0000E+00  0.0000E+00  3.4224E-01  0.0000E+00 -7.3773E+02
  8.6490E-01  2.8850E+00  7.5000E+02  0.0000E+00  0.0000E+00  0.0000E+00  3.4224E-01  0.0000E+00 -7.3773E+02
  8.6640E-01  2.8900E+00  7.5000E+02  0.0000E+00  0.0000E+00  0.0000E+00  3.4224E-01  0.0000E+00 -7.3773E+02
  8.6790E-01  2.8950E+00  7.5000E+02  0.0000E+00  0.0000E+00  0.0000E+00  3.4224E-01  0.0000E+00 -7.3773E+02
  8.6940E-01  2.9000E+00  7.5000E+02  0.0000E+00  0.0000E+00  0.0000E+00  3.4223E-01  0.0000E+00 -7.3773E+02
  8.7090E-01  2.9050E+00  7.5000E+02  0.0000E+00  0.0000E+00  0.0000E+00  3.4223E-01  0.0000E+00 -7.3773E+02
  8.7240E-01  2.9100E+00  7.5000E+02  0.0000E+00  0.0000E+00  0.0000E+00  3.4223E-01  0.0000E+00 -7.3773E+02
  8.7389E-01  2.9150E+00  7.5000E+02  0.0000E+00  0.0000E+00  0.0000E+00  3.4223E-01  0.0000E+00 -7.3773E+02
  8.7539E-01  2.9200E+00  7.5000E+02  0.0000E+00  0.0000E+00  0.0000E+00  3.4223E-01  0.0000E+00 -7.2604E+02
  8.7689E-01  2.9250E+00  7.5000E+02  0.0000E+00  0.0000E+00  0.0000E+00  3.4223E-01  0.0000E+00 -7.0675E+02
  8.7839E-01  2.9300E+00  7.5000E+02  0.0000E+00  0.0000E+00  0.0000E+00  3.4223E-01  0.0000E+00 -6.7934E+02
  8.7989E-01  2.9350E+00  7.5000E+02  0.0000E+00  0.0000E+00  0.0000E+00  3.4222E-01  0.0000E+00 -6.4043E+02
  8.8139E-01  2.9400E+00  7.5000E+02  0.0000E+00  0.0000E+00  0.0000E+00  3.4222E-01  0.0000E+00 -5.8524E+02
  8.8289E-01  2.9450E+00  7.5000E+02  0.0000E+00  0.0000E+00  0.0000E+00  3.4222E-01  0.0000E+00 -5.0705E+02
  8.8439E-01  2.9500E+00  7.5000E+02  0.0000E+00  0.0000E+00  0.0000E+00  3.4222E-01  0.0000E+00 -3.9650E+02
  8.8589E-01  2.9550E+00  7.5000E+02  0.0000E+00  0.0000E+00  0.0000E+00  3.4222E-01  0.0000E+00 -2.4059E+02
  8.8739E-01  2.9600E+00  7.5000E+02  0.0000E+00  0.0000E+00  0.0000E+00  3.4222E-01  0.0000E+00 -2.1504E+01
  8.8888E-01  2.9650E+00  7.5000E+02  7.7513E-11  0.0000E+00  0.0000E+00  3.4222E-01  0.0000E+00  2.8480E+02
  8.9038E-01  2.9700E+00  7.5000E+02  0.0000E+00  0.0000E+00  0.0000E+00  3.4222E-01  0.0000E+00  7.1012E+02
  8.9188E-01  2.9750E+00  7.5000E+02  0.0000E+00  0.0000E+00  0.0000E+00  3.4222E-01  0.0000E+00  1.2952E+03
  8.9338E-01  2.9800E+00  7.5000E+02 -7.7513E-11  0.0000E+00  0.0000E+00  3.4223E-01  0.0000E+00  2.0902E+03
  8.9488E-01  2.9850E+00  7.5000E+02  0.0000E+00  0.0000E+00  0.0000E+00  3.4223E-01  0.0000E+00  3.1532E+03
  8.9638E-01  2.9900E+00  7.5000E+02 -7.7513E-11  0.0000E+00  0.0000E+00  3.4224E-01  0.0000E+00  4.5465E+03
  8.9788E-01  2.9950E+00  7.5000E+02  7.7513E-11  0.0000E+00  0.0000E+00  3.4225E-01  0.0000E+00  6.3290E+03
  8.9938E-01  3.0000E+00  7.5000E+02 -7.7513E-11  0.0000E+00  0.0000E+00  3.4226E-01  0.0000E+00  8.5476E+03
  9.0088E-01  3.0050E+00  7.5000E+02  0.0000E+00  0.0000E+00  0.0000E+00  3.4228E-01  0.0000E+00  1.1227E+04
  9.0237E-01  3.0100E+00  7.5000E+02  7.7513E-11  0.0000E+00  0.0000E+00  3.4231E-01  0.0000E+00  1.4365E+04
  9.0387E-01  3.0150E+00  7.5000E+02  0.0000E+00  0.0000E+00  0.0000E+00  3.4234E-01  0.0000E+00  1.7933E+04
  9.0537E-01  3.0200E+00  7.5000E+02  0.0000E+00  0.0000E+00  0.0000E+00  3.4238E-01  0.0000E+00  2.1881E+04
  9.0687E-01  3.0250E+00  7.5000E+02  0.0000E+00  0.0000E+00  0.0000E+00  3.4243E-01  0.0000E+00  2.6150E+04
  9.0837E-01  3.0300E+00  7.5000E+02 -7.7513E-11  0.0000E+00  0.0000E+00  3.4249E-01  0.0000E+00  3.0677E+04
  9.0987E-01  3.0350E+00  7.5000E+02  7.7513E-11  0.0000E+00  0.0000E+00  3.4255E-01  0.0000E+00  3.5406E+04
  9.1137E-01  3.0400E+00  7.5000E+02  0.0000E+00  0.0000E+00  0.0000E+00  3.4263E-01  0.0000E+00  4.0289E+04
  9.1287E-01  3.0450E+00  7.5000E+02 -7.7513E-11  0.0000E+00  0.0000E+00  3.4271E-01  0.0000E+00  4.5285E+04
  9.1437E-01  3.0500E+00  7.5000E+02  0.0000E+00  0.0000E+00  0.0000E+00  3.4281E-01  0.0000E+00  5.0366E+04
  9.1587E-01  3.0550E+00  7.5000E+02  7.7513E-11  0.0000E+00  0.0000E+00  3.4292E-01  0.0000E+00  5.5509E+04
  9.1736E-01  3.0600E+00  7.5000E+02 -7.7513E-11  0.0000E+00  0.0000E+00  3.4303E-01  0.0000E+00  6.0696E+04
  9.1886E-01  3.0650E+00  7.5000E+02  0.0000E+00  0.0000E+00  0.0000E+00  3.4316E-01  0.0000E+00  6.5915E+04
  9.2036E-01  3.0700E+00  7.5000E+02  0.0000E+00  0.0000E+00  0.0000E+00  3.4329E-01  0.0000E+00  7.1158E+04
  9.2186E-01  3.0750E+00  7.5000E+02  7.7513E-11  0.0000E+00  0.0000E+00  3.4344E-01  0.0000E+00  7.6419E+04
  9.2336E-01  3.0800E+00  7.5000E+02  0.0000E+00  0.0000E+00  0.0000E+00  3.4360E-01  0.0000E+00  8.1693E+04
  9.2486E-01  3.0850E+00  7.5000E+02  0.0000E+00  0.0000E+00  0.0000E+00  3.4377E-01  0.0000E+00  8.6977E+04
  9.2636E-01  3.0900E+00  7.5000E+02  0.0000E+00  0.0000E+00  0.0000E+00  3.4395E-01  0.0000E+00  9.2280E+04
  9.2786E-01  3.0950E+00  7.5000E+02  0.0000E+00  0.0000E+00  0.0000E+00  3.4414E-01  0.0000E+00  9.7588E+04
  9.2936E-01  3.1000E+00  7.5000E+02  0.0000E+00  0.0000E+00  0.0000E+00  3.4434E-01  0.0000E+00  1.0290E+05
  9.3085E-01  3.1050E+00  7.5000E+02  0.0000E+00  0.0000E+00  0.0000E+00  3.4455E-01  0.0000E+00  1.0821E+05
  9.3235E-01  3.1100E+00  7.5000E+02  0.0000E+00  0.0000E+00  0.0000E+00  3.4477E-01  0.0000E+00  1.1353E+05
  9.3385E-01  3.1150E+00  7.5000E+02  0.0000E+00  0.0000E+00  0.0000E+00  3.4500E-01  0.0000E+00  1.1885E+05
  9.3535E-01  3.1200E+00  7.5000E+02  0.0000E+00  0.0000E+00  0.0000E+00  3.4525E-01  0.0000E+00  1.2418E+05
  9.3685E-01  3.1250E+00  7.5000E+02  0.0000E+00  0.0000E+00  0.0000E+00  3.4550E-01  0.0000E+00  1.2950E+05
  9.3835E-01  3.1300E+00  7.5000E+02  0.0000E+00  0.0000E+00  0.0000E+00  3.4576E-01  0.0000E+00  1.3484E+05
  9.3985E-01  3.1350E+00  7.5000E+02  0.0000E+00  0.0000E+00  0.0000E+00  3.4604E-01  0.0000E+00  1.4017E+05
  9.4135E-01  3.1400E+00  7.5000E+02 -7.7513E-11  0.0000E+00  0.0000E+00  3.4632E-01  0.0000E+00  1.4551E+05
  9.4285E-01  3.1450E+00  7.5000E+02  0.0000E+00  0.0000E+00  0.0000E+00  3.4662E-01  0.0000E+00  1.5086E+05
  9.4435E-01  3.1500E+00  7.5000E+02  7.7513E-11  0.0000E+00  0.0000E+00  3.4693E-01  0.0000E+00  1.5621E+05
  9.4584E-01  3.1550E+00  7.5000E+02  0.0000E+00  0.0000E+00  0.0000E+00  3.4724E-01  0.0000E+00  1.6156E+05
  9.4734E-01  3.1600E+00  7.5000E+02 -7.7513E-11  0.0000E+00  0.0000E+00  3.4757E-01  0.0000E+00  1.6692E+05
  9.4884E-01  3.1650E+00  7.5000E+02  7.7513E-11  0.0000E+00  0.0000E+00  3.4791E-01  0.0000E+00  1.7229E+05
  9.5034E-01  3.1700E+00  7.5000E+02  0.0000E+00  0.0000E+00  0.0000E+00  3.4826E-01  0.0000E+00  1.7766E+05
  9.5184E-01  3.1750E+00  7.5000E+02 -7.7513E-11  0.0000E+00  0.0000E+00  3.4862E-01  0.0000E+00  1.8304E+05
  9.5334E-01  3.1800E+00  7.5000E+02  0.0000E+00  0.0000E+00  0.0000E+00  3.4899E-01  0.0000E+00  1.8842E+05
  9.5484E-01  3.1850E+00  7.5000E+02  0.0000E+00  0.0000E+00  0.0000E+00  3.4937E-01  0.0000E+00  1.9380E+05
  9.5634E-01  3.1900E+00  7.5000E+02 -7.7513E-11  0.0000E+00  0.0000E+00  3.4977E-01  0.0000E+00  1.9918E+05
  9.5784E-01  3.1950E+00  7.5000E+02  7.7513E-11  0.0000E+00  0.0000E+00  3.5017E-01  0.0000E+00  2.0455E+05
  9.5934E-01  3.2000E+00  7.5000E+02 -7.7513E-11  0.0000E+00  0.0000E+00  3.5059E-01  0.0000E+00  2.0992E+05
  9.6083E-01  3.2050E+00  7.5000E+02  0.0000E+00  0.0000E+00  0.0000E+00  3.5101E-01  0.0000E+00  2.1529E+05
  9.6233E-01  3.2100E+00  7.5000E+02  0.0000E+00  0.0000E+00  0.0000E+00  3.5145E-01  0.0000E+00  2.2063E+05
  9.6383E-01  3.2150E+00  7.5000E+02  0.0000E+00  0.0000E+00  0.0000E+00  3.5189E-01  0.0000E+00  2.2596E+05
  9.6533E-01  3.2200E+00  7.5000E+02  0.0000E+00  0.0000E+00  0.0000E+00  3.5235E-01  0.0000E+00  2.3125E+05
  9.6683E-01  3.2250E+00  7.5000E+02  0.0000E+00  0.0000E+00  0.0000E+00  3.5282E-01  0.0000E+00  2.3649E+05
  9.6833E-01  3.2300E+00  7.5000E+02 -7.7513E-11  0.0000E+00  0.0000E+00  3.5329E-01  0.0000E+00  2.4166E+05
  9.6983E-01  3.2350E+00  7.5000E+02 -7.7513E-11  0.0000E+00  0.0000E+00  3.5378E-01  0.0000E+00  2.4672E+05
  9.7133E-01  3.2400E+00  7.5000E+02  0.0000E+00  0.0000E+00  0.0000E+00  3.5428E-01  0.0000E+00  2.5165E+05
  9.7283E-01  3.2450E+00  7.5000E+02  7.7513E-11  0.0000E+00  0.0000E+00  3.5479E-01  0.0000E+00  2.5638E+05
  9.7432E-01  3.2500E+00  7.5000E+02  0.0000E+00  0.0000E+00  0.0000E+00  3.5530E-01  0.0000E+00  2.6087E+05
  9.7582E-01  3.2550E+00  7.5000E+02 -7.7513E-11  0.0000E+00  0.0000E+00  3.5583E-01  0.0000E+00  2.6504E+05
  9.7732E-01  3.2600E+00  7.5000E+02  0.0000E+00  0.0000E+00  0.0000E+00  3.5636E-01  0.0000E+00  2.6884E+05
  9.7882E-01  3.2650E+00  7.5000E+02  0.0000E+00  0.0000E+00  0.0000E+00  3.5690E-01  0.0000E+00  2.7220E+05
  9.8032E-01  3.2700E+00  7.5000E+02  0.0000E+00  0.0000E+00  0.0000E+00  3.5745E-01  0.0000E+00  2.7509E+05
  9.8182E-01  3.2750E+00  7.5000E+02  0.0000E+00  0.0000E+00  0.0000E+00  3.5800E-01  0.0000E+00  2.7751E+05
  9.8332E-01  3.2800E+00  7.5000E+02 -7.7513E-11  0.0000E+00  0.0000E+00  3.5856E-01  0.0000E+00  2.7946E+05
  9.8482E-01  3.2850E+00  7.5000E+02  0.0000E+00  0.0000E+00  0.0000E+00  3.5912E-01  0.0000E+00  2.8100E+05
  9.8632E-01  3.2900E+00  7.5000E+02  7.7513E-11  0.0000E+00  0.0000E+00  3.5968E-01  0.0000E+00  2.8218E+05
  9.8782E-01  3.2950E+00  7.5000E+02  0.0000E+00  0.0000E+00  0.0000E+00  3.6025E-01  0.0000E+00  2.8307E+05
  9.8931E-01  3.3000E+00  7.5000E+02 -7.7513E-11  0.0000E+00  0.0000E+00  3.6082E-01  0.0000E+00  2.8373E+05
  9.9081E-01  3.3050E+00  7.5000E+02  0.0000E+00  0.0000E+00  0.0000E+00  3.6138E-01  0.0000E+00  2.8420E+05
  9.9231E-01  3.3100E+00  7.5000E+02  7.7513E-11  0.0000E+00  0.0000E+00  3.6195E-01  0.0000E+00  2.8455E+05
  9.9381E-01  3.3150E+00  7.5000E+02 -1.5503E-10  0.0000E+00  0.0000E+00  3.6252E-01  0.0000E+00  2.8480E+05
  9.9531E-01  3.3200E+00  7.5000E+02  0.0000E+00  0.0000E+00  0.0000E+00  3.6309E-01  0.0000E+00  2.8498E+05
  9.9681E-01  3.3250E+00  7.5000E+02 -7.7513E-11  0.0000E+00  0.0000E+00  3.6366E-01  0.0000E+00  2.8510E+05
  9.9831E-01  3.3300E+00  7.5000E+02  7.7513E-11  0.0000E+00  0.0000E+00  3.6423E-01  0.0000E+00  2.8519E+05
  9.9981E-01  3.3350E+00  7.5000E+02 -7.7513E-11  0.0000E+00  0.0000E+00  3.6480E-01  0.0000E+00  2.8525E+05
  1.0013E+00  3.3400E+00  7.5000E+02  0.0000E+00  0.0000E+00  0.0000E+00  3.6537E-01  0.0000E+00  2.8530E+05
  1.0028E+00  3.3450E+00  7.5000E+02  7.7513E-11  0.0000E+00  0.0000E+00  3.6594E-01  0.0000E+00  2.8533E+05
  1.0043E+00  3.3500E+00  7.5000E+02  0.0000E+00  0.0000E+00  0.0000E+00  3.6651E-01  0.0000E+00  2.8535E+05
  1.0058E+00  3.3550E+00  7.5000E+02  7.7513E-11  0.0000E+00  0.0000E+00  3.6708E-01  0.0000E+00  2.8537E+05
  1.0073E+00  3.3600E+00  7.5000E+02  0.0000E+00  0.0000E+00  0.0000E+00  3.6765E-01  0.0000E+00  2.8537E+05
  1.0088E+00  3.3650E+00  7.5000E+02  0.0000E+00  0.0000E+00  0.0000E+00  3.6822E-01  0.0000E+00  2.8537E+05
  1.0103E+00  3.3700E+00  7.5000E+02  0.0000E+00  0.0000E+00  0.0000E+00  3.6879E-01  0.0000E+00  2.8537E+05
  1.0118E+00  3.3750E+00  7.5000E+02  0.0000E+00  0.0000E+00  0.0000E+00  3.6936E-01  0.0000E+00  2.8537E+05
  1.0133E+00  3.3800E+00  7.5000E+02  0.0000E+00  0.0000E+00  0.0000E+00  3.6993E-01  0.0000E+00  2.8537E+05
  1.0148E+00  3.3850E+00  7.5000E+02  0.0000E+00  0.0000E+00  0.0000E+00  3.7050E-01  0.0000E+00  2.8537E+05
  1.0163E+00  3.3900E+00  7.5000E+02  0.0000E+00  0.0000E+00  0.0000E+00  3.7107E-01  0.0000E+00  2.8537E+05
  1.0178E+00  3.3950E+00  7.5000E+02  0.0000E+00  0.0000E+00  0.0000E+00  3.7164E-01  0.0000E+00  2.8537E+05
  1.0193E+00  3.4000E+00  7.5000E+02  0.0000E+00  0.0000E+00  0.0000E+00  3.7221E-01  0.0000E+00  2.8537E+05
  1.0208E+00  3.4050E+00  7.5000E+02  0.0000E+00  0.0000E+00  0.0000E+00  3.7278E-01  0.0000E+00  2.8537E+05
  1.0223E+00  3.4100E+00  7.5000E+02  0.0000E+00  0.0000E+00  0.0000E+00  3.7335E-01  0.0000E+00  2.8537E+05
  1.0238E+00  3.4150E+00  7.5000E+02  0.0000E+00  0.0000E+00  0.0000E+00  3.7392E-01  0.0000E+00  2.8537E+05
  1.0253E+00  3.4200E+00  7.5000E+02  0.0000E+00  0.0000E+00  0.0000E+00  3.7449E-01  0.0000E+00  2.8537E+05
  1.0268E+00  3.4250E+00  7.5000E+02  0.0000E+00  0.0000E+00  0.0000E+00  3.7506E-01  0.0000E+00  2.8537E+05
  1.0283E+00  3.4300E+00  7.5000E+02  0.0000E+00  0.0000E+00  0.0000E+00  3.7564E-01  0.0000E+00  2.8537E+05
  1.0298E+00  3.4350E+00  7.5000E+02  0.0000E+00  0.0000E+00  0.0000E+00  3.7621E-01  0.0000E+00  2.8537E+05
  1.0313E+00  3.4400E+00  7.5000E+02  0.0000E+00  0.0000E+00  0.0000E+00  3.7678E-01  0.0000E+00  2.8537E+05
  1.0328E+00  3.4450E+00  7.5000E+02  0.0000E+00  0.0000E+00  0.0000E+00  3.7735E-01  0.0000E+00  2.8537E+05
  1.0343E+00  3.4500E+00  7.5000E+02  0.0000E+00  0.0000E+00  0.0000E+00  3.7792E-01  0.0000E+00  2.8537E+05
  1.0358E+00  3.4550E+00  7.5000E+02  0.0000E+00  0.0000E+00  0.0000E+00  3.7849E-01  0.0000E+00  2.8537E+05
  1.0373E+00  3.4600E+00  7.5000E+02  0.0000E+00  0.0000E+00  0.0000E+00  3.7906E-01  0.0000E+00  2.8537E+05
  1.0388E+00  3.4650E+00  7.5000E+02  0.0000E+00  0.0000E+00  0.0000E+00  3.7963E-01  0.0000E+00  2.8537E+05
  1.0403E+00  3.4700E+00  7.5000E+02  0.0000E+00  0.0000E+00  0.0000E+00  3.8020E-01  0.0000E+00  2.8537E+05
  1.0418E+00  3.4750E+00  7.5000E+02  0.0000E+00  0.0000E+00  0.0000E+00  3.8077E-01  0.0000E+00  2.8537E+05
  1.0433E+00  3.4800E+00  7.5000E+02  0.0000E+00  0.0000E+00  0.0000E+00  3.8134E-01  0.0000E+00  2.8537E+05
  1.0448E+00  3.4850E+00  7.5000E+02  0.0000E+00  0.0000E+00  0.0000E+00  3.8191E-01  0.0000E+00  2.8537E+05
  1.0463E+00  3.4900E+00  7.5000E+02  0.0000E+00  0.0000E+00  0.0000E+00  3.8248E-01  0.0000E+00  2.8537E+05
  1.0478E+00  3.4950E+00  7.5000E+02  0.0000E+00  0.0000E+00  0.0000E+00  3.8305E-01  0.0000E+00  2.8537E+05
  1.0493E+00  3.5000E+00  7.5000E+02  0.0000E+00  0.0000E+00  0.0000E+00  3.8362E-01  0.0000E+00  2.8537E+05
  1.0508E+00  3.5050E+00  7.5000E+02  0.0000E+00  0.0000E+00  0.0000E+00  3.8419E-01  0.0000E+00  2.8537E+05
  1.0523E+00  3.5100E+00  7.5000E+02  0.0000E+00  0.0000E+00  0.0000E+00  3.8476E-01  0.0000E+00  2.8537E+05
  1.0538E+00  3.5150E+00  7.5000E+02  0.0000E+00  0.0000E+00  0.0000E+00  3.8533E-01  0.0000E+00  2.8537E+05
  1.0553E+00  3.5200E+00  7.5000E+02  0.0000E+00  0.0000E+00  0.0000E+00  3.8590E-01  0.0000E+00  2.8537E+05
  1.0568E+00  3.5250E+00  7.5000E+02  0.0000E+00  0.0000E+00  0.0000E+00  3.8647E-01  0.0000E+00  2.8537E+05
  1.0583E+00  3.5300E+00  7.5000E+02  0.0000E+00  0.0000E+00  0.0000E+00  3.8704E-01  0.0000E+00  2.8537E+05
  1.0598E+00  3.5350E+00  7.5000E+02  0.0000E+00  0.0000E+00  0.0000E+00  3.8761E-01  0.0000E+00  2.8537E+05
  1.0613E+00  3.5400E+00  7.5000E+02  0.0000E+00  0.0000E+00  0.0000E+00  3.8818E-01  0.0000E+00  2.8537E+05
  1.0628E+00  3.5450E+00  7.5000E+02  0.0000E+00  0.0000E+00  0.0000E+00  3.8875E-01  0.0000E+00  2.8537E+05
  1.0643E+00  3.5500E+00  7.5000E+02  0.0000E+00  0.0000E+00  0.0000E+00  3.8932E-01  0.0000E+00  2.8537E+05
  1.0658E+00  3.5550E+00  7.5000E+02  0.0000E+00  0.0000E+00  0.0000E+00  3.8989E-01  0.0000E+00  2.8537E+05
  1.0673E+00  3.5600E+00  7.5000E+02  0.0000E+00  0.0000E+00  0.0000E+00  3.9046E-01  0.0000E+00  2.8537E+05
  1.0688E+00  3.5650E+00  7.5000E+02  0.0000E+00  0.0000E+00  0.0000E+00  3.9103E-01  0.0000E+00  2.8537E+05
  1.0703E+00  3.5700E+00  7.5000E+02  0.0000E+00  0.0000E+00  0.0000E+00  3.9160E-01  0.0000E+00  2.8537E+05
  1.0718E+00  3.5750E+00  7.5000E+02  0.0000E+00  0.0000E+00  0.0000E+00  3.9217E-01  0.0000E+00  2.8537E+05
  1.0733E+00  3.5800E+00  7.5000E+02  0.0000E+00  0.0000E+00  0.0000E+00  3.9275E-01  0.0000E+00  2.8537E+05
  1.0748E+00  3.5850E+00  7.5000E+02  0.0000E+00  0.0000E+00  0.0000E+00  3.9332E-01  0.0000E+00  2.8537E+05
  1.0763E+00  3.5900E+00  7.5000E+02  0.0000E+00  0.0000E+00  0.0000E+00  3.9389E-01  0.0000E+00  2.8537E+05
  1.0778E+00  3.5950E+00  7.5000E+02  0.0000E+00  0.0000E+00  0.0000E+00  3.9446E-01  0.0000E+00  2.8537E+05
  1.0793E+00  3.6000E+00  7.5000E+02  0.0000E+00  0.0000E+00  0.0000E+00  3.9503E-01  0.0000E+00  2.8537E+05
  1.0808E+00  3.6050E+00  7.5000E+02  0.0000E+00  0.0000E+00  0.0000E+00  3.9560E-01  0.0000E+00  2.8537E+05
  1.0823E+00  3.6100E+00  7.5000E+02  0.0000E+00  0.0000E+00  0.0000E+00  3.9617E-01  0.0000E+00  2.8537E+05
  1.0837E+00  3.6150E+00  7.5000E+02  0.0000E+00  0.0000E+00  0.0000E+00  3.9674E-01  0.0000E+00  2.8537E+05
  1.0852E+00  3.6200E+00  7.5000E+02  0.0000E+00  0.0000E+00  0.0000E+00  3.9731E-01  0.0000E+00  2.8537E+05
  1.0867E+00  3.6250E+00  7.5000E+02  0.0000E+00  0.0000E+00  0.0000E+00  3.9788E-01  0.0000E+00  2.8537E+05
  1.0882E+00  3.6300E+00  7.5000E+02  0.0000E+00  0.0000E+00  0.0000E+00  3.9845E-01  0.0000E+00  2.8537E+05
  1.0897E+00  3.6350E+00  7.5000E+02  0.0000E+00  0.0000E+00  0.0000E+00  3.9902E-01  0.0000E+00  2.8537E+05
  1.0912E+00  3.6400E+00  7.5000E+02  0.0000E+00  0.0000E+00  0.0000E+00  3.9959E-01  0.0000E+00  2.8537E+05
  1.0927E+00  3.6450E+00  7.5000E+02  0.0000E+00  0.0000E+00  0.0000E+00  4.0016E-01  0.0000E+00  2.8537E+05
  1.0942E+00  3.6500E+00  7.5000E+02  0.0000E+00  0.0000E+00  0.0000E+00  4.0073E-01  0.0000E+00  2.8537E+05
  1.0957E+00  3.6550E+00  7.5000E+02  0.0000E+00  0.0000E+00  0.0000E+00  4.0130E-01  0.0000E+00  2.8537E+05
  1.0972E+00  3.6600E+00  7.5000E+02  0.0000E+00  0.0000E+00  0.0000E+00  4.0187E-01  0.0000E+00  2.8537E+05
  1.0987E+00  3.6650E+00  7.5000E+02  0.0000E+00  0.0000E+00  0.0000E+00  4.0244E-01  0.0000E+00  2.8537E+05
  1.1002E+00  3.6700E+00  7.5000E+02  0.0000E+00  0.0000E+00  0.0000E+00  4.0301E-01  0.0000E+00  2.8537E+05
  1.1017E+00  3.6750E+00  7.5000E+02  0.0000E+00  0.0000E+00  0.0000E+00  4.0358E-01  0.0000E+00  2.8537E+05
  1.1032E+00  3.6800E+00  7.5000E+02  0.0000E+00  0.0000E+00  0.0000E+00  4.0415E-01  0.0000E+00  2.8537E+05
  1.1047E+00  3.6850E+00  7.5000E+02  0.0000E+00  0.0000E+00  0.0000E+00  4.0472E-01  0.0000E+00  2.8537E+05
  1.1062E+00  3.6900E+00  7.5000E+02  0.0000E+00  0.0000E+00  0.0000E+00  4.0529E-01  0.0000E+00  2.8537E+05
  1.1077E+00  3.6950E+00  7.5000E+02  0.0000E+00  0.0000E+00  0.0000E+00  4.0586E-01  0.0000E+00  2.8537E+05
  1.1092E+00  3.7000E+00  7.5000E+02  0.0000E+00  0.0000E+00  0.0000E+00  4.0643E-01  0.0000E+00  2.8537E+05
  1.1107E+00  3.7050E+00  7.5000E+02  0.0000E+00  0.0000E+00  0.0000E+00  4.0700E-01  0.0000E+00  2.8537E+05
  1.1122E+00  3.7100E+00  7.5000E+02  0.0000E+00  0.0000E+00  0.0000E+00  4.0757E-01  0.0000E+00  2.8537E+05
  1.1137E+00  3.7150E+00  7.5000E+02  0.0000E+00  0.0000E+00  0.0000E+00  4.0814E-01  0.0000E+00  2.8537E+05
  1.1152E+00  3.7200E+00  7.5000E+02  0.0000E+00  0.0000E+00  0.0000E+00  4.0871E-01  0.0000E+00  2.8537E+05
  1.1167E+00  3.7250E+00  7.5000E+02  0.0000E+00  0.0000E+00  0.0000E+00  4.0928E-01  0.0000E+00  2.8537E+05
  1.1182E+00  3.7300E+00  7.5000E+02  0.0000E+00  0.0000E+00  0.0000E+00  4.0986E-01  0.0000E+00  2.8537E+05
  1.1197E+00  3.7350E+00  7.5000E+02  0.0000E+00  0.0000E+00  0.0000E+00  4.1043E-01  0.0000E+00  2.8537E+05
  1.1212E+00  3.7400E+00  7.5000E+02  0.0000E+00  0.0000E+00  0.0000E+00  4.1100E-01  0.0000E+00  2.8537E+05
  1.1227E+00  3.7450E+00  7.5000E+02  0.0000E+00  0.0000E+00  0.0000E+00  4.1157E-01  0.0000E+00  2.8537E+05
  1.1242E+00  3.7500E+00  7.5000E+02  0.0000E+00  0.0000E+00  0.0000E+00  4.1214E-01  0.0000E+00  2.8537E+05
  1.1257E+00  3.7550E+00  7.5000E+02  0.0000E+00  0.0000E+00  0.0000E+00  4.1271E-01  0.0000E+00  2.8537E+05
  1.1272E+00  3.7600E+00  7.5000E+02  0.0000E+00  0.0000E+00  0.0000E+00  4.1328E-01  0.0000E+00  2.8537E+05
  1.1287E+00  3.7650E+00  7.5000E+02  0.0000E+00  0.0000E+00  0.0000E+00  4.1385E-01  0.0000E+00  2.8537E+05
  1.1302E+00  3.7700E+00  7.5000E+02  0.0000E+00  0.0000E+00  0.0000E+00  4.1442E-01  0.0000E+00  2.8537E+05
  1.1317E+00  3.7750E+00  7.5000E+02  0.0000E+00  0.0000E+00  0.0000E+00  4.1499E-01  0.0000E+00  2.8537E+05
  1.1332E+00  3.7800E+00  7.5000E+02  0.0000E+00  0.0000E+00  0.0000E+00  4.1556E-01  0.0000E+00  2.8537E+05
  1.1347E+00  3.7850E+00  7.5000E+02  0.0000E+00  0.0000E+00  0.0000E+00  4.1613E-01  0.0000E+00  2.8537E+05
  1.1362E+00  3.7900E+00  7.5000E+02  0.0000E+00  0.0000E+00  0.0000E+00  4.1670E-01  0.0000E+00  2.8537E+05
  1.1377E+00  3.7950E+00  7.5000E+02  0.0000E+00  0.0000E+00  0.0000E+00  4.1727E-01  0.0000E+00  2.8537E+05
  1.1392E+00  3.8000E+00  7.5000E+02  0.0000E+00  0.0000E+00  0.0000E+00  4.1784E-01  0.0000E+00  2.8537E+05
  1.1407E+00  3.8050E+00  7.5000E+02  0.0000E+00  0.0000E+00  0.0000E+00  4.1841E-01  0.0000E+00  2.8537E+05
  1.1422E+00  3.8100E+00  7.5000E+02  0.0000E+00  0.0000E+00  0.0000E+00  4.1898E-01  0.0000E+00  2.8537E+05
  1.1437E+00  3.8150E+00  7.5000E+02  0.0000E+00  0.0000E+00  0.0000E+00  4.1955E-01  0.0000E+00  2.8537E+05
  1.1452E+00  3.8200E+00  7.5000E+02  0.0000E+00  0.0000E+00  0.0000E+00  4.2012E-01  0.0000E+00  2.8537E+05
  1.1467E+00  3.8250E+00  7.5000E+02  0.0000E+00  0.0000E+00  0.0000E+00  4.2069E-01  0.0000E+00  2.8537E+05
  1.1482E+00  3.8300E+00  7.5000E+02  0.0000E+00  0.0000E+00  0.0000E+00  4.2126E-01  0.0000E+00  2.8537E+05
  1.1497E+00  3.8350E+00  7.5000E+02  0.0000E+00  0.0000E+00  0.0000E+00  4.2183E-01  0.0000E+00  2.8537E+05
  1.1512E+00  3.8400E+00  7.5000E+02  0.0000E+00  0.0000E+00  0.0000E+00  4.2240E-01  0.0000E+00  2.8537E+05
  1.1527E+00  3.8450E+00  7.5000E+02  0.0000E+00  0.0000E+00  0.0000E+00  4.2297E-01  0.0000E+00  2.8537E+05
  1.1542E+00  3.8500E+00  7.5000E+02  0.0000E+00  0.0000E+00  0.0000E+00  4.2354E-01  0.0000E+00  2.8537E+05
  1.1557E+00  3.8550E+00  7.5000E+02  0.0000E+00  0.0000E+00  0.0000E+00  4.2411E-01  0.0000E+00  2.8537E+05
  1.1572E+00  3.8600E+00  7.5000E+02  0.0000E+00  0.0000E+00  0.0000E+00  4.2468E-01  0.0000E+00  2.8537E+05
  1.1587E+00  3.8650E+00  7.5000E+02  0.0000E+00  0.0000E+00  0.0000E+00  4.2525E-01  0.0000E+00  2.8537E+05
  1.1602E+00  3.8700E+00  7.5000E+02  0.0000E+00  0.0000E+00  0.0000E+00  4.2582E-01  0.0000E+00  2.8537E+05
  1.1617E+00  3.8750E+00  7.5000E+02  0.0000E+00  0.0000E+00  0.0000E+00  4.2640E-01  0.0000E+00  2.8537E+05
  1.1632E+00  3.8800E+00  7.5000E+02  0.0000E+00  0.0000E+00  0.0000E+00  4.2697E-01  0.0000E+00  2.8537E+05
  1.1647E+00  3.8850E+00  7.5000E+02  0.0000E+00  0.0000E+00  0.0000E+00  4.2754E-01  0.0000E+00  2.8537E+05
  1.1662E+00  3.8900E+00  7.5000E+02  0.0000E+00  0.0000E+00  0.0000E+00  4.2811E-01  0.0000E+00  2.8537E+05
  1.1677E+00  3.8950E+00  7.5000E+02  0.0000E+00  0.0000E+00  0.0000E+00  4.2868E-01  0.0000E+00  2.8537E+05
  1.1692E+00  3.9000E+00  7.5000E+02  0.0000E+00  0.0000E+00  0.0000E+00  4.2925E-01  0.0000E+00  2.8537E+05
  1.1707E+00  3.9050E+00  7.5000E+02  0.0000E+00  0.0000E+00  0.0000E+00  4.2982E-01  0.0000E+00  2.8537E+05
  1.1722E+00  3.9100E+00  7.5000E+02  0.0000E+00  0.0000E+00  0.0000E+00  4.3039E-01  0.0000E+00  2.8537E+05
  1.1737E+00  3.9150E+00  7.5000E+02  0.0000E+00  0.0000E+00  0.0000E+00  4.3096E-01  0.0000E+00  2.8537E+05
  1.1752E+00  3.9200E+00  7.5000E+02  0.0000E+00  0.0000E+00  0.0000E+00  4.3153E-01  0.0000E+00  2.8537E+05
  1.1767E+00  3.9250E+00  7.5000E+02  0.0000E+00  0.0000E+00  0.0000E+00  4.3210E-01  0.0000E+00  2.8537E+05
  1.1782E+00  3.9300E+00  7.5000E+02  0.0000E+00  0.0000E+00  0.0000E+00  4.3267E-01  0.0000E+00  2.8537E+05
  1.1797E+00  3.9350E+00  7.5000E+02  0.0000E+00  0.0000E+00  0.0000E+00  4.3324E-01  0.0000E+00  2.8537E+05
  1.1812E+00  3.9400E+00  7.5000E+02  0.0000E+00  0.0000E+00  0.0000E+00  4.3381E-01  0.0000E+00  2.8537E+05
  1.1827E+00  3.9450E+00  7.5000E+02  0.0000E+00  0.0000E+00  0.0000E+00  4.3438E-01  0.0000E+00  2.8537E+05
  1.1842E+00  3.9500E+00  7.5000E+02  0.0000E+00  0.0000E+00  0.0000E+00  4.3495E-01  0.0000E+00  2.8537E+05
  1.1857E+00  3.9550E+00  7.5000E+02  0.0000E+00  0.0000E+00  0.0000E+00  4.3552E-01  0.0000E+00  2.8537E+05
  1.1872E+00  3.9600E+00  7.5000E+02  0.0000E+00  0.0000E+00  0.0000E+00  4.3609E-01  0.0000E+00  2.8537E+05
  1.1887E+00  3.9650E+00  7.5000E+02  0.0000E+00  0.0000E+00  0.0000E+00  4.3666E-01  0.0000E+00  2.8537E+05
  1.1902E+00  3.9700E+00  7.5000E+02  0.0000E+00  0.0000E+00  0.0000E+00  4.3723E-01  0.0000E+00  2.8537E+05
  1.1917E+00  3.9750E+00  7.5000E+02  0.0000E+00  0.0000E+00  0.0000E+00  4.3780E-01  0.0000E+00  2.8537E+05
  1.1932E+00  3.9800E+00  7.5000E+02  0.0000E+00  0.0000E+00  0.0000E+00  4.3837E-01  0.0000E+00  2.8537E+05
  1.1947E+00  3.9850E+00  7.5000E+02  0.0000E+00  0.0000E+00  0.0000E+00  4.3894E-01  0.0000E+00  2.8537E+05
  1.1962E+00  3.9900E+00  7.5000E+02  0.0000E+00  0.0000E+00  0.0000E+00  4.3951E-01  0.0000E+00  2.8537E+05
  1.1977E+00  3.9950E+00  7.5000E+02  0.0000E+00  0.0000E+00  0.0000E+00  4.4008E-01  0.0000E+00  2.8537E+05
  1.1992E+00  4.0000E+00  7.5000E+02  0.0000E+00  0.0000E+00  0.0000E+00  4.4065E-01  0.0000E+00  2.8537E+05
  1.2007E+00  4.0050E+00  7.5000E+02  0.0000E+00  0.0000E+00  0.0000E+00  4.4122E-01  0.0000E+00  2.8537E+05
  1.2022E+00  4.0100E+00  7.5000E+02  0.0000E+00  0.0000E+00  0.0000E+00  4.4179E-01  0.0000E+00  2.8537E+05
  1.2037E+00  4.0150E+00  7.5000E+02  0.0000E+00  0.0000E+00  0.0000E+00  4.4236E-01  0.0000E+00  2.8537E+05
  1.2052E+00  4.0200E+00  7.5000E+02  0.0000E+00  0.0000E+00  0.0000E+00  4.4293E-01  0.0000E+00  2.8537E+05
  1.2067E+00  4.0250E+00  7.5000E+02  0.0000E+00  0.0000E+00  0.0000E+00  4.4351E-01  0.0000E+00  2.8537E+05
  1.2082E+00  4.0300E+00  7.5000E+02  0.0000E+00  0.0000E+00  0.0000E+00  4.4408E-01  0.0000E+00  2.8537E+05
  1.2097E+00  4.0350E+00  7.5000E+02  0.0000E+00  0.0000E+00  0.0000E+00  4.4465E-01  0.0000E+00  2.8537E+05
  1.2112E+00  4.0400E+00  7.5000E+02  0.0000E+00  0.0000E+00  0.0000E+00  4.4522E-01  0.0000E+00  2.8537E+05
  1.2127E+00  4.0450E+00  7.5000E+02  0.0000E+00  0.0000E+00  0.0000E+00  4.4579E-01  0.0000E+00  2.8537E+05
  1.2142E+00  4.0500E+00  7.5000E+02  0.0000E+00  0.0000E+00  0.0000E+00  4.4636E-01  0.0000E+00  2.8537E+05
  1.2157E+00  4.0550E+00  7.5000E+02  0.0000E+00  0.0000E+00  0.0000E+00  4.4693E-01  0.0000E+00  2.8537E+05
  1.2172E+00  4.0600E+00  7.5000E+02  0.0000E+00  0.0000E+00  0.0000E+00  4.4750E-01  0.0000E+00  2.8537E+05
  1.2187E+00  4.0650E+00  7.5000E+02  0.0000E+00  0.0000E+00  0.0000E+00  4.4807E-01  0.0000E+00  2.8537E+05
  1.2202E+00  4.0700E+00  7.5000E+02  0.0000E+00  0.0000E+00  0.0000E+00  4.4864E-01  0.0000E+00  2.8537E+05
  1.2217E+00  4.0750E+00  7.5000E+02  0.0000E+00  0.0000E+00  0.0000E+00  4.4921E-01  0.0000E+00  2.8537E+05
  1.2232E+00  4.0800E+00  7.5000E+02  0.0000E+00  0.0000E+00  0.0000E+00  4.4978E-01  0.0000E+00  2.8537E+05
  1.2247E+00  4.0850E+00  7.5000E+02  0.0000E+00  0.0000E+00  0.0000E+00  4.5035E-01  0.0000E+00  2.8537E+05
  1.2262E+00  4.0900E+00  7.5000E+02  0.0000E+00  0.0000E+00  0.0000E+00  4.5092E-01  0.0000E+00  2.8537E+05
  1.2276E+00  4.0950E+00  7.5000E+02  0.0000E+00  0.0000E+00  0.0000E+00  4.5149E-01  0.0000E+00  2.8537E+05
  1.2291E+00  4.1000E+00  7.5000E+02  0.0000E+00  0.0000E+00  0.0000E+00  4.5206E-01  0.0000E+00  2.8537E+05
  1.2306E+00  4.1050E+00  7.5000E+02  0.0000E+00  0.0000E+00  0.0000E+00  4.5263E-01  0.0000E+00  2.8537E+05
  1.2321E+00  4.1100E+00  7.5000E+02  0.0000E+00  0.0000E+00  0.0000E+00  4.5320E-01  0.0000E+00  2.8537E+05
  1.2336E+00  4.1150E+00  7.5000E+02  0.0000E+00  0.0000E+00  0.0000E+00  4.5377E-01  0.0000E+00  2.8537E+05
  1.2351E+00  4.1200E+00  7.5000E+02  0.0000E+00  0.0000E+00  0.0000E+00  4.5434E-01  0.0000E+00  2.8537E+05
  1.2366E+00  4.1250E+00  7.5000E+02  0.0000E+00  0.0000E+00  0.0000E+00  4.5491E-01  0.0000E+00  2.8537E+05
  1.2381E+00  4.1300E+00  7.5000E+02  0.0000E+00  0.0000E+00  0.0000E+00  4.5548E-01  0.0000E+00  2.8537E+05
  1.2396E+00  4.1350E+00  7.5000E+02  0.0000E+00  0.0000E+00  0.0000E+00  4.5605E-01  0.0000E+00  2.8537E+05
  1.2411E+00  4.1400E+00  7.5000E+02  0.0000E+00  0.0000E+00  0.0000E+00  4.5662E-01  0.0000E+00  2.8537E+05
  1.2426E+00  4.1450E+00  7.5000E+02  0.0000E+00  0.0000E+00  0.0000E+00  4.5719E-01  0.0000E+00  2.8537E+05
  1.2441E+00  4.1500E+00  7.5000E+02  0.0000E+00  0.0000E+00  0.0000E+00  4.5776E-01  0.0000E+00  2.8537E+05
  1.2456E+00  4.1550E+00  7.5000E+02  0.0000E+00  0.0000E+00  0.0000E+00  4.5833E-01  0.0000E+00  2.8537E+05
  1.2471E+00  4.1600E+00  7.5000E+02  0.0000E+00  0.0000E+00  0.0000E+00  4.5890E-01  0.0000E+00  2.8537E+05
  1.2486E+00  4.1650E+00  7.5000E+02  0.0000E+00  0.0000E+00  0.0000E+00  4.5947E-01  0.0000E+00  2.8537E+05
  1.2501E+00  4.1700E+00  7.5000E+02  0.0000E+00  0.0000E+00  0.0000E+00  4.6004E-01  0.0000E+00  2.8537E+05
  1.2516E+00  4.1750E+00  7.5000E+02  0.0000E+00  0.0000E+00  0.0000E+00  4.6062E-01  0.0000E+00  2.8537E+05
  1.2531E+00  4.1800E+00  7.5000E+02  0.0000E+00  0.0000E+00  0.0000E+00  4.6119E-01  0.0000E+00  2.8537E+05
  1.2546E+00  4.1850E+00  7.5000E+02  7.7513E-11  0.0000E+00  0.0000E+00  4.6176E-01  0.0000E+00  2.8536E+05
  1.2561E+00  4.1900E+00  7.5000E+02 -7.7513E-11  0.0000E+00  0.0000E+00  4.6233E-01  0.0000E+00  2.8532E+05
  1.2576E+00  4.1950E+00  7.5000E+02 -7.7513E-11  0.0000E+00  0.0000E+00  4.6290E-01  0.0000E+00  2.8527E+05
  1.2591E+00  4.2000E+00  7.5000E+02  0.0000E+00  0.0000E+00  0.0000E+00  4.6347E-01  0.0000E+00  2.8519E+05
  1.2606E+00  4.2050E+00  7.5000E+02  0.0000E+00  0.0000E+00  0.0000E+00  4.6404E-01  0.0000E+00  2.8508E+05
  1.2621E+00  4.2100E+00  7.5000E+02  0.0000E+00  0.0000E+00  0.0000E+00  4.6461E-01  0.0000E+00  2.8493E+05
  1.2636E+00  4.2150E+00  7.5000E+02  0.0000E+00  0.0000E+00  0.0000E+00  4.6518E-01  0.0000E+00  2.8471E+05
  1.2651E+00  4.2200E+00  7.5000E+02  0.0000E+00  0.0000E+00  0.0000E+00  4.6574E-01  0.0000E+00  2.8440E+05
  1.2666E+00  4.2250E+00  7.5000E+02  0.0000E+00  0.0000E+00  0.0000E+00  4.6631E-01  0.0000E+00  2.8397E+05
  1.2681E+00  4.2300E+00  7.5000E+02  1.5503E-10  0.0000E+00  0.0000E+00  4.6688E-01  0.0000E+00  2.8335E+05
  1.2696E+00  4.2350E+00  7.5000E+02  0.0000E+00  0.0000E+00  0.0000E+00  4.6744E-01  0.0000E+00  2.8250E+05
  1.2711E+00  4.2400E+00  7.5000E+02  0.0000E+00  0.0000E+00  0.0000E+00  4.6801E-01  0.0000E+00  2.8132E+05
  1.2726E+00  4.2450E+00  7.5000E+02  7.7513E-11  0.0000E+00  0.0000E+00  4.6857E-01  0.0000E+00  2.7970E+05
  1.2741E+00  4.2500E+00  7.5000E+02 -7.7513E-11  0.0000E+00  0.0000E+00  4.6913E-01  0.0000E+00  2.7751E+05
  1.2756E+00  4.2550E+00  7.5000E+02  0.0000E+00  0.0000E+00  0.0000E+00  4.6968E-01  0.0000E+00  2.7461E+05
  1.2771E+00  4.2600E+00  7.5000E+02  7.7513E-11  0.0000E+00  0.0000E+00  4.7022E-01  0.0000E+00  2.7085E+05
  1.2786E+00  4.2650E+00  7.5000E+02 -7.7513E-11  0.0000E+00  0.0000E+00  4.7076E-01  0.0000E+00  2.6609E+05
  1.2801E+00  4.2700E+00  7.5000E+02  7.7513E-11  0.0000E+00  0.0000E+00  4.7129E-01  0.0000E+00  2.6025E+05
  1.2816E+00  4.2750E+00  7.5000E+02 -7.7513E-11  0.0000E+00  0.0000E+00  4.7180E-01  0.0000E+00  2.5330E+05
  1.2831E+00  4.2800E+00  7.5000E+02  0.0000E+00  0.0000E+00  0.0000E+00  4.7230E-01  0.0000E+00  2.4526E+05
  1.2846E+00  4.2850E+00  7.5000E+02  0.0000E+00  0.0000E+00  0.0000E+00  4.7278E-01  0.0000E+00  2.3625E+05
  1.2861E+00  4.2900E+00  7.5000E+02  7.7513E-11  0.0000E+00  0.0000E+00  4.7324E-01  0.0000E+00  2.2638E+05
  1.2876E+00  4.2950E+00  7.5000E+02  7.7513E-11  0.0000E+00  0.0000E+00  4.7368E-01  0.0000E+00  2.1580E+05
  1.2891E+00  4.3000E+00  7.5000E+02 -7.7513E-11  0.0000E+00  0.0000E+00  4.7410E-01  0.0000E+00  2.0467E+05
  1.2906E+00  4.3050E+00  7.5000E+02  7.7513E-11  0.0000E+00  0.0000E+00  4.7450E-01  0.0000E+00  1.9310E+05
  1.2921E+00  4.3100E+00  7.5000E+02  0.0000E+00  0.0000E+00  0.0000E+00  4.7488E-01  0.0000E+00  1.8121E+05
  1.2936E+00  4.3150E+00  7.5000E+02  0.0000E+00  0.0000E+00  0.0000E+00  4.7523E-01  0.0000E+00  1.6907E+05
  1.2951E+00  4.3200E+00  7.5000E+02  0.0000E+00  0.0000E+00  0.0000E+00  4.7555E-01  0.0000E+00  1.5676E+05
  1.2966E+00  4.3250E+00  7.5000E+02  7.7513E-11  0.0000E+00  0.0000E+00  4.7585E-01  0.0000E+00  1.4431E+05
  1.2981E+00  4.3300E+00  7.5000E+02 -7.7513E-11  0.0000E+00  0.0000E+00  4.7613E-01  0.0000E+00  1.3177E+05
  1.2996E+00  4.3350E+00  7.5000E+02  1.5503E-10  0.0000E+00  0.0000E+00  4.7638E-01  0.0000E+00  1.1916E+05
  1.3011E+00  4.3400E+00  7.5000E+02  0.0000E+00  0.0000E+00  0.0000E+00  4.7660E-01  0.0000E+00  1.0649E+05
  1.3026E+00  4.3450E+00  7.5000E+02  0.0000E+00  0.0000E+00  0.0000E+00  4.7680E-01  0.0000E+00  9.3796E+04
  1.3041E+00  4.3500E+00  7.5000E+02 -7.7513E-11  0.0000E+00  0.0000E+00  4.7698E-01  0.0000E+00  8.1070E+04
  1.3056E+00  4.3550E+00  7.5000E+02  7.7513E-11  0.0000E+00  0.0000E+00  4.7713E-01  0.0000E+00  6.8319E+04
  1.3071E+00  4.3600E+00  7.5000E+02  0.0000E+00  0.0000E+00  0.0000E+00  4.7725E-01  0.0000E+00  5.5532E+04
  1.3086E+00  4.3650E+00  7.5000E+02  0.0000E+00  0.0000E+00  0.0000E+00  4.7735E-01  0.0000E+00  4.2743E+04
  1.3101E+00  4.3700E+00  7.5000E+02  0.0000E+00  0.0000E+00  0.0000E+00  4.7742E-01  0.0000E+00  2.9951E+04
  1.3116E+00  4.3750E+00  7.5000E+02 -1.5503E-10  0.0000E+00  0.0000E+00  4.7747E-01  0.0000E+00  1.7158E+04
  1.3131E+00  4.3800E+00  7.5000E+02  7.7513E-11  0.0000E+00  0.0000E+00  4.7749E-01  0.0000E+00  4.3638E+03
  1.3146E+00  4.3850E+00  7.5000E+02  0.0000E+00  0.0000E+00  0.0000E+00  4.7749E-01  0.0000E+00 -8.4306E+03
  1.3161E+00  4.3900E+00  7.5000E+02 -7.7513E-11  0.0000E+00  0.0000E+00  4.7746E-01  0.0000E+00 -2.1225E+04
  1.3176E+00  4.3950E+00  7.5000E+02  0.0000E+00  0.0000E+00  0.0000E+00  4.7740E-01  0.0000E+00 -3.4018E+04
  1.3191E+00  4.4000E+00  7.5000E+02  0.0000E+00  0.0000E+00  0.0000E+00  4.7732E-01  0.0000E+00 -4.6809E+04
  1.3206E+00  4.4050E+00  7.5000E+02  0.0000E+00  0.0000E+00  0.0000E+00  4.7722E-01  0.0000E+00 -5.9597E+04
  1.3221E+00  4.4100E+00  7.5000E+02  0.0000E+00  0.0000E+00  0.0000E+00  4.7708E-01  0.0000E+00 -7.2382E+04
  1.3236E+00  4.4150E+00  7.5000E+02  0.0000E+00  0.0000E+00  0.0000E+00  4.7693E-01  0.0000E+00 -8.5164E+04
  1.3251E+00  4.4200E+00  7.5000E+02  0.0000E+00  0.0000E+00  0.0000E+00  4.7674E-01  0.0000E+00 -9.7941E+04
  1.3266E+00  4.4250E+00  7.5000E+02  0.0000E+00  0.0000E+00  0.0000E+00  4.7653E-01  0.0000E+00 -1.1071E+05
  1.3281E+00  4.4300E+00  7.5000E+02  0.0000E+00  0.0000E+00  0.0000E+00  4.7630E-01  0.0000E+00 -1.2348E+05
  1.3296E+00  4.4350E+00  7.5000E+02  0.0000E+00  0.0000E+00  0.0000E+00  4.7604E-01  0.0000E+00 -1.3624E+05
  1.3311E+00  4.4400E+00  7.5000E+02  0.0000E+00  0.0000E+00  0.0000E+00  4.7576E-01  0.0000E+00 -1.4899E+05
  1.3326E+00  4.4450E+00  7.5000E+02  0.0000E+00  0.0000E+00  0.0000E+00  4.7545E-01  0.0000E+00 -1.6173E+05
  1.3341E+00  4.4500E+00  7.5000E+02 -7.7513E-11  0.0000E+00  0.0000E+00  4.7511E-01  0.0000E+00 -1.7447E+05
  1.3356E+00  4.4550E+00  7.5000E+02  7.7513E-11  0.0000E+00  0.0000E+00  4.7475E-01  0.0000E+00 -1.8716E+05
  1.3371E+00  4.4600E+00  7.5000E+02 -7.7513E-11  0.0000E+00  0.0000E+00  4.7436E-01  0.0000E+00 -1.9983E+05
  1.3386E+00  4.4650E+00  7.5000E+02  7.7513E-11  0.0000E+00  0.0000E+00  4.7395E-01  0.0000E+00 -2.1247E+05
  1.3401E+00  4.4700E+00  7.5000E+02  0.0000E+00  0.0000E+00  0.0000E+00  4.7351E-01  0.0000E+00 -2.2506E+05
  1.3416E+00  4.4750E+00  7.5000E+02 -7.7513E-11  0.0000E+00  0.0000E+00  4.7305E-01  0.0000E+00 -2.3761E+05
  1.3431E+00  4.4800E+00  7.5000E+02  7.7513E-11  0.0000E+00  0.0000E+00  4.7256E-01  0.0000E+00 -2.5008E+05
  1.3446E+00  4.4850E+00  7.5000E+02  0.0000E+00  0.0000E+00  0.0000E+00  4.7205E-01  0.0000E+00 -2.6246E+05
  1.3461E+00  4.4900E+00  7.5000E+02  0.0000E+00  0.0000E+00  0.0000E+00  4.7151E-01  0.0000E+00 -2.7471E+05
  1.3476E+00  4.4950E+00  7.5000E+02  0.0000E+00  0.0000E+00  0.0000E+00  4.7095E-01  0.0000E+00 -2.8679E+05
  1.3491E+00  4.5000E+00  7.5000E+02  0.0000E+00  0.0000E+00  0.0000E+00  4.7037E-01  0.0000E+00 -2.9864E+05
  1.3506E+00  4.5050E+00  7.5000E+02  0.0000E+00  0.0000E+00  0.0000E+00  4.6976E-01  0.0000E+00 -3.1018E+05
  1.3521E+00  4.5100E+00  7.5000E+02  0.0000E+00  0.0000E+00  0.0000E+00  4.6913E-01  0.0000E+00 -3.2132E+05
  1.3536E+00  4.5150E+00  7.5000E+02  0.0000E+00  0.0000E+00  0.0000E+00  4.6847E-01  0.0000E+00 -3.3192E+05
  1.3551E+00  4.5200E+00  7.5000E+02  0.0000E+00  0.0000E+00  0.0000E+00  4.6780E-01  0.0000E+00 -3.4185E+05
  1.3566E+00  4.5250E+00  7.5000E+02  0.0000E+00  0.0000E+00  0.0000E+00  4.6711E-01  0.0000E+00 -3.5096E+05
  1.3581E+00  4.5300E+00  7.5000E+02  7.7513E-11  0.0000E+00  0.0000E+00  4.6640E-01  0.0000E+00 -3.5913E+05
  1.3596E+00  4.5350E+00  7.5000E+02 -7.7513E-11  0.0000E+00  0.0000E+00  4.6567E-01  0.0000E+00 -3.6624E+05
  1.3611E+00  4.5400E+00  7.5000E+02  0.0000E+00  0.0000E+00  0.0000E+00  4.6494E-01  0.0000E+00 -3.7225E+05
  1.3626E+00  4.5450E+00  7.5000E+02  0.0000E+00  0.0000E+00  0.0000E+00  4.6419E-01  0.0000E+00 -3.7717E+05
  1.3641E+00  4.5500E+00  7.5000E+02  0.0000E+00  0.0000E+00  0.0000E+00  4.6343E-01  0.0000E+00 -3.8109E+05
  1.3656E+00  4.5550E+00  7.5000E+02  0.0000E+00  0.0000E+00  0.0000E+00  4.6266E-01  0.0000E+00 -3.8413E+05
  1.3671E+00  4.5600E+00  7.5000E+02  0.0000E+00  0.0000E+00  0.0000E+00  4.6189E-01  0.0000E+00 -3.8642E+05
  1.3686E+00  4.5650E+00  7.5000E+02  7.7513E-11  0.0000E+00  0.0000E+00  4.6112E-01  0.0000E+00 -3.8813E+05
  1.3701E+00  4.5700E+00  7.5000E+02 -7.7513E-11  0.0000E+00  0.0000E+00  4.6034E-01  0.0000E+00 -3.8938E+05
  1.3715E+00  4.5750E+00  7.5000E+02  7.7513E-11  0.0000E+00  0.0000E+00  4.5956E-01  0.0000E+00 -3.9028E+05
  1.3730E+00  4.5800E+00  7.5000E+02  7.7513E-11  0.0000E+00  0.0000E+00  4.5878E-01  0.0000E+00 -3.9093E+05
  1.3745E+00  4.5850E+00  7.5000E+02 -7.7513E-11  0.0000E+00  0.0000E+00  4.5800E-01  0.0000E+00 -3.9139E+05
