7.249999999999999 7.232294956249999e-05
7.2515 7.232294956249999e-05
7.253 7.232294956249999e-05
7.2545 7.232294956249999e-05
7.256 7.232294956249999e-05
7.2575 7.232294956249999e-05
7.259 7.232294956249999e-05
7.2605 7.232294956249999e-05
7.261999999999999 7.232294956249999e-05
7.263499999999999 7.232294956249999e-05
7.264999999999999 7.232294956249999e-05
7.2665 7.232294956249999e-05
7.268 7.232294956249999e-05
7.2695 7.232294956249999e-05
7.271 7.232294956249999e-05
7.2725 7.232294956249999e-05
7.274 7.232294956249999e-05
7.2755 7.232294956249999e-05
7.277 7.232294956249999e-05
7.2785 7.232294956249999e-05
7.28 7.232294956249999e-05
7.2815 7.232294956249999e-05
7.283 7.232294956249999e-05
7.2845 0.00015579983412500003
7.286 0.00015579983412500003
7.2875 5.384219413725001e-06
7.289 5.384219413725001e-06
7.2905 5.384219413725001e-06
7.292 5.384219413725001e-06
7.2935 5.384219413725001e-06
7.295 5.384219413725001e-06
7.2965 5.384219413725001e-06
7.298 5.384219413725001e-06
7.2995 5.384219413725001e-06
7.301 5.384219413725001e-06
7.3025 5.384219413725001e-06
7.304000000000001 5.384219413725001e-06
7.305500000000001 5.384219413725001e-06
7.307000000000001 5.384219413725001e-06
7.308500000000001 5.384219413725001e-06
7.31 5.384219413725001e-06
7.3115 5.384219413725001e-06
7.313 5.384219413725001e-06
7.3145 5.384219413725001e-06
7.316000000000001 5.384219413725001e-06
7.317500000000001 5.384219413725001e-06
7.319000000000001 5.384219413725001e-06
7.320500000000001 5.384219413725001e-06
7.322000000000001 5.384219413725001e-06
7.323499999999999 5.384219413725001e-06
7.324999999999999 5.384219413725001e-06
7.326499999999999 5.384219413725001e-06
7.327999999999999 5.384219413725001e-06
7.3294999999999995 5.384219413725001e-06
7.331 5.384219413725001e-06
7.3325000000000005 5.384219413725001e-06
7.3340000000000005 5.384219413725001e-06
7.335500000000001 5.384219413725001e-06
7.336999999999999 5.384219413725001e-06
7.338499999999999 5.384219413725001e-06
7.339999999999999 5.384219413725001e-06
7.341499999999999 5.384219413725001e-06
7.343 5.384219413725001e-06
7.3445 5.384219413725001e-06
7.346 5.384219413725001e-06
7.3475 5.384219413725001e-06
7.349 5.384219413725001e-06
7.3505 5.384219413725001e-06
7.352 5.384219413725001e-06
7.3535 5.384219413725001e-06
7.355 5.384219413725001e-06
7.356499999999999 5.384219413725001e-06
7.358 5.384219413725001e-06
7.3595 0.0010958579555624998
7.361 0.0010958579555624998
7.3625 0.00011135102631249997
7.364 0.00011135102631249997
7.3655 0.00011135102631249997
7.367 0.00011135102631249997
7.3685 0.00011135102631249997
7.37 0.00011135102631249997
7.3715 0.00011135102631249997
7.373 0.00011135102631249997
7.3745 0.00011135102631249997
7.376 0.00011135102631249997
7.3775 0.00011135102631249997
7.379 0.00011135102631249997
7.3805 0.00011135102631249997
7.382 0.00011135102631249997
7.3835 0.00011135102631249997
7.385 0.00011135102631249997
7.3865 0.00011135102631249997
7.388 0.00011135102631249997
7.3895 0.00011135102631249997
7.391 0.00011135102631249997
7.3925 0.00011135102631249997
7.394 0.00011135102631249997
7.395500000000001 0.00011135102631249997
7.397000000000001 0.00011135102631249997
7.398500000000001 0.00011135102631249997
7.249999999999999 7.232294956249999e-05
7.2515 7.232294956249999e-05
7.253 7.232294956249999e-05
7.2545 7.232294956249999e-05
7.256 7.232294956249999e-05
7.2575 7.232294956249999e-05
7.259 7.232294956249999e-05
7.2605 7.232294956249999e-05
7.261999999999999 7.232294956249999e-05
7.263499999999999 7.232294956249999e-05
7.264999999999999 7.232294956249999e-05
7.2665 7.232294956249999e-05
7.268 7.232294956249999e-05
7.2695 7.232294956249999e-05
7.271 7.232294956249999e-05
7.2725 7.232294956249999e-05
7.274 7.232294956249999e-05
7.2755 7.232294956249999e-05
7.277 7.232294956249999e-05
7.2785 7.232294956249999e-05
7.28 7.232294956249999e-05
7.2815 7.232294956249999e-05
7.283 7.232294956249999e-05
7.2845 0.00015579983412500003
7.286 0.00015579983412500003
7.2875 5.384219413725001e-06
7.289 5.384219413725001e-06
7.2905 5.384219413725001e-06
7.292 5.384219413725001e-06
7.2935 5.384219413725001e-06
7.295 5.384219413725001e-06
7.2965 5.384219413725001e-06
7.298 5.384219413725001e-06
7.2995 5.384219413725001e-06
7.301 5.384219413725001e-06
7.3025 5.384219413725001e-06
7.304000000000001 5.384219413725001e-06
7.305500000000001 5.384219413725001e-06
7.307000000000001 5.384219413725001e-06
7.308500000000001 5.384219413725001e-06
7.31 5.384219413725001e-06
7.3115 5.384219413725001e-06
7.313 5.384219413725001e-06
7.3145 5.384219413725001e-06
7.316000000000001 5.384219413725001e-06
7.317500000000001 5.384219413725001e-06
7.319000000000001 5.384219413725001e-06
7.320500000000001 5.384219413725001e-06
7.322000000000001 5.384219413725001e-06
7.323499999999999 5.384219413725001e-06
7.324999999999999 5.384219413725001e-06
7.326499999999999 5.384219413725001e-06
7.327999999999999 5.384219413725001e-06
7.3294999999999995 5.384219413725001e-06
7.331 5.384219413725001e-06
7.3325000000000005 5.384219413725001e-06
7.3340000000000005 5.384219413725001e-06
7.335500000000001 5.384219413725001e-06
7.336999999999999 5.384219413725001e-06
7.338499999999999 5.384219413725001e-06
7.339999999999999 5.384219413725001e-06
7.341499999999999 5.384219413725001e-06
7.343 5.384219413725001e-06
7.3445 5.384219413725001e-06
7.346 5.384219413725001e-06
7.3475 5.384219413725001e-06
7.349 5.384219413725001e-06
7.3505 5.384219413725001e-06
7.352 5.384219413725001e-06
7.3535 5.384219413725001e-06
7.355 5.384219413725001e-06
7.356499999999999 5.384219413725001e-06
7.358 5.384219413725001e-06
7.3595 0.0010958579555624998
7.361 0.0010958579555624998
7.3625 0.00011135102631249997
7.364 0.00011135102631249997
7.3655 0.00011135102631249997
7.367 0.00011135102631249997
7.3685 0.00011135102631249997
7.37 0.00011135102631249997
7.3715 0.00011135102631249997
7.373 0.00011135102631249997
7.3745 0.00011135102631249997
7.376 0.00011135102631249997
7.3775 0.00011135102631249997
7.379 0.00011135102631249997
7.3805 0.00011135102631249997
7.382 0.00011135102631249997
7.3835 0.00011135102631249997
7.385 0.00011135102631249997
7.3865 0.00011135102631249997
7.388 0.00011135102631249997
7.3895 0.00011135102631249997
7.391 0.00011135102631249997
7.3925 0.00011135102631249997
7.394 0.00011135102631249997
7.395500000000001 0.00011135102631249997
7.397000000000001 0.00011135102631249997
7.398500000000001 0.00011135102631249997
