  0.0000E+00  0.0000E+00  1.5000E+00  0.0000E+00  0.0000E+00  9.8728E+06  5.0237E+00 -2.0000E-03   1   5
 -3.7705E-05 -9.1841E-05  5.0340E-04  1.1852E+03  2.4844E+03 -6.7725E+02  0.0000E+00 -2.0000E-03   1   3
  9.2419E-05 -3.7961E-05 -5.0461E-04 -2.5341E+03  1.2094E+03 -7.2667E+02  0.0000E+00 -2.0000E-03   1   3
 -7.5022E-05 -1.8292E-04  1.0056E-03  2.3405E+03  4.9093E+03 -2.7624E+03  0.0000E+00 -2.0000E-03   1   3
  1.8544E-04 -7.6132E-05 -1.0104E-03 -5.1399E+03  2.4504E+03 -2.8713E+03  0.0000E+00 -2.0000E-03   1   3
 -1.1188E-04 -2.7318E-04  1.5066E-03  3.4692E+03  7.2865E+03 -6.2537E+03  0.0000E+00 -2.0000E-03   1   3
  2.7879E-04 -1.1435E-04 -1.5175E-03 -7.7997E+03  3.7138E+03 -6.4308E+03  0.0000E+00 -2.0000E-03   1   3
  1.3846E-04 -3.6989E-04  8.3524E-04 -2.0041E+03  6.0796E+03 -1.9197E+03  0.0000E+00 -2.0000E-03   1   5
  9.5945E-05 -2.7782E-04  2.4849E-04 -1.7907E+03  5.1127E+03  8.5980E+02  0.0000E+00 -2.0000E-03   1   5
  6.6063E-05 -2.1435E-04 -2.6858E-04 -1.7126E+03  4.5234E+03 -1.2420E+03  0.0000E+00 -2.0000E-03   1   5
  4.1323E-05 -1.6307E-04 -8.5211E-04 -1.7104E+03  4.0484E+03 -3.0777E+02  0.0000E+00 -2.0000E-03   1   5
  1.8873E-05 -1.1539E-04  1.7503E-03 -1.8623E+03  3.5009E+03 -8.9109E+03  0.0000E+00 -2.0000E-03   1   5
 -3.3299E-07 -7.6300E-05  7.0461E-04 -2.3670E+03  3.4945E+03 -8.5527E+02  0.0000E+00 -2.0000E-03   1   5
 -6.1585E-05 -2.0735E-05  1.3749E-04  6.9733E+03 -6.4037E+02 -1.7948E+03  0.0000E+00 -2.0000E-03   1   5
 -7.6278E-05  1.3995E-05 -3.6172E-04  5.0159E+03  3.9655E+01  1.9493E+03  0.0000E+00 -2.0000E-03   1   5
 -1.0031E-04  5.1825E-05 -1.0132E-03  4.8268E+03  1.2066E+02 -3.1266E+03  0.0000E+00 -2.0000E-03   1   5
 -1.2793E-04  8.9522E-05  1.4074E-03  4.9433E+03  5.7879E+02 -4.6832E+03  0.0000E+00 -2.0000E-03   1   5
 -1.4778E-04  1.8153E-04  5.7225E-04  8.2351E+02 -1.0723E+04 -2.2439E+03  0.0000E+00 -2.0000E-03   1   5
 -2.1225E-04  2.2947E-04  4.4302E-05  2.7139E+03 -9.0821E+03  1.3324E+03  0.0000E+00 -2.0000E-03   1   5
  5.4266E-04 -4.6594E-05 -4.9071E-04 -1.8785E+04  1.2668E+03 -1.4463E+03  0.0000E+00 -2.0000E-03   1   5
  3.1295E-04  9.0220E-05 -1.1963E-03 -5.4484E+03 -5.0821E+03 -3.7746E+03  0.0000E+00 -2.0000E-03   1   5
  2.6367E-04  1.5886E-04  1.1637E-03 -5.6215E+03 -5.5571E+03 -6.0596E+03  0.0000E+00 -2.0000E-03   1   5
  2.4663E-04  2.4629E-04  4.6971E-04 -6.1681E+03 -6.9545E+03  2.2283E+03  0.0000E+00 -2.0000E-03   1   5
 -1.1874E-04 -5.3379E-04 -6.7173E-05  4.4023E+03  1.4923E+04 -1.6190E+02  0.0000E+00 -2.0000E-03   1   5
 -6.5631E-05 -3.0670E-04 -5.9573E-04  1.9650E+03  9.7031E+03 -1.3831E+02  0.0000E+00 -2.0000E-03   1   5
 -7.0914E-05 -2.2911E-04 -1.4330E-03  1.3251E+03  8.6625E+03 -6.9166E+03  0.0000E+00 -2.0000E-03   1   5
 -8.1341E-05 -1.7017E-04  9.9727E-04  3.1034E+02  8.1166E+03 -1.1776E+03  0.0000E+00 -2.0000E-03   1   5
 -1.3746E-04 -1.0945E-04  3.4969E-04  9.0349E+03  4.6916E+03 -9.4225E+02  0.0000E+00 -2.0000E-03   1   5
 -1.3803E-04 -2.2790E-05 -1.5989E-04  3.7074E+03 -5.4572E+03  2.7982E+02  0.0000E+00 -2.0000E-03   1   5
 -1.6959E-04  1.3219E-05 -7.2883E-04  4.4447E+03 -3.9313E+03 -3.5054E+03  0.0000E+00 -2.0000E-03   1   5
 -2.1074E-04  5.8192E-05 -1.7713E-03  5.1213E+03 -3.9734E+03 -6.7507E+03  0.0000E+00 -2.0000E-03   1   5
 -2.7164E-04  1.1169E-04  8.0722E-04  5.8495E+03 -4.4091E+03 -2.1391E+03  0.0000E+00 -2.0000E-03   1   5
  4.3674E-04 -1.5048E-04  2.2264E-04 -1.3994E+04  4.9204E+03  4.5467E+02  0.0000E+00 -2.0000E-03   1   5
  2.8504E-04 -5.8706E-05 -2.9252E-04 -1.1322E+04  3.3583E+03 -1.7947E+03  0.0000E+00 -2.0000E-03   1   5
  1.9348E-04  1.0105E-05 -8.8355E-04 -2.0008E+03 -9.0908E+02 -1.0275E+03  0.0000E+00 -2.0000E-03   1   5
  1.5844E-04  5.5264E-05  1.6621E-03 -2.1870E+03 -9.8835E+02 -8.4856E+03  0.0000E+00 -2.0000E-03   1   5
  1.3443E-04  1.0152E-04  6.7712E-04 -2.3988E+03 -1.2556E+03 -1.1196E+03  0.0000E+00 -2.0000E-03   1   5
  1.1509E-04  1.5118E-04  1.1261E-04 -2.5548E+03 -1.5782E+03 -2.8612E+03  0.0000E+00 -2.0000E-03   1   5
  1.0119E-04  2.0831E-04 -3.8126E-04 -2.6718E+03 -1.6982E+03  2.8473E+03  0.0000E+00 -2.0000E-03   1   5
  1.1709E-04  3.3499E-04 -1.0498E-03 -7.7646E+03 -1.3074E+04 -3.1572E+03  0.0000E+00 -2.0000E-03   1   5
 -2.2395E-04 -4.1544E-04  1.3510E-03  1.7425E+03  9.6431E+03 -4.1074E+03  0.0000E+00 -2.0000E-03   1   5
 -2.2625E-04 -2.1580E-04  5.4844E-04  8.7812E+03  2.4188E+03 -1.9256E+03  0.0000E+00 -2.0000E-03   1   5
 -2.3958E-04 -1.3807E-04  2.5753E-05  7.9397E+03  1.5461E+03  1.6278E+03  0.0000E+00 -2.0000E-03   1   5
 -2.7275E-04 -7.4007E-05 -5.0676E-04  8.1099E+03  7.4255E+02 -1.2825E+03  0.0000E+00 -2.0000E-03   1   5
 -3.3823E-04 -6.6833E-06 -1.2375E-03  9.3234E+03 -3.2982E+02 -3.8626E+03  0.0000E+00 -2.0000E-03   1   5
  3.5204E-04 -2.5208E-04  1.1234E-03 -1.0173E+04  8.3641E+03 -5.3660E+03  0.0000E+00 -2.0000E-03   1   5
  2.2380E-04 -1.6862E-04  4.4588E-04 -7.6622E+03  6.9301E+03  1.6165E+03  0.0000E+00 -2.0000E-03   1   5
  1.7685E-04 -1.1989E-04 -8.1561E-05 -8.2659E+03  7.0348E+03 -3.2839E+02  0.0000E+00 -2.0000E-03   1   5
  1.0296E-04 -6.1394E-05 -6.1842E-04  9.5956E+02  3.2114E+03 -4.1639E+02  0.0000E+00 -2.0000E-03   1   5
  7.6025E-05 -2.4902E-05 -1.4893E-03  8.1130E+02  3.8773E+03 -7.6357E+03  0.0000E+00 -2.0000E-03   1   5
  6.8968E-05  5.5248E-05  9.6446E-04 -3.2655E+03 -6.0133E+03 -1.2660E+03  0.0000E+00 -2.0000E-03   1   5
  4.5710E-05  8.9768E-05  3.2829E-04 -2.8884E+03 -4.9997E+03 -1.0963E+03  0.0000E+00 -2.0000E-03   1   5
  2.5124E-05  1.2966E-04 -1.8082E-04 -2.9248E+03 -4.8845E+03  7.9265E+01  0.0000E+00 -2.0000E-03   1   5
  6.0628E-06  1.7388E-04 -7.5701E-04 -3.3169E+03 -5.0713E+03 -4.1657E+03  0.0000E+00 -2.0000E-03   1   5
 -6.3220E-06  2.2304E-04 -1.8724E-03 -5.3175E+03 -4.9296E+03 -7.2234E+03  0.0000E+00 -2.0000E-03   1   5
 -8.7392E-05  3.0802E-04  7.7948E-04  8.5282E+03 -1.1340E+04 -1.8535E+03  0.0000E+00 -2.0000E-03   1   5
 -9.4747E-05  3.9676E-04  2.0403E-04  4.7120E+03 -1.1595E+04  6.8350E+02  0.0000E+00 -2.0000E-03   1   5
 -4.7876E-04 -3.0633E-04 -3.1892E-04  1.5592E+04  8.3681E+03 -1.5839E+03  0.0000E+00 -2.0000E-03   1   5
  2.5122E-04 -4.3016E-04 -9.1843E-04 -5.3099E+03  1.4059E+04 -9.4303E+02  0.0000E+00 -2.0000E-03   1   5
  1.4584E-04 -3.1024E-04  1.5846E-03 -2.9339E+03  1.1430E+04 -7.6137E+03  0.0000E+00 -2.0000E-03   1   5
  1.0177E-04 -2.4876E-04  6.5103E-04 -2.2645E+03  1.1421E+04 -8.5893E+02  0.0000E+00 -2.0000E-03   1   5
  9.0213E-05 -1.5615E-04  9.4732E-05 -6.6144E+03  1.4262E+03 -2.1759E+03  0.0000E+00 -2.0000E-03   1   5
  2.3283E-05 -9.8644E-05 -4.0701E-04  3.1306E+03 -1.7943E+03  1.3878E+03  0.0000E+00 -2.0000E-03   1   5
  7.7709E-06 -6.2110E-05 -1.0824E-03  1.4098E+03 -9.4143E+02 -3.7112E+03  0.0000E+00 -2.0000E-03   1   5
 -1.2566E-05 -2.3776E-05  1.3065E-03  1.0721E+03 -9.8071E+02 -4.1217E+03  0.0000E+00 -2.0000E-03   1   5
 -3.4170E-05  1.3840E-05  5.2584E-04  9.4534E+02 -1.0678E+03 -2.3793E+03  0.0000E+00 -2.0000E-03   1   5
 -5.7163E-05  5.2278E-05  5.6150E-06  8.8710E+02 -1.2548E+03  1.1008E+03  0.0000E+00 -2.0000E-03   1   5
 -8.2627E-05  9.2338E-05 -5.2938E-04  8.4279E+02 -1.4990E+03 -1.7540E+03  0.0000E+00 -2.0000E-03   1   5
 -1.1193E-04  1.3527E-04 -1.2801E-03  5.8344E+02 -1.6866E+03 -4.5290E+03  0.0000E+00 -2.0000E-03   1   5
 -1.8902E-04  1.9809E-04  1.0838E-03  9.7478E+03 -5.5939E+03 -6.5122E+03  0.0000E+00 -2.0000E-03   1   5
 -2.5932E-04  2.6286E-04  4.2769E-04  9.8703E+03 -5.7920E+03  3.1728E+03  0.0000E+00 -2.0000E-03   1   5
  4.1193E-04  2.6405E-05 -1.0403E-04 -8.8265E+03  3.5072E+03 -7.9807E+01  0.0000E+00 -2.0000E-03   1   5
  3.3460E-04  1.6338E-04 -6.4517E-04 -1.1106E+04 -7.9874E+03 -1.9979E+02  0.0000E+00 -2.0000E-03   1   5
  3.0509E-04  2.6092E-04 -1.5538E-03 -1.0915E+04 -9.1805E+03 -7.7864E+03  0.0000E+00 -2.0000E-03   1   5
 -3.7831E-05 -4.4354E-04  9.2963E-04 -7.5036E+02  1.1017E+04 -6.9915E+02  0.0000E+00 -2.0000E-03   1   5
 -1.7082E-05 -2.9610E-04  3.0612E-04 -2.6584E+03  8.3823E+03 -7.7389E+02  0.0000E+00 -2.0000E-03   1   5
 -6.3136E-05 -2.0773E-04 -2.0126E-04  5.4713E+03  3.6948E+03  3.3049E+02  0.0000E+00 -2.0000E-03   1   5
 -7.3974E-05 -1.5426E-04 -7.8107E-04  4.2557E+03  3.5104E+03 -3.5305E+03  0.0000E+00 -2.0000E-03   1   5
 -9.1584E-05 -1.0760E-04 -1.9994E-03  3.9168E+03  3.1960E+03 -8.8958E+03  0.0000E+00 -2.0000E-03   1   5
 -1.0954E-04 -6.1968E-05  1.9783E-03  3.5625E+03  2.7459E+03 -1.1059E+04  0.0000E+00 -2.0000E-03   1   5
 -1.3602E-04 -2.1223E-05  7.5785E-04  3.6550E+03  2.6251E+03 -8.4770E+02  0.0000E+00 -2.0000E-03   1   5
 -1.6811E-04  1.9957E-05  1.7932E-04  3.8656E+03  2.7008E+03 -1.4761E+03  0.0000E+00 -2.0000E-03   1   5
 -2.1196E-04  6.1510E-05 -3.2349E-04  4.1021E+03  3.5882E+03  9.9261E+02  0.0000E+00 -2.0000E-03   1   5
 -3.1472E-04  1.8174E-04 -9.5430E-04  1.0301E+04 -1.0671E+04 -3.3370E+03  0.0000E+00 -2.0000E-03   1   5
  3.4751E-04 -6.6086E-05  1.5204E-03 -8.5928E+03 -8.9057E+02 -6.1712E+03  0.0000E+00 -2.0000E-03   1   5
  2.5516E-04  1.5812E-06  6.1713E-04 -6.9760E+03 -1.6184E+03 -3.4723E+03  0.0000E+00 -2.0000E-03   1   5
  2.0982E-04  5.3214E-05  9.1035E-05 -6.3937E+03 -2.0872E+03  2.6591E+03  0.0000E+00 -2.0000E-03   1   5
  1.7995E-04  1.0310E-04 -4.3698E-04 -6.3720E+03 -2.6038E+03 -7.0090E+02  0.0000E+00 -2.0000E-03   1   5
  1.5999E-04  1.5625E-04 -1.1156E-03 -6.7601E+03 -3.1922E+03 -2.6521E+03  0.0000E+00 -2.0000E-03   1   5
  1.4755E-04  2.1392E-04  1.2525E-03 -7.9185E+03 -3.3212E+03 -5.5331E+03  0.0000E+00 -2.0000E-03   1   5
  1.1242E-04  3.2169E-04  5.1075E-04 -8.2922E+01 -8.6019E+03  7.7181E+02  0.0000E+00 -2.0000E-03   1   5
 -2.0932E-04 -3.7746E-04 -2.5783E-05  8.7822E+03  1.1437E+04 -6.6924E+02  0.0000E+00 -2.0000E-03   1   5
 -1.9268E-04 -2.4240E-04 -5.5040E-04  7.5464E+03  9.0391E+03 -5.4310E+02  0.0000E+00 -2.0000E-03   1   5
 -2.0809E-04 -1.7472E-04 -1.3351E-03  7.7789E+03  9.1813E+03 -7.0583E+03  0.0000E+00 -2.0000E-03   1   5
 -2.1328E-04 -7.2045E-05  1.0667E-03  3.2812E+03 -1.4928E+03 -1.1773E+03  0.0000E+00 -2.0000E-03   1   5
 -2.5655E-04 -1.8701E-05  3.9326E-04  3.8586E+03 -1.3416E+03 -8.0496E+02  0.0000E+00 -2.0000E-03   1   5
 -3.3865E-04  4.8073E-05 -1.2058E-04  4.3632E+03 -1.6760E+03  5.2423E+02  0.0000E+00 -2.0000E-03   1   5
  2.8683E-04 -1.7729E-04 -6.7829E-04 -5.4958E+03  3.3795E+03 -2.8895E+03  0.0000E+00 -2.0000E-03   1   5
  2.0124E-04 -1.1226E-04 -1.6110E-03 -4.2885E+03  2.5550E+03 -6.1049E+03  0.0000E+00 -2.0000E-03   1   5
  1.5269E-04 -6.2958E-05  8.9421E-04 -3.5229E+03  1.9295E+03 -3.0946E+03  0.0000E+00 -2.0000E-03   1   5
  1.2073E-04 -2.1042E-05  2.8893E-04 -3.3752E+03  1.6543E+03 -1.2908E+02  0.0000E+00 -2.0000E-03   1   5
  9.5034E-05  1.8976E-05 -2.3307E-04 -3.4332E+03  1.4711E+03 -3.1830E+03  0.0000E+00 -2.0000E-03   1   5
  7.3967E-05  5.7910E-05 -7.9079E-04 -3.7471E+03  1.5068E+03  1.2478E+03  0.0000E+00 -2.0000E-03   1   5
  5.9613E-05  9.3314E-05  1.8533E-03 -5.7223E+03  2.6878E+03 -9.5449E+03  0.0000E+00 -2.0000E-03   1   5
 -1.7849E-05  1.5665E-04  7.3167E-04  8.2643E+03 -2.0071E+03 -5.3817E+02  0.0000E+00 -2.0000E-03   1   5
 -5.3112E-06  2.4561E-04  1.5858E-04  8.1259E+02 -1.1249E+04 -1.2114E+03  0.0000E+00 -2.0000E-03   1   5
 -2.1430E-05  3.0828E-04 -3.4532E-04  4.4198E+02 -1.1402E+04  1.2325E+03  0.0000E+00 -2.0000E-03   1   5
 -3.1887E-05  4.0842E-04 -9.8592E-04 -1.4641E+01 -1.3237E+04 -3.3105E+03  0.0000E+00 -2.0000E-03   1   5
 -3.7449E-04 -2.7245E-04  1.4574E-03  9.6586E+03  6.1030E+03 -5.4941E+03  0.0000E+00 -2.0000E-03   1   5
 -4.3590E-04 -1.1696E-04  5.9082E-04  1.0594E+04  2.8113E+03 -2.9099E+03  0.0000E+00 -2.0000E-03   1   5
  2.3966E-04 -3.2937E-04  6.5373E-05 -8.7051E+03  1.0799E+04  2.0454E+03  0.0000E+00 -2.0000E-03   1   5
  1.2510E-04 -2.3415E-04 -4.6064E-04  1.7805E+03  5.6161E+03 -9.4243E+02  0.0000E+00 -2.0000E-03   1   5
  9.1528E-05 -1.8178E-04 -1.1538E-03  4.9536E+02  5.7335E+03 -3.0954E+03  0.0000E+00 -2.0000E-03   1   5
  6.1492E-05 -1.3332E-04  1.2096E-03  5.2676E+02  5.3730E+03 -5.4965E+03  0.0000E+00 -2.0000E-03   1   5
  3.5978E-05 -9.4499E-05  4.8950E-04  6.3374E+02  5.5972E+03  5.8172E+02  0.0000E+00 -2.0000E-03   1   5
  1.0171E-05 -6.3300E-05 -4.1818E-05  1.3049E+03  7.2114E+03 -8.5112E+02  0.0000E+00 -2.0000E-03   1   5
  7.3089E-06  1.8231E-05 -5.7192E-04 -3.1759E+03 -3.1196E+03 -7.8737E+02  0.0000E+00 -2.0000E-03   1   5
 -1.3696E-05  5.3022E-05 -1.3844E-03 -3.4873E+03 -2.5424E+03 -8.0293E+03  0.0000E+00 -2.0000E-03   1   5
 -7.4132E-05  1.0570E-04  1.0344E-03  5.2570E+03 -6.1176E+03 -4.8255E+02  0.0000E+00 -2.0000E-03   1   5
 -9.6037E-05  1.4567E-04  3.7295E-04  4.1514E+03 -5.8718E+03 -5.8309E+02  0.0000E+00 -2.0000E-03   1   5
 -1.2795E-04  1.9266E-04 -1.3871E-04  4.1293E+03 -6.2245E+03  7.1229E+02  0.0000E+00 -2.0000E-03   1   5
 -1.7502E-04  2.5030E-04 -7.0218E-04  4.7490E+03 -7.0819E+03 -2.7022E+03  0.0000E+00 -2.0000E-03   1   5
 -2.7653E-04  3.3802E-04 -1.6899E-03  6.9279E+03 -8.9245E+03 -6.5574E+03  0.0000E+00 -2.0000E-03   1   5
  4.0159E-04  1.1501E-04  8.6097E-04 -1.2335E+04 -3.4303E+02 -2.7612E+03  0.0000E+00 -2.0000E-03   1   5
  3.5441E-04  2.3442E-04  2.6386E-04 -1.2432E+04 -2.4332E+03  6.5191E+01  0.0000E+00 -2.0000E-03   1   5
 -2.3430E-05 -4.3080E-04 -2.5618E-04  6.1530E+03  1.3691E+04 -2.4508E+03  0.0000E+00 -2.0000E-03   1   5
 -2.2085E-05 -3.2001E-04 -8.2593E-04  5.3772E+03  1.3943E+04 -1.2908E+02  0.0000E+00 -2.0000E-03   1   5
 -5.6707E-06 -1.7972E-04  8.3099E-04 -1.8568E+03 -3.0981E+03 -2.3301E+03  0.0000E+00 -2.0000E-03   1   5
 -2.9819E-05 -1.4497E-04  2.4418E-04 -2.8204E+02  7.9704E+02  3.6454E+02  0.0000E+00 -2.0000E-03   1   5
 -4.9002E-05 -1.0114E-04 -2.7415E-04 -2.4909E+02  9.9179E+02 -1.9144E+03  0.0000E+00 -2.0000E-03   1   5
 -6.8965E-05 -5.9809E-05 -8.5980E-04 -4.4668E+02  9.6140E+02 -1.0289E+03  0.0000E+00 -2.0000E-03   1   5
 -8.7299E-05 -2.0100E-05  1.7304E-03 -1.4850E+03  1.0673E+03 -9.2218E+03  0.0000E+00 -2.0000E-03   1   5
 -1.5108E-04  3.5699E-05  6.9724E-04  7.2215E+03 -2.7650E+03 -1.2873E+03  0.0000E+00 -2.0000E-03   1   5
 -1.8354E-04  7.7898E-05  1.2578E-04  6.8489E+03 -2.8356E+03 -3.7165E+03  0.0000E+00 -2.0000E-03   1   5
 -2.3556E-04  1.2848E-04 -3.6172E-04  7.4231E+03 -3.3388E+03  3.6552E+03  0.0000E+00 -2.0000E-03   1   5
 -3.5398E-04  2.0644E-04 -1.0231E-03  1.0143E+04 -4.8235E+03 -2.9549E+03  0.0000E+00 -2.0000E-03   1   5
  3.2090E-04 -4.1312E-05  1.3952E-03 -8.7867E+03  4.3103E+03 -4.3609E+03  0.0000E+00 -2.0000E-03   1   5
  2.5260E-04  1.7910E-05  5.6848E-04 -7.7298E+03  4.0470E+03 -1.9263E+03  0.0000E+00 -2.0000E-03   1   5
  2.3882E-04  1.1564E-04  4.2011E-05 -1.2987E+04 -6.8613E+03  1.7022E+03  0.0000E+00 -2.0000E-03   1   5
  1.7284E-04  1.7772E-04 -4.8790E-04 -3.4393E+03 -8.9181E+03 -1.1835E+03  0.0000E+00 -2.0000E-03   1   5
  1.6062E-04  2.4238E-04 -1.2033E-03 -4.2110E+03 -9.2781E+03 -3.5943E+03  0.0000E+00 -2.0000E-03   1   5
  1.6186E-04  3.3958E-04  1.1563E-03 -4.8872E+03 -1.0619E+04 -5.4708E+03  0.0000E+00 -2.0000E-03   1   5
 -1.5434E-04 -3.4083E-04  4.6280E-04  4.1756E+03  8.4637E+03  1.6958E+03  0.0000E+00 -2.0000E-03   1   5
 -1.4580E-04 -2.2866E-04 -6.5622E-05  3.1687E+03  6.4323E+03 -2.7563E+02  0.0000E+00 -2.0000E-03   1   5
 -1.5696E-04 -1.6135E-04 -5.9973E-04  2.5385E+03  5.5684E+03 -3.0382E+02  0.0000E+00 -2.0000E-03   1   5
 -1.7315E-04 -1.0866E-04 -1.4442E-03  1.1317E+03  5.5556E+03 -7.1975E+03  0.0000E+00 -2.0000E-03   1   5
 -2.4079E-04 -3.9566E-05  9.8920E-04  9.9653E+03  1.1735E+03 -1.3492E+03  0.0000E+00 -2.0000E-03   1   5
 -2.9243E-04  1.3832E-05  3.4363E-04  1.0445E+04  8.9913E+02 -1.0859E+03  0.0000E+00 -2.0000E-03   1   5
 -4.2635E-04  9.6878E-05 -1.6873E-04  1.3561E+04 -1.5651E+02  1.2002E+02  0.0000E+00 -2.0000E-03   1   5
  2.8256E-04 -1.1330E-04 -7.3690E-04 -1.0249E+04 -1.2174E+03 -3.9183E+03  0.0000E+00 -2.0000E-03   1   5
  2.1255E-04 -6.4007E-05 -1.7878E-03 -8.4449E+03 -2.0302E+02 -6.1713E+03  0.0000E+00 -2.0000E-03   1   5
  1.6914E-04 -2.0211E-05  8.0385E-04 -7.9168E+03 -1.5841E+02 -1.8955E+03  0.0000E+00 -2.0000E-03   1   5
  1.4915E-04  1.6992E-05  2.2428E-04 -9.9671E+03  6.6181E+02  7.2956E+02  0.0000E+00 -2.0000E-03   1   5
  6.7900E-05  8.2231E-05 -2.9342E-04  3.3398E+03 -5.1953E+03 -1.4561E+03  0.0000E+00 -2.0000E-03   1   5
  5.8639E-05  1.2042E-04 -8.8784E-04  5.2436E+02 -4.4004E+03 -7.1983E+02  0.0000E+00 -2.0000E-03   1   5
  4.0957E-05  1.6288E-04  1.6471E-03  8.5665E+01 -4.4456E+03 -8.0940E+03  0.0000E+00 -2.0000E-03   1   5
  2.5496E-05  2.1654E-04  6.7233E-04 -2.8306E+02 -5.0198E+03 -8.7909E+02  0.0000E+00 -2.0000E-03   1   5
  1.2839E-05  2.8400E-04  1.1019E-04 -6.5458E+02 -5.9976E+03 -2.0729E+03  0.0000E+00 -2.0000E-03   1   5
  1.3364E-05  3.9480E-04 -3.9284E-04 -1.4604E+03 -7.9595E+03  1.5125E+03  0.0000E+00 -2.0000E-03   1   5
 -3.2100E-04 -2.8936E-04 -1.0590E-03  8.2740E+03  1.2277E+04 -3.5255E+03  0.0000E+00 -2.0000E-03   1   5
 -3.6359E-04 -1.0667E-04  1.3410E-03  1.2666E+04 -4.2259E+03 -4.3779E+03  0.0000E+00 -2.0000E-03   1   5
 -5.0580E-04  4.9814E-06  5.3770E-04  1.5009E+04 -4.6778E+03 -2.3842E+03  0.0000E+00 -2.0000E-03   1   5
  2.0871E-04 -2.4492E-04  1.9520E-05 -5.0854E+03  4.7294E+03  1.1489E+03  0.0000E+00 -2.0000E-03   1   5
  1.4794E-04 -1.8268E-04 -5.1182E-04 -4.1695E+03  4.0493E+03 -1.6506E+03  0.0000E+00 -2.0000E-03   1   5
  1.1028E-04 -1.3368E-04 -1.2448E-03 -3.8298E+03  3.6038E+03 -4.2353E+03  0.0000E+00 -2.0000E-03   1   5
  8.0039E-05 -8.8806E-05  1.1167E-03 -3.7206E+03  3.1488E+03 -6.3307E+03  0.0000E+00 -2.0000E-03   1   5
  5.8345E-05 -5.0797E-05  4.4686E-04 -4.2756E+03  3.1775E+03  2.6100E+03  0.0000E+00 -2.0000E-03   1   5
 -1.3300E-06  2.9176E-06 -8.3421E-05  4.3717E+03 -6.4252E+02 -9.7760E+01  0.0000E+00 -2.0000E-03   1   5
 -1.8427E-05  3.8493E-05 -6.2201E-04  3.1792E+03 -2.5650E+02 -1.7206E+02  0.0000E+00 -2.0000E-03   1   5
 -4.0155E-05  7.6165E-05 -1.5000E-03  3.0028E+03 -1.7453E+02 -7.4082E+03  0.0000E+00 -2.0000E-03   1   5
 -6.3974E-05  1.1275E-04  9.5920E-04  3.1823E+03  5.1382E+02 -8.8806E+02  0.0000E+00 -2.0000E-03   1   5
 -7.3896E-05  1.9966E-04  3.2376E-04 -8.4833E+02 -9.6625E+03 -8.4785E+02  0.0000E+00 -2.0000E-03   1   5
 -1.0975E-04  2.4779E-04 -1.8571E-04 -2.2940E+02 -9.0303E+03  2.9851E+02  0.0000E+00 -2.0000E-03   1   5
 -1.6051E-04  3.1432E-04 -7.6260E-04  7.1061E+01 -9.6147E+03 -3.5451E+03  0.0000E+00 -2.0000E-03   1   5
 -3.8541E-04  4.7155E-04 -1.9057E-03  1.3267E+04 -1.6674E+04 -7.9594E+03  0.0000E+00 -2.0000E-03   1   5
  7.5177E-04  1.1653E-04  7.6128E-04 -1.9211E+04 -3.3866E+03 -2.0076E+03  0.0000E+00 -2.0000E-03   1   5
  1.2088E-04 -4.3715E-04  1.9829E-04 -1.8409E+03  1.1884E+04  5.3483E+02  0.0000E+00 -2.0000E-03   1   5
  8.6897E-05 -3.1913E-04 -3.1803E-04 -1.7606E+03  9.5916E+03 -1.7661E+03  0.0000E+00 -2.0000E-03   1   5
  5.9678E-05 -2.4833E-04 -9.2026E-04 -1.7513E+03  8.5426E+03 -1.1522E+03  0.0000E+00 -2.0000E-03   1   5
  3.6090E-05 -1.8957E-04  1.5723E-03 -1.9276E+03  7.7797E+03 -7.6292E+03  0.0000E+00 -2.0000E-03   1   5
  1.7997E-05 -1.4750E-04  6.4705E-04 -2.7669E+03  8.1134E+03 -9.6918E+02  0.0000E+00 -2.0000E-03   1   5
 -4.0451E-05 -9.4068E-05  8.9415E-05  6.0235E+03  5.0935E+03 -2.6270E+03  0.0000E+00 -2.0000E-03   1   5
 -4.1457E-05 -1.4469E-05 -4.0901E-04  1.1780E+03 -4.4561E+03  2.0022E+03  0.0000E+00 -2.0000E-03   1   5
 -6.5121E-05  1.9585E-05 -1.0888E-03  1.4364E+03 -3.5584E+03 -3.5223E+03  0.0000E+00 -2.0000E-03   1   5
 -8.9119E-05  5.6273E-05  1.2977E-03  1.4312E+03 -3.3935E+03 -3.8143E+03  0.0000E+00 -2.0000E-03   1   5
 -1.1899E-04  9.7114E-05  5.2182E-04  1.6227E+03 -3.5457E+03 -2.0170E+03  0.0000E+00 -2.0000E-03   1   5
 -1.5679E-04  1.4264E-04  1.6445E-06  1.7935E+03 -3.8434E+03  1.4113E+03  0.0000E+00 -2.0000E-03   1   5
 -2.1358E-04  1.9773E-04 -5.3491E-04  1.7719E+03 -4.2320E+03 -1.5144E+03  0.0000E+00 -2.0000E-03   1   5
  5.0095E-04 -6.0199E-05 -1.2941E-03 -1.1014E+04  1.8984E+03 -4.3903E+03  0.0000E+00 -2.0000E-03   1   5
  3.0853E-04  5.5400E-05  1.0798E-03 -6.5259E+03 -5.1211E+02 -5.4095E+03  0.0000E+00 -2.0000E-03   1   5
  2.5855E-04  1.2319E-04  4.1825E-04 -5.9388E+03 -1.3845E+03  1.3671E+03  0.0000E+00 -2.0000E-03   1   5
  2.3411E-04  1.9753E-04 -1.0740E-04 -6.0095E+03 -2.3555E+03 -4.8197E+02  0.0000E+00 -2.0000E-03   1   5
  2.3833E-04  3.1729E-04 -6.5211E-04 -6.6893E+03 -3.9939E+03 -6.7734E+02  0.0000E+00 -2.0000E-03   1   5
 -6.6623E-05 -3.3218E-04 -1.5674E-03 -1.4405E+03  6.4561E+03 -8.5076E+03  0.0000E+00 -2.0000E-03   1   5
 -5.8627E-05 -2.3561E-04  9.2492E-04 -3.6188E+03  5.6456E+03 -1.2550E+03  0.0000E+00 -2.0000E-03   1   5
 -1.0878E-04 -1.5811E-04  3.0147E-04  5.1905E+03  1.3926E+03 -1.2128E+03  0.0000E+00 -2.0000E-03   1   5
 -1.2441E-04 -1.0781E-04 -2.0619E-04  4.5760E+03  1.1654E+03 -8.1290E+01  0.0000E+00 -2.0000E-03   1   5
 -1.4638E-04 -6.1635E-05 -7.9213E-04  4.4889E+03  8.4824E+02 -5.2095E+03  0.0000E+00 -2.0000E-03   1   5
 -1.7132E-04 -1.6103E-05  1.9633E-03  4.2459E+03  4.2047E+02 -7.1655E+03  0.0000E+00 -2.0000E-03   1   5
 -2.1168E-04  3.0570E-05  7.4916E-04  4.6936E+03  1.7025E+01 -1.5723E+03  0.0000E+00 -2.0000E-03   1   5
 -2.7564E-04  8.6012E-05  1.8215E-04  5.4868E+03 -5.5428E+02  8.7891E+02  0.0000E+00 -2.0000E-03   1   5
  4.4317E-04 -1.8101E-04 -3.4173E-04 -1.6811E+04  9.8911E+03 -1.4389E+03  0.0000E+00 -2.0000E-03   1   5
  2.3199E-04 -6.6362E-05 -9.4955E-04  7.3138E+01  2.7415E+03 -8.7564E+02  0.0000E+00 -2.0000E-03   1   5
  1.8206E-04 -2.1362E-05  1.5073E-03 -7.2511E+02  4.1604E+03 -6.7774E+03  0.0000E+00 -2.0000E-03   1   5
  1.6620E-04  6.4264E-05  6.2312E-04 -4.9650E+03 -5.7495E+03 -6.1188E+02  0.0000E+00 -2.0000E-03   1   5
  1.3937E-04  1.0642E-04  7.1462E-05 -4.7447E+03 -5.3230E+03 -1.8547E+03  0.0000E+00 -2.0000E-03   1   5
  1.1893E-04  1.5361E-04 -4.3301E-04 -4.7735E+03 -5.4945E+03  1.6515E+03  0.0000E+00 -2.0000E-03   1   5
  1.0395E-04  2.0845E-04 -1.1271E-03 -5.1596E+03 -6.1168E+03 -3.8508E+03  0.0000E+00 -2.0000E-03   1   5
  9.5188E-05  2.7337E-04  1.2500E-03 -5.9410E+03 -6.5524E+03 -3.5989E+03  0.0000E+00 -2.0000E-03   1   5
  7.1955E-05  4.1890E-04  4.9418E-04  1.8382E+03 -1.3132E+04 -2.1020E+03  0.0000E+00 -2.0000E-03   1   5
 -2.4634E-04 -2.7254E-04 -2.1614E-05  9.7103E+03  6.9241E+03  1.2650E+03  0.0000E+00 -2.0000E-03   1   5
 -2.5299E-04 -1.7550E-04 -5.5895E-04  8.9786E+03  5.3429E+03 -1.6908E+03  0.0000E+00 -2.0000E-03   1   5
 -2.8488E-04 -1.0576E-04 -1.3371E-03  9.2336E+03  4.4059E+03 -4.8074E+03  0.0000E+00 -2.0000E-03   1   5
 -3.4347E-04 -3.5839E-05  1.0423E-03  9.9838E+03  3.5945E+03 -5.4884E+03  0.0000E+00 -2.0000E-03   1   5
  3.4124E-04 -2.8704E-04  3.9536E-04 -8.6863E+03  1.3562E+04  2.1673E+03  0.0000E+00 -2.0000E-03   1   5
  2.3232E-04 -1.6054E-04 -1.2644E-04 -1.0659E+04  2.4941E+03 -2.2298E+02  0.0000E+00 -2.0000E-03   1   5
  1.4138E-04 -9.5605E-05 -6.7262E-04 -9.6173E+02 -1.0335E+03 -4.5820E+02  0.0000E+00 -2.0000E-03   1   5
  1.1048E-04 -5.4560E-05 -1.6330E-03 -1.7280E+03 -6.5655E+02 -8.6797E+03  0.0000E+00 -2.0000E-03   1   5
  8.1881E-05 -1.4553E-05  8.9707E-04 -1.6452E+03 -8.2578E+02 -7.2005E+02  0.0000E+00 -2.0000E-03   1   5
  5.8480E-05  2.4097E-05  2.8239E-04 -1.7431E+03 -9.7523E+02 -8.6725E+02  0.0000E+00 -2.0000E-03   1   5
  3.7032E-05  6.3169E-05 -2.2530E-04 -1.8622E+03 -1.1917E+03  1.6122E+02  0.0000E+00 -2.0000E-03   1   5
  1.6887E-05  1.0357E-04 -8.1446E-04 -2.1255E+03 -1.4307E+03 -3.9869E+03  0.0000E+00 -2.0000E-03   1   5
 -1.5483E-06  1.4307E-04  1.8383E-03 -2.9292E+03 -1.1436E+03 -7.3958E+03  0.0000E+00 -2.0000E-03   1   5
 -5.9148E-05  2.0726E-04  7.2131E-04  5.6086E+03 -5.1700E+03 -1.8232E+03  0.0000E+00 -2.0000E-03   1   5
 -8.0553E-05  2.6351E-04  1.6038E-04  4.8747E+03 -5.2155E+03  4.9235E+02  0.0000E+00 -2.0000E-03   1   5
 -1.1114E-04  3.3764E-04 -3.6133E-04  5.3816E+03 -5.1492E+03 -1.9934E+03  0.0000E+00 -2.0000E-03   1   5
 -1.2534E-04  5.4084E-04 -9.9039E-04  1.2337E+03 -1.8782E+04 -1.6375E+03  0.0000E+00 -2.0000E-03   1   5
  2.4375E-04 -4.4437E-04  1.4400E-03 -7.8520E+03  1.0502E+04 -6.6963E+03  0.0000E+00 -2.0000E-03   1   5
  1.5202E-04 -3.1963E-04  5.9508E-04 -6.2871E+03  8.2794E+03 -8.9800E+02  0.0000E+00 -2.0000E-03   1   5
  1.1468E-04 -2.4889E-04  4.5433E-05 -6.7833E+03  7.7083E+03 -3.1516E+03  0.0000E+00 -2.0000E-03   1   5
  4.8397E-05 -1.7815E-04 -4.5263E-04  1.9085E+03  3.4107E+03  2.3264E+03  0.0000E+00 -2.0000E-03   1   5
  2.6812E-05 -1.3245E-04 -1.1636E-03  1.2043E+03  3.3284E+03 -3.9053E+03  0.0000E+00 -2.0000E-03   1   5
  5.0599E-06 -8.8656E-05  1.2101E-03  1.0198E+03  2.9233E+03 -3.1028E+03  0.0000E+00 -2.0000E-03   1   5
 -1.6339E-05 -4.9999E-05  4.7687E-04  9.1996E+02  2.8216E+03 -1.7664E+03  0.0000E+00 -2.0000E-03   1   5
 -3.8181E-05 -1.2710E-05 -3.7152E-05  8.6879E+02  2.8243E+03  1.5575E+03  0.0000E+00 -2.0000E-03   1   5
 -6.1095E-05  2.3373E-05 -5.7934E-04  7.9933E+02  3.1555E+03 -1.5545E+03  0.0000E+00 -2.0000E-03   1   5
 -8.5634E-05  5.3281E-05 -1.3839E-03  5.0354E+02  5.1720E+03 -4.9844E+03  0.0000E+00 -2.0000E-03   1   5
 -1.3397E-04  1.5377E-04  1.0114E-03  4.9536E+03 -8.9078E+03 -4.7735E+03  0.0000E+00 -2.0000E-03   1   5
 -1.7588E-04  2.0096E-04  3.7532E-04  5.1477E+03 -8.6409E+03  1.6551E+03  0.0000E+00 -2.0000E-03   1   5
 -2.5138E-04  2.6623E-04 -1.4898E-04  6.5392E+03 -9.4791E+03 -4.2560E+02  0.0000E+00 -2.0000E-03   1   5
  4.2140E-04  3.0543E-05 -7.0275E-04 -1.2511E+04 -9.0056E+02 -7.7752E+02  0.0000E+00 -2.0000E-03   1   5
  3.2520E-04  1.2117E-04 -1.7151E-03 -1.0830E+04 -2.7313E+03 -9.6949E+03  0.0000E+00 -2.0000E-03   1   5
  2.8651E-04  2.0256E-04  8.6318E-04 -1.0343E+04 -3.8327E+03 -8.4566E+02  0.0000E+00 -2.0000E-03   1   5
  3.0620E-04  3.5452E-04  2.5450E-04 -1.3268E+04 -6.5771E+03 -1.0613E+03  0.0000E+00 -2.0000E-03   1   5
 -6.5985E-05 -3.3570E-04 -2.4986E-04  5.5551E+03  9.6161E+03 -6.2490E+01  0.0000E+00 -2.0000E-03   1   5
 -6.7367E-05 -2.4874E-04 -8.4634E-04  4.5451E+03  8.5193E+03 -4.7701E+03  0.0000E+00 -2.0000E-03   1   5
 -7.9548E-05 -1.8742E-04  8.3486E-04  4.1950E+03  7.9586E+03  4.9022E+02  0.0000E+00 -2.0000E-03   1   5
 -1.0106E-04 -1.4872E-04  2.3682E-04  5.0254E+03  1.0029E+04 -3.7204E+02  0.0000E+00 -2.0000E-03   1   5
 -9.3873E-05 -3.8504E-05 -2.6985E-04 -1.5893E+03 -5.5967E+03  5.3999E+02  0.0000E+00 -2.0000E-03   1   5
 -1.2440E-04 -1.2517E-05 -8.7430E-04 -2.6432E+02 -1.9366E+03 -3.4830E+03  0.0000E+00 -2.0000E-03   1   5
 -1.4341E-04  2.3620E-05  1.7205E-03 -2.9070E+03 -6.0873E+02 -6.7623E+03  0.0000E+00 -2.0000E-03   1   5
 -2.4542E-04  9.4304E-05  6.8797E-04  1.1235E+04 -6.5208E+03 -2.0221E+03  0.0000E+00 -2.0000E-03   1   5
 -3.1975E-04  1.5344E-04  1.3313E-04  1.0643E+04 -6.4927E+03  1.9609E+02  0.0000E+00 -2.0000E-03   1   5
  3.4471E-04 -9.0137E-05 -3.8974E-04 -8.4154E+03  2.3541E+03 -2.7282E+03  0.0000E+00 -2.0000E-03   1   5
  2.5071E-04 -2.1095E-05 -1.0207E-03 -6.5917E+03  1.1992E+03 -1.1561E+03  0.0000E+00 -2.0000E-03   1   5
  2.0034E-04  3.0179E-05  1.3814E-03 -5.7179E+03  6.2911E+02 -5.7134E+03  0.0000E+00 -2.0000E-03   1   5
  1.7088E-04  7.7555E-05  5.7006E-04 -5.7060E+03  2.8182E+02 -3.7798E+02  0.0000E+00 -2.0000E-03   1   5
  1.5045E-04  1.2609E-04  2.7030E-05 -6.2292E+03  1.1922E+02 -1.7263E+03  0.0000E+00 -2.0000E-03   1   5
  9.5495E-05  1.9727E-04 -4.8651E-04  2.6711E+03 -3.8374E+03  3.6394E+02  0.0000E+00 -2.0000E-03   1   5
  1.1455E-04  3.1679E-04 -1.2178E-03 -3.8701E+03 -1.5218E+04 -5.1640E+03  0.0000E+00 -2.0000E-03   1   5
  1.3973E-04  4.6477E-04  1.1519E-03 -4.6845E+03 -1.5920E+04 -3.6732E+03  0.0000E+00 -2.0000E-03   1   5
 -1.9405E-04 -2.5418E-04  4.3703E-04  5.0916E+03  4.6079E+03 -4.5691E+03  0.0000E+00 -2.0000E-03   1   5
 -2.0232E-04 -1.6824E-04 -5.3236E-05  4.5751E+03  3.2577E+03  4.3722E+03  0.0000E+00 -2.0000E-03   1   5
 -2.2623E-04 -1.0453E-04 -6.0742E-04  4.5440E+03  2.5252E+03 -1.0621E+03  0.0000E+00 -2.0000E-03   1   5
 -2.6653E-04 -4.5776E-05 -1.4476E-03  4.5798E+03  1.9421E+03 -4.8443E+03  0.0000E+00 -2.0000E-03   1   5
 -3.8452E-04  4.1693E-05  9.7179E-04  1.4426E+04 -2.9181E+03 -3.6462E+03  0.0000E+00 -2.0000E-03   1   5
  2.7879E-04 -1.9864E-04  3.4733E-04 -4.9944E+03  6.0299E+03  1.4004E+03  0.0000E+00 -2.0000E-03   1   5
  1.9288E-04 -1.3333E-04 -1.7185E-04 -3.5765E+03  5.1926E+03 -5.8525E+02  0.0000E+00 -2.0000E-03   1   5
  1.4715E-04 -8.6447E-05 -7.3047E-04 -2.9921E+03  4.9475E+03 -1.0370E+03  0.0000E+00 -2.0000E-03   1   5
  1.1384E-04 -4.6596E-05 -1.8228E-03 -2.6287E+03  5.2368E+03 -1.1018E+04  0.0000E+00 -2.0000E-03   1   5
  1.0469E-04  3.6509E-05  8.0721E-04 -6.8195E+03 -5.1008E+03  5.3899E+02  0.0000E+00 -2.0000E-03   1   5
  8.2351E-05  6.7653E-05  2.1663E-04 -6.8968E+03 -3.2971E+03 -3.6838E+02  0.0000E+00 -2.0000E-03   1   5
  2.4510E-05  1.2229E-04 -2.9093E-04  1.7001E+03 -6.7324E+03  4.8158E+02  0.0000E+00 -2.0000E-03   1   5
  8.0440E-06  1.6424E-04 -9.0425E-04  7.9975E+02 -6.6354E+03 -3.6656E+03  0.0000E+00 -2.0000E-03   1   5
 -1.0442E-05  2.0884E-04  1.6381E-03  4.9938E+02 -6.6820E+03 -6.0436E+03  0.0000E+00 -2.0000E-03   1   5
 -2.9279E-05  2.6918E-04  6.6268E-04  2.6972E+02 -7.5142E+03 -1.9476E+03  0.0000E+00 -2.0000E-03   1   5
 -4.6775E-05  3.5167E-04  1.1287E-04 -2.5209E+01 -8.9496E+03  1.9115E+02  0.0000E+00 -2.0000E-03   1   5
 -3.2678E-05  5.5154E-04 -4.1652E-04 -1.5026E+03 -1.3689E+04 -2.8695E+03  0.0000E+00 -2.0000E-03   1   5
 -4.4960E-04 -1.6685E-04 -1.0556E-03  9.9326E+03  7.0846E+03 -3.4494E+02  0.0000E+00 -2.0000E-03   1   5
  1.9614E-04 -3.4554E-04  1.3286E-03 -7.1009E+02  1.0851E+04 -5.0090E+03  0.0000E+00 -2.0000E-03   1   5
  1.2575E-04 -2.6854E-04  5.4613E-04  8.4141E+01  1.0436E+04  5.7639E+01  0.0000E+00 -2.0000E-03   1   5
  1.0459E-04 -1.6899E-04  8.8607E-06 -3.8805E+03 -3.4745E+01 -1.1948E+03  0.0000E+00 -2.0000E-03   1   5
  7.2926E-05 -1.2710E-04 -5.0697E-04 -3.1952E+03  9.4266E+02  7.8181E+02  0.0000E+00 -2.0000E-03   1   5
  4.7721E-05 -8.6170E-05 -1.2556E-03 -3.0832E+03  1.0718E+03 -5.0338E+03  0.0000E+00 -2.0000E-03   1   5
  2.5185E-05 -4.6496E-05  1.1210E-03 -3.3036E+03  9.6700E+02 -3.0709E+03  0.0000E+00 -2.0000E-03   1   5
  8.7545E-06 -1.0986E-05  4.2444E-04 -4.5769E+03  1.3761E+03 -2.4992E+03  0.0000E+00 -2.0000E-03   1   5
 -5.0619E-05  4.2724E-05 -8.0322E-05  4.1166E+03 -2.4881E+03  1.9634E+03  0.0000E+00 -2.0000E-03   1   5
 -7.2120E-05  8.0921E-05 -6.3175E-04  3.5882E+03 -2.5148E+03 -1.5061E+03  0.0000E+00 -2.0000E-03   1   5
 -9.8984E-05  1.2254E-04 -1.5064E-03  3.5963E+03 -2.8139E+03 -5.7428E+03  0.0000E+00 -2.0000E-03   1   5
 -1.3042E-04  1.6594E-04  9.4106E-04  3.7098E+03 -2.9100E+03 -3.9704E+03  0.0000E+00 -2.0000E-03   1   5
 -1.7859E-04  2.2070E-04  3.2505E-04  4.3839E+03 -3.3592E+03  8.8300E+02  0.0000E+00 -2.0000E-03   1   5
 -2.8100E-04  3.0083E-04 -1.9650E-04  6.5323E+03 -4.1395E+03 -1.0143E+03  0.0000E+00 -2.0000E-03   1   5
  4.2186E-04  1.1409E-04 -7.6298E-04 -1.8476E+04 -4.9059E+03 -1.5443E+03  0.0000E+00 -2.0000E-03   1   5
  3.2132E-04  2.2854E-04 -1.9414E-03 -8.1908E+03 -9.8164E+03 -1.3336E+04  0.0000E+00 -2.0000E-03   1   5
  3.5257E-04  4.5739E-04  7.7444E-04 -9.7273E+03 -1.4336E+04  1.5098E+03  0.0000E+00 -2.0000E-03   1   5
 -1.6487E-04 -6.8661E-04  1.8392E-04  5.5508E+03  1.7380E+04 -2.1697E+02  0.0000E+00 -2.0000E-03   1   5
 -5.1557E-05 -3.0913E-04 -3.1340E-04  1.2299E+03  8.1228E+03  6.4653E+02  0.0000E+00 -2.0000E-03   1   5
 -5.6695E-05 -2.2883E-04 -9.3437E-04  5.8909E+02  6.9057E+03 -3.5649E+03  0.0000E+00 -2.0000E-03   1   5
 -6.7425E-05 -1.6755E-04  1.5674E-03 -2.9058E+02  6.0184E+03 -5.1198E+03  0.0000E+00 -2.0000E-03   1   5
 -7.2566E-05 -1.2563E-04  6.3964E-04 -3.4867E+03  6.9822E+03 -1.6632E+03  0.0000E+00 -2.0000E-03   1   5
 -1.5201E-04 -5.7632E-05  9.5508E-05  1.0030E+04  1.0446E+03  3.9236E+02  0.0000E+00 -2.0000E-03   1   5
 -1.7062E-04 -1.9421E-05 -4.2958E-04  8.1963E+03  1.8781E+03 -2.4175E+03  0.0000E+00 -2.0000E-03   1   5
 -2.0630E-04  2.1069E-05 -1.0888E-03  8.5311E+03  2.4321E+03 -1.2007E+03  0.0000E+00 -2.0000E-03   1   5
 -2.3660E-04  1.1085E-04  1.2829E-03  4.8515E+03 -7.6241E+03 -4.8317E+03  0.0000E+00 -2.0000E-03   1   5
 -3.5779E-04  1.8491E-04  5.2023E-04  7.8885E+03 -8.0235E+03 -8.4136E+01  0.0000E+00 -2.0000E-03   1   5
  3.1721E-04 -6.4445E-05 -1.4146E-05 -1.0990E+04  1.1470E+03 -1.4649E+03  0.0000E+00 -2.0000E-03   1   5
  2.4879E-04 -6.2383E-06 -5.3226E-04 -1.0196E+04  6.1668E+02  4.3419E+02  0.0000E+00 -2.0000E-03   1   5
  1.7002E-04  5.9471E-05 -1.3014E-03 -9.5548E+02 -3.6583E+03 -5.5590E+03  0.0000E+00 -2.0000E-03   1   5
  1.4535E-04  1.0333E-04  1.0826E-03 -1.9614E+03 -3.4556E+03 -3.0350E+03  0.0000E+00 -2.0000E-03   1   5
  1.2615E-04  1.5367E-04  3.9945E-04 -2.4259E+03 -3.8925E+03 -3.0038E+03  0.0000E+00 -2.0000E-03   1   5
  1.1265E-04  2.1302E-04 -1.0007E-04 -2.8093E+03 -4.6056E+03  2.4800E+03  0.0000E+00 -2.0000E-03   1   5
  1.0869E-04  2.9443E-04 -6.5803E-04 -3.4705E+03 -5.9755E+03 -1.4170E+03  0.0000E+00 -2.0000E-03   1   5
 -2.5195E-04 -4.9316E-04 -1.5774E-03  7.3659E+03  1.6957E+04 -6.1203E+03  0.0000E+00 -2.0000E-03   1   5
 -1.9531E-04 -2.6672E-04  9.0893E-04  4.3599E+03  1.2353E+04 -3.5495E+03  0.0000E+00 -2.0000E-03   1   5
 -2.2733E-04 -1.3101E-04  3.0462E-04  8.5806E+03 -2.1772E+03  1.1745E+03  0.0000E+00 -2.0000E-03   1   5
 -2.5327E-04 -7.3707E-05 -2.1414E-04  8.1027E+03 -1.6735E+03 -8.2968E+02  0.0000E+00 -2.0000E-03   1   5
 -3.0330E-04 -1.3477E-05 -7.8620E-04  8.7408E+03 -2.1761E+03 -1.4550E+03  0.0000E+00 -2.0000E-03   1   5
 -4.2714E-04  7.3785E-05  1.9131E-03  1.1078E+04 -3.7365E+03 -1.2333E+04  0.0000E+00 -2.0000E-03   1   5
  2.5581E-04 -1.7483E-04  7.4907E-04 -7.7767E+03  5.0511E+03  3.1844E+02  0.0000E+00 -2.0000E-03   1   5
  1.9019E-04 -1.1786E-04  1.7381E-04 -6.8956E+03  4.3981E+03 -5.1070E+02  0.0000E+00 -2.0000E-03   1   5
  1.5337E-04 -7.3662E-05 -3.3442E-04 -7.2389E+03  4.3032E+03  2.1273E+02  0.0000E+00 -2.0000E-03   1   5
  8.6532E-05 -1.6931E-05 -9.6622E-04  1.4033E+03  4.6192E+02 -4.2749E+03  0.0000E+00 -2.0000E-03   1   5
  6.3607E-05  2.0695E-05  1.5014E-03  8.4824E+02  7.0701E+02 -5.0877E+03  0.0000E+00 -2.0000E-03   1   5
  4.2044E-05  5.8400E-05  6.1404E-04  6.7973E+02  8.9946E+02 -1.9748E+03  0.0000E+00 -2.0000E-03   1   5
  1.9929E-05  9.4977E-05  7.4665E-05  9.6643E+02  1.6996E+03  3.7675E+01  0.0000E+00 -2.0000E-03   1   5
  1.7710E-05  1.8085E-04 -4.5707E-04 -3.2729E+03 -8.3442E+03 -3.9533E+03  0.0000E+00 -2.0000E-03   1   5
 -2.1075E-06  2.2885E-04 -1.1211E-03 -3.2927E+03 -8.0330E+03  8.9227E+00  0.0000E+00 -2.0000E-03   1   5
 -1.8814E-05  2.8344E-04  1.2387E-03 -4.3339E+03 -7.8710E+03 -4.2589E+03  0.0000E+00 -2.0000E-03   1   5
 -7.3215E-05  3.8921E-04  4.9847E-04  4.0563E+03 -1.3058E+04  2.8767E+02  0.0000E+00 -2.0000E-03   1   5
 -4.4780E-04 -3.3970E-04 -3.8757E-05  1.4429E+04  7.6397E+03 -1.1093E+03  0.0000E+00 -2.0000E-03   1   5
 -5.4698E-04 -9.7813E-05 -5.6055E-04  1.6137E+04  1.7291E+03  7.6503E+02  0.0000E+00 -2.0000E-03   1   5
  1.8494E-04 -3.2489E-04 -1.3506E-03 -4.6816E+03  1.0286E+04 -5.6197E+03  0.0000E+00 -2.0000E-03   1   5
  1.2611E-04 -2.4636E-04  1.0467E-03 -3.6597E+03  8.6680E+03 -2.5613E+03  0.0000E+00 -2.0000E-03   1   5
  9.2172E-05 -1.9316E-04  3.7986E-04 -3.6329E+03  8.3375E+03 -2.2083E+03  0.0000E+00 -2.0000E-03   1   5
  6.9789E-05 -1.5136E-04 -1.2094E-04 -4.6721E+03  8.8450E+03  2.1663E+03  0.0000E+00 -2.0000E-03   1   5
  5.9217E-06 -9.9185E-05 -6.8134E-04  4.6062E+03  6.1500E+03 -1.5954E+03  0.0000E+00 -2.0000E-03   1   5
  3.6341E-06 -1.8643E-05 -1.6406E-03 -5.7172E+01 -3.5813E+03 -6.8164E+03  0.0000E+00 -2.0000E-03   1   5
 -1.8761E-05  1.5915E-05  8.8113E-04  4.1678E+01 -3.0596E+03 -3.5147E+03  0.0000E+00 -2.0000E-03   1   5
 -4.1508E-05  5.3082E-05  2.8500E-04  6.9482E+01 -2.9667E+03  1.0841E+03  0.0000E+00 -2.0000E-03   1   5
 -6.5942E-05  9.2199E-05 -2.3353E-04  6.8274E+01 -3.1033E+03 -9.4941E+02  0.0000E+00 -2.0000E-03   1   5
 -9.3274E-05  1.3430E-04 -8.1223E-04 -9.7197E+01 -3.3164E+03 -1.6651E+03  0.0000E+00 -2.0000E-03   1   5
 -1.2059E-04  1.7550E-04  1.8013E-03 -1.8133E+03 -2.7514E+03 -1.1413E+04  0.0000E+00 -2.0000E-03   1   5
 -2.1621E-04  2.5320E-04  7.2498E-04  8.3824E+03 -7.5534E+03  1.2037E+03  0.0000E+00 -2.0000E-03   1   5
 -4.1155E-04  3.7658E-04  1.4743E-04  1.2690E+04 -1.0257E+04 -2.4911E+02  0.0000E+00 -2.0000E-03   1   5
  6.6912E-04 -1.2403E-05 -3.6579E-04 -1.7374E+04  3.2565E+03  4.2381E+02  0.0000E+00 -2.0000E-03   1   5
  3.8637E-04  1.8816E-04 -1.0016E-03 -1.0476E+04 -1.5856E+03 -4.0449E+03  0.0000E+00 -2.0000E-03   1   5
  9.1153E-06 -5.1856E-04  1.4361E-03  1.1440E+03  1.9484E+04 -4.2620E+03  0.0000E+00 -2.0000E-03   1   5
  4.1362E-05 -3.1154E-04  5.8849E-04 -4.6649E+03  6.2906E+03 -1.6020E+03  0.0000E+00 -2.0000E-03   1   5
  4.1919E-05 -2.4433E-04  5.3911E-05 -8.3948E+03  7.3078E+03  3.0527E+02  0.0000E+00 -2.0000E-03   1   5
 -5.0672E-05 -1.5678E-04 -4.7501E-04  8.9911E+03 -4.8161E+02 -2.7446E+03  0.0000E+00 -2.0000E-03   1   5
 -4.7140E-05 -1.1878E-04 -1.1643E-03  3.6421E+03  1.3632E+03 -1.8944E+03  0.0000E+00 -2.0000E-03   1   5
 -6.3803E-05 -7.4951E-05  1.1971E-03  3.0393E+03  1.0778E+03 -4.3179E+03  0.0000E+00 -2.0000E-03   1   5
 -8.5254E-05 -3.4774E-05  4.7828E-04  2.8745E+03  8.9706E+02 -3.7317E+01  0.0000E+00 -2.0000E-03   1   5
 -1.0983E-04  5.1782E-06 -5.2571E-05  2.8897E+03  6.7436E+02 -1.6057E+03  0.0000E+00 -2.0000E-03   1   5
 -1.3943E-04  4.6150E-05 -5.7841E-04  2.9948E+03  4.5986E+02  1.7168E+02  0.0000E+00 -2.0000E-03   1   5
 -1.7772E-04  8.9992E-05 -1.3995E-03  3.1867E+03  3.0668E+02 -6.3990E+03  0.0000E+00 -2.0000E-03   1   5
 -2.7656E-04  1.5789E-04  1.0102E-03  1.3463E+04 -3.6709E+03 -2.7272E+03  0.0000E+00 -2.0000E-03   1   5
  4.6683E-04 -1.2560E-04  3.4857E-04 -8.3049E+03  8.5454E+03 -3.4372E+03  0.0000E+00 -2.0000E-03   1   5
  3.0119E-04  2.6804E-05 -1.4008E-04 -8.5459E+03 -4.0090E+03  2.8986E+03  0.0000E+00 -2.0000E-03   1   5
  2.4573E-04  8.4211E-05 -7.0750E-04 -7.6779E+03 -4.2686E+03 -1.5178E+03  0.0000E+00 -2.0000E-03   1   5
  2.1385E-04  1.4103E-04 -1.7219E-03 -7.5295E+03 -4.8770E+03 -7.3609E+03  0.0000E+00 -2.0000E-03   1   5
  1.9135E-04  2.0156E-04  8.5037E-04 -7.4622E+03 -5.4126E+03 -3.1295E+03  0.0000E+00 -2.0000E-03   1   5
  1.9110E-04  2.9107E-04  2.6173E-04 -8.6663E+03 -6.7975E+03  1.3817E+03  0.0000E+00 -2.0000E-03   1   5
 -1.7532E-04 -4.0084E-04 -2.5867E-04  9.7385E+03  9.4876E+03 -8.0214E+02  0.0000E+00 -2.0000E-03   1   5
 -1.4662E-04 -2.5550E-04 -8.4145E-04  6.9677E+03  6.9232E+03 -1.6192E+03  0.0000E+00 -2.0000E-03   1   5
 -1.5160E-04 -1.8025E-04  8.1366E-04  6.0666E+03  5.7381E+03 -3.7570E+03  0.0000E+00 -2.0000E-03   1   5
 -1.7053E-04 -1.2533E-04  2.4058E-04  5.9104E+03  5.2957E+03  1.9080E+03  0.0000E+00 -2.0000E-03   1   5
 -1.9794E-04 -7.7004E-05 -2.7865E-04  6.2074E+03  5.2941E+03 -5.7172E+02  0.0000E+00 -2.0000E-03   1   5
 -2.4066E-04 -3.7982E-05 -8.7439E-04  7.5838E+03  7.3429E+03 -1.5286E+03  0.0000E+00 -2.0000E-03   1   5
 -2.7033E-04  8.1629E-05  1.6913E-03  1.1993E+03 -8.2164E+03 -9.3914E+03  0.0000E+00 -2.0000E-03   1   5
  3.8775E-04 -1.7477E-04  6.8737E-04 -7.9747E+03  7.1901E+02 -9.4479E+01  0.0000E+00 -2.0000E-03   1   5
  2.4076E-04 -8.7965E-05  1.2704E-04 -5.4696E+03 -1.0916E+02 -8.9787E+02  0.0000E+00 -2.0000E-03   1   5
  1.8645E-04 -3.7580E-05 -3.8312E-04 -4.8298E+03 -4.1224E+02 -2.8510E+02  0.0000E+00 -2.0000E-03   1   5
  1.5044E-04  6.6917E-06 -1.0423E-03 -4.5865E+03 -7.2742E+02 -5.7609E+03  0.0000E+00 -2.0000E-03   1   5
  1.2065E-04  4.8247E-05  1.3816E-03 -4.3104E+03 -9.7757E+02 -2.8217E+03  0.0000E+00 -2.0000E-03   1   5
  9.9560E-05  9.0568E-05  5.6325E-04 -4.6163E+03 -1.2232E+03 -1.0694E+03  0.0000E+00 -2.0000E-03   1   5
  8.4016E-05  1.3453E-04  3.2113E-05 -5.5645E+03 -1.2879E+03  7.6280E+02  0.0000E+00 -2.0000E-03   1   5
  3.0881E-05  2.0081E-04 -4.9924E-04  2.7319E+03 -5.4038E+03 -2.0275E+03  0.0000E+00 -2.0000E-03   1   5
  2.0950E-05  2.6209E-04 -1.2160E-03  1.6746E+03 -5.8470E+03 -2.7698E+03  0.0000E+00 -2.0000E-03   1   5
  1.7241E-05  3.4761E-04  1.1450E-03  1.1430E+03 -6.4255E+03 -4.3263E+03  0.0000E+00 -2.0000E-03   1   5
 -2.9510E-04 -2.9774E-04  4.4579E-04  6.1801E+03  2.2451E+03 -2.9231E+02  0.0000E+00 -2.0000E-03   1   5
 -3.0049E-04 -1.6372E-04 -8.1961E-05  6.4012E+03  1.4900E+03 -2.2937E+03  0.0000E+00 -2.0000E-03   1   5
 -3.5661E-04 -7.5404E-05 -6.0776E-04  7.2051E+03  3.4296E+02  7.3225E+02  0.0000E+00 -2.0000E-03   1   5
  3.4488E-04 -3.1602E-04 -1.4683E-03 -1.3615E+04  9.7634E+03 -6.4733E+03  0.0000E+00 -2.0000E-03   1   5
  1.7734E-04 -2.0512E-04  9.7312E-04 -1.8106E+03  3.8897E+03 -2.0822E+03  0.0000E+00 -2.0000E-03   1   5
  1.2952E-04 -1.5159E-04  3.3301E-04 -1.8174E+03  3.5723E+03 -2.0041E+03  0.0000E+00 -2.0000E-03   1   5
  9.5670E-05 -1.0629E-04 -1.6955E-04 -1.6976E+03  3.2179E+03  9.6501E+02  0.0000E+00 -2.0000E-03   1   5
  6.8409E-05 -6.5256E-05 -7.4032E-04 -1.6663E+03  2.9882E+03 -2.5483E+03  0.0000E+00 -2.0000E-03   1   5
  4.4712E-05 -2.6745E-05 -1.8366E-03 -1.7171E+03  2.8629E+03 -9.3736E+03  0.0000E+00 -2.0000E-03   1   5
  2.2614E-05  1.0351E-05  7.8052E-04 -1.9072E+03  3.0119E+03 -5.4908E+03  0.0000E+00 -2.0000E-03   1   5
  5.9287E-06  4.3418E-05  2.2711E-04 -3.0586E+03  3.9929E+03  3.7010E+03  0.0000E+00 -2.0000E-03   1   5
 -3.6033E-05  1.4303E-04 -2.9820E-04  1.4763E+03 -1.0111E+04 -2.8914E+02  0.0000E+00 -2.0000E-03   1   5
 -6.1259E-05  1.7890E-04 -9.0226E-04  1.6972E+03 -8.6069E+03 -1.3048E+03  0.0000E+00 -2.0000E-03   1   5
 -8.8383E-05  2.2132E-04  1.6141E-03  1.7609E+03 -8.3534E+03 -8.2332E+03  0.0000E+00 -2.0000E-03   1   5
 -1.2567E-04  2.8210E-04  6.6561E-04  2.1164E+03 -9.0250E+03  4.9809E+02  0.0000E+00 -2.0000E-03   1   5
 -1.8851E-04  3.6663E-04  1.0496E-04  3.1057E+03 -1.0574E+04 -5.4975E+02  0.0000E+00 -2.0000E-03   1   5
  5.1153E-04  1.7625E-04 -4.1090E-04 -1.6996E+04 -3.2299E+03 -4.4801E+01  0.0000E+00 -2.0000E-03   1   5
  1.0458E-04 -4.8344E-04 -1.0796E-03 -6.9831E+03  1.6318E+04 -5.0599E+03  0.0000E+00 -2.0000E-03   1   5
  2.9954E-05 -3.1325E-04  1.3287E-03  6.6097E+03  6.8573E+03 -2.5972E+03  0.0000E+00 -2.0000E-03   1   5
  2.2934E-05 -2.4675E-04  5.3829E-04  2.9118E+03  7.4372E+03 -1.0473E+03  0.0000E+00 -2.0000E-03   1   5
  3.2769E-06 -1.9290E-04  1.1381E-05  2.4842E+03  7.2230E+03  7.1266E+02  0.0000E+00 -2.0000E-03   1   5
 -1.7692E-05 -1.4875E-04 -5.2205E-04  2.5501E+03  7.5448E+03 -2.1638E+03  0.0000E+00 -2.0000E-03   1   5
 -2.0015E-05 -6.3687E-05 -1.2573E-03 -1.7083E+03 -2.5771E+03 -3.1182E+03  0.0000E+00 -2.0000E-03   1   5
 -4.2692E-05 -2.9176E-05  1.1095E-03 -1.4047E+03 -1.5086E+03 -4.1241E+03  0.0000E+00 -2.0000E-03   1   5
 -6.4347E-05  7.4515E-06  4.2783E-04 -1.6855E+03 -1.1176E+03 -2.6657E+02  0.0000E+00 -2.0000E-03   1   5
 -1.3031E-04  6.3184E-05 -1.0048E-04  7.7465E+03 -5.1207E+03 -2.4429E+03  0.0000E+00 -2.0000E-03   1   5
 -1.5505E-04  1.0231E-04 -6.2647E-04  6.1725E+03 -4.6450E+03  1.5879E+03  0.0000E+00 -2.0000E-03   1   5
 -1.9805E-04  1.4971E-04 -1.5224E-03  6.5189E+03 -5.1076E+03 -6.6166E+03  0.0000E+00 -2.0000E-03   1   5
 -2.7111E-04  2.0955E-04  9.4119E-04  7.5358E+03 -5.7492E+03 -1.5815E+03  0.0000E+00 -2.0000E-03   1   5
  3.9417E-04 -2.9662E-05  3.1019E-04 -1.1059E+04  2.7591E+03 -1.4869E+03  0.0000E+00 -2.0000E-03   1   5
  2.9499E-04  4.8594E-05 -1.9046E-04 -9.1202E+03  1.4703E+03  1.3836E+03  0.0000E+00 -2.0000E-03   1   5
  2.5372E-04  1.1003E-04 -7.6757E-04 -9.1458E+03  9.7609E+02 -2.3035E+03  0.0000E+00 -2.0000E-03   1   5
  1.9176E-04  1.9320E-04 -1.9530E-03 -2.9402E+02 -3.2038E+03 -1.0276E+04  0.0000E+00 -2.0000E-03   1   5
  2.0956E-04  3.2939E-04  7.5515E-04 -5.9629E+03 -1.3936E+04 -3.6427E+03  0.0000E+00 -2.0000E-03   1   5
 -1.1134E-04 -3.5982E-04  1.9636E-04  3.5099E+03  6.6067E+03  1.8387E+03  0.0000E+00 -2.0000E-03   1   5
 -1.0047E-04 -2.4267E-04 -3.2153E-04  2.5365E+03  4.7264E+03 -6.9073E+02  0.0000E+00 -2.0000E-03   1   5
 -1.1027E-04 -1.7521E-04 -9.3416E-04  2.1499E+03  3.9084E+03 -1.8696E+03  0.0000E+00 -2.0000E-03   1   5
 -1.2416E-04 -1.1894E-04  1.5428E-03  1.5554E+03  3.1800E+03 -8.1151E+03  0.0000E+00 -2.0000E-03   1   5
 -1.4509E-04 -7.2841E-05  6.4065E-04  9.2349E+02  3.0567E+03  4.3492E+01  0.0000E+00 -2.0000E-03   1   5
 -2.1244E-04 -1.0953E-05  8.6389E-05  9.7167E+03 -9.7437E+02 -9.2583E+02  0.0000E+00 -2.0000E-03   1   5
 -2.5357E-04  3.6946E-05 -4.2790E-04  9.3846E+03 -1.1005E+03 -4.3514E+02  0.0000E+00 -2.0000E-03   1   5
 -3.3714E-04  1.0029E-04 -1.1163E-03  1.1031E+04 -1.9887E+03 -6.4574E+03  0.0000E+00 -2.0000E-03   1   5
  3.2388E-04 -1.4273E-04  1.2841E-03 -7.4779E+03  6.9601E+03 -1.4604E+03  0.0000E+00 -2.0000E-03   1   5
  2.3005E-04 -7.9744E-05  5.1562E-04 -5.4989E+03  6.8110E+03 -8.0460E+02  0.0000E+00 -2.0000E-03   1   5
  2.0156E-04  9.7140E-06 -8.1834E-06 -9.1671E+03 -3.2379E+03  9.1698E+02  0.0000E+00 -2.0000E-03   1   5
  1.7109E-04  4.8650E-05 -5.4456E-04 -9.3896E+03 -2.2799E+03 -1.9814E+03  0.0000E+00 -2.0000E-03   1   5
  1.0898E-04  1.0741E-04 -1.3019E-03 -7.5332E+02 -5.9423E+03 -3.1541E+03  0.0000E+00 -2.0000E-03   1   5
  9.0299E-05  1.4968E-04  1.0728E-03 -1.4017E+03 -5.7896E+03 -3.7214E+03  0.0000E+00 -2.0000E-03   1   5
  7.5338E-05  2.0203E-04  4.0530E-04 -1.8471E+03 -6.2540E+03 -3.8039E+01  0.0000E+00 -2.0000E-03   1   5
  6.4945E-05  2.6791E-04 -1.2029E-04 -2.3386E+03 -7.2708E+03 -1.9691E+03  0.0000E+00 -2.0000E-03   1   5
  6.9116E-05  3.7321E-04 -6.5621E-04 -3.2790E+03 -9.3112E+03  8.6654E+02  0.0000E+00 -2.0000E-03   1   5
 -2.5560E-04 -3.1443E-04 -1.5911E-03  6.2239E+03  1.0565E+04 -7.3739E+03  0.0000E+00 -2.0000E-03   1   5
 -2.4982E-04 -1.9483E-04  9.1002E-04  4.0309E+03  8.3621E+03 -1.6198E+03  0.0000E+00 -2.0000E-03   1   5
 -3.2253E-04 -1.0445E-04  2.8895E-04  1.3155E+04  3.8367E+03 -1.7129E+03  0.0000E+00 -2.0000E-03   1   5
 -4.0683E-04 -2.8843E-05 -2.1406E-04  1.4621E+04  3.5700E+03  1.0745E+03  0.0000E+00 -2.0000E-03   1   5
  2.7795E-04 -2.2317E-04 -7.9629E-04 -8.4449E+03  2.6058E+03 -2.6265E+03  0.0000E+00 -2.0000E-03   1   5
  1.8647E-04 -1.5440E-04  1.8999E-03 -6.1168E+03  1.9919E+03 -9.7993E+03  0.0000E+00 -2.0000E-03   1   5
  1.4310E-04 -1.0770E-04  7.2967E-04 -5.6459E+03  1.9551E+03 -4.0943E+03  0.0000E+00 -2.0000E-03   1   5
  1.1244E-04 -6.6190E-05  1.8076E-04 -5.6711E+03  1.8744E+03  2.3791E+03  0.0000E+00 -2.0000E-03   1   5
  9.2277E-05 -2.9071E-05 -3.4078E-04 -7.0345E+03  2.2693E+03 -5.3865E+02  0.0000E+00 -2.0000E-03   1   5
  3.0823E-05  2.5776E-05 -9.6378E-04  1.8130E+03 -1.6986E+03 -1.8320E+03  0.0000E+00 -2.0000E-03   1   5
  1.1125E-05  6.2546E-05  1.4808E-03  1.3201E+03 -1.6296E+03 -7.3120E+03  0.0000E+00 -2.0000E-03   1   5
 -9.5476E-06  1.0245E-04  6.1734E-04  1.1041E+03 -1.7847E+03  3.8229E+02  0.0000E+00 -2.0000E-03   1   5
 -3.1476E-05  1.4517E-04  6.7673E-05  1.0577E+03 -2.0266E+03 -7.1402E+02  0.0000E+00 -2.0000E-03   1   5
 -5.5487E-05  1.9211E-04 -4.4860E-04  1.1010E+03 -2.1624E+03 -3.0374E+02  0.0000E+00 -2.0000E-03   1   5
 -8.4085E-05  2.4535E-04 -1.1492E-03  1.3401E+03 -1.8455E+03 -5.9175E+03  0.0000E+00 -2.0000E-03   1   5
 -9.3441E-05  3.5490E-04  1.2349E-03 -4.7133E+03 -1.1367E+04 -2.3851E+03  0.0000E+00 -2.0000E-03   1   5
 -2.2053E-04  5.1638E-04  4.8422E-04  1.0253E+04 -1.9464E+04 -1.1352E+03  0.0000E+00 -2.0000E-03   1   5
  1.5776E-04 -4.5319E-04 -3.4600E-05 -1.9042E+03  1.0145E+04  4.9557E+02  0.0000E+00 -2.0000E-03   1   5
  1.0690E-04 -3.2341E-04 -5.7188E-04 -1.6517E+03  7.7407E+03 -2.6143E+03  0.0000E+00 -2.0000E-03   1   5
  7.4398E-05 -2.4900E-04 -1.3527E-03 -1.5468E+03  6.6119E+03 -4.0500E+03  0.0000E+00 -2.0000E-03   1   5
  4.7558E-05 -1.8878E-04  1.0358E-03 -1.4846E+03  5.5907E+03 -3.9153E+03  0.0000E+00 -2.0000E-03   1   5
  2.5383E-05 -1.4229E-04  3.8283E-04 -1.6516E+03  5.2413E+03 -3.4726E+02  0.0000E+00 -2.0000E-03   1   5
  5.8893E-06 -1.0105E-04 -1.4471E-04 -2.1592E+03  5.2202E+03 -3.6137E+03  0.0000E+00 -2.0000E-03   1   5
 -5.5208E-05 -4.5489E-05 -6.7342E-04  6.9833E+03  1.2509E+03  2.0591E+03  0.0000E+00 -2.0000E-03   1   5
 -7.0578E-05 -1.1508E-05 -1.6587E-03  5.4251E+03  2.1283E+03 -7.7325E+03  0.0000E+00 -2.0000E-03   1   5
 -9.3734E-05  2.1352E-05  8.8319E-04  5.5440E+03  3.3810E+03 -1.1573E+03  0.0000E+00 -2.0000E-03   1   5
 -1.0371E-04  1.0287E-04  2.7183E-04  1.4742E+03 -6.6351E+03 -1.2872E+03  0.0000E+00 -2.0000E-03   1   5
 -1.3940E-04  1.4428E-04 -2.2990E-04  2.0413E+03 -6.3058E+03  1.4875E+03  0.0000E+00 -2.0000E-03   1   5
 -1.8920E-04  1.9516E-04 -8.2173E-04  2.7937E+03 -6.7035E+03 -2.4478E+03  0.0000E+00 -2.0000E-03   1   5
 -2.8771E-04  2.6572E-04  1.7882E-03  4.0218E+03 -7.3455E+03 -8.4147E+03  0.0000E+00 -2.0000E-03   1   5
  3.4120E-04  4.8468E-05  7.0400E-04 -5.6279E+03 -2.8139E+03 -3.2166E+03  0.0000E+00 -2.0000E-03   1   5
  2.7799E-04  1.2188E-04  1.5743E-04 -5.7035E+03 -3.5816E+03  2.1063E+03  0.0000E+00 -2.0000E-03   1   5
  2.4893E-04  1.9831E-04 -3.6476E-04 -5.9714E+03 -4.8093E+03 -6.8293E+02  0.0000E+00 -2.0000E-03   1   5
  2.4960E-04  3.1713E-04 -1.0006E-03 -6.8813E+03 -7.2388E+03 -2.1300E+03  0.0000E+00 -2.0000E-03   1   5
 -7.3273E-05 -3.6374E-04  1.4186E-03  2.6020E+03  1.2138E+04 -6.9875E+03  0.0000E+00 -2.0000E-03   1   5
 -7.0733E-05 -2.6624E-04  5.9076E-04  1.8078E+03  1.0882E+04  3.2002E+02  0.0000E+00 -2.0000E-03   1   5
 -8.1676E-05 -2.1014E-04  4.6019E-05  1.4157E+03  1.1888E+04 -8.1661E+02  0.0000E+00 -2.0000E-03   1   5
 -1.1702E-04 -1.0015E-04 -4.7110E-04  5.5558E+03 -2.2262E+03 -4.5263E+02  0.0000E+00 -2.0000E-03   1   5
 -1.3539E-04 -5.8239E-05 -1.1881E-03  4.8852E+03 -1.5877E+03 -6.4716E+03  0.0000E+00 -2.0000E-03   1   5
 -1.5857E-04 -1.4823E-05  1.1989E-03  4.5549E+03 -1.7244E+03 -1.3473E+03  0.0000E+00 -2.0000E-03   1   5
 -1.9377E-04  2.9867E-05  4.7033E-04  4.8987E+03 -1.9990E+03 -7.6560E+02  0.0000E+00 -2.0000E-03   1   5
 -2.4609E-04  8.0819E-05 -4.9546E-05  5.6596E+03 -2.5627E+03  8.0722E+02  0.0000E+00 -2.0000E-03   1   5
 -3.6588E-04  1.5895E-04 -5.9517E-04  8.2169E+03 -4.0141E+03 -2.2657E+03  0.0000E+00 -2.0000E-03   1   5
  3.1887E-04 -9.2918E-05 -1.4038E-03 -1.2049E+04  5.3613E+03 -4.0618E+03  0.0000E+00 -2.0000E-03   1   5
  2.0688E-04 -1.7649E-05  1.0027E-03 -1.8252E+03  8.8468E+02 -3.4171E+03  0.0000E+00 -2.0000E-03   1   5
  1.6975E-04  2.8374E-05  3.6188E-04 -2.1405E+03  8.8184E+02 -4.2508E+01  0.0000E+00 -2.0000E-03   1   5
  1.4104E-04  7.2500E-05 -1.6046E-04 -2.0602E+03  9.6239E+02 -2.2137E+03  0.0000E+00 -2.0000E-03   1   5
  1.1621E-04  1.1256E-04 -7.0461E-04 -1.3900E+03  2.3889E+03  4.7309E+02  0.0000E+00 -2.0000E-03   1   5
  1.1919E-04  2.1258E-04 -1.7439E-03 -6.1016E+03 -8.6968E+03 -8.8886E+03  0.0000E+00 -2.0000E-03   1   5
  1.0809E-04  2.7444E-04  8.5017E-04 -6.3797E+03 -8.6574E+03 -1.4227E+03  0.0000E+00 -2.0000E-03   1   5
  1.2449E-04  3.9324E-04  2.4482E-04 -8.5426E+03 -1.0531E+04 -1.8027E+03  0.0000E+00 -2.0000E-03   1   5
 -2.3470E-04 -2.7765E-04 -2.5512E-04  9.5271E+03  5.3199E+03  9.0533E+02  0.0000E+00 -2.0000E-03   1   5
 -2.3611E-04 -1.7817E-04 -8.5181E-04  8.3825E+03  3.7451E+03 -2.9912E+03  0.0000E+00 -2.0000E-03   1   5
 -2.5780E-04 -1.0713E-04  8.1456E-04  7.9209E+03  2.5626E+03 -1.7425E+03  0.0000E+00 -2.0000E-03   1   5
 -3.0747E-04 -4.3015E-05  2.1660E-04  8.7032E+03  1.6775E+03 -3.3353E+03  0.0000E+00 -2.0000E-03   1   5
 -4.4185E-04  4.9165E-05 -2.7541E-04  1.1612E+04 -1.1950E+02  2.6333E+03  0.0000E+00 -2.0000E-03   1   5
  2.5436E-04 -2.0458E-04 -8.8434E-04 -8.2132E+03  9.2574E+03 -2.3211E+03  0.0000E+00 -2.0000E-03   1   5
  1.8870E-04 -1.4693E-04  1.6835E-03 -8.0495E+03  9.3267E+03 -6.9250E+03  0.0000E+00 -2.0000E-03   1   5
  1.0750E-04 -9.8003E-05  6.7752E-04  2.4009E+03  7.8742E+03 -2.4159E+03  0.0000E+00 -2.0000E-03   1   5
  1.0628E-04  5.6730E-06  1.3261E-04 -4.2355E+03 -7.1390E+03  1.5039E+03  0.0000E+00 -2.0000E-03   1   5
  7.5993E-05  3.0998E-05 -3.8939E-04 -2.9875E+03 -4.0514E+03 -1.0421E+03  0.0000E+00 -2.0000E-03   1   5
  5.2978E-05  6.8214E-05 -1.0379E-03 -2.8576E+03 -3.7733E+03 -2.6629E+03  0.0000E+00 -2.0000E-03   1   5
  3.1111E-05  1.0574E-04  1.3561E-03 -2.9100E+03 -3.6974E+03 -7.0354E+03  0.0000E+00 -2.0000E-03   1   5
  1.2788E-05  1.4838E-04  5.6624E-04 -3.3711E+03 -3.7945E+03  1.1597E+03  0.0000E+00 -2.0000E-03   1   5
  1.9078E-06  1.9277E-04  2.3717E-05 -5.7473E+03 -3.3615E+03 -3.5936E+02  0.0000E+00 -2.0000E-03   1   5
 -7.7087E-05  2.7472E-04 -4.9819E-04  7.4622E+03 -9.7431E+03 -9.6461E+01  0.0000E+00 -2.0000E-03   1   5
 -8.9855E-05  3.4771E-04 -1.2362E-03  4.7835E+03 -1.0101E+04 -5.7930E+03  0.0000E+00 -2.0000E-03   1   5
 -1.0605E-04  4.8234E-04  1.1406E-03  4.0412E+03 -1.2222E+04 -2.4176E+03  0.0000E+00 -2.0000E-03   1   5
 -5.6545E-04 -1.4861E-04  4.3279E-04  1.7076E+04  5.3442E+03 -1.4272E+03  0.0000E+00 -2.0000E-03   1   5
