  0.0000E+00  0.0000E+00  2.9342E+01  0.0000E+00  0.0000E+00  2.4585E+06  9.9968E+01 -2.0000E-03   1   5
 -1.2954E+00  0.0000E+00 -2.9345E+01 -1.1871E+06  0.0000E+00 -4.6114E+06 -7.0702E+01 -2.0000E-03   1 -90
  0.0000E+00  1.7215E+00 -2.9345E+01  0.0000E+00  1.9235E+06 -3.9896E+06 -8.9694E+01 -2.0000E-03   1 -90
 -1.2618E+00  0.0000E+00 -2.9344E+01 -1.1468E+06  0.0000E+00 -4.6331E+06 -8.8457E+01 -2.0000E-03   1 -90
  0.0000E+00 -2.2962E-02 -2.9345E+01  0.0000E+00 -3.4522E+05 -4.8926E+06 -9.7816E+01 -2.0000E-03   1 -90
  1.2087E-01  0.0000E+00 -2.9345E+01  1.3095E+06  0.0000E+00 -4.5392E+06 -9.6221E+01 -2.0000E-03   1 -90
  0.0000E+00 -4.5076E-02 -2.9345E+01  0.0000E+00 -5.6665E+05 -4.8508E+06 -9.6539E+01 -2.0000E-03   1 -90
 -5.4449E-01  5.4156E-01 -2.9029E+01  6.7293E+05  1.3309E+05 -3.3842E+06  0.0000E+00 -2.0000E-03   1   5
 -1.1790E-01  4.2422E-02 -2.9034E+01 -2.9135E+05  8.0968E+05 -2.4572E+06  0.0000E+00 -2.0000E-03   1   5
 -4.7772E-01 -8.7916E-02 -2.8589E+01 -1.2575E+05 -6.8328E+05 -2.4586E+06  0.0000E+00 -2.0000E-03   1   5
  1.6390E+01  2.8188E-01 -5.8437E+00  1.9738E+06  1.2448E+05  4.5632E+05  0.0000E+00 -2.0000E-03   1   5
  8.3880E-02 -3.7019E-02 -2.9138E+01  6.1568E+05 -1.3950E+06 -2.4613E+06  0.0000E+00 -2.0000E-03   1   5
  3.4266E-01 -1.7726E-02 -2.8943E+01 -2.9366E+04 -8.0687E+05 -2.3354E+06  0.0000E+00 -2.0000E-03   1   5
 -3.2659E-02  1.2213E-01 -2.9040E+01 -6.9885E+05  1.8677E+05 -2.4196E+06  0.0000E+00 -2.0000E-03   1   5
  1.9817E+01  1.9253E+01 -2.8588E+01  1.3914E+06  1.3488E+06 -2.4585E+06  0.0000E+00 -2.0000E-03   1   5
 -2.4854E-01  1.5353E-01 -2.8614E+01  1.8950E+03  1.0194E+04 -2.1960E+06  0.0000E+00 -2.0000E-03   1   5
 -2.4233E-01  2.2306E-01 -2.9032E+01 -9.2134E+05  1.0009E+06 -2.4584E+06  0.0000E+00 -2.0000E-03   1   5
  1.1950E-01 -1.4565E-01 -2.9039E+01  6.8640E+05 -5.6340E+05 -2.4588E+06  0.0000E+00 -2.0000E-03   1   5
 -3.2000E-02 -1.2723E-01 -2.9124E+01  3.2366E+06  1.9781E+06 -1.7329E+06  0.0000E+00 -2.0000E-03   1   5
  3.0971E-01 -2.8310E-01 -2.9036E+01  1.3163E+05 -7.0976E+05 -2.0998E+06  0.0000E+00 -2.0000E-03   1   5
  2.1727E-01 -1.8033E-01 -2.9136E+01  9.5715E+05 -3.8217E+05 -1.7021E+06  0.0000E+00 -2.0000E-03   1   5
 -1.0445E-01 -8.3493E-02 -2.9140E+01 -1.0681E+06 -1.3361E+06 -2.4590E+06  0.0000E+00 -2.0000E-03   1   5
 -1.0492E-01 -1.1303E-01 -2.9039E+01  4.5759E+05  4.2478E+05 -2.4585E+06  0.0000E+00 -2.0000E-03   1   5
 -2.8861E-01 -2.8519E-01 -2.9143E+01 -9.9160E+05  7.8589E+05 -1.9807E+06  0.0000E+00 -2.0000E-03   1   5
  2.0247E-01  2.3190E-01 -2.9123E+01  1.9392E+07  3.8652E+06 -3.6465E+05  0.0000E+00 -2.0000E-03   1   5
  2.3734E-01 -2.2613E-01 -2.9034E+01  5.5746E+05 -5.8509E+05 -2.4585E+06  0.0000E+00 -2.0000E-03   1   5
 -1.0817E-02 -1.4058E-02 -2.9044E+01 -7.9838E+04  5.6601E+05 -2.3089E+06  0.0000E+00 -2.0000E-03   1   5
  7.9466E-02  9.0707E-02 -2.9039E+01  3.3350E+05  2.9351E+05 -2.4580E+06  0.0000E+00 -2.0000E-03   1   5
 -4.6676E-01  5.3244E-01 -2.8587E+01  3.7720E+05 -2.2648E+05 -3.0342E+06  0.0000E+00 -2.0000E-03   1   5
  3.2069E-01  4.6523E-03 -2.9115E+01 -2.7139E+04  6.8739E+04 -2.4013E+06  0.0000E+00 -2.0000E-03   1   5
  2.4078E-01 -2.1314E-01 -2.9034E+01  5.8140E+05 -6.5680E+05 -2.4585E+06  0.0000E+00 -2.0000E-03   1   5
 -2.2363E-01  2.1800E-01 -2.9141E+01  9.2748E+04  4.0336E+05 -3.4421E+06  0.0000E+00 -2.0000E-03   1   5
  3.7210E-02  3.7151E-02 -2.9143E+01 -4.5149E+04 -4.5221E+04 -2.4585E+06  0.0000E+00 -2.0000E-03   1   5
 -2.1486E+01  4.0620E+00 -1.1333E+01 -2.2035E+06  3.5577E+05 -5.8969E+05  0.0000E+00 -2.0000E-03   1   5
  1.0782E-01 -9.7264E-02 -2.9143E+01  8.7109E+05 -9.6563E+05 -2.4586E+06  0.0000E+00 -2.0000E-03   1   5
 -1.6179E-01  1.5236E-01 -2.9141E+01 -2.1801E+05  1.0199E+06 -2.8056E+06  0.0000E+00 -2.0000E-03   1   5
 -9.7342E-02  9.6601E-02 -2.8967E+01  3.6195E+05 -3.6472E+05 -2.4585E+06  0.0000E+00 -2.0000E-03   1   5
 -2.2198E-01  1.7909E-01 -2.9035E+01  4.5395E+05 -5.6265E+05 -2.4584E+06  0.0000E+00 -2.0000E-03   1   5
 -8.3060E-03  5.8944E-02 -2.9039E+01 -7.8629E+05  9.9434E+04 -2.4664E+06  0.0000E+00 -2.0000E-03   1   5
 -1.5433E-01  1.1117E-01 -2.9136E+01 -9.3395E+05  1.2966E+06 -2.4588E+06  0.0000E+00 -2.0000E-03   1   5
 -2.3668E-01  2.3643E-01 -2.9008E+01  2.7829E+05  3.6426E+05 -2.4642E+06  0.0000E+00 -2.0000E-03   1   5
  3.5640E-02  4.0212E-02 -2.9040E+01  4.6046E+05  4.2147E+05 -2.4509E+06  0.0000E+00 -2.0000E-03   1   5
 -2.0978E-01  2.5130E-01 -2.9039E+01 -9.0361E+05  7.5432E+05 -2.4586E+06  0.0000E+00 -2.0000E-03   1   5
 -1.1664E+01 -9.6073E+00 -2.6357E+01 -3.0101E+06 -2.8336E+06 -1.7236E+06  0.0000E+00 -2.0000E-03   1   5
 -3.3736E-01 -3.1723E-01 -2.9034E+01  3.9326E+05  2.1568E+05 -3.0810E+06  0.0000E+00 -2.0000E-03   1   5
  1.9132E+01 -1.6120E+00 -9.7462E+00  1.4269E+06 -7.0116E+04 -9.6462E+05  0.0000E+00 -2.0000E-03   1   5
 -5.6856E-01 -5.6004E-01 -2.9033E+01 -5.8506E+05 -2.9363E+05 -3.5692E+06  0.0000E+00 -2.0000E-03   1   5
 -8.3228E-02 -8.0130E-02 -2.9026E+01  6.1460E+05  6.3836E+05 -2.4584E+06  0.0000E+00 -2.0000E-03   1   5
  1.9897E-01 -7.5021E-02 -2.8911E+01 -3.7397E+03  5.6236E+04 -1.3967E+06  0.0000E+00 -2.0000E-03   1   5
 -2.5227E+01  1.0808E+01 -2.3319E+01 -2.2109E+06  9.4698E+05 -1.9669E+06  0.0000E+00 -2.0000E-03   1   5
  2.6254E+01  6.2619E-01 -1.9775E+01  2.0671E+06 -6.5444E+03 -1.7134E+06  0.0000E+00 -2.0000E-03   1   5
  6.1381E-02  2.1832E-01 -2.9077E+01 -3.0702E+03 -8.6811E+02 -2.5426E+06  0.0000E+00 -2.0000E-03   1   5
  9.4730E-02  7.5166E-02 -2.9140E+01 -7.2171E+05 -9.0955E+05 -2.4588E+06  0.0000E+00 -2.0000E-03   1   5
  4.3204E-02  6.2897E-02 -2.8957E+01 -1.1058E+06 -7.5973E+05 -2.4624E+06  0.0000E+00 -2.0000E-03   1   5
 -2.5741E-01 -2.5936E-01 -2.8579E+01  6.4158E+05  6.3676E+05 -2.4585E+06  0.0000E+00 -2.0000E-03   1   5
 -9.7257E-02  4.5096E-02 -2.9137E+01 -5.6539E+05  1.2193E+06 -2.4600E+06  0.0000E+00 -2.0000E-03   1   5
  1.4983E+00 -1.1453E+00 -2.9345E+01  2.1192E+06 -1.1740E+06 -3.3226E+06 -9.0169E+01 -2.0000E-03   1 -89
 -6.3515E-01  6.2891E-01 -2.9032E+01 -9.9489E+05 -7.7578E+05 -2.5643E+06  0.0000E+00 -2.0000E-03   1   5
  1.6814E-01 -1.6307E-01 -2.9038E+01  1.2028E+05  1.1411E+05 -2.2595E+06  0.0000E+00 -2.0000E-03   1   5
 -2.5764E-01 -2.4931E-01 -2.9031E+01 -6.1925E+05 -4.9033E+05 -2.7016E+06  0.0000E+00 -2.0000E-03   1   5
 -1.6641E+00  5.0546E+00 -2.9344E+01 -1.0157E+06  1.8628E+06 -2.7834E+06 -7.2472E+01 -2.0000E-03   1 -89
 -4.8004E-01 -4.7784E-01 -2.9027E+01  1.4408E+06  4.1519E+05 -2.7644E+06  0.0000E+00 -2.0000E-03   1   5
  7.7929E-02 -7.4576E-02 -2.9021E+01 -5.0974E+05  5.3265E+05 -2.4584E+06  0.0000E+00 -2.0000E-03   1   5
  3.6121E-01  3.7840E-01 -2.8951E+01 -1.0475E+06 -1.0126E+06 -2.3348E+06  0.0000E+00 -2.0000E-03   1   5
  1.8146E+01  3.9113E+00 -1.0555E+01  2.1205E+06  3.8952E+05 -2.2231E+05  0.0000E+00 -2.0000E-03   1   5
 -2.0245E+00 -1.1537E+01 -2.9344E+01 -2.8438E+05 -2.3386E+06 -2.5445E+06 -5.3463E+01 -2.0000E-03   1 -89
  1.2007E+00  9.5174E-01 -2.9345E+01  8.8328E+05  4.6851E+05 -3.8424E+06 -8.3610E+00 -2.0000E-03   1 -89
  2.7129E-01  2.5793E-01 -2.9137E+01 -4.4139E+05  5.5969E+05 -1.4349E+06  0.0000E+00 -2.0000E-03   1   5
 -2.0546E-01 -2.0504E-01 -2.8966E+01  4.8044E+05  5.1069E+05 -2.4195E+06  0.0000E+00 -2.0000E-03   1   5
 -5.2190E-01 -5.1300E-01 -2.8589E+01 -3.3125E+05 -1.0320E+05 -3.0539E+06  0.0000E+00 -2.0000E-03   1   5
 -1.3155E-01 -1.3729E-01 -2.9039E+01 -2.7233E+05 -2.6094E+05 -2.4585E+06  0.0000E+00 -2.0000E-03   1   5
 -1.8477E-01 -1.8457E-01 -2.9013E+01  2.6983E+05 -1.2035E+05 -2.6102E+06  0.0000E+00 -2.0000E-03   1   5
  1.5320E-01 -1.4088E-01 -2.9139E+01 -9.8284E+05  1.0686E+06 -2.4585E+06  0.0000E+00 -2.0000E-03   1   5
 -5.8657E-02  6.1064E-02 -2.9130E+01 -4.0642E+05  3.9039E+05 -2.4585E+06  0.0000E+00 -2.0000E-03   1   5
  1.3861E-01  1.1849E-01 -2.9137E+01 -5.7479E+05 -3.0104E+05 -2.9514E+06  0.0000E+00 -2.0000E-03   1   5
 -2.5812E-01 -2.0468E-01 -2.9036E+01  1.5739E+03 -9.8571E+04 -2.0175E+06  0.0000E+00 -2.0000E-03   1   5
  2.3327E-01 -2.1774E-01 -2.9138E+01  7.6476E+05 -1.4767E+06 -1.7850E+06  0.0000E+00 -2.0000E-03   1   5
  2.8998E-01 -2.8672E-01 -2.9144E+01 -6.5123E+05 -1.2436E+06 -2.7034E+06  0.0000E+00 -2.0000E-03   1   5
  8.0196E-03 -1.5329E-01 -2.9039E+01  1.5748E+05 -8.2391E+03 -2.4585E+06  0.0000E+00 -2.0000E-03   1   5
  6.9633E-01 -1.0267E+00 -2.9345E+01 -3.4927E+04 -1.7250E+06 -4.6380E+06 -8.9888E+01 -2.0000E-03   1 -89
 -2.9382E+00 -1.9699E+01 -2.9235E+01 -1.6165E+05 -1.3713E+06 -2.5052E+06  0.0000E+00 -2.0000E-03   1   5
 -3.0534E-01  3.0434E-01 -2.9155E+01  5.3883E+05  1.4022E+06 -2.0164E+06  0.0000E+00 -2.0000E-03   1   5
 -2.0478E-01 -2.6563E-01 -2.9039E+01  1.0851E+06  8.3649E+05 -2.4587E+06  0.0000E+00 -2.0000E-03   1   5
  1.0525E+00  5.7688E-01 -2.9345E+01  9.3358E+05 -3.6165E+05 -4.4682E+06 -6.7363E+01 -2.0000E-03   1 -89
  2.1360E-01  2.1149E-01 -2.9147E+01 -4.2096E+05  9.9579E+05 -2.5734E+06  0.0000E+00 -2.0000E-03   1   5
  4.2606E-02  2.5428E-03 -2.9144E+01 -8.1221E+04 -1.3595E+06 -2.4737E+06  0.0000E+00 -2.0000E-03   1   5
 -1.4498E-01 -1.4570E-01 -2.9039E+01 -3.7792E+05 -3.7608E+05 -2.4585E+06  0.0000E+00 -2.0000E-03   1   5
  1.6565E-01  1.7460E-01 -2.9039E+01 -4.7320E+05 -4.4893E+05 -2.4585E+06  0.0000E+00 -2.0000E-03   1   5
  3.1197E-01 -2.6848E-01 -2.9036E+01 -2.3108E+05 -2.7356E+05 -2.0022E+06  0.0000E+00 -2.0000E-03   1   5
  5.2024E-01 -5.1885E-01 -2.9023E+01  1.9062E+05 -1.0485E+06 -3.2775E+06  0.0000E+00 -2.0000E-03   1   5
 -2.3702E+01  1.5267E+00 -2.8525E+01 -1.3593E+06  4.7062E+04 -2.4547E+06  0.0000E+00 -2.0000E-03   1   5
 -1.8124E-01 -1.7631E-01 -2.9143E+01  4.1866E+05  1.1615E+06 -1.9800E+06  0.0000E+00 -2.0000E-03   1   5
 -1.7310E-01 -1.7415E-01 -2.9039E+01  4.3101E+05  4.2843E+05 -2.4585E+06  0.0000E+00 -2.0000E-03   1   5
  7.9730E-02  6.5380E-02 -2.9141E+01 -5.9703E+05 -7.2806E+05 -2.4587E+06  0.0000E+00 -2.0000E-03   1   5
  1.9774E-01  1.9245E-01 -2.9143E+01 -4.2471E+05 -1.2555E+06 -2.9990E+06  0.0000E+00 -2.0000E-03   1   5
 -2.2104E+01  2.1691E+00 -2.8344E+01 -8.5864E+06  1.1141E+06 -2.1626E+06  0.0000E+00 -2.0000E-03   1   5
 -2.0851E-01  2.0308E-01 -2.9142E+01 -1.9563E+05 -1.1644E+06 -2.3169E+06  0.0000E+00 -2.0000E-03   1   5
  2.5142E-01 -2.6478E-01 -2.9039E+01  6.2412E+05 -6.0414E+05 -2.4462E+06  0.0000E+00 -2.0000E-03   1   5
 -2.5191E+00  7.7183E+00 -2.8032E+01 -1.7527E+05  4.8039E+05 -2.3814E+06  0.0000E+00 -2.0000E-03   1   5
  3.7522E-01  3.6489E-01 -2.9037E+01  6.8522E+04  6.9196E+04 -1.7170E+06  0.0000E+00 -2.0000E-03   1   5
 -3.9769E-01  3.6792E-01 -2.8589E+01  5.9211E+05 -5.7505E+05 -2.3957E+06  0.0000E+00 -2.0000E-03   1   5
  1.1218E+00 -6.4611E-01 -2.9345E+01  5.7282E+05  1.0475E+05 -3.4574E+06 -8.2191E+01 -2.0000E-03   1 -89
  1.5431E-01 -1.5209E-01 -2.9015E+01  1.0795E+06 -1.0940E+06 -2.4544E+06  0.0000E+00 -2.0000E-03   1   5
 -3.1146E-01  3.0915E-01 -2.9146E+01  1.3355E+06 -3.8885E+04 -1.3170E+06  0.0000E+00 -2.0000E-03   1   5
 -1.8376E-01 -1.8339E-01 -2.8950E+01  3.3300E+05  4.5442E+05 -2.4601E+06  0.0000E+00 -2.0000E-03   1   5
 -2.4647E-01 -3.8717E-01 -2.8588E+01 -7.6588E+05 -4.8754E+05 -2.4584E+06  0.0000E+00 -2.0000E-03   1   5
  9.5027E-02 -1.0295E-01 -2.9039E+01  2.9661E+05 -2.7380E+05 -2.4585E+06  0.0000E+00 -2.0000E-03   1   5
  1.5281E-01  1.6618E-01 -2.9082E+01 -5.5654E+04 -3.1186E+04 -3.8131E+06  0.0000E+00 -2.0000E-03   1   5
 -2.0177E-02  2.5896E-02 -2.9130E+01 -5.2288E+05  3.8833E+05 -2.4597E+06  0.0000E+00 -2.0000E-03   1   5
 -2.5109E-02 -2.7398E-02 -2.9130E+01 -4.2784E+05 -6.2442E+05 -2.4379E+06  0.0000E+00 -2.0000E-03   1   5
  4.9702E-01  2.2790E-01 -2.8802E+01 -4.2051E+04 -1.9411E+04 -1.2829E+06  0.0000E+00 -2.0000E-03   1   5
 -2.9566E-01  3.1901E-01 -2.9039E+01 -8.0469E+05  7.4455E+05 -2.4588E+06  0.0000E+00 -2.0000E-03   1   5
 -3.0192E-01  2.9879E-01 -2.9144E+01  2.8958E+05 -1.8341E+06 -1.6518E+06  0.0000E+00 -2.0000E-03   1   5
 -9.1054E-02 -7.1213E-02 -2.9140E+01  8.9635E+05  1.1461E+06 -2.4591E+06  0.0000E+00 -2.0000E-03   1   5
  1.6150E-01 -1.6791E-01 -2.9039E+01  4.0328E+05 -3.8788E+05 -2.4585E+06  0.0000E+00 -2.0000E-03   1   5
 -2.3297E+01  1.2415E+01 -2.2115E+01 -2.0672E+06  1.1017E+06 -1.8543E+06  0.0000E+00 -2.0000E-03   1   5
  4.0272E-01  1.8751E-01 -2.8608E+01  1.7760E+06  1.1441E+06 -2.8306E+06  0.0000E+00 -2.0000E-03   1   5
  1.9645E+01 -1.9444E+01 -2.8589E+01  1.3610E+06 -1.3460E+06 -2.4585E+06  0.0000E+00 -2.0000E-03   1   5
  3.5000E-01  3.2737E-01 -2.8589E+01  4.7224E+05  5.0489E+05 -2.4585E+06  0.0000E+00 -2.0000E-03   1   5
 -5.4026E-01  5.3569E-01 -2.9031E+01  3.1617E+04 -8.1271E+05 -1.5324E+06  0.0000E+00 -2.0000E-03   1   5
  4.4698E-01 -4.4462E-01 -2.9025E+01 -7.6699E+05 -1.6599E+04 -3.1517E+06  0.0000E+00 -2.0000E-03   1   5
  3.8890E-01  3.2730E-01 -2.9036E+01  4.6163E+05  1.1444E+06 -2.2765E+06  0.0000E+00 -2.0000E-03   1   5
 -4.5758E-01 -4.5619E-01 -2.9025E+01  3.4983E+05 -7.5395E+05 -1.9786E+06  0.0000E+00 -2.0000E-03   1   5
 -2.9528E-01 -3.2707E-01 -2.9039E+01 -9.1487E+05 -8.2598E+05 -2.4585E+06  0.0000E+00 -2.0000E-03   1   5
  1.5131E-01 -1.6709E-01 -2.9125E+01  8.8602E+06 -1.7895E+07 -2.3879E+06  0.0000E+00 -2.0000E-03   1   5
  1.0896E-01  1.1231E-01 -2.9039E+01  3.0879E+05  2.9959E+05 -2.4585E+06  0.0000E+00 -2.0000E-03   1   5
  4.2431E-01  4.0940E-01 -2.9034E+01  7.1499E+04 -8.1756E+05 -3.0053E+06  0.0000E+00 -2.0000E-03   1   5
  3.9951E-01 -3.9350E-01 -2.9139E+01  6.2977E+05  1.1845E+06 -1.1172E+06  0.0000E+00 -2.0000E-03   1   5
 -8.2047E-02  8.4825E-02 -2.9130E+01 -3.8124E+05  3.6875E+05 -2.4586E+06  0.0000E+00 -2.0000E-03   1   5
 -3.1731E-01 -3.1426E-01 -2.9144E+01 -5.1368E+05  1.3462E+06 -3.1664E+06  0.0000E+00 -2.0000E-03   1   5
 -2.0762E+00 -5.8283E-01 -2.9344E+01 -2.0866E+06  1.8932E+05 -2.9664E+06 -8.9368E+01 -2.0000E-03   1 -89
 -2.3765E+00 -1.7223E+00 -2.9344E+01 -1.3705E+06 -8.1839E+05 -3.0748E+06 -8.4570E+01 -2.0000E-03   1 -89
 -4.2776E-01  6.1687E-01 -2.8588E+01 -3.8965E+05  8.9549E+05 -2.4740E+06  0.0000E+00 -2.0000E-03   1   5
 -3.0872E-01 -3.0123E-01 -2.9034E+01 -4.5666E+04  1.6620E+05 -1.8704E+06  0.0000E+00 -2.0000E-03   1   5
  8.5921E-02 -8.4484E-02 -2.9155E+01 -3.7622E+05  5.1555E+05 -2.5391E+06  0.0000E+00 -2.0000E-03   1   5
 -4.1388E-01 -4.1093E-01 -2.9026E+01  8.1621E+05 -1.5113E+05 -2.0073E+06  0.0000E+00 -2.0000E-03   1   5
 -1.2246E-02  1.0323E-01 -2.9055E+01  4.0259E+02 -4.7778E+01 -2.4602E+06  0.0000E+00 -2.0000E-03   1   5
  9.1737E-02  2.1185E-01 -2.9344E+01  4.1936E+05  9.3369E+05 -3.2705E+06 -9.2318E+01 -2.0000E-03   1 -89
  8.3292E-02  1.0399E-01 -2.9039E+01 -4.6009E+05 -3.6851E+05 -2.4587E+06  0.0000E+00 -2.0000E-03   1   5
  1.8924E-01  1.4439E-01 -2.9053E+01 -2.2711E+06 -3.5612E+06 -2.8311E+06  0.0000E+00 -2.0000E-03   1   5
  2.7515E-01  2.5082E-01 -2.9035E+01  6.4296E+05  6.2760E+03 -2.5395E+06  0.0000E+00 -2.0000E-03   1   5
 -6.0596E-02  3.1351E-02 -2.9140E+01 -4.1803E+05  8.0795E+05 -2.4600E+06  0.0000E+00 -2.0000E-03   1   5
  4.2855E-02  5.8343E-02 -2.9039E+01  3.5177E+05  3.5505E+05 -2.4125E+06  0.0000E+00 -2.0000E-03   1   5
  1.8205E-01 -1.6892E-01 -2.9139E+01 -7.6906E+05  1.3485E+06 -2.5117E+06  0.0000E+00 -2.0000E-03   1   5
  4.0843E-01  4.0176E-01 -2.9031E+01 -1.2351E+06 -9.6166E+05 -2.3262E+06  0.0000E+00 -2.0000E-03   1   5
 -2.0762E-01  1.7418E-01 -2.9036E+01  2.2324E+05 -4.8669E+05 -2.3507E+06  0.0000E+00 -2.0000E-03   1   5
  1.6916E-01 -1.5956E-01 -2.9140E+01 -9.9668E+05  1.5369E+05 -2.0916E+06  0.0000E+00 -2.0000E-03   1   5
 -1.1785E+00  2.6488E-01 -2.6348E+01 -7.1808E+05 -6.7360E+05  1.6328E+06  0.0000E+00 -2.0000E-03   1   5
  2.6186E-02 -1.6164E-01 -2.9124E+01 -3.1465E+06 -2.1428E+06 -1.3481E+06  0.0000E+00 -2.0000E-03   1   5
  1.8002E-01 -8.4961E-03 -2.9092E+01 -9.0067E+03 -5.4695E+04 -2.5713E+06  0.0000E+00 -2.0000E-03   1   5
 -2.4468E-01  2.4316E-01 -2.9023E+01  4.0784E+05 -6.8970E+05 -2.5578E+06  0.0000E+00 -2.0000E-03   1   5
 -6.3956E-01 -6.4092E-01 -2.8587E+01  3.7380E+05  2.3506E+05 -3.2237E+06  0.0000E+00 -2.0000E-03   1   5
  1.9817E-02 -1.3776E-02 -2.8944E+01  3.2786E+05 -4.6696E+05 -2.4575E+06  0.0000E+00 -2.0000E-03   1   5
 -2.1820E-01  2.1740E-01 -2.8589E+01  4.4823E+05 -4.4989E+05 -2.4585E+06  0.0000E+00 -2.0000E-03   1   5
 -8.9002E-02 -6.2684E-02 -2.9345E+01 -4.8840E+05 -3.2606E+05 -3.3840E+06 -8.5824E+01 -2.0000E-03   1 -89
 -6.1428E-01  2.7386E-03 -2.8919E+01  3.9434E+04  8.8507E+04 -3.4926E+06  0.0000E+00 -2.0000E-03   1   5
  1.6409E-01 -1.6366E-01 -2.8946E+01  2.7307E+05 -2.5866E+05 -2.3898E+06  0.0000E+00 -2.0000E-03   1   5
  4.8714E-02 -7.4148E-02 -2.9040E+01 -5.5391E+05  3.5221E+05 -2.5191E+06  0.0000E+00 -2.0000E-03   1   5
  5.9475E-01  9.7130E-01 -2.9345E+01 -1.0217E+06  2.3724E+06 -5.1861E+06 -8.6009E+01 -2.0000E-03   1 -89
  2.4951E-02 -7.7286E-02 -2.9049E+01 -2.1417E+03  6.9223E+02 -2.4632E+06  0.0000E+00 -2.0000E-03   1   5
 -1.5120E-01 -1.5279E-01 -2.9039E+01  3.9959E+05  3.9544E+05 -2.4585E+06  0.0000E+00 -2.0000E-03   1   5
 -1.6159E-01 -2.2721E-01 -2.9039E+01 -8.5961E+05 -6.1133E+05 -2.4587E+06  0.0000E+00 -2.0000E-03   1   5
  2.0062E-01  1.8653E-01 -2.9138E+01  5.7028E+05  1.4762E+06 -2.6157E+06  0.0000E+00 -2.0000E-03   1   5
  1.0087E-01  9.6105E-02 -2.9032E+01 -1.4529E+05 -1.5250E+05 -2.4585E+06  0.0000E+00 -2.0000E-03   1   5
 -4.3997E-02 -7.6715E-02 -2.9039E+01 -5.6463E+05 -4.5728E+05 -2.3717E+06  0.0000E+00 -2.0000E-03   1   5
  4.2822E-01 -4.4775E-01 -2.8585E+01 -7.3858E+05  4.2367E+05 -2.2571E+06  0.0000E+00 -2.0000E-03   1   5
  2.6427E-01  1.4606E-01 -2.8933E+01  4.3936E+06 -3.9015E+06 -3.5091E+06  0.0000E+00 -2.0000E-03   1   5
  8.0259E-01 -7.5327E-02 -2.8604E+01  4.1917E+06 -3.0786E+06 -3.2823E+06  0.0000E+00 -2.0000E-03   1   5
 -3.2607E-01  3.2224E-01 -2.9033E+01  2.3878E+05  6.5540E+05 -2.5731E+06  0.0000E+00 -2.0000E-03   1   5
  1.6844E-01 -1.4606E-01 -2.9033E+01  5.6270E+05 -6.4893E+05 -2.4584E+06  0.0000E+00 -2.0000E-03   1   5
 -3.1151E-01  2.4289E-01 -2.8589E+01  6.8101E+05 -8.7340E+05 -2.4586E+06  0.0000E+00 -2.0000E-03   1   5
  3.4894E-02  6.8866E-02 -2.9039E+01 -1.1894E+03 -6.0267E+02 -2.4585E+06  0.0000E+00 -2.0000E-03   1   5
  2.0100E-01  1.9747E-01 -2.9030E+01  6.0285E+05  6.1363E+05 -2.4585E+06  0.0000E+00 -2.0000E-03   1   5
 -1.5089E-02  7.8001E-03 -2.9005E+01  6.8058E+04 -1.3146E+05 -2.4569E+06  0.0000E+00 -2.0000E-03   1   5
  9.7445E-02 -1.2652E-01 -2.9039E+01  3.8005E+05 -2.9270E+05 -2.4586E+06  0.0000E+00 -2.0000E-03   1   5
  2.3826E-03  7.6076E-02 -2.9040E+01  1.0564E+06  5.8407E+04 -2.4469E+06  0.0000E+00 -2.0000E-03   1   5
 -1.0879E+01  2.9584E+00 -2.7957E+01 -6.3459E+05  1.1985E+05 -2.3910E+06  0.0000E+00 -2.0000E-03   1   5
 -1.1384E-01  1.8790E-02 -2.9345E+01 -1.1160E+06  1.3116E+05 -4.5258E+06 -9.2126E+01 -2.0000E-03   1 -89
  1.7867E+00  1.0196E+00 -2.9344E+01  2.2696E+06  6.5750E+05 -3.1118E+06 -8.0785E+01 -2.0000E-03   1 -89
  3.4794E-01 -2.6062E-01 -2.8589E+01 -5.7562E+05  7.6847E+05 -2.4586E+06  0.0000E+00 -2.0000E-03   1   5
  2.9960E-01  2.5173E-01 -2.9038E+01 -7.2245E+04  4.3292E+05 -2.8765E+06  0.0000E+00 -2.0000E-03   1   5
 -3.7941E-02  3.1530E-02 -2.9023E+01 -4.7576E+05  5.7258E+05 -2.4565E+06  0.0000E+00 -2.0000E-03   1   5
  3.0272E-01 -2.8457E-01 -2.9136E+01 -5.6536E+05  1.7653E+05 -1.1025E+06  0.0000E+00 -2.0000E-03   1   5
 -1.8578E+01  1.6044E+00 -1.7843E+01 -1.1269E+06  5.1895E+04 -1.7839E+06  0.0000E+00 -2.0000E-03   1   5
  4.5497E-01  1.1933E-02 -2.8590E+01  1.9965E+05  5.1908E+05 -2.4660E+06  0.0000E+00 -2.0000E-03   1   5
  3.3869E-01  2.7729E-01 -2.9036E+01  8.9822E+04  4.4816E+05 -3.0177E+06  0.0000E+00 -2.0000E-03   1   5
 -2.6322E+01 -4.0074E+00 -2.0757E+01 -2.2717E+06 -3.4616E+05 -1.7530E+06  0.0000E+00 -2.0000E-03   1   5
 -3.3234E-01 -1.2813E-01 -2.9345E+01 -1.7801E+06 -7.7725E+05 -3.5675E+06 -8.7340E+01 -2.0000E-03   1 -89
  1.0924E-01  9.6370E-02 -2.9141E+01 -1.0585E+06 -1.1999E+06 -2.4587E+06  0.0000E+00 -2.0000E-03   1   5
  2.0054E-02 -2.6228E-02 -2.9039E+01 -4.2332E+05  3.2388E+05 -2.4609E+06  0.0000E+00 -2.0000E-03   1   5
  1.1623E-01 -2.5358E-01 -2.8588E+01 -5.4009E+05  2.4755E+05 -2.4583E+06  0.0000E+00 -2.0000E-03   1   5
 -1.1763E-02  9.7662E-02 -2.9129E+01  5.0300E+05 -6.0650E+04 -2.4134E+06  0.0000E+00 -2.0000E-03   1   5
 -1.5516E-01  2.8946E-02 -2.9039E+01  3.9916E+04 -2.1397E+05 -2.4584E+06  0.0000E+00 -2.0000E-03   1   5
 -1.2628E-01  1.7977E-02 -2.9036E+01  6.2802E+04 -4.4115E+05 -2.4581E+06  0.0000E+00 -2.0000E-03   1   5
 -5.5917E-01 -5.5692E-01 -2.9026E+01 -6.7362E+05 -8.8321E+05 -3.5204E+06  0.0000E+00 -2.0000E-03   1   5
 -1.3712E-01 -1.3435E-01 -2.8949E+01 -2.0595E+05 -2.1019E+05 -2.4585E+06  0.0000E+00 -2.0000E-03   1   5
  3.5158E-01  3.1399E-01 -2.9035E+01  2.9638E+05 -2.5595E+05 -1.9192E+06  0.0000E+00 -2.0000E-03   1   5
 -8.9442E-02  1.0935E-01 -2.9039E+01  5.5232E+04 -4.5177E+04 -2.4585E+06  0.0000E+00 -2.0000E-03   1   5
  6.3360E-02 -1.7570E-01 -2.9068E+01 -2.3238E+05  1.9550E+04 -1.1960E+06  0.0000E+00 -2.0000E-03   1   5
  1.6973E-01  1.0533E-01 -2.9035E+01  2.9601E+05  4.7699E+05 -2.4584E+06  0.0000E+00 -2.0000E-03   1   5
  3.7493E-03  6.6374E-01 -2.8908E+01 -8.7786E+04 -1.5551E+04 -3.4095E+06  0.0000E+00 -2.0000E-03   1   5
 -6.5747E-02 -7.0381E-02 -2.9039E+01  3.8334E+05  3.5811E+05 -2.4586E+06  0.0000E+00 -2.0000E-03   1   5
  9.1037E-02  2.2586E-01 -2.9039E+01 -8.5357E+05 -3.4405E+05 -2.4589E+06  0.0000E+00 -2.0000E-03   1   5
  1.5739E-01 -1.4734E-01 -2.9140E+01  1.1049E+06 -6.8153E+05 -2.4138E+06  0.0000E+00 -2.0000E-03   1   5
  4.4838E+00 -2.1893E+00 -2.8401E+01  3.7808E+05 -1.0701E+05 -2.3986E+06  0.0000E+00 -2.0000E-03   1   5
 -2.2034E-01 -1.4641E-01 -2.8589E+01 -3.9352E+05 -5.9224E+05 -2.4587E+06  0.0000E+00 -2.0000E-03   1   5
 -1.5534E-01 -1.5088E-01 -2.9023E+01 -1.0827E+06 -1.1147E+06 -2.4584E+06  0.0000E+00 -2.0000E-03   1   5
  4.3273E+00  5.4922E+00 -2.9344E+01  1.0017E+06  1.3218E+06 -2.6675E+06 -7.0859E+01 -2.0000E-03   1 -89
  4.4857E-02 -2.7670E-01 -2.9116E+01 -3.8363E+03  6.5501E+02 -2.5389E+06  0.0000E+00 -2.0000E-03   1   5
  2.4815E-01 -1.1547E+01 -2.9031E+01 -5.8913E+05 -1.3309E+07 -2.3514E+06  0.0000E+00 -2.0000E-03   1   5
  2.1504E-01  2.1281E-01 -2.9028E+01  5.6459E+05  2.1994E+05 -2.5431E+06  0.0000E+00 -2.0000E-03   1   5
 -1.2849E-01  1.5981E-01 -2.9039E+01  6.8531E+05 -5.5099E+05 -2.4586E+06  0.0000E+00 -2.0000E-03   1   5
  1.5143E-01  1.4454E-01 -2.9143E+01  9.6263E+05  7.0322E+05 -2.1487E+06  0.0000E+00 -2.0000E-03   1   5
  2.0497E-02  1.4577E-01 -2.9104E+01 -7.7777E+04 -1.7401E+04 -3.2857E+06  0.0000E+00 -2.0000E-03   1   5
 -7.4637E-03 -3.0203E-01 -2.9122E+01  1.5087E+05 -6.6221E+05 -2.5701E+06  0.0000E+00 -2.0000E-03   1   5
  5.2368E-01  5.0197E-01 -2.9035E+01 -3.4274E+05 -5.2110E+05 -3.4772E+06  0.0000E+00 -2.0000E-03   1   5
 -2.8923E-01 -2.7928E-01 -2.9138E+01 -1.7770E+06 -7.6703E+04 -2.0113E+06  0.0000E+00 -2.0000E-03   1   5
 -7.1658E-01  1.3805E+00 -2.9344E+01 -2.6903E+04  1.9206E+06 -3.4647E+06 -9.0702E+01 -2.0000E-03   1 -89
 -3.6646E-02  1.6610E-02 -2.8945E+01 -2.4552E+05  5.1413E+05 -2.4628E+06  0.0000E+00 -2.0000E-03   1   5
  4.2154E-01 -4.3972E-01 -2.8951E+01  9.6117E+05 -1.2802E+06 -2.7144E+06  0.0000E+00 -2.0000E-03   1   5
  1.0878E+00 -9.8219E-01 -2.9344E+01  1.9248E+06 -1.3910E+06 -4.1829E+06 -8.8913E+01 -2.0000E-03   1 -89
 -4.8122E-02  5.2722E-02 -2.9130E+01 -4.3169E+05  3.9406E+05 -2.4584E+06  0.0000E+00 -2.0000E-03   1   5
 -1.1596E+00 -1.1429E+00 -2.9344E+01 -1.5719E+06 -1.5147E+06 -3.6835E+06 -9.2084E+01 -2.0000E-03   1 -89
 -4.1906E-01  4.7386E-01 -2.8587E+01  4.6065E+04  5.1622E+05 -2.7682E+06  0.0000E+00 -2.0000E-03   1   5
  3.9348E-01 -3.9279E-01 -2.9028E+01 -5.5969E+05  1.4203E+05 -1.7393E+06  0.0000E+00 -2.0000E-03   1   5
  2.3053E+00  4.0301E-01 -2.0294E+01  7.5729E+05  5.2686E+05  1.6279E+06  0.0000E+00 -2.0000E-03   1   5
 -2.9635E-02 -4.6691E-02 -2.9039E+01 -3.7981E+05 -2.4443E+05 -2.4562E+06  0.0000E+00 -2.0000E-03   1   5
  2.0892E-01  1.9821E-01 -2.9138E+01  4.4256E+05  7.5028E+05 -1.5446E+06  0.0000E+00 -2.0000E-03   1   5
  9.9531E-03 -1.3394E-01 -2.9040E+01  9.5529E+05 -7.5524E+04 -2.4383E+06  0.0000E+00 -2.0000E-03   1   5
  3.6853E-02  3.5951E-01 -2.9097E+01  2.3702E+03 -1.8093E+03 -2.3353E+06  0.0000E+00 -2.0000E-03   1   5
 -3.2685E-02  3.6880E-01 -2.9345E+01 -1.2686E+05  2.1943E+06 -3.5505E+06 -9.5089E+01 -2.0000E-03   1 -89
  1.2194E-01 -1.2116E-01 -2.8946E+01 -3.8029E+05  3.8273E+05 -2.4585E+06  0.0000E+00 -2.0000E-03   1   5
  1.8360E-01  1.5313E-01 -2.9034E+01  4.3563E+05  5.2233E+05 -2.4584E+06  0.0000E+00 -2.0000E-03   1   5
 -2.5819E-02 -1.3691E-01 -2.9123E+01 -1.2721E+06 -1.9394E+06 -1.1793E+06  0.0000E+00 -2.0000E-03   1   5
 -2.5828E-01  2.2682E+00 -2.9345E+01  4.0532E+05  1.5819E+06 -3.2543E+06 -7.5687E+01 -2.0000E-03   1 -89
 -9.9709E+00  1.4397E+01 -7.2459E+00 -6.3830E+05  9.4279E+05 -9.8836E+05  0.0000E+00 -2.0000E-03   1   5
 -3.6543E-03 -2.0921E-02 -2.9129E+01 -5.9631E+05 -1.1285E+05 -2.4452E+06  0.0000E+00 -2.0000E-03   1   5
 -9.0027E-02 -1.7705E-01 -2.9124E+01 -9.6853E+06 -1.0760E+07 -3.1315E+06  0.0000E+00 -2.0000E-03   1   5
  9.8582E-02 -1.1322E-01 -2.9039E+01 -5.8713E+05  5.1121E+05 -2.4586E+06  0.0000E+00 -2.0000E-03   1   5
 -1.4512E-01  1.4837E-01 -2.9039E+01  2.9923E+05 -2.9268E+05 -2.4585E+06  0.0000E+00 -2.0000E-03   1   5
  2.7299E-01  2.2321E-01 -2.9036E+01 -2.4683E+05 -1.1815E+05 -1.9998E+06  0.0000E+00 -2.0000E-03   1   5
 -2.4520E-01  2.4387E-01 -2.9017E+01  9.5083E+05 -9.5600E+05 -2.4585E+06  0.0000E+00 -2.0000E-03   1   5
 -1.3975E-01  1.5267E-01 -2.9039E+01  4.5799E+05 -4.1921E+05 -2.4585E+06  0.0000E+00 -2.0000E-03   1   5
 -6.6576E-02  2.0288E-01 -2.9058E+01  4.5133E+05  4.7873E+05 -2.4035E+06  0.0000E+00 -2.0000E-03   1   5
 -3.8569E-02  3.0015E-02 -2.9155E+01  4.0855E+05 -5.2495E+05 -2.4592E+06  0.0000E+00 -2.0000E-03   1   5
 -1.2416E-01  1.1357E-01 -2.9013E+01  3.3261E+05 -3.6363E+05 -2.4585E+06  0.0000E+00 -2.0000E-03   1   5
  2.3740E-01  2.2374E-01 -2.9138E+01  5.1873E+04 -3.2083E+05 -1.4015E+06  0.0000E+00 -2.0000E-03   1   5
 -2.6858E-02  2.5086E-01 -2.9086E+01  4.2199E+03  1.6212E+03 -2.3593E+06  0.0000E+00 -2.0000E-03   1   5
  6.0461E+00 -9.5211E-01 -2.9344E+01  1.8546E+06 -5.7836E+05 -2.7208E+06 -6.8355E+01 -2.0000E-03   1 -89
 -5.9857E-02 -2.0860E-01 -2.9123E+01  7.3573E+06 -7.9353E+05 -2.6501E+06  0.0000E+00 -2.0000E-03   1   5
 -2.5156E-02 -1.8557E-01 -2.9041E+01  9.9860E+05  1.3522E+05 -2.5214E+06  0.0000E+00 -2.0000E-03   1   5
 -1.5547E-02 -3.1798E-02 -2.9040E+01 -5.2217E+05 -2.5547E+05 -2.4375E+06  0.0000E+00 -2.0000E-03   1   5
  1.5015E-01  1.0864E-01 -2.8741E+01 -7.5579E+03  2.9659E+03 -1.4435E+06  0.0000E+00 -2.0000E-03   1   5
  1.9754E-01 -1.9148E-01 -2.9141E+01 -4.1468E+05 -4.0767E+05 -1.7462E+06  0.0000E+00 -2.0000E-03   1   5
  1.2026E-02  3.3182E-02 -2.9344E+01  1.6815E+05  4.1447E+05 -4.8778E+06 -9.7381E+01 -2.0000E-03   1 -89
 -1.4161E-01 -1.1219E-01 -2.9137E+01  7.5966E+05  7.5140E+05 -2.2565E+06  0.0000E+00 -2.0000E-03   1   5
 -3.3644E-01 -3.3573E-01 -2.9023E+01  2.0002E+05 -7.0149E+05 -2.2734E+06  0.0000E+00 -2.0000E-03   1   5
 -1.1801E-01  6.7897E-02 -2.9035E+01  2.3132E+05 -4.0204E+05 -2.4583E+06  0.0000E+00 -2.0000E-03   1   5
 -9.8477E-01 -7.0818E-01 -2.9345E+01 -2.2084E+06 -7.1938E+04 -4.9643E+06 -8.7504E+01 -2.0000E-03   1 -89
 -2.3185E-01  1.2464E-01 -2.9036E+01 -3.5872E+05  6.6725E+05 -2.4583E+06  0.0000E+00 -2.0000E-03   1   5
 -8.3838E-01 -6.2784E-01 -2.9345E+01 -1.5642E+06  9.4297E+05 -6.1161E+06 -9.1470E+01 -2.0000E-03   1 -89
  2.0015E-02  5.0981E-02 -2.9344E+01 -1.5017E+05  5.4218E+03 -3.3594E+06 -2.6923E+01 -2.0000E-03   1 -89
  5.6753E-02  1.8006E-01 -2.9103E+01 -8.1277E+04 -2.9507E+04 -3.9087E+06  0.0000E+00 -2.0000E-03   1   5
 -1.8317E-01 -2.1266E-01 -2.9039E+01  3.0517E+05  4.8090E+05 -2.5536E+06  0.0000E+00 -2.0000E-03   1   5
  1.6042E-01  1.5097E-01 -2.9030E+01 -6.0883E+05 -6.4693E+05 -2.4585E+06  0.0000E+00 -2.0000E-03   1   5
  9.1915E-02 -1.7479E-01 -2.9125E+01  1.3535E+06  1.2219E+07 -3.0372E+06  0.0000E+00 -2.0000E-03   1   5
  1.6950E-01  1.5683E-01 -2.9140E+01 -1.4651E+06 -1.5835E+06 -2.4586E+06  0.0000E+00 -2.0000E-03   1   5
  2.7465E-01  2.7265E-01 -2.9029E+01  6.7543E+04  7.3527E+05 -2.4411E+06  0.0000E+00 -2.0000E-03   1   5
  5.6234E-01  5.5285E-01 -2.9034E+01 -2.2685E+05  1.2606E+06 -2.8391E+06  0.0000E+00 -2.0000E-03   1   5
 -1.0403E+01  1.8784E+01 -2.5458E+01 -7.1435E+05  1.3115E+06 -2.2303E+06  0.0000E+00 -2.0000E-03   1   5
  2.5933E+01  5.6367E+00 -2.7196E+01  3.1789E+06  7.9964E+05 -2.2379E+06  0.0000E+00 -2.0000E-03   1   5
  4.8044E-02 -6.2539E-02 -2.9039E+01  4.5215E+05 -2.3090E+05 -2.6229E+06  0.0000E+00 -2.0000E-03   1   5
  6.2728E-02  5.3949E-02 -2.9145E+01 -7.1493E+05 -8.3126E+05 -2.4589E+06  0.0000E+00 -2.0000E-03   1   5
 -1.9248E-02 -6.5613E-02 -2.9345E+01 -2.6838E+05 -8.2932E+05 -4.7557E+06 -9.7286E+01 -2.0000E-03   1 -89
  1.6376E+01  1.1403E+01 -1.4023E+01  7.2203E+05  5.5803E+05 -1.7873E+06  0.0000E+00 -2.0000E-03   1   5
  1.2138E-01 -1.1104E-01 -2.9142E+01  1.1445E+06 -1.2511E+06 -2.4586E+06  0.0000E+00 -2.0000E-03   1   5
 -4.6785E-02  4.4509E-02 -2.9155E+01  4.5690E+05 -4.8026E+05 -2.4586E+06  0.0000E+00 -2.0000E-03   1   5
  7.5895E-02  5.4870E-02 -2.9027E+01  7.8516E+05  1.0859E+06 -2.4562E+06  0.0000E+00 -2.0000E-03   1   5
 -4.3490E+00  2.0791E+00 -2.5510E+01 -4.2316E+05  2.8771E+05 -2.0425E+06  0.0000E+00 -2.0000E-03   1   5
 -2.6842E-02  2.8864E-02 -2.9130E+01 -3.4371E+05  6.1095E+05 -2.3367E+06  0.0000E+00 -2.0000E-03   1   5
  1.3192E-01 -1.3330E-01 -2.9039E+01  3.9923E+05 -3.9510E+05 -2.4585E+06  0.0000E+00 -2.0000E-03   1   5
 -4.5064E-01  4.4203E-01 -2.9033E+01 -5.5763E+05 -5.6595E+05 -2.8680E+06  0.0000E+00 -2.0000E-03   1   5
 -1.7375E-01  1.5954E-01 -2.9138E+01 -8.0358E+05  3.4500E+05 -1.8180E+06  0.0000E+00 -2.0000E-03   1   5
 -2.1936E+01 -1.7135E+00 -1.3701E+01 -1.6689E+06 -1.9029E+05 -1.2598E+06  0.0000E+00 -2.0000E-03   1   5
  6.8585E+00  2.7023E+01 -2.7707E+01  5.5929E+05  2.3930E+06 -2.3375E+06  0.0000E+00 -2.0000E-03   1   5
 -2.2502E+01  1.0593E+01 -1.4876E+01 -1.8708E+06  8.4856E+05 -1.2437E+06  0.0000E+00 -2.0000E-03   1   5
  1.3910E-01 -1.3857E-01 -2.8983E+01 -4.3460E+05  4.3629E+05 -2.4585E+06  0.0000E+00 -2.0000E-03   1   5
  1.8197E-01  1.8589E-01 -2.8582E+01  4.8036E+05  4.7023E+05 -2.4585E+06  0.0000E+00 -2.0000E-03   1   5
 -1.1850E-01  9.5680E-02 -2.9033E+01 -4.4401E+05  5.4992E+05 -2.4583E+06  0.0000E+00 -2.0000E-03   1   5
 -2.4982E-01 -2.4721E-01 -2.9145E+01  5.9606E+05 -3.3851E+05 -3.4233E+06  0.0000E+00 -2.0000E-03   1   5
 -6.6428E-02 -2.9906E-02 -2.9345E+01 -3.9926E+04  1.8934E+05 -3.6107E+06 -4.4194E+01 -2.0000E-03   1 -89
  1.9515E-01  1.7804E-01 -2.9138E+01  2.3246E+05  1.3484E+06 -2.5684E+06  0.0000E+00 -2.0000E-03   1   5
 -1.4088E-01  1.4699E-01 -2.9039E+01 -3.9397E+05  3.7760E+05 -2.4585E+06  0.0000E+00 -2.0000E-03   1   5
  6.3901E-02  5.1843E-02 -2.9143E+01  6.3666E+05  7.8472E+05 -2.4590E+06  0.0000E+00 -2.0000E-03   1   5
  2.8445E-01  2.8062E-01 -2.9143E+01  3.9861E+05 -1.9597E+05 -3.7152E+06  0.0000E+00 -2.0000E-03   1   5
  1.4787E-01  1.4586E-01 -2.9153E+01 -1.0002E+06 -9.9959E+05 -2.4611E+06  0.0000E+00 -2.0000E-03   1   5
  9.5527E-02 -7.6454E-02 -2.9139E+01  5.3187E+05 -6.6455E+05 -2.4587E+06  0.0000E+00 -2.0000E-03   1   5
 -2.2670E-01  2.1296E-01 -2.9138E+01 -1.5449E+06  3.6152E+05 -2.6905E+06  0.0000E+00 -2.0000E-03   1   5
 -8.4626E+00  2.2872E+01 -2.7517E+01 -8.9961E+05  2.5325E+06 -2.2792E+06  0.0000E+00 -2.0000E-03   1   5
 -4.4972E-02 -3.7390E-02 -2.8946E+01  3.2878E+05  3.9544E+05 -2.4580E+06  0.0000E+00 -2.0000E-03   1   5
 -3.0016E-01 -3.3291E-02 -2.8945E+01  1.4272E+05  6.3737E+05 -2.2688E+06  0.0000E+00 -2.0000E-03   1   5
 -1.7760E-01  1.8485E-01 -2.8950E+01  3.0631E+05 -3.3029E+04 -2.6644E+06  0.0000E+00 -2.0000E-03   1   5
 -1.5340E-01  1.5140E-01 -2.9155E+01 -1.2516E+06  1.2682E+06 -2.4585E+06  0.0000E+00 -2.0000E-03   1   5
 -1.1470E-01 -1.2231E-01 -2.9039E+01 -3.0087E+05 -2.8215E+05 -2.4585E+06  0.0000E+00 -2.0000E-03   1   5
  3.5356E-01 -3.5565E-01 -2.8573E+01  1.3256E+05 -1.8177E+05 -2.0725E+06  0.0000E+00 -2.0000E-03   1   5
  1.9600E+01  1.9253E+01 -2.8588E+01  1.2176E+06  1.1944E+06 -2.4585E+06  0.0000E+00 -2.0000E-03   1   5
 -6.7803E-02 -5.6636E-02 -2.9145E+01 -8.0853E+05 -9.6793E+05 -2.4590E+06  0.0000E+00 -2.0000E-03   1   5
  8.3462E-02 -5.2428E-02 -2.9139E+01  4.9005E+05 -7.8012E+05 -2.4591E+06  0.0000E+00 -2.0000E-03   1   5
  5.1932E-02 -3.7201E-02 -2.9038E+01 -4.5171E+05  6.3051E+05 -2.4568E+06  0.0000E+00 -2.0000E-03   1   5
  3.7473E-01 -1.5041E-01 -2.8931E+01 -7.2299E+06 -3.9489E+06 -2.5530E+06  0.0000E+00 -2.0000E-03   1   5
 -3.1957E-01  3.1608E-01 -2.9027E+01  9.2509E+05 -8.2264E+05 -2.4746E+06  0.0000E+00 -2.0000E-03   1   5
  3.1873E-02 -4.9807E-02 -2.9039E+01 -3.8157E+05  2.4420E+05 -2.4594E+06  0.0000E+00 -2.0000E-03   1   5
 -4.6614E-02 -2.5821E-01 -2.9077E+01  3.5042E+03  6.3929E+02 -2.5317E+06  0.0000E+00 -2.0000E-03   1   5
 -1.3680E+01 -3.1720E+00 -1.3577E+01 -7.1086E+05 -1.2966E+05 -1.6335E+06  0.0000E+00 -2.0000E-03   1   5
 -4.4167E-02 -4.1462E-02 -2.9155E+01  4.3621E+05  4.6466E+05 -2.4586E+06  0.0000E+00 -2.0000E-03   1   5
 -1.7417E+01 -1.7087E+01 -2.2931E+01 -1.1346E+06 -1.1109E+06 -2.0746E+06  0.0000E+00 -2.0000E-03   1   5
  2.5530E-01  2.4984E-01 -2.9142E+01  1.6168E+06  9.2651E+04 -2.8067E+06  0.0000E+00 -2.0000E-03   1   5
  1.1309E-01 -1.1753E-01 -2.9039E+01 -3.2305E+05  3.1084E+05 -2.4585E+06  0.0000E+00 -2.0000E-03   1   5
 -3.7026E-02 -3.6209E-02 -2.9033E+01  6.5202E+04  6.6672E+04 -2.4585E+06  0.0000E+00 -2.0000E-03   1   5
  5.0043E-01 -4.9272E-01 -2.9032E+01  1.0529E+05 -1.3440E+06 -2.1048E+06  0.0000E+00 -2.0000E-03   1   5
 -8.4064E-01 -1.9072E-01 -2.8856E+01 -5.0024E+02  3.3701E+04 -3.2917E+06  0.0000E+00 -2.0000E-03   1   5
 -2.1994E+00 -7.5926E-02 -2.9344E+01 -1.7359E+06  7.3460E+05 -3.3396E+06 -5.3374E+01 -2.0000E-03   1 -89
  1.3415E-01  1.3351E-01 -2.8961E+01 -4.4519E+05 -4.4733E+05 -2.4585E+06  0.0000E+00 -2.0000E-03   1   5
 -2.0492E+00 -2.6343E+01 -2.3979E+01 -3.0524E+05 -2.8389E+06 -1.9054E+06  0.0000E+00 -2.0000E-03   1   5
  1.5145E-01  1.4072E-01 -2.9141E+01 -5.8047E+05 -1.0768E+06 -2.6124E+06  0.0000E+00 -2.0000E-03   1   5
  2.6953E+01  7.6960E+00 -2.3031E+01  2.3104E+06  6.5898E+05 -1.9529E+06  0.0000E+00 -2.0000E-03   1   5
 -1.5790E-01  5.9443E-02 -2.9034E+01 -5.5380E+05  1.4710E+06 -2.4562E+06  0.0000E+00 -2.0000E-03   1   5
 -3.9692E-01 -3.7250E-01 -2.9035E+01 -8.1972E+05  1.0974E+05 -2.8142E+06  0.0000E+00 -2.0000E-03   1   5
  2.2328E-01 -1.9393E-01 -2.9136E+01  1.3443E+06 -1.5477E+06 -2.4586E+06  0.0000E+00 -2.0000E-03   1   5
 -2.2346E-01 -1.7512E-01 -2.8738E+01  2.5332E+04 -9.9095E+03 -3.4797E+06  0.0000E+00 -2.0000E-03   1   5
 -3.4332E-02 -3.1117E-02 -2.9155E+01  4.2995E+05  4.7437E+05 -2.4588E+06  0.0000E+00 -2.0000E-03   1   5
 -2.7038E-01  2.5337E-01 -2.9137E+01  4.6199E+05 -9.4048E+05 -1.2740E+06  0.0000E+00 -2.0000E-03   1   5
  8.8784E-02 -1.9289E-01 -2.9039E+01  9.2184E+05 -4.2350E+05 -2.4559E+06  0.0000E+00 -2.0000E-03   1   5
 -1.2407E-01 -1.1698E-01 -2.9139E+01  6.6255E+05  2.5503E+05 -2.8257E+06  0.0000E+00 -2.0000E-03   1   5
 -2.0154E+01  1.8709E+01 -2.8589E+01 -1.2368E+06  1.1414E+06 -2.4585E+06  0.0000E+00 -2.0000E-03   1   5
  2.6652E-01  2.9358E-01 -2.8585E+01  4.2866E+05  3.8915E+05 -2.4585E+06  0.0000E+00 -2.0000E-03   1   5
  1.7133E-01  1.6834E-01 -2.9148E+01 -1.0987E+06 -1.0116E+06 -2.1648E+06  0.0000E+00 -2.0000E-03   1   5
  7.9611E-02  2.5353E-03 -2.8595E+01 -3.7859E+03 -1.2660E+05 -2.4648E+06  0.0000E+00 -2.0000E-03   1   5
  8.6850E-01 -1.0266E+00 -2.9345E+01  9.5139E+05 -1.8847E+06 -4.4958E+06 -9.2936E+01 -2.0000E-03   1 -89
  3.4532E+00 -1.7564E+00 -2.8545E+01  9.7604E+04 -5.4599E+04 -2.4469E+06  0.0000E+00 -2.0000E-03   1   5
  1.0988E-01 -1.2711E-01 -2.9039E+01 -3.4684E+04  2.9982E+04 -2.4585E+06  0.0000E+00 -2.0000E-03   1   5
  3.7200E-01  3.7028E-01 -2.9025E+01  1.5110E+05 -4.9124E+05 -1.8710E+06  0.0000E+00 -2.0000E-03   1   5
 -4.1624E-01  1.8487E-01 -2.8926E+01 -1.4753E+06 -1.5405E+06 -2.6948E+06  0.0000E+00 -2.0000E-03   1   5
 -2.8813E-01 -2.8295E-01 -2.9140E+01 -4.4386E+05  1.3765E+06 -2.0289E+06  0.0000E+00 -2.0000E-03   1   5
  1.4419E-01  1.3368E-01 -2.9136E+01 -1.1163E+05  1.2519E+05 -1.8240E+06  0.0000E+00 -2.0000E-03   1   5
 -5.9003E+00  9.4680E+00 -2.8772E+01 -1.0722E+06  1.6467E+06 -2.3930E+06  0.0000E+00 -2.0000E-03   1   5
  5.0949E-01 -5.5397E-01 -2.8588E+01  1.4963E+04 -2.2895E+05 -1.8355E+06  0.0000E+00 -2.0000E-03   1   5
 -6.8520E-02 -4.7430E-02 -2.9025E+01  4.5042E+05  6.5067E+05 -2.4574E+06  0.0000E+00 -2.0000E-03   1   5
  8.5170E-02 -1.3852E-01 -2.9052E+01  1.1626E+06  1.4528E+06 -1.8283E+06  0.0000E+00 -2.0000E-03   1   5
 -1.8974E-01 -1.9410E-01 -2.9039E+01 -2.8855E+05 -4.7268E+05 -2.5000E+06  0.0000E+00 -2.0000E-03   1   5
  1.0951E-01  9.5625E-02 -2.9140E+01 -6.3079E+05 -7.2249E+05 -2.4586E+06  0.0000E+00 -2.0000E-03   1   5
 -2.8505E-01  4.6253E-01 -2.8873E+01 -2.8810E+04 -1.5691E+03 -1.2760E+06  0.0000E+00 -2.0000E-03   1   5
 -2.2847E-01  1.5851E-01 -2.8589E+01 -2.2440E+05  3.2343E+05 -2.4585E+06  0.0000E+00 -2.0000E-03   1   5
 -2.5038E+00  6.1313E-01 -2.9344E+01 -5.1420E+05  1.3301E+05 -2.6183E+06 -3.0108E+01 -2.0000E-03   1 -89
 -2.4267E-01 -2.2870E-01 -2.9137E+01 -1.1601E+06  3.8502E+05 -2.5913E+06  0.0000E+00 -2.0000E-03   1   5
  6.6793E-02 -1.4160E-01 -2.9042E+01 -7.5892E+04  3.5859E+04 -2.4838E+06  0.0000E+00 -2.0000E-03   1   5
 -2.1425E-01 -2.1375E-01 -2.9009E+01 -4.7755E+05 -4.7865E+05 -2.4585E+06  0.0000E+00 -2.0000E-03   1   5
  1.3082E-02  3.7357E-01 -2.9085E+01 -3.9380E+03 -1.2095E+03 -2.3566E+06  0.0000E+00 -2.0000E-03   1   5
 -2.2773E-01 -2.1282E-01 -2.9137E+01 -1.0783E+06  2.5170E+05 -2.8654E+06  0.0000E+00 -2.0000E-03   1   5
 -4.2099E-01  4.1501E-01 -2.9034E+01 -6.6875E+05 -3.5847E+05 -2.8735E+06  0.0000E+00 -2.0000E-03   1   5
 -3.4897E-02  1.5687E-02 -2.9023E+01  3.0669E+05 -6.8109E+05 -2.4496E+06  0.0000E+00 -2.0000E-03   1   5
 -5.0950E-01  1.0170E+00 -2.9344E+01  4.7679E+05  8.9574E+05 -5.1525E+06 -2.9329E+01 -2.0000E-03   1 -89
  1.1250E-01  1.2825E-01 -2.9039E+01  4.4389E+05  3.8938E+05 -2.4586E+06  0.0000E+00 -2.0000E-03   1   5
  2.3880E+00 -3.0722E-01 -2.9344E+01  3.2143E+06 -1.9396E+06 -3.0463E+06 -8.6700E+01 -2.0000E-03   1 -89
 -3.1141E-02 -2.0770E-02 -2.9345E+01 -4.1808E+05 -2.4151E+05 -4.8680E+06 -9.7030E+01 -2.0000E-03   1 -89
  1.6157E-01 -1.3486E-01 -2.9137E+01  1.0202E+06 -1.2223E+06 -2.4587E+06  0.0000E+00 -2.0000E-03   1   5
  4.8084E+00 -1.1245E+01 -2.8856E+01  3.8323E+05 -8.4336E+05 -2.4380E+06  0.0000E+00 -2.0000E-03   1   5
  2.0286E-01 -1.1247E-01 -2.9344E+01  1.4277E+06 -8.4314E+05 -3.7902E+06 -9.0256E+01 -2.0000E-03   1 -89
  6.3613E-02  5.3083E-02 -2.9139E+01  4.1930E+05  5.0247E+05 -2.4587E+06  0.0000E+00 -2.0000E-03   1   5
  1.3568E-01  1.1876E-01 -2.9139E+01  4.0444E+05  9.4762E+05 -2.4730E+06  0.0000E+00 -2.0000E-03   1   5
  2.4702E-01 -2.2721E-01 -2.9137E+01  6.2939E+05 -1.5702E+06 -3.1504E+06  0.0000E+00 -2.0000E-03   1   5
 -2.3754E-01  2.5664E-01 -2.9121E+01 -2.2694E+06 -2.1618E+06 -1.5959E+05  0.0000E+00 -2.0000E-03   1   5
  6.2046E-02  7.0875E-02 -2.9039E+01 -3.4430E+05 -3.0141E+05 -2.4586E+06  0.0000E+00 -2.0000E-03   1   5
 -1.5654E-01 -1.4261E-01 -2.9138E+01  1.7323E+05 -7.5540E+05 -2.7388E+06  0.0000E+00 -2.0000E-03   1   5
 -2.9742E-01 -5.2489E-01 -2.8606E+01  7.2831E+06  1.9072E+06 -1.3655E+06  0.0000E+00 -2.0000E-03   1   5
 -8.0439E-02  9.7237E-02 -2.9345E+01 -8.6019E+05  1.0194E+06 -4.5234E+06 -9.7229E+01 -2.0000E-03   1 -89
 -2.8700E-01 -2.7780E-01 -2.9139E+01 -7.2026E+04  1.1318E+06 -1.4184E+06  0.0000E+00 -2.0000E-03   1   5
  2.3534E-01 -1.9450E-01 -2.8747E+01  2.0277E+04  1.7843E+04 -3.5804E+06  0.0000E+00 -2.0000E-03   1   5
 -1.6400E-01 -1.6717E-01 -2.9039E+01 -3.3911E+05 -3.3268E+05 -2.4585E+06  0.0000E+00 -2.0000E-03   1   5
  1.1844E-01 -1.2366E-01 -2.9039E+01  2.8431E+05 -2.7230E+05 -2.4585E+06  0.0000E+00 -2.0000E-03   1   5
  4.5365E-01 -4.3661E-01 -2.9034E+01 -8.1561E+05  2.1866E+05 -1.7053E+06  0.0000E+00 -2.0000E-03   1   5
 -1.8780E-01  4.1741E-02 -2.9345E+01 -1.7047E+06  3.4372E+05 -4.1781E+06 -9.5696E+01 -2.0000E-03   1 -89
 -5.8184E-02  2.3319E-01 -2.9119E+01  6.4641E+02 -2.0075E+02 -2.4120E+06  0.0000E+00 -2.0000E-03   1   5
 -5.9015E-03  3.9710E-02 -2.9345E+01 -1.3032E+05  3.1938E+05 -3.6673E+06 -3.9198E+01 -2.0000E-03   1 -89
 -5.3745E-01 -1.2513E-01 -2.9344E+01 -1.1459E+06 -2.7282E+05 -2.8735E+06 -8.8657E+01 -2.0000E-03   1 -89
  1.8769E-01  2.0804E-01 -2.9124E+01 -3.5813E+07 -4.7480E+06 -1.2870E+06  0.0000E+00 -2.0000E-03   1   5
 -6.6763E-02 -8.6940E-02 -2.9039E+01 -3.4131E+05 -2.5288E+05 -2.4619E+06  0.0000E+00 -2.0000E-03   1   5
  4.6190E-01  7.2236E-02 -2.8602E+01 -1.1864E+06  2.8489E+06 -1.6154E+06  0.0000E+00 -2.0000E-03   1   5
 -1.9882E-01 -2.0802E-01 -2.8587E+01  1.2026E+05  1.1494E+05 -2.4585E+06  0.0000E+00 -2.0000E-03   1   5
 -6.4404E+00 -3.2828E+00 -2.7978E+01 -6.6437E+05 -2.3780E+05 -2.3419E+06  0.0000E+00 -2.0000E-03   1   5
 -6.1019E-01 -6.3965E-01 -2.8587E+01 -6.0871E+04 -2.0251E+05 -3.2105E+06  0.0000E+00 -2.0000E-03   1   5
  1.1510E+00 -3.7378E+00 -2.9344E+01  3.4125E+05 -2.3303E+06 -2.7395E+06 -8.3647E+01 -2.0000E-03   1 -89
  2.6988E-01  2.6404E-01 -2.9140E+01  8.6923E+05 -3.1518E+05 -3.3957E+06  0.0000E+00 -2.0000E-03   1   5
  2.6863E-01  2.6908E-01 -2.9039E+01  7.7091E+05  7.6962E+05 -2.4585E+06  0.0000E+00 -2.0000E-03   1   5
  1.5021E-01  1.3999E-01 -2.9137E+01 -7.0406E+05  2.1850E+05 -2.6060E+06  0.0000E+00 -2.0000E-03   1   5
  1.8718E-01 -1.7336E-01 -2.9138E+01  2.0410E+05  7.2317E+05 -1.8976E+06  0.0000E+00 -2.0000E-03   1   5
  6.3916E-02 -3.3201E-02 -2.9140E+01  4.8834E+05 -9.4006E+05 -2.4604E+06  0.0000E+00 -2.0000E-03   1   5
  1.2106E+01  1.8622E+01 -2.7898E+01  1.5135E+06  2.1703E+06 -2.3147E+06  0.0000E+00 -2.0000E-03   1   5
 -1.6790E-01 -1.6766E-01 -2.8998E+01 -3.0335E+05  4.3043E+04 -2.4533E+06  0.0000E+00 -2.0000E-03   1   5
  9.0728E-02  9.8928E-02 -2.9039E+01  3.1265E+05  2.8673E+05 -2.4585E+06  0.0000E+00 -2.0000E-03   1   5
  8.8607E-02  8.0181E-02 -2.8589E+01  9.1574E+02  1.0120E+03 -2.4585E+06  0.0000E+00 -2.0000E-03   1   5
 -4.2950E-01 -4.1360E-01 -2.9034E+01 -1.7551E+05  4.5670E+05 -1.7390E+06  0.0000E+00 -2.0000E-03   1   5
  2.9294E-01 -2.9265E-01 -2.8980E+01  4.8056E+05  3.3433E+05 -2.3907E+06  0.0000E+00 -2.0000E-03   1   5
  1.8770E-01  1.6837E-01 -2.9137E+01 -1.2725E+06 -8.4906E+05 -2.2677E+06  0.0000E+00 -2.0000E-03   1   5
  1.0328E-01 -1.0243E-01 -2.8946E+01  1.9036E+05 -1.9195E+05 -2.4585E+06  0.0000E+00 -2.0000E-03   1   5
 -3.2445E-01 -7.0281E-02 -2.8589E+01  2.1698E+05  1.0017E+06 -2.4590E+06  0.0000E+00 -2.0000E-03   1   5
  4.3947E-02  3.2202E-02 -2.9145E+01 -5.1753E+05 -7.0626E+05 -2.4597E+06  0.0000E+00 -2.0000E-03   1   5
 -1.8629E-02 -3.0297E-02 -2.9039E+01  4.8719E+05  2.8905E+05 -2.4802E+06  0.0000E+00 -2.0000E-03   1   5
 -2.0508E-01 -2.4777E-01 -2.9039E+01 -6.9395E+05 -5.7439E+05 -2.4586E+06  0.0000E+00 -2.0000E-03   1   5
  1.5979E-02  3.2514E-02 -2.9039E+01 -4.2456E+05 -2.1551E+05 -2.4757E+06  0.0000E+00 -2.0000E-03   1   5
  4.6271E-01 -4.5992E-01 -2.9028E+01 -2.4929E+04 -7.4088E+05 -3.2056E+06  0.0000E+00 -2.0000E-03   1   5
  3.2478E-01 -3.2222E-01 -2.9032E+01 -2.1504E+05  1.4231E+05 -1.8190E+06  0.0000E+00 -2.0000E-03   1   5
  4.4819E-02  4.9974E-02 -2.9039E+01  4.8206E+05  4.7871E+05 -2.4382E+06  0.0000E+00 -2.0000E-03   1   5
  2.1466E-01  2.1433E-01 -2.8975E+01  4.9931E+05  1.7593E+05 -2.6668E+06  0.0000E+00 -2.0000E-03   1   5
 -5.0108E-01  5.0482E-01 -2.9039E+01 -7.3373E+04 -9.9424E+05 -1.8016E+06  0.0000E+00 -2.0000E-03   1   5
  1.3988E-01  1.3952E-01 -2.8947E+01  2.9482E+05  2.9558E+05 -2.4585E+06  0.0000E+00 -2.0000E-03   1   5
  2.7527E-01  2.6660E-01 -2.9139E+01  5.8419E+05 -1.2302E+06 -2.3493E+06  0.0000E+00 -2.0000E-03   1   5
  2.9995E-01 -3.0300E-01 -2.8585E+01  4.2838E+05 -4.2407E+05 -2.4585E+06  0.0000E+00 -2.0000E-03   1   5
 -6.9110E-02 -1.4854E-01 -2.9125E+01 -7.3201E+06  3.2928E+06 -2.9832E+06  0.0000E+00 -2.0000E-03   1   5
  4.1773E-02 -3.8695E-02 -2.9155E+01 -4.8159E+05  5.1990E+05 -2.4587E+06  0.0000E+00 -2.0000E-03   1   5
  3.4305E-01  3.3370E-01 -2.9031E+01  9.3610E+05  9.6234E+05 -2.4585E+06  0.0000E+00 -2.0000E-03   1   5
 -3.5557E+00  1.1557E+01 -4.0160E+00 -2.8369E+05  1.0806E+06  2.5923E+04  0.0000E+00 -2.0000E-03   1   5
  3.2058E-01  3.2028E-01 -2.8948E+01  1.9700E+05 -5.2297E+05 -2.8397E+06  0.0000E+00 -2.0000E-03   1   5
 -8.3210E-02  6.1811E-02 -2.9140E+01  6.0987E+05 -8.2100E+05 -2.4589E+06  0.0000E+00 -2.0000E-03   1   5
  2.0781E-01 -2.0592E-01 -2.9148E+01 -7.4220E+05 -5.4057E+05 -2.8208E+06  0.0000E+00 -2.0000E-03   1   5
  6.3792E-01  6.3983E-01 -2.8579E+01  3.7792E+04 -5.5537E+05 -3.1071E+06  0.0000E+00 -2.0000E-03   1   5
 -5.1116E-01  5.1575E-01 -2.8588E+01  5.3534E+05  3.3781E+05 -2.4042E+06  0.0000E+00 -2.0000E-03   1   5
  5.5486E-02  5.1247E-02 -2.9154E+01 -8.6530E+05 -9.3687E+05 -2.4588E+06  0.0000E+00 -2.0000E-03   1   5
  8.2120E-01  8.3050E-01 -2.9345E+01  6.6328E+05  7.1836E+05 -4.2550E+06 -9.2971E+01 -2.0000E-03   1 -89
 -2.1770E-01 -2.3777E-01 -2.9123E+01  1.8462E+07 -3.0967E+07 -4.4469E+06  0.0000E+00 -2.0000E-03   1   5
  4.7460E-01 -3.8242E-01 -2.8907E+01 -4.2926E+04  6.6894E+03 -1.3796E+06  0.0000E+00 -2.0000E-03   1   5
  2.0735E-01  1.9614E-01 -2.9030E+01  7.6090E+05  8.0439E+05 -2.4585E+06  0.0000E+00 -2.0000E-03   1   5
 -8.2073E-02 -1.0844E-01 -2.9039E+01 -4.7487E+03 -3.5941E+03 -2.4585E+06  0.0000E+00 -2.0000E-03   1   5
 -5.5823E-01 -5.5659E-01 -2.9026E+01  7.5814E+05 -3.7398E+05 -1.6841E+06  0.0000E+00 -2.0000E-03   1   5
 -3.7498E-01  3.7476E-01 -2.9020E+01 -3.2410E+05 -2.1462E+05 -1.8111E+06  0.0000E+00 -2.0000E-03   1   5
  3.5496E-01 -3.5260E-01 -2.9027E+01  9.1496E+05 -9.2329E+05 -2.4581E+06  0.0000E+00 -2.0000E-03   1   5
 -6.9527E-01 -2.3397E+00 -2.8392E+01  9.9771E+03 -2.0297E+06 -1.6525E+06  0.0000E+00 -2.0000E-03   1   5
  1.6939E-01  1.7734E-01 -2.9039E+01  3.6836E+05  3.5184E+05 -2.4585E+06  0.0000E+00 -2.0000E-03   1   5
  7.6084E-01 -4.8966E-02 -2.8714E+01 -4.5504E+02  5.6090E+03 -2.5910E+06  0.0000E+00 -2.0000E-03   1   5
 -8.7440E-02  2.8643E+00 -2.9345E+01 -5.5205E+05  1.6122E+06 -3.0431E+06 -7.6510E+01 -2.0000E-03   1 -89
 -4.9517E-01 -3.7782E-01 -2.8589E+01 -6.5396E+05 -8.5706E+05 -2.4585E+06  0.0000E+00 -2.0000E-03   1   5
  3.6797E-02 -2.6076E-01 -2.9094E+01 -3.1722E+03  8.3060E+02 -2.3732E+06  0.0000E+00 -2.0000E-03   1   5
  1.8073E-01  1.8431E-01 -2.9039E+01  2.3221E+05 -3.3144E+04 -2.2171E+06  0.0000E+00 -2.0000E-03   1   5
 -1.7242E+01  1.6890E+01 -2.8589E+01 -1.2678E+06  1.2395E+06 -2.4585E+06  0.0000E+00 -2.0000E-03   1   5
 -9.6758E-02 -1.7882E-01 -2.9039E+01 -5.7773E+05 -3.1261E+05 -2.4587E+06  0.0000E+00 -2.0000E-03   1   5
  1.4564E-01  1.2921E-01 -2.9138E+01 -1.4002E+06 -1.5782E+06 -2.4587E+06  0.0000E+00 -2.0000E-03   1   5
 -1.7827E-01  1.4850E-01 -2.9136E+01  1.2418E+06 -1.4907E+06 -2.4587E+06  0.0000E+00 -2.0000E-03   1   5
  2.8546E-01 -2.6881E-01 -2.9034E+01  8.1765E+05 -4.0736E+05 -2.4487E+06  0.0000E+00 -2.0000E-03   1   5
 -4.3229E-02 -1.6009E-01 -2.9345E+01 -1.7862E+05 -6.2565E+05 -3.1811E+06 -8.7164E+01 -2.0000E-03   1 -89
 -2.8730E-02 -2.0837E-01 -2.9345E+01 -1.8457E+05 -1.1764E+06 -3.5049E+06 -8.9067E+01 -2.0000E-03   1 -89
 -2.6394E-01  3.6600E-01 -2.9345E+01 -1.2741E+06  1.8794E+06 -3.4018E+06 -9.3903E+01 -2.0000E-03   1 -89
  2.8308E-01  1.9224E-01 -2.9345E+01  1.3519E+06  1.1309E+06 -3.5273E+06 -8.5899E+01 -2.0000E-03   1 -89
  4.6941E+00 -1.9148E+01 -2.8455E+01  2.9720E+05 -1.3307E+06 -2.4488E+06  0.0000E+00 -2.0000E-03   1   5
  1.9908E-01 -1.7908E-01 -2.9137E+01  1.0960E+06 -1.2113E+06 -2.4830E+06  0.0000E+00 -2.0000E-03   1   5
  1.4989E-01  1.9366E-01 -2.9076E+01  1.4696E+04 -3.6284E+04 -3.8911E+06  0.0000E+00 -2.0000E-03   1   5
  1.3525E-01  1.1317E-01 -2.8589E+01 -2.7862E+04 -3.3297E+04 -2.4585E+06  0.0000E+00 -2.0000E-03   1   5
 -7.4133E-01 -1.0033E+00 -2.9345E+01 -2.6430E+05 -6.3463E+05 -4.4823E+06 -7.7528E+01 -2.0000E-03   1 -89
  1.8866E-01 -3.2938E-01 -2.8587E+01 -7.5530E+05  4.3261E+05 -2.4583E+06  0.0000E+00 -2.0000E-03   1   5
 -1.4830E+01  1.7157E-01 -2.8729E+01 -2.8180E+06 -5.8940E+04 -2.3855E+06  0.0000E+00 -2.0000E-03   1   5
  3.9026E-01 -3.8982E-01 -2.9037E+01 -4.5581E+05 -7.3375E+04 -3.1435E+06  0.0000E+00 -2.0000E-03   1   5
  2.3499E-01  2.2774E-01 -2.9140E+01 -1.5997E+06 -4.0404E+05 -2.8567E+06  0.0000E+00 -2.0000E-03   1   5
  1.7913E-01 -1.3266E-01 -2.9034E+01  5.7299E+05 -7.7374E+05 -2.4583E+06  0.0000E+00 -2.0000E-03   1   5
  1.5692E-01 -1.7390E-01 -2.9039E+01  4.3958E+05 -3.9665E+05 -2.4585E+06  0.0000E+00 -2.0000E-03   1   5
 -6.1744E-02  3.9696E-02 -2.9142E+01 -7.6899E+05  1.1961E+06 -2.4608E+06  0.0000E+00 -2.0000E-03   1   5
 -4.2351E-02 -7.5889E-02 -2.9345E+01  2.5613E+05 -2.9414E+04 -3.9607E+06 -3.6476E+01 -2.0000E-03   1 -89
  3.6570E-01 -3.5665E-01 -2.9138E+01 -9.7556E+05 -1.3704E+06 -2.7960E+06  0.0000E+00 -2.0000E-03   1   5
 -1.8032E-01  2.6434E-01 -2.9125E+01  4.3333E+07  7.3797E+06 -4.4627E+06  0.0000E+00 -2.0000E-03   1   5
  1.8346E-01  1.8332E-01 -2.9026E+01 -2.0687E+05  2.2139E+05 -2.3683E+06  0.0000E+00 -2.0000E-03   1   5
  1.6299E-01 -1.8315E-01 -2.9039E+01  5.6929E+05 -5.0665E+05 -2.4585E+06  0.0000E+00 -2.0000E-03   1   5
 -3.7625E-01  2.1952E-01 -2.8788E+01  1.0389E+04  2.7918E+04 -3.8284E+06  0.0000E+00 -2.0000E-03   1   5
  3.0548E-01 -7.4499E+00 -2.9344E+01  4.2989E+05 -2.8618E+06 -2.5883E+06 -6.8254E+01 -2.0000E-03   1 -89
 -2.5140E-01 -2.5039E-01 -2.9024E+01  5.8160E+04 -2.4994E+04 -1.9736E+06  0.0000E+00 -2.0000E-03   1   5
 -7.5288E-03 -2.3936E-01 -2.9040E+01  5.3113E+05  1.6647E+04 -2.4645E+06  0.0000E+00 -2.0000E-03   1   5
  8.2432E+00 -2.8380E+00 -2.9344E+01  2.4073E+06 -6.8072E+05 -2.5579E+06 -6.8394E+01 -2.0000E-03   1 -89
 -3.8127E-01 -5.3799E-01 -2.8588E+01 -6.5976E+05 -2.0683E+05 -2.8718E+06  0.0000E+00 -2.0000E-03   1   5
  3.1286E-01 -7.4976E-02 -2.8699E+01  1.4022E+04  3.6022E+04 -3.4028E+06  0.0000E+00 -2.0000E-03   1   5
 -5.5625E-01  1.8331E-02 -2.8589E+01 -6.6157E+04 -8.3457E+05 -2.5372E+06  0.0000E+00 -2.0000E-03   1   5
  5.4808E-01  5.4283E-01 -2.9031E+01 -1.2955E+06 -1.1582E+05 -3.1079E+06  0.0000E+00 -2.0000E-03   1   5
 -2.5909E-01  1.7325E-01 -2.9036E+01 -4.7445E+05  7.0954E+05 -2.4584E+06  0.0000E+00 -2.0000E-03   1   5
  3.5052E-01 -3.1992E-01 -2.9036E+01  3.2694E+04 -3.0230E+05 -1.8152E+06  0.0000E+00 -2.0000E-03   1   5
 -1.7890E-01  1.9530E-01 -2.9125E+01  2.3412E+07  2.0108E+07 -1.4331E+06  0.0000E+00 -2.0000E-03   1   5
  6.2372E-02 -6.1053E-02 -2.9010E+01  4.4998E+05 -5.4427E+05 -2.3726E+06  0.0000E+00 -2.0000E-03   1   5
 -1.3739E-01 -2.2779E-01 -2.9039E+01  9.8360E+05  5.9325E+05 -2.4588E+06  0.0000E+00 -2.0000E-03   1   5
 -9.7107E-01 -5.6426E-01 -2.9345E+01 -2.3837E+06  1.2889E+06 -5.2442E+06 -9.1457E+01 -2.0000E-03   1 -89
 -1.5977E-01  1.6491E-01 -2.9039E+01 -1.1113E+05 -1.4013E+05 -2.6299E+06  0.0000E+00 -2.0000E-03   1   5
 -1.4715E+00  2.1546E-01 -2.9344E+01 -1.5499E+06 -9.9945E+05 -3.0758E+06 -8.8523E+01 -2.0000E-03   1 -89
 -1.5752E-01 -1.5348E-01 -2.9025E+01  1.0469E+06  1.0744E+06 -2.4585E+06  0.0000E+00 -2.0000E-03   1   5
  2.2865E-01 -2.5397E-01 -2.9103E+01  7.5736E+03  4.2622E+05 -2.1361E+05  0.0000E+00 -2.0000E-03   1   5
 -2.2553E-01 -1.6370E-01 -2.9038E+01 -2.6373E+05  2.2179E+05 -2.3707E+06  0.0000E+00 -2.0000E-03   1   5
  3.8812E-02 -5.9675E-04 -2.9141E+01 -1.2584E+04  8.1805E+05 -2.4652E+06  0.0000E+00 -2.0000E-03   1   5
 -5.2949E-01  2.5393E-01 -2.8931E+01 -3.0912E+06 -1.8748E+07 -3.0530E+06  0.0000E+00 -2.0000E-03   1   5
  3.7631E-01  1.6928E-02 -2.8589E+01  3.9156E+04  8.6773E+05 -2.4407E+06  0.0000E+00 -2.0000E-03   1   5
  2.2338E-02  1.9555E-02 -2.8974E+01  2.8603E+05  3.9069E+05 -2.4377E+06  0.0000E+00 -2.0000E-03   1   5
  2.6020E-01  2.5937E-01 -2.8967E+01  6.7582E+05  6.7798E+05 -2.4585E+06  0.0000E+00 -2.0000E-03   1   5
  2.4394E+01  3.7292E+00 -1.6887E+01  2.6028E+06  3.3114E+05 -1.1338E+06  0.0000E+00 -2.0000E-03   1   5
 -1.2293E-01 -1.2058E-01 -2.9153E+01  8.7848E+05  8.9560E+05 -2.4585E+06  0.0000E+00 -2.0000E-03   1   5
 -3.5372E-01 -2.8453E+00 -2.9344E+01 -1.4927E+05 -8.6329E+05 -2.5825E+06 -3.3573E+01 -2.0000E-03   1 -89
  6.9140E-01 -6.8622E-01 -2.9032E+01 -1.9241E+05  8.5159E+03 -1.0976E+06  0.0000E+00 -2.0000E-03   1   5
  3.3923E-01 -3.3317E-01 -2.9033E+01  5.8976E+05  3.4095E+05 -2.5816E+06  0.0000E+00 -2.0000E-03   1   5
  2.0189E-01 -1.9843E-01 -2.9144E+01 -4.5440E+05 -8.0420E+05 -2.7892E+06  0.0000E+00 -2.0000E-03   1   5
