  1.1359E-07  0.0000E+00  1.6413E-04  7.4993E-01  2.7716E-01  1.0000E+00  1.2802E-05
  2.9353E-03  1.0000E-02  1.6450E-04  7.4993E-01  2.7716E-01  1.0000E+00  3.1346E-04
  6.0000E-03  2.0441E-02  1.6489E-04  7.4994E-01  2.7716E-01  1.0000E+00  6.2738E-04
  8.9352E-03  3.0441E-02  1.6527E-04  7.4994E-01  2.7716E-01  1.0000E+00  9.2803E-04
  1.2000E-02  4.0883E-02  1.6566E-04  7.4994E-01  2.7716E-01  1.0000E+00  1.2420E-03
  1.4935E-02  5.0883E-02  1.6603E-04  7.4994E-01  2.7716E-01  1.0000E+00  1.5426E-03
  1.8000E-02  6.1324E-02  1.6642E-04  7.4995E-01  2.7716E-01  1.0000E+00  1.8565E-03
  2.0935E-02  7.1324E-02  1.6680E-04  7.4996E-01  2.7716E-01  1.0000E+00  2.1571E-03
  2.4000E-02  8.1766E-02  1.6719E-04  7.4996E-01  2.7716E-01  1.0000E+00  2.4710E-03
  2.6935E-02  9.1766E-02  1.6757E-04  7.4997E-01  2.7716E-01  1.0000E+00  2.7717E-03
  3.0000E-02  1.0221E-01  1.6796E-04  7.4998E-01  2.7716E-01  1.0000E+00  3.0855E-03
  3.2935E-02  1.1221E-01  1.6833E-04  7.4999E-01  2.7716E-01  1.0000E+00  3.3861E-03
  3.6000E-02  1.2265E-01  1.6872E-04  7.5000E-01  2.7716E-01  1.0000E+00  3.7000E-03
  3.8935E-02  1.3265E-01  1.6910E-04  7.5001E-01  2.7716E-01  1.0000E+00  4.0006E-03
  4.2000E-02  1.4309E-01  1.6949E-04  7.5002E-01  2.7716E-01  1.0000E+00  4.3144E-03
  4.4935E-02  1.5309E-01  1.6986E-04  7.5004E-01  2.7716E-01  1.0000E+00  4.6149E-03
  4.8000E-02  1.6353E-01  1.7026E-04  7.5005E-01  2.7716E-01  1.0000E+00  4.9287E-03
  5.0935E-02  1.7353E-01  1.7063E-04  7.5007E-01  2.7716E-01  1.0000E+00  5.2292E-03
  5.4000E-02  1.8397E-01  1.7102E-04  7.5008E-01  2.7716E-01  1.0000E+00  5.5430E-03
  5.6935E-02  1.9397E-01  1.7140E-04  7.5010E-01  2.7716E-01  1.0000E+00  5.8434E-03
  6.0000E-02  2.0442E-01  1.7179E-04  7.5012E-01  2.7716E-01  1.0000E+00  6.1571E-03
  6.2935E-02  2.1442E-01  1.7216E-04  7.5014E-01  2.7716E-01  1.0000E+00  6.4576E-03
  6.6000E-02  2.2486E-01  1.7255E-04  7.5016E-01  2.7716E-01  1.0000E+00  6.7712E-03
  6.8935E-02  2.3486E-01  1.7293E-04  7.5018E-01  2.7716E-01  1.0000E+00  7.0716E-03
  7.2000E-02  2.4530E-01  1.7332E-04  7.5020E-01  2.7716E-01  1.0000E+00  7.3852E-03
  7.4935E-02  2.5530E-01  1.7370E-04  7.5022E-01  2.7716E-01  1.0000E+00  7.6855E-03
  7.8000E-02  2.6574E-01  1.7409E-04  7.5025E-01  2.7716E-01  1.0000E+00  7.9991E-03
  8.0935E-02  2.7574E-01  1.7446E-04  7.5027E-01  2.7716E-01  1.0000E+00  8.2994E-03
  8.4000E-02  2.8618E-01  1.7485E-04  7.5030E-01  2.7716E-01  1.0000E+00  8.6129E-03
  8.6935E-02  2.9618E-01  1.7523E-04  7.5032E-01  2.7716E-01  1.0000E+00  8.9131E-03
  9.0000E-02  3.0662E-01  1.7562E-04  7.5035E-01  2.7716E-01  1.0000E+00  9.2265E-03
  9.2935E-02  3.1662E-01  1.7599E-04  7.5038E-01  2.7716E-01  1.0000E+00  9.5266E-03
  9.6000E-02  3.2707E-01  1.7639E-04  7.5041E-01  2.7716E-01  1.0000E+00  9.8400E-03
  9.8935E-02  3.3707E-01  1.7676E-04  7.5044E-01  2.7716E-01  1.0000E+00  1.0140E-02
  1.0200E-01  3.4751E-01  1.7715E-04  7.5047E-01  2.7716E-01  1.0000E+00  1.0453E-02
  1.0494E-01  3.5751E-01  1.7753E-04  7.5050E-01  2.7716E-01  1.0000E+00  1.0753E-02
  1.0800E-01  3.6795E-01  1.7792E-04  7.5053E-01  2.7716E-01  1.0000E+00  1.1067E-02
  1.1094E-01  3.7795E-01  1.7829E-04  7.5056E-01  2.7716E-01  1.0000E+00  1.1366E-02
  1.1400E-01  3.8839E-01  1.7869E-04  7.5060E-01  2.7716E-01  1.0000E+00  1.1680E-02
  1.1694E-01  3.9839E-01  1.7906E-04  7.5063E-01  2.7716E-01  1.0000E+00  1.1979E-02
  1.2000E-01  4.0883E-01  1.7945E-04  7.5067E-01  2.7716E-01  1.0000E+00  1.2292E-02
  1.2294E-01  4.1883E-01  1.7983E-04  7.5071E-01  2.7716E-01  1.0000E+00  1.2592E-02
  1.2600E-01  4.2927E-01  1.8006E-04  7.5075E-01  2.7784E-01  1.0019E+00  1.5685E-02
  1.2894E-01  4.3927E-01  1.8005E-04  7.5081E-01  2.7713E-01  1.0001E+00  1.2378E-02
  1.3200E-01  4.4971E-01  1.8082E-04  7.5071E-01  2.9271E-01  1.0023E+00 -9.3477E-02
  1.3494E-01  4.5971E-01  1.8230E-04  7.5016E-01  4.0709E-01  1.0067E+00 -2.9705E-01
  1.3800E-01  4.7015E-01  1.8440E-04  7.4881E-01  6.6287E-01  1.0123E+00 -6.0114E-01
  1.4094E-01  4.8015E-01  1.8669E-04  7.4652E-01  1.0018E+00  1.0174E+00 -9.6191E-01
  1.4400E-01  4.9058E-01  1.8908E-04  7.4294E-01  1.4109E+00  1.0205E+00 -1.3830E+00
  1.4694E-01  5.0058E-01  1.9111E-04  7.3826E-01  1.8260E+00  1.0216E+00 -1.8048E+00
  1.5000E-01  5.1100E-01  1.9285E-04  7.3206E-01  2.2604E+00  1.0236E+00 -2.2435E+00
  1.5294E-01  5.2100E-01  1.9400E-04  7.2486E-01  2.6593E+00  1.0207E+00 -2.6453E+00
  1.5600E-01  5.3138E-01  1.9448E-04  7.1619E-01  3.0310E+00  1.0186E+00 -3.0191E+00
  1.5895E-01  5.4138E-01  1.9428E-04  7.0682E-01  3.3409E+00  1.0159E+00 -3.3304E+00
  1.6200E-01  5.5173E-01  1.9345E-04  6.9623E-01  3.6069E+00  1.0144E+00 -3.5976E+00
  1.6495E-01  5.6173E-01  1.9201E-04  6.8530E-01  3.8057E+00  1.0103E+00 -3.7971E+00
  1.6791E-01  5.7173E-01  1.9000E-04  6.7385E-01  3.9447E+00  1.0081E+00 -3.9367E+00
  1.7100E-01  5.8218E-01  1.8742E-04  6.6153E-01  4.0328E+00  1.0060E+00 -4.0253E+00
  1.7396E-01  5.9218E-01  1.8457E-04  6.4955E-01  4.0660E+00  1.0044E+00 -4.0588E+00
  1.7692E-01  6.0218E-01  1.8138E-04  6.3753E-01  4.0523E+00  1.0026E+00 -4.0453E+00
  1.8000E-01  6.1256E-01  1.7781E-04  6.2517E-01  3.9946E+00  1.0016E+00 -3.9877E+00
  1.8297E-01  6.2256E-01  1.7421E-04  6.1346E-01  3.9050E+00  1.0010E+00 -3.8982E+00
  1.8594E-01  6.3256E-01  1.7050E-04  6.0205E-01  3.7862E+00  1.0006E+00 -3.7794E+00
  1.8891E-01  6.4256E-01  1.6670E-04  5.9103E-01  3.6420E+00  1.0005E+00 -3.6351E+00
  1.9200E-01  6.5296E-01  1.6274E-04  5.8005E-01  3.4716E+00  1.0007E+00 -3.4645E+00
  1.9497E-01  6.6296E-01  1.5897E-04  5.7001E-01  3.2933E+00  1.0012E+00 -3.2860E+00
  1.9795E-01  6.7296E-01  1.5524E-04  5.6051E-01  3.1027E+00  1.0019E+00 -3.0951E+00
  2.0093E-01  6.8296E-01  1.5156E-04  5.5159E-01  2.9031E+00  1.0027E+00 -2.8951E+00
  2.0390E-01  6.9296E-01  1.4799E-04  5.4328E-01  2.6988E+00  1.0035E+00 -2.6903E+00
  2.0700E-01  7.0336E-01  1.4439E-04  5.3528E-01  2.4840E+00  1.0044E+00 -2.4749E+00
  2.0998E-01  7.1336E-01  1.4102E-04  5.2822E-01  2.2755E+00  1.0058E+00 -2.2656E+00
  2.1296E-01  7.2336E-01  1.3778E-04  5.2178E-01  2.0691E+00  1.0063E+00 -2.0582E+00
  2.1594E-01  7.3336E-01  1.3469E-04  5.1594E-01  1.8680E+00  1.0071E+00 -1.8561E+00
  2.1892E-01  7.4336E-01  1.3175E-04  5.1071E-01  1.6736E+00  1.0076E+00 -1.6602E+00
  2.2190E-01  7.5336E-01  1.2894E-04  5.0604E-01  1.4875E+00  1.0080E+00 -1.4725E+00
  2.2500E-01  7.6375E-01  1.2625E-04  5.0176E-01  1.3091E+00  1.0074E+00 -1.2920E+00
  2.2798E-01  7.7375E-01  1.2388E-04  4.9814E-01  1.1553E+00  1.0067E+00 -1.1359E+00
  2.3096E-01  7.8375E-01  1.2175E-04  4.9497E-01  1.0220E+00  1.0056E+00 -9.9990E-01
  2.3395E-01  7.9375E-01  1.1990E-04  4.9216E-01  9.1388E-01  1.0039E+00 -8.8905E-01
  2.3693E-01  8.0375E-01  1.1839E-04  4.8963E-01  8.3585E-01  1.0024E+00 -8.0849E-01
  2.3991E-01  8.1375E-01  1.1722E-04  4.8730E-01  7.9044E-01  1.0011E+00 -7.6127E-01
  2.4300E-01  8.2411E-01  1.1638E-04  4.8498E-01  7.7941E-01  1.0003E+00 -7.4957E-01
  2.4598E-01  8.3411E-01  1.1590E-04  4.8271E-01  8.0349E-01  1.0002E+00 -7.7432E-01
  2.4896E-01  8.4411E-01  1.1572E-04  4.8033E-01  8.5970E-01  1.0006E+00 -8.3224E-01
  2.5195E-01  8.5411E-01  1.1574E-04  4.7772E-01  9.4408E-01  1.0013E+00 -9.1891E-01
  2.5493E-01  8.6411E-01  1.1588E-04  4.7482E-01  1.0505E+00  1.0020E+00 -1.0278E+00
  2.5791E-01  8.7411E-01  1.1608E-04  4.7157E-01  1.1732E+00  1.0026E+00 -1.1528E+00
  2.6100E-01  8.8447E-01  1.1626E-04  4.6780E-01  1.3111E+00  1.0029E+00 -1.2927E+00
  2.6398E-01  8.9447E-01  1.1631E-04  4.6374E-01  1.4457E+00  1.0029E+00 -1.4291E+00
  2.6697E-01  9.0447E-01  1.1621E-04  4.5928E-01  1.5767E+00  1.0027E+00 -1.5614E+00
  2.6995E-01  9.1447E-01  1.1596E-04  4.5443E-01  1.7004E+00  1.0028E+00 -1.6863E+00
  2.7293E-01  9.2447E-01  1.1550E-04  4.4923E-01  1.8128E+00  1.0021E+00 -1.7996E+00
  2.7592E-01  9.3447E-01  1.1482E-04  4.4371E-01  1.9090E+00  1.0018E+00 -1.8966E+00
  2.7890E-01  9.4447E-01  1.1393E-04  4.3792E-01  1.9888E+00  1.0014E+00 -1.9770E+00
  2.8200E-01  9.5486E-01  1.1283E-04  4.3169E-01  2.0538E+00  1.0012E+00 -2.0424E+00
  2.8499E-01  9.6486E-01  1.1157E-04  4.2552E-01  2.0978E+00  1.0008E+00 -2.0868E+00
  2.8797E-01  9.7486E-01  1.1015E-04  4.1925E-01  2.1235E+00  1.0006E+00 -2.1127E+00
  2.9096E-01  9.8486E-01  1.0860E-04  4.1292E-01  2.1328E+00  1.0005E+00 -2.1222E+00
  2.9394E-01  9.9486E-01  1.0694E-04  4.0659E-01  2.1264E+00  1.0004E+00 -2.1159E+00
  2.9693E-01  1.0049E+00  1.0517E-04  4.0030E-01  2.1049E+00  1.0003E+00 -2.0943E+00
  2.9992E-01  1.0149E+00  1.0333E-04  3.9409E-01  2.0702E+00  1.0004E+00 -2.0595E+00
  3.0291E-01  1.0249E+00  1.0145E-04  3.8800E-01  2.0246E+00  1.0004E+00 -2.0137E+00
  3.0600E-01  1.0352E+00  9.9460E-05  3.8186E-01  1.9667E+00  1.0006E+00 -1.9556E+00
  3.0899E-01  1.0452E+00  9.7505E-05  3.7611E-01  1.9015E+00  1.0008E+00 -1.8901E+00
  3.1198E-01  1.0552E+00  9.5545E-05  3.7057E-01  1.8293E+00  1.0009E+00 -1.8175E+00
  3.1497E-01  1.0652E+00  9.3596E-05  3.6525E-01  1.7517E+00  1.0012E+00 -1.7394E+00
  3.1796E-01  1.0752E+00  9.1646E-05  3.6017E-01  1.6692E+00  1.0015E+00 -1.6563E+00
  3.2095E-01  1.0852E+00  8.9718E-05  3.5535E-01  1.5833E+00  1.0017E+00 -1.5697E+00
  3.2394E-01  1.0952E+00  8.7826E-05  3.5079E-01  1.4960E+00  1.0019E+00 -1.4815E+00
  3.2693E-01  1.1052E+00  8.5971E-05  3.4649E-01  1.4080E+00  1.0021E+00 -1.3926E+00
  3.2992E-01  1.1152E+00  8.4143E-05  3.4246E-01  1.3199E+00  1.0024E+00 -1.3033E+00
  3.3291E-01  1.1252E+00  8.2375E-05  3.3869E-01  1.2339E+00  1.0025E+00 -1.2161E+00
  3.3600E-01  1.1356E+00  8.0619E-05  3.3507E-01  1.1490E+00  1.0026E+00 -1.1297E+00
  3.3899E-01  1.1456E+00  7.8991E-05  3.3181E-01  1.0717E+00  1.0025E+00 -1.0508E+00
  3.4198E-01  1.1556E+00  7.7442E-05  3.2877E-01  1.0006E+00  1.0024E+00 -9.7798E-01
  3.4497E-01  1.1656E+00  7.6010E-05  3.2595E-01  9.3865E-01  1.0021E+00 -9.1418E-01
  3.4796E-01  1.1756E+00  7.4707E-05  3.2330E-01  8.8732E-01  1.0017E+00 -8.6109E-01
  3.5095E-01  1.1856E+00  7.3546E-05  3.2078E-01  8.4815E-01  1.0013E+00 -8.2031E-01
  3.5394E-01  1.1956E+00  7.2548E-05  3.1837E-01  8.2289E-01  1.0008E+00 -7.9377E-01
  3.5694E-01  1.2056E+00  7.1721E-05  3.1602E-01  8.1250E-01  1.0005E+00 -7.8257E-01
  3.5993E-01  1.2156E+00  7.1061E-05  3.1368E-01  8.1709E-01  1.0003E+00 -7.8689E-01
  3.6292E-01  1.2256E+00  7.0548E-05  3.1130E-01  8.3587E-01  1.0001E+00 -8.0593E-01
  3.6591E-01  1.2356E+00  7.0156E-05  3.0884E-01  8.6730E-01  1.0001E+00 -8.3807E-01
  3.6900E-01  1.2459E+00  6.9841E-05  3.0619E-01  9.1087E-01  1.0002E+00 -8.8268E-01
  3.7199E-01  1.2559E+00  6.9575E-05  3.0347E-01  9.6060E-01  1.0002E+00 -9.3356E-01
  3.7498E-01  1.2659E+00  6.9310E-05  3.0060E-01  1.0148E+00  1.0002E+00 -9.8890E-01
  3.7797E-01  1.2759E+00  6.9025E-05  2.9755E-01  1.0711E+00  1.0003E+00 -1.0463E+00
  3.8096E-01  1.2859E+00  6.8692E-05  2.9434E-01  1.1273E+00  1.0003E+00 -1.1036E+00
  3.8395E-01  1.2959E+00  6.8279E-05  2.9096E-01  1.1803E+00  1.0002E+00 -1.1575E+00
  3.8695E-01  1.3059E+00  6.7783E-05  2.8742E-01  1.2289E+00  1.0002E+00 -1.2069E+00
  3.8994E-01  1.3159E+00  6.7210E-05  2.8374E-01  1.2722E+00  1.0002E+00 -1.2507E+00
  3.9293E-01  1.3259E+00  6.6543E-05  2.7994E-01  1.3088E+00  1.0002E+00 -1.2879E+00
  3.9592E-01  1.3359E+00  6.5783E-05  2.7604E-01  1.3378E+00  1.0002E+00 -1.3173E+00
  3.9891E-01  1.3459E+00  6.4944E-05  2.7207E-01  1.3594E+00  1.0002E+00 -1.3391E+00
  4.0190E-01  1.3559E+00  6.4034E-05  2.6804E-01  1.3736E+00  1.0002E+00 -1.3534E+00
  4.0500E-01  1.3662E+00  6.3015E-05  2.6383E-01  1.3802E+00  1.0002E+00 -1.3601E+00
  4.0799E-01  1.3762E+00  6.1968E-05  2.5977E-01  1.3792E+00  1.0002E+00 -1.3589E+00
  4.1098E-01  1.3862E+00  6.0875E-05  2.5571E-01  1.3716E+00  1.0003E+00 -1.3512E+00
  4.1398E-01  1.3962E+00  5.9739E-05  2.5168E-01  1.3578E+00  1.0003E+00 -1.3371E+00
  4.1697E-01  1.4062E+00  5.8564E-05  2.4771E-01  1.3382E+00  1.0004E+00 -1.3171E+00
  4.1996E-01  1.4162E+00  5.7363E-05  2.4381E-01  1.3136E+00  1.0004E+00 -1.2920E+00
  4.2296E-01  1.4262E+00  5.6147E-05  2.3998E-01  1.2848E+00  1.0005E+00 -1.2626E+00
  4.2595E-01  1.4362E+00  5.4912E-05  2.3625E-01  1.2522E+00  1.0006E+00 -1.2292E+00
  4.2894E-01  1.4462E+00  5.3668E-05  2.3263E-01  1.2163E+00  1.0007E+00 -1.1925E+00
  4.3194E-01  1.4562E+00  5.2423E-05  2.2912E-01  1.1782E+00  1.0008E+00 -1.1533E+00
  4.3493E-01  1.4662E+00  5.1183E-05  2.2572E-01  1.1383E+00  1.0008E+00 -1.1123E+00
  4.3792E-01  1.4762E+00  4.9940E-05  2.2246E-01  1.0970E+00  1.0009E+00 -1.0698E+00
  4.4092E-01  1.4862E+00  4.8709E-05  2.1932E-01  1.0551E+00  1.0010E+00 -1.0265E+00
  4.4391E-01  1.4962E+00  4.7495E-05  2.1631E-01  1.0136E+00  1.0010E+00 -9.8328E-01
  4.4690E-01  1.5062E+00  4.6298E-05  2.1343E-01  9.7267E-01  1.0011E+00 -9.4063E-01
  4.5000E-01  1.5166E+00  4.5076E-05  2.1059E-01  9.3157E-01  1.0011E+00 -8.9753E-01
  4.5299E-01  1.5266E+00  4.3932E-05  2.0796E-01  8.9423E-01  1.0011E+00 -8.5812E-01
  4.5599E-01  1.5366E+00  4.2827E-05  2.0544E-01  8.6005E-01  1.0011E+00 -8.2177E-01
  4.5898E-01  1.5466E+00  4.1768E-05  2.0303E-01  8.2957E-01  1.0010E+00 -7.8905E-01
  4.6198E-01  1.5566E+00  4.0767E-05  2.0072E-01  8.0370E-01  1.0009E+00 -7.6096E-01
  4.6497E-01  1.5666E+00  3.9840E-05  1.9847E-01  7.8347E-01  1.0008E+00 -7.3864E-01
  4.6796E-01  1.5766E+00  3.8995E-05  1.9629E-01  7.6942E-01  1.0006E+00 -7.2273E-01
  4.7096E-01  1.5866E+00  3.8238E-05  1.9414E-01  7.6200E-01  1.0005E+00 -7.1376E-01
  4.7395E-01  1.5966E+00  3.7561E-05  1.9201E-01  7.6089E-01  1.0005E+00 -7.1146E-01
  4.7694E-01  1.6066E+00  3.6882E-05  1.8988E-01  7.6101E-01  1.0005E+00 -7.1045E-01
  4.7994E-01  1.6166E+00  3.6203E-05  1.8775E-01  7.6101E-01  1.0005E+00 -7.0925E-01
  4.8293E-01  1.6266E+00  3.5524E-05  1.8563E-01  7.6101E-01  1.0005E+00 -7.0802E-01
  4.8593E-01  1.6366E+00  3.4845E-05  1.8351E-01  7.6101E-01  1.0005E+00 -7.0674E-01
  4.8892E-01  1.6466E+00  3.4166E-05  1.8140E-01  7.6101E-01  1.0005E+00 -7.0542E-01
  4.9191E-01  1.6566E+00  3.3487E-05  1.7929E-01  7.6101E-01  1.0005E+00 -7.0405E-01
  4.9491E-01  1.6666E+00  3.2808E-05  1.7718E-01  7.6101E-01  1.0005E+00 -7.0263E-01
  4.9790E-01  1.6766E+00  3.2129E-05  1.7508E-01  7.6101E-01  1.0005E+00 -7.0116E-01
  5.0100E-01  1.6869E+00  3.1426E-05  1.7291E-01  7.6101E-01  1.0005E+00 -6.9958E-01
  5.0399E-01  1.6969E+00  3.0747E-05  1.7082E-01  7.6101E-01  1.0005E+00 -6.9800E-01
  5.0699E-01  1.7069E+00  3.0068E-05  1.6873E-01  7.6101E-01  1.0004E+00 -6.9636E-01
  5.0998E-01  1.7169E+00  2.9389E-05  1.6665E-01  7.6101E-01  1.0004E+00 -6.9466E-01
  5.1298E-01  1.7269E+00  2.8710E-05  1.6457E-01  7.6101E-01  1.0004E+00 -6.9289E-01
  5.1597E-01  1.7369E+00  2.8031E-05  1.6250E-01  7.6101E-01  1.0004E+00 -6.9105E-01
  5.1896E-01  1.7469E+00  2.7352E-05  1.6043E-01  7.6101E-01  1.0004E+00 -6.8915E-01
  5.2196E-01  1.7569E+00  2.6673E-05  1.5837E-01  7.6101E-01  1.0004E+00 -6.8716E-01
  5.2495E-01  1.7669E+00  2.5994E-05  1.5632E-01  7.6101E-01  1.0004E+00 -6.8510E-01
  5.2795E-01  1.7769E+00  2.5315E-05  1.5427E-01  7.6101E-01  1.0004E+00 -6.8296E-01
  5.3094E-01  1.7869E+00  2.4636E-05  1.5223E-01  7.6101E-01  1.0004E+00 -6.8072E-01
  5.3393E-01  1.7969E+00  2.3957E-05  1.5020E-01  7.6101E-01  1.0004E+00 -6.7840E-01
  5.3693E-01  1.8069E+00  2.3278E-05  1.4817E-01  7.6101E-01  1.0004E+00 -6.7598E-01
  5.3992E-01  1.8169E+00  2.2599E-05  1.4615E-01  7.6101E-01  1.0004E+00 -6.7346E-01
  5.4291E-01  1.8269E+00  2.1920E-05  1.4414E-01  7.6101E-01  1.0004E+00 -6.7084E-01
  5.4591E-01  1.8369E+00  2.1241E-05  1.4213E-01  7.6101E-01  1.0004E+00 -6.6810E-01
  5.4890E-01  1.8469E+00  2.0562E-05  1.4014E-01  7.6101E-01  1.0004E+00 -6.6524E-01
  5.5200E-01  1.8573E+00  1.9859E-05  1.3808E-01  7.6101E-01  1.0004E+00 -6.6215E-01
  5.5499E-01  1.8673E+00  1.9180E-05  1.3610E-01  7.6101E-01  1.0004E+00 -6.5904E-01
  5.5799E-01  1.8773E+00  1.8501E-05  1.3413E-01  7.6101E-01  1.0004E+00 -6.5578E-01
  5.6098E-01  1.8873E+00  1.7822E-05  1.3218E-01  7.6101E-01  1.0004E+00 -6.5238E-01
  5.6398E-01  1.8973E+00  1.7143E-05  1.3023E-01  7.6101E-01  1.0004E+00 -6.4882E-01
  5.6697E-01  1.9073E+00  1.6464E-05  1.2829E-01  7.6101E-01  1.0004E+00 -6.4510E-01
  5.6996E-01  1.9173E+00  1.5785E-05  1.2637E-01  7.6101E-01  1.0004E+00 -6.4121E-01
  5.7296E-01  1.9273E+00  1.5106E-05  1.2445E-01  7.6101E-01  1.0004E+00 -6.3714E-01
  5.7595E-01  1.9373E+00  1.4427E-05  1.2255E-01  7.6101E-01  1.0004E+00 -6.3288E-01
  5.7895E-01  1.9473E+00  1.3748E-05  1.2066E-01  7.6101E-01  1.0004E+00 -6.2841E-01
  5.8194E-01  1.9573E+00  1.3069E-05  1.1879E-01  7.6101E-01  1.0004E+00 -6.2373E-01
  5.8493E-01  1.9673E+00  1.2390E-05  1.1693E-01  7.6101E-01  1.0004E+00 -6.1882E-01
  5.8793E-01  1.9773E+00  1.1711E-05  1.1508E-01  7.6101E-01  1.0004E+00 -6.1368E-01
  5.9092E-01  1.9873E+00  1.1032E-05  1.1325E-01  7.6101E-01  1.0004E+00 -6.0828E-01
  5.9391E-01  1.9973E+00  1.0353E-05  1.1144E-01  7.6101E-01  1.0004E+00 -6.0262E-01
  5.9691E-01  2.0073E+00  9.6742E-06  1.0964E-01  7.6101E-01  1.0004E+00 -5.9667E-01
  5.9990E-01  2.0173E+00  8.9951E-06  1.0787E-01  7.6101E-01  1.0004E+00 -5.9043E-01
  6.0300E-01  2.0276E+00  8.2925E-06  1.0605E-01  7.6100E-01  1.0004E+00 -5.8362E-01
  6.0599E-01  2.0376E+00  7.6132E-06  1.0431E-01  7.6100E-01  1.0004E+00 -5.7672E-01
  6.0899E-01  2.0476E+00  6.9340E-06  1.0260E-01  7.6100E-01  1.0004E+00 -5.6946E-01
  6.1198E-01  2.0576E+00  6.2549E-06  1.0090E-01  7.6100E-01  1.0004E+00 -5.6184E-01
  6.1498E-01  2.0676E+00  5.5758E-06  9.9232E-02  7.6100E-01  1.0004E+00 -5.5382E-01
  6.1797E-01  2.0776E+00  4.8967E-06  9.7587E-02  7.6100E-01  1.0004E+00 -5.4539E-01
  6.2096E-01  2.0876E+00  4.2178E-06  9.5967E-02  7.6100E-01  1.0004E+00 -5.3653E-01
  6.2396E-01  2.0976E+00  3.5388E-06  9.4374E-02  7.6100E-01  1.0004E+00 -5.2721E-01
  6.2695E-01  2.1076E+00  2.8599E-06  9.2810E-02  7.6100E-01  1.0004E+00 -5.1742E-01
  6.2995E-01  2.1176E+00  2.1811E-06  9.1277E-02  7.6100E-01  1.0004E+00 -5.0711E-01
  6.3294E-01  2.1276E+00  1.5023E-06  8.9774E-02  7.6100E-01  1.0004E+00 -4.9629E-01
  6.3593E-01  2.1376E+00  8.2361E-07  8.8305E-02  7.6100E-01  1.0004E+00 -4.8491E-01
  6.3893E-01  2.1476E+00  1.4495E-07  8.6871E-02  7.6100E-01  1.0004E+00 -4.7295E-01
  6.4192E-01  2.1576E+00 -5.3365E-07  8.5474E-02  7.6100E-01  1.0004E+00 -4.6040E-01
  6.4491E-01  2.1676E+00 -1.2122E-06  8.4115E-02  7.6100E-01  1.0004E+00 -4.4723E-01
  6.4791E-01  2.1776E+00 -1.8907E-06  8.2796E-02  7.6100E-01  1.0004E+00 -4.3341E-01
  6.5090E-01  2.1876E+00 -2.5691E-06  8.1520E-02  7.6100E-01  1.0004E+00 -4.1892E-01
  6.5400E-01  2.1980E+00 -3.2709E-06  8.0247E-02  7.6100E-01  1.0004E+00 -4.0322E-01
  6.5699E-01  2.2080E+00 -3.9492E-06  7.9063E-02  7.6100E-01  1.0004E+00 -3.8732E-01
  6.5999E-01  2.2180E+00 -4.6274E-06  7.7928E-02  7.6100E-01  1.0004E+00 -3.7071E-01
  6.6298E-01  2.2280E+00 -5.3056E-06  7.6844E-02  7.6100E-01  1.0004E+00 -3.5338E-01
  6.6598E-01  2.2380E+00 -5.9836E-06  7.5812E-02  7.6100E-01  1.0004E+00 -3.3532E-01
  6.6897E-01  2.2480E+00 -6.6617E-06  7.4836E-02  7.6100E-01  1.0004E+00 -3.1652E-01
  6.7196E-01  2.2580E+00 -7.3396E-06  7.3918E-02  7.6100E-01  1.0004E+00 -2.9700E-01
  6.7496E-01  2.2680E+00 -8.0175E-06  7.3058E-02  7.6100E-01  1.0004E+00 -2.7676E-01
  6.7795E-01  2.2780E+00 -8.6953E-06  7.2261E-02  7.6100E-01  1.0004E+00 -2.5582E-01
  6.8095E-01  2.2880E+00 -9.3731E-06  7.1527E-02  7.6100E-01  1.0004E+00 -2.3420E-01
  6.8394E-01  2.2980E+00 -1.0051E-05  7.0859E-02  7.6100E-01  1.0004E+00 -2.1194E-01
  6.8693E-01  2.3080E+00 -1.0728E-05  7.0258E-02  7.6100E-01  1.0004E+00 -1.8908E-01
  6.8993E-01  2.3180E+00 -1.1406E-05  6.9727E-02  7.6100E-01  1.0004E+00 -1.6565E-01
  6.9292E-01  2.3280E+00 -1.2083E-05  6.9267E-02  7.6100E-01  1.0004E+00 -1.4172E-01
  6.9591E-01  2.3380E+00 -1.2761E-05  6.8879E-02  7.6099E-01  1.0004E+00 -1.1735E-01
  6.9891E-01  2.3480E+00 -1.3438E-05  6.8564E-02  7.6099E-01  1.0004E+00 -9.2596E-02
  7.0190E-01  2.3580E+00 -1.4115E-05  6.8324E-02  7.6099E-01  1.0004E+00 -6.7545E-02
  7.0500E-01  2.3683E+00 -1.4816E-05  6.8155E-02  7.6099E-01  1.0004E+00 -4.1393E-02
  7.0799E-01  2.3783E+00 -1.5493E-05  6.8069E-02  7.6099E-01  1.0004E+00 -1.5974E-02
  7.1099E-01  2.3883E+00 -1.6170E-05  6.8060E-02  7.6099E-01  1.0004E+00  9.4990E-03
  7.1398E-01  2.3983E+00 -1.6847E-05  6.8126E-02  7.6099E-01  1.0004E+00  3.4940E-02
  7.1698E-01  2.4083E+00 -1.7524E-05  6.8268E-02  7.6099E-01  1.0004E+00  6.0265E-02
  7.1997E-01  2.4183E+00 -1.8200E-05  6.8486E-02  7.6099E-01  1.0004E+00  8.5389E-02
  7.2296E-01  2.4283E+00 -1.8877E-05  6.8779E-02  7.6099E-01  1.0004E+00  1.1023E-01
  7.2596E-01  2.4383E+00 -1.9554E-05  6.9146E-02  7.6099E-01  1.0004E+00  1.3472E-01
  7.2895E-01  2.4483E+00 -2.0230E-05  6.9585E-02  7.6099E-01  1.0004E+00  1.5879E-01
  7.3195E-01  2.4583E+00 -2.0907E-05  7.0096E-02  7.6099E-01  1.0004E+00  1.8237E-01
  7.3494E-01  2.4683E+00 -2.1583E-05  7.0677E-02  7.6099E-01  1.0003E+00  2.0540E-01
  7.3793E-01  2.4783E+00 -2.2259E-05  7.1325E-02  7.6099E-01  1.0003E+00  2.2784E-01
  7.4093E-01  2.4883E+00 -2.2935E-05  7.2040E-02  7.6099E-01  1.0003E+00  2.4965E-01
  7.4392E-01  2.4983E+00 -2.3611E-05  7.2819E-02  7.6099E-01  1.0003E+00  2.7079E-01
  7.4691E-01  2.5083E+00 -2.4287E-05  7.3660E-02  7.6099E-01  1.0003E+00  2.9123E-01
  7.4991E-01  2.5183E+00 -2.4963E-05  7.4562E-02  7.6099E-01  1.0003E+00  3.1096E-01
  7.5290E-01  2.5283E+00 -2.5639E-05  7.5521E-02  7.6099E-01  1.0003E+00  3.2997E-01
  7.5600E-01  2.5387E+00 -2.6338E-05  7.6573E-02  7.6098E-01  1.0003E+00  3.4886E-01
  7.5899E-01  2.5487E+00 -2.7014E-05  7.7644E-02  7.6098E-01  1.0003E+00  3.6638E-01
  7.6199E-01  2.5587E+00 -2.7689E-05  7.8766E-02  7.6098E-01  1.0003E+00  3.8318E-01
  7.6498E-01  2.5687E+00 -2.8365E-05  7.9937E-02  7.6098E-01  1.0003E+00  3.9925E-01
  7.6798E-01  2.5787E+00 -2.9040E-05  8.1155E-02  7.6098E-01  1.0003E+00  4.1462E-01
  7.7097E-01  2.5887E+00 -2.9716E-05  8.2419E-02  7.6098E-01  1.0003E+00  4.2930E-01
  7.7396E-01  2.5987E+00 -3.0391E-05  8.3725E-02  7.6098E-01  1.0003E+00  4.4331E-01
  7.7696E-01  2.6087E+00 -3.1066E-05  8.5072E-02  7.6098E-01  1.0003E+00  4.5667E-01
  7.7995E-01  2.6187E+00 -3.1741E-05  8.6459E-02  7.6098E-01  1.0003E+00  4.6940E-01
  7.8295E-01  2.6287E+00 -3.2416E-05  8.7882E-02  7.6098E-01  1.0003E+00  4.8152E-01
  7.8594E-01  2.6387E+00 -3.3091E-05  8.9341E-02  7.6098E-01  1.0003E+00  4.9306E-01
  7.8893E-01  2.6487E+00 -3.3766E-05  9.0834E-02  7.6097E-01  1.0003E+00  5.0405E-01
  7.9193E-01  2.6587E+00 -3.4441E-05  9.2359E-02  7.6097E-01  1.0003E+00  5.1450E-01
  7.9492E-01  2.6687E+00 -3.5116E-05  9.3914E-02  7.6097E-01  1.0003E+00  5.2444E-01
  7.9791E-01  2.6787E+00 -3.5790E-05  9.5498E-02  7.6097E-01  1.0003E+00  5.3389E-01
  8.0091E-01  2.6887E+00 -3.6465E-05  9.7110E-02  7.6097E-01  1.0003E+00  5.4288E-01
  8.0390E-01  2.6987E+00 -3.7139E-05  9.8748E-02  7.6097E-01  1.0003E+00  5.5143E-01
  8.0700E-01  2.7090E+00 -3.7837E-05  1.0047E-01  7.6097E-01  1.0003E+00  5.5983E-01
  8.0999E-01  2.7190E+00 -3.8512E-05  1.0216E-01  7.6096E-01  1.0003E+00  5.6756E-01
  8.1299E-01  2.7290E+00 -3.9186E-05  1.0387E-01  7.6096E-01  1.0003E+00  5.7490E-01
  8.1598E-01  2.7390E+00 -3.9860E-05  1.0560E-01  7.6096E-01  1.0002E+00  5.8189E-01
  8.1898E-01  2.7490E+00 -4.0535E-05  1.0735E-01  7.6096E-01  1.0002E+00  5.8854E-01
  8.2197E-01  2.7590E+00 -4.1209E-05  1.0912E-01  7.6096E-01  1.0002E+00  5.9487E-01
  8.2496E-01  2.7690E+00 -4.1883E-05  1.1091E-01  7.6095E-01  1.0002E+00  6.0090E-01
  8.2796E-01  2.7790E+00 -4.2558E-05  1.1272E-01  7.6095E-01  1.0002E+00  6.0664E-01
  8.3095E-01  2.7890E+00 -4.3232E-05  1.1454E-01  7.6095E-01  1.0002E+00  6.1211E-01
  8.3395E-01  2.7990E+00 -4.3906E-05  1.1638E-01  7.6095E-01  1.0002E+00  6.1732E-01
  8.3694E-01  2.8090E+00 -4.4580E-05  1.1824E-01  7.6094E-01  1.0002E+00  6.2230E-01
  8.3993E-01  2.8190E+00 -4.5255E-05  1.2011E-01  7.6094E-01  1.0002E+00  6.2704E-01
  8.4293E-01  2.8290E+00 -4.5929E-05  1.2199E-01  7.6094E-01  1.0002E+00  6.3156E-01
  8.4592E-01  2.8390E+00 -4.6603E-05  1.2389E-01  7.6093E-01  1.0002E+00  6.3588E-01
  8.4891E-01  2.8490E+00 -4.7278E-05  1.2580E-01  7.6093E-01  1.0002E+00  6.4000E-01
  8.5191E-01  2.8590E+00 -4.7952E-05  1.2772E-01  7.6093E-01  1.0002E+00  6.4394E-01
  8.5490E-01  2.8690E+00 -4.8627E-05  1.2966E-01  7.6092E-01  1.0002E+00  6.4770E-01
  8.5800E-01  2.8793E+00 -4.9325E-05  1.3167E-01  7.6092E-01  1.0002E+00  6.5142E-01
  8.6099E-01  2.8893E+00 -5.0000E-05  1.3362E-01  7.6091E-01  1.0001E+00  6.5486E-01
  8.6399E-01  2.8993E+00 -5.0674E-05  1.3559E-01  7.6091E-01  1.0001E+00  6.5814E-01
  8.6698E-01  2.9093E+00 -5.1350E-05  1.3756E-01  7.6090E-01  1.0001E+00  6.6129E-01
  8.6998E-01  2.9193E+00 -5.2025E-05  1.3955E-01  7.6089E-01  1.0001E+00  6.6430E-01
  8.7297E-01  2.9293E+00 -5.2700E-05  1.4154E-01  7.6089E-01  1.0001E+00  6.6719E-01
  8.7596E-01  2.9393E+00 -5.3376E-05  1.4354E-01  7.6088E-01  1.0001E+00  6.6995E-01
  8.7896E-01  2.9493E+00 -5.4052E-05  1.4555E-01  7.6087E-01  1.0001E+00  6.7260E-01
  8.8195E-01  2.9593E+00 -5.4728E-05  1.4757E-01  7.6087E-01  1.0001E+00  6.7514E-01
  8.8495E-01  2.9693E+00 -5.5404E-05  1.4959E-01  7.6086E-01  1.0001E+00  6.7758E-01
  8.8794E-01  2.9793E+00 -5.6081E-05  1.5162E-01  7.6085E-01  1.0001E+00  6.7992E-01
  8.9093E-01  2.9893E+00 -5.6758E-05  1.5366E-01  7.6084E-01  1.0001E+00  6.8217E-01
  8.9393E-01  2.9993E+00 -5.7436E-05  1.5571E-01  7.6083E-01  1.0000E+00  6.8433E-01
  8.9692E-01  3.0093E+00 -5.8114E-05  1.5776E-01  7.6082E-01  1.0000E+00  6.8640E-01
  8.9991E-01  3.0193E+00 -5.8792E-05  1.5982E-01  7.6080E-01  1.0000E+00  6.8839E-01
  9.0291E-01  3.0293E+00 -5.9471E-05  1.6188E-01  7.6079E-01  1.0000E+00  6.9031E-01
  9.0590E-01  3.0393E+00 -6.0151E-05  1.6395E-01  7.6078E-01  1.0000E+00  6.9215E-01
  9.0900E-01  3.0497E+00 -6.0854E-05  1.6610E-01  7.6076E-01  9.9999E-01  6.9398E-01
  9.1199E-01  3.0597E+00 -6.1535E-05  1.6818E-01  7.6074E-01  9.9997E-01  6.9568E-01
  9.1499E-01  3.0697E+00 -6.2217E-05  1.7026E-01  7.6072E-01  9.9996E-01  6.9732E-01
  9.1798E-01  3.0797E+00 -6.2899E-05  1.7235E-01  7.6070E-01  9.9995E-01  6.9889E-01
  9.2098E-01  3.0897E+00 -6.3582E-05  1.7444E-01  7.6068E-01  9.9993E-01  7.0041E-01
  9.2397E-01  3.0997E+00 -6.4265E-05  1.7654E-01  7.6066E-01  9.9992E-01  7.0187E-01
  9.2696E-01  3.1097E+00 -6.4950E-05  1.7864E-01  7.6063E-01  9.9990E-01  7.0328E-01
  9.2996E-01  3.1197E+00 -6.5636E-05  1.8075E-01  7.6060E-01  9.9989E-01  7.0463E-01
  9.3295E-01  3.1297E+00 -6.6323E-05  1.8286E-01  7.6058E-01  9.9987E-01  7.0594E-01
  9.3595E-01  3.1397E+00 -6.7012E-05  1.8498E-01  7.6054E-01  9.9986E-01  7.0719E-01
  9.3894E-01  3.1497E+00 -6.7703E-05  1.8709E-01  7.6051E-01  9.9984E-01  7.0840E-01
  9.4193E-01  3.1597E+00 -6.8396E-05  1.8922E-01  7.6047E-01  9.9983E-01  7.0956E-01
  9.4493E-01  3.1697E+00 -6.9090E-05  1.9134E-01  7.6043E-01  9.9981E-01  7.1069E-01
  9.4792E-01  3.1797E+00 -6.9785E-05  1.9347E-01  7.6038E-01  9.9979E-01  7.1176E-01
  9.5091E-01  3.1897E+00 -7.0482E-05  1.9560E-01  7.6033E-01  9.9977E-01  7.1280E-01
  9.5391E-01  3.1997E+00 -7.1180E-05  1.9774E-01  7.6027E-01  9.9975E-01  7.1380E-01
  9.5690E-01  3.2097E+00 -7.1879E-05  1.9987E-01  7.6021E-01  9.9973E-01  7.1476E-01
  9.6000E-01  3.2200E+00 -7.2605E-05  2.0209E-01  7.6015E-01  9.9970E-01  7.1571E-01
  9.6299E-01  3.2300E+00 -7.3309E-05  2.0423E-01  7.6008E-01  9.9969E-01  7.1659E-01
  9.6599E-01  3.2400E+00 -7.4016E-05  2.0637E-01  7.6000E-01  9.9966E-01  7.1744E-01
  9.6898E-01  3.2500E+00 -7.4726E-05  2.0852E-01  7.5991E-01  9.9964E-01  7.1825E-01
  9.7198E-01  3.2600E+00 -7.5437E-05  2.1067E-01  7.5982E-01  9.9961E-01  7.1902E-01
  9.7497E-01  3.2700E+00 -7.6150E-05  2.1282E-01  7.5972E-01  9.9959E-01  7.1976E-01
  9.7796E-01  3.2800E+00 -7.6867E-05  2.1498E-01  7.5961E-01  9.9956E-01  7.2046E-01
  9.8096E-01  3.2900E+00 -7.7587E-05  2.1713E-01  7.5949E-01  9.9954E-01  7.2113E-01
  9.8395E-01  3.3000E+00 -7.8313E-05  2.1929E-01  7.5936E-01  9.9952E-01  7.2177E-01
  9.8695E-01  3.3100E+00 -7.9044E-05  2.2145E-01  7.5922E-01  9.9950E-01  7.2237E-01
  9.8994E-01  3.3200E+00 -7.9782E-05  2.2361E-01  7.5906E-01  9.9948E-01  7.2293E-01
  9.9293E-01  3.3300E+00 -8.0527E-05  2.2578E-01  7.5889E-01  9.9945E-01  7.2346E-01
  9.9593E-01  3.3400E+00 -8.1277E-05  2.2794E-01  7.5870E-01  9.9942E-01  7.2395E-01
  9.9892E-01  3.3500E+00 -8.2030E-05  2.3011E-01  7.5849E-01  9.9939E-01  7.2439E-01
  1.0019E+00  3.3600E+00 -8.2787E-05  2.3227E-01  7.5825E-01  9.9936E-01  7.2480E-01
  1.0049E+00  3.3700E+00 -8.3549E-05  2.3444E-01  7.5800E-01  9.9933E-01  7.2517E-01
  1.0079E+00  3.3800E+00 -8.4320E-05  2.3661E-01  7.5773E-01  9.9931E-01  7.2549E-01
  1.0110E+00  3.3904E+00 -8.5126E-05  2.3885E-01  7.5741E-01  9.9928E-01  7.2578E-01
  1.0140E+00  3.4004E+00 -8.5911E-05  2.4102E-01  7.5707E-01  9.9925E-01  7.2600E-01
  1.0170E+00  3.4104E+00 -8.6702E-05  2.4319E-01  7.5669E-01  9.9921E-01  7.2618E-01
  1.0200E+00  3.4204E+00 -8.7498E-05  2.4536E-01  7.5628E-01  9.9918E-01  7.2630E-01
  1.0230E+00  3.4304E+00 -8.8302E-05  2.4753E-01  7.5583E-01  9.9914E-01  7.2637E-01
  1.0260E+00  3.4404E+00 -8.9115E-05  2.4970E-01  7.5533E-01  9.9912E-01  7.2637E-01
  1.0290E+00  3.4504E+00 -8.9939E-05  2.5187E-01  7.5478E-01  9.9909E-01  7.2631E-01
  1.0320E+00  3.4604E+00 -9.0772E-05  2.5404E-01  7.5418E-01  9.9906E-01  7.2618E-01
  1.0350E+00  3.4704E+00 -9.1615E-05  2.5621E-01  7.5352E-01  9.9903E-01  7.2597E-01
  1.0379E+00  3.4804E+00 -9.2468E-05  2.5838E-01  7.5278E-01  9.9900E-01  7.2568E-01
  1.0409E+00  3.4904E+00 -9.3330E-05  2.6055E-01  7.5198E-01  9.9896E-01  7.2531E-01
  1.0439E+00  3.5004E+00 -9.4202E-05  2.6271E-01  7.5109E-01  9.9894E-01  7.2483E-01
  1.0469E+00  3.5104E+00 -9.5085E-05  2.6487E-01  7.5011E-01  9.9891E-01  7.2426E-01
  1.0499E+00  3.5204E+00 -9.5981E-05  2.6703E-01  7.4904E-01  9.9889E-01  7.2358E-01
  1.0529E+00  3.5304E+00 -9.6894E-05  2.6919E-01  7.4786E-01  9.9888E-01  7.2277E-01
  1.0559E+00  3.5404E+00 -9.7822E-05  2.7135E-01  7.4656E-01  9.9887E-01  7.2183E-01
  1.0589E+00  3.5504E+00 -9.8762E-05  2.7350E-01  7.4512E-01  9.9885E-01  7.2074E-01
  1.0620E+00  3.5607E+00 -9.9748E-05  2.7572E-01  7.4348E-01  9.9883E-01  7.1944E-01
  1.0650E+00  3.5707E+00 -1.0071E-04  2.7786E-01  7.4174E-01  9.9881E-01  7.1801E-01
  1.0680E+00  3.5807E+00 -1.0169E-04  2.8000E-01  7.3982E-01  9.9881E-01  7.1640E-01
  1.0710E+00  3.5907E+00 -1.0268E-04  2.8213E-01  7.3770E-01  9.9880E-01  7.1457E-01
  1.0740E+00  3.6007E+00 -1.0368E-04  2.8426E-01  7.3538E-01  9.9880E-01  7.1253E-01
  1.0770E+00  3.6107E+00 -1.0470E-04  2.8638E-01  7.3283E-01  9.9881E-01  7.1024E-01
  1.0800E+00  3.6207E+00 -1.0573E-04  2.8849E-01  7.3002E-01  9.9881E-01  7.0768E-01
  1.0830E+00  3.6307E+00 -1.0677E-04  2.9059E-01  7.2695E-01  9.9882E-01  7.0483E-01
  1.0860E+00  3.6407E+00 -1.0782E-04  2.9268E-01  7.2358E-01  9.9884E-01  7.0168E-01
  1.0889E+00  3.6507E+00 -1.0888E-04  2.9476E-01  7.1988E-01  9.9886E-01  6.9818E-01
  1.0919E+00  3.6607E+00 -1.0995E-04  2.9683E-01  7.1584E-01  9.9888E-01  6.9432E-01
  1.0949E+00  3.6707E+00 -1.1103E-04  2.9889E-01  7.1142E-01  9.9891E-01  6.9006E-01
  1.0979E+00  3.6807E+00 -1.1211E-04  3.0093E-01  7.0658E-01  9.9894E-01  6.8537E-01
  1.1009E+00  3.6907E+00 -1.1319E-04  3.0296E-01  7.0131E-01  9.9896E-01  6.8022E-01
  1.1039E+00  3.7007E+00 -1.1427E-04  3.0497E-01  6.9556E-01  9.9900E-01  6.7457E-01
  1.1069E+00  3.7107E+00 -1.1534E-04  3.0697E-01  6.8931E-01  9.9903E-01  6.6840E-01
  1.1099E+00  3.7207E+00 -1.1641E-04  3.0894E-01  6.8251E-01  9.9906E-01  6.6166E-01
  1.1130E+00  3.7311E+00 -1.1750E-04  3.1095E-01  6.7487E-01  9.9910E-01  6.5405E-01
  1.1160E+00  3.7411E+00 -1.1855E-04  3.1288E-01  6.6685E-01  9.9914E-01  6.4604E-01
  1.1190E+00  3.7511E+00 -1.1958E-04  3.1478E-01  6.5818E-01  9.9919E-01  6.3734E-01
  1.1220E+00  3.7611E+00 -1.2058E-04  3.1665E-01  6.4882E-01  9.9922E-01  6.2791E-01
  1.1250E+00  3.7711E+00 -1.2155E-04  3.1849E-01  6.3870E-01  9.9915E-01  6.1771E-01
  1.1280E+00  3.7811E+00 -1.2247E-04  3.2030E-01  6.2782E-01  9.9899E-01  6.0670E-01
  1.1310E+00  3.7911E+00 -1.2332E-04  3.2208E-01  6.1617E-01  9.9885E-01  5.9488E-01
  1.1340E+00  3.8011E+00 -1.2412E-04  3.2382E-01  6.0373E-01  9.9879E-01  5.8223E-01
  1.1370E+00  3.8111E+00 -1.2487E-04  3.2551E-01  5.9047E-01  9.9881E-01  5.6870E-01
  1.1399E+00  3.8211E+00 -1.2556E-04  3.2717E-01  5.7634E-01  9.9880E-01  5.5424E-01
  1.1429E+00  3.8311E+00 -1.2619E-04  3.2878E-01  5.6132E-01  9.9871E-01  5.3884E-01
  1.1459E+00  3.8411E+00 -1.2674E-04  3.3034E-01  5.4539E-01  9.9856E-01  5.2245E-01
  1.1489E+00  3.8511E+00 -1.2721E-04  3.3185E-01  5.2854E-01  9.9838E-01  5.0507E-01
  1.1519E+00  3.8611E+00 -1.2757E-04  3.3330E-01  5.1078E-01  9.9815E-01  4.8668E-01
  1.1549E+00  3.8711E+00 -1.2782E-04  3.3470E-01  4.9211E-01  9.9785E-01  4.6728E-01
  1.1579E+00  3.8811E+00 -1.2794E-04  3.3604E-01  4.7255E-01  9.9747E-01  4.4687E-01
  1.1609E+00  3.8911E+00 -1.2793E-04  3.3732E-01  4.5215E-01  9.9694E-01  4.2547E-01
  1.1640E+00  3.9014E+00 -1.2775E-04  3.3857E-01  4.3023E-01  9.9638E-01  4.0235E-01
  1.1670E+00  3.9114E+00 -1.2742E-04  3.3971E-01  4.0833E-01  9.9588E-01  3.7908E-01
  1.1700E+00  3.9214E+00 -1.2693E-04  3.4078E-01  3.8583E-01  9.9537E-01  3.5496E-01
  1.1730E+00  3.9314E+00 -1.2630E-04  3.4178E-01  3.6282E-01  9.9489E-01  3.3004E-01
  1.1760E+00  3.9414E+00 -1.2552E-04  3.4270E-01  3.3942E-01  9.9441E-01  3.0437E-01
  1.1790E+00  3.9514E+00 -1.2458E-04  3.4354E-01  3.1577E-01  9.9391E-01  2.7799E-01
  1.1820E+00  3.9614E+00 -1.2350E-04  3.4431E-01  2.9205E-01  9.9338E-01  2.5097E-01
  1.1850E+00  3.9714E+00 -1.2225E-04  3.4499E-01  2.6849E-01  9.9275E-01  2.2337E-01
  1.1880E+00  3.9814E+00 -1.2083E-04  3.4559E-01  2.4540E-01  9.9209E-01  1.9528E-01
  1.1909E+00  3.9914E+00 -1.1925E-04  3.4611E-01  2.2319E-01  9.9149E-01  1.6679E-01
  1.1939E+00  4.0014E+00 -1.1752E-04  3.4654E-01  2.0237E-01  9.9087E-01  1.3799E-01
  1.1969E+00  4.0114E+00 -1.1564E-04  3.4689E-01  1.8363E-01  9.9029E-01  1.0898E-01
  1.1999E+00  4.0214E+00 -1.1362E-04  3.4715E-01  1.6780E-01  9.8972E-01  7.9820E-02
  1.2029E+00  4.0314E+00 -1.1147E-04  3.4732E-01  1.5588E-01  9.8910E-01  5.0619E-02
  1.2059E+00  4.0414E+00 -1.0918E-04  3.4741E-01  1.4886E-01  9.8853E-01  2.1473E-02
  1.2089E+00  4.0514E+00 -1.0678E-04  3.4741E-01  1.4742E-01  9.8799E-01 -7.5336E-03
  1.2119E+00  4.0614E+00 -1.0426E-04  3.4733E-01  1.5159E-01  9.8744E-01 -3.6312E-02
  1.2150E+00  4.0718E+00 -1.0156E-04  3.4716E-01  1.6119E-01  9.8689E-01 -6.5750E-02
  1.2180E+00  4.0818E+00 -9.8847E-05  3.4691E-01  1.7454E-01  9.8636E-01 -9.3789E-02
  1.2210E+00  4.0918E+00 -9.6051E-05  3.4657E-01  1.9080E-01  9.8584E-01 -1.2133E-01
  1.2240E+00  4.1018E+00 -9.3191E-05  3.4616E-01  2.0906E-01  9.8541E-01 -1.4828E-01
  1.2270E+00  4.1118E+00 -9.0285E-05  3.4567E-01  2.2857E-01  9.8502E-01 -1.7459E-01
  1.2300E+00  4.1218E+00 -8.7346E-05  3.4510E-01  2.4879E-01  9.8466E-01 -2.0020E-01
  1.2330E+00  4.1318E+00 -8.4387E-05  3.4446E-01  2.6932E-01  9.8432E-01 -2.2505E-01
  1.2360E+00  4.1418E+00 -8.1411E-05  3.4374E-01  2.8984E-01  9.8398E-01 -2.4909E-01
  1.2390E+00  4.1518E+00 -7.8428E-05  3.4296E-01  3.1014E-01  9.8368E-01 -2.7228E-01
  1.2419E+00  4.1618E+00 -7.5446E-05  3.4211E-01  3.3002E-01  9.8338E-01 -2.9457E-01
  1.2449E+00  4.1718E+00 -7.2470E-05  3.4119E-01  3.4936E-01  9.8311E-01 -3.1591E-01
  1.2479E+00  4.1818E+00 -6.9518E-05  3.4022E-01  3.6803E-01  9.8290E-01 -3.3627E-01
  1.2509E+00  4.1918E+00 -6.6612E-05  3.3918E-01  3.8597E-01  9.8274E-01 -3.5563E-01
  1.2539E+00  4.2018E+00 -6.3765E-05  3.3809E-01  4.0312E-01  9.8262E-01 -3.7399E-01
  1.2569E+00  4.2118E+00 -6.0988E-05  3.3695E-01  4.1945E-01  9.8254E-01 -3.9135E-01
  1.2599E+00  4.2218E+00 -5.8290E-05  3.3576E-01  4.3496E-01  9.8249E-01 -4.0772E-01
  1.2629E+00  4.2318E+00 -5.5679E-05  3.3452E-01  4.4962E-01  9.8247E-01 -4.2313E-01
  1.2660E+00  4.2421E+00 -5.3078E-05  3.3320E-01  4.6392E-01  9.8250E-01 -4.3809E-01
  1.2690E+00  4.2521E+00 -5.0671E-05  3.3187E-01  4.7693E-01  9.8256E-01 -4.5162E-01
  1.2720E+00  4.2621E+00 -4.8366E-05  3.3051E-01  4.8914E-01  9.8262E-01 -4.6429E-01
  1.2750E+00  4.2721E+00 -4.6155E-05  3.2911E-01  5.0058E-01  9.8266E-01 -4.7612E-01
  1.2780E+00  4.2821E+00 -4.4029E-05  3.2767E-01  5.1128E-01  9.8270E-01 -4.8713E-01
  1.2810E+00  4.2921E+00 -4.1996E-05  3.2621E-01  5.2124E-01  9.8278E-01 -4.9736E-01
  1.2840E+00  4.3021E+00 -4.0067E-05  3.2471E-01  5.3050E-01  9.8292E-01 -5.0682E-01
  1.2870E+00  4.3121E+00 -3.8248E-05  3.2319E-01  5.3908E-01  9.8308E-01 -5.1557E-01
  1.2900E+00  4.3221E+00 -3.6538E-05  3.2164E-01  5.4703E-01  9.8325E-01 -5.2364E-01
  1.2929E+00  4.3321E+00 -3.4934E-05  3.2007E-01  5.5438E-01  9.8343E-01 -5.3107E-01
  1.2959E+00  4.3421E+00 -3.3434E-05  3.1848E-01  5.6117E-01  9.8362E-01 -5.3791E-01
  1.2989E+00  4.3521E+00 -3.2034E-05  3.1687E-01  5.6742E-01  9.8381E-01 -5.4418E-01
  1.3019E+00  4.3621E+00 -3.0734E-05  3.1524E-01  5.7318E-01  9.8402E-01 -5.4992E-01
  1.3049E+00  4.3721E+00 -2.9530E-05  3.1360E-01  5.7847E-01  9.8424E-01 -5.5518E-01
  1.3079E+00  4.3821E+00 -2.8420E-05  3.1194E-01  5.8332E-01  9.8445E-01 -5.5998E-01
  1.3109E+00  4.3921E+00 -2.7402E-05  3.1026E-01  5.8778E-01  9.8468E-01 -5.6435E-01
  1.3139E+00  4.4021E+00 -2.6472E-05  3.0858E-01  5.9186E-01  9.8491E-01 -5.6833E-01
  1.3170E+00  4.4125E+00 -2.5599E-05  3.0682E-01  5.9572E-01  9.8515E-01 -5.7206E-01
  1.3200E+00  4.4225E+00 -2.4839E-05  3.0511E-01  5.9913E-01  9.8539E-01 -5.7533E-01
  1.3230E+00  4.4325E+00 -2.4159E-05  3.0339E-01  6.0224E-01  9.8562E-01 -5.7828E-01
  1.3260E+00  4.4425E+00 -2.3554E-05  3.0166E-01  6.0509E-01  9.8585E-01 -5.8095E-01
  1.3290E+00  4.4525E+00 -2.3022E-05  2.9993E-01  6.0768E-01  9.8608E-01 -5.8336E-01
  1.3320E+00  4.4625E+00 -2.2560E-05  2.9819E-01  6.1005E-01  9.8630E-01 -5.8552E-01
  1.3350E+00  4.4725E+00 -2.2163E-05  2.9644E-01  6.1221E-01  9.8653E-01 -5.8746E-01
  1.3380E+00  4.4825E+00 -2.1830E-05  2.9468E-01  6.1417E-01  9.8676E-01 -5.8920E-01
  1.3410E+00  4.4925E+00 -2.1556E-05  2.9292E-01  6.1596E-01  9.8696E-01 -5.9075E-01
  1.3439E+00  4.5025E+00 -2.1338E-05  2.9116E-01  6.1759E-01  9.8717E-01 -5.9213E-01
  1.3469E+00  4.5125E+00 -2.1175E-05  2.8939E-01  6.1908E-01  9.8737E-01 -5.9335E-01
  1.3499E+00  4.5225E+00 -2.1063E-05  2.8762E-01  6.2043E-01  9.8757E-01 -5.9442E-01
  1.3529E+00  4.5325E+00 -2.1002E-05  2.8584E-01  6.2166E-01  9.8779E-01 -5.9537E-01
  1.3559E+00  4.5425E+00 -2.0991E-05  2.8407E-01  6.2278E-01  9.8799E-01 -5.9619E-01
  1.3589E+00  4.5525E+00 -2.1024E-05  2.8229E-01  6.2380E-01  9.8817E-01 -5.9690E-01
  1.3619E+00  4.5625E+00 -2.1099E-05  2.8050E-01  6.2473E-01  9.8834E-01 -5.9751E-01
  1.3649E+00  4.5725E+00 -2.1212E-05  2.7872E-01  6.2558E-01  9.8850E-01 -5.9803E-01
  1.3680E+00  4.5828E+00 -2.1366E-05  2.7687E-01  6.2637E-01  9.8865E-01 -5.9847E-01
  1.3710E+00  4.5928E+00 -2.1551E-05  2.7508E-01  6.2707E-01  9.8881E-01 -5.9882E-01
  1.3740E+00  4.6028E+00 -2.1770E-05  2.7329E-01  6.2771E-01  9.8896E-01 -5.9910E-01
  1.3770E+00  4.6128E+00 -2.2020E-05  2.7150E-01  6.2829E-01  9.8910E-01 -5.9931E-01
  1.3800E+00  4.6228E+00 -2.2301E-05  2.6971E-01  6.2882E-01  9.8925E-01 -5.9946E-01
  1.3830E+00  4.6328E+00 -2.2611E-05  2.6792E-01  6.2930E-01  9.8938E-01 -5.9956E-01
  1.3860E+00  4.6428E+00 -2.2947E-05  2.6613E-01  6.2974E-01  9.8949E-01 -5.9960E-01
  1.3890E+00  4.6528E+00 -2.3307E-05  2.6434E-01  6.3014E-01  9.8960E-01 -5.9959E-01
  1.3920E+00  4.6628E+00 -2.3689E-05  2.6255E-01  6.3050E-01  9.8971E-01 -5.9954E-01
  1.3949E+00  4.6728E+00 -2.4093E-05  2.6076E-01  6.3083E-01  9.8982E-01 -5.9944E-01
  1.3979E+00  4.6828E+00 -2.4520E-05  2.5897E-01  6.3114E-01  9.8994E-01 -5.9931E-01
  1.4009E+00  4.6928E+00 -2.4969E-05  2.5717E-01  6.3141E-01  9.9004E-01 -5.9913E-01
  1.4039E+00  4.7028E+00 -2.5436E-05  2.5538E-01  6.3166E-01  9.9013E-01 -5.9893E-01
  1.4069E+00  4.7128E+00 -2.5920E-05  2.5359E-01  6.3189E-01  9.9021E-01 -5.9868E-01
  1.4099E+00  4.7228E+00 -2.6420E-05  2.5180E-01  6.3210E-01  9.9029E-01 -5.9841E-01
  1.4129E+00  4.7328E+00 -2.6936E-05  2.5002E-01  6.3229E-01  9.9038E-01 -5.9811E-01
  1.4159E+00  4.7428E+00 -2.7469E-05  2.4823E-01  6.3247E-01  9.9047E-01 -5.9778E-01
  1.4190E+00  4.7532E+00 -2.8039E-05  2.4638E-01  6.3263E-01  9.9056E-01 -5.9741E-01
  1.4220E+00  4.7632E+00 -2.8604E-05  2.4459E-01  6.3278E-01  9.9064E-01 -5.9703E-01
  1.4250E+00  4.7732E+00 -2.9183E-05  2.4281E-01  6.3291E-01  9.9071E-01 -5.9662E-01
  1.4280E+00  4.7832E+00 -2.9775E-05  2.4103E-01  6.3303E-01  9.9077E-01 -5.9619E-01
  1.4310E+00  4.7932E+00 -3.0377E-05  2.3924E-01  6.3315E-01  9.9083E-01 -5.9574E-01
  1.4340E+00  4.8032E+00 -3.0989E-05  2.3746E-01  6.3325E-01  9.9088E-01 -5.9526E-01
  1.4370E+00  4.8132E+00 -3.1610E-05  2.3568E-01  6.3334E-01  9.9093E-01 -5.9476E-01
  1.4400E+00  4.8232E+00 -3.2240E-05  2.3391E-01  6.3343E-01  9.9098E-01 -5.9424E-01
  1.4430E+00  4.8332E+00 -3.2880E-05  2.3213E-01  6.3351E-01  9.9103E-01 -5.9370E-01
  1.4459E+00  4.8432E+00 -3.3529E-05  2.3035E-01  6.3358E-01  9.9108E-01 -5.9314E-01
  1.4489E+00  4.8532E+00 -3.4186E-05  2.2858E-01  6.3365E-01  9.9112E-01 -5.9256E-01
  1.4519E+00  4.8632E+00 -3.4850E-05  2.2681E-01  6.3371E-01  9.9116E-01 -5.9195E-01
  1.4549E+00  4.8732E+00 -3.5521E-05  2.2504E-01  6.3377E-01  9.9120E-01 -5.9133E-01
  1.4579E+00  4.8832E+00 -3.6198E-05  2.2327E-01  6.3382E-01  9.9123E-01 -5.9068E-01
  1.4609E+00  4.8932E+00 -3.6882E-05  2.2150E-01  6.3387E-01  9.9127E-01 -5.9001E-01
  1.4639E+00  4.9032E+00 -3.7572E-05  2.1974E-01  6.3391E-01  9.9131E-01 -5.8932E-01
  1.4669E+00  4.9132E+00 -3.8268E-05  2.1798E-01  6.3395E-01  9.9134E-01 -5.8861E-01
  1.4700E+00  4.9235E+00 -3.8995E-05  2.1616E-01  6.3399E-01  9.9138E-01 -5.8785E-01
  1.4730E+00  4.9335E+00 -3.9704E-05  2.1440E-01  6.3403E-01  9.9141E-01 -5.8710E-01
  1.4760E+00  4.9435E+00 -4.0418E-05  2.1264E-01  6.3406E-01  9.9144E-01 -5.8632E-01
  1.4790E+00  4.9535E+00 -4.1137E-05  2.1089E-01  6.3409E-01  9.9147E-01 -5.8552E-01
  1.4820E+00  4.9635E+00 -4.1861E-05  2.0914E-01  6.3412E-01  9.9149E-01 -5.8470E-01
  1.4850E+00  4.9735E+00 -4.2588E-05  2.0739E-01  6.3414E-01  9.9152E-01 -5.8385E-01
  1.4880E+00  4.9835E+00 -4.3320E-05  2.0565E-01  6.3417E-01  9.9154E-01 -5.8297E-01
  1.4910E+00  4.9935E+00 -4.4056E-05  2.0390E-01  6.3419E-01  9.9156E-01 -5.8208E-01
  1.4940E+00  5.0035E+00 -4.4795E-05  2.0216E-01  6.3421E-01  9.9159E-01 -5.8115E-01
  1.5000E+00  5.0237E+00 -4.6299E-05  1.9866E-01  6.3424E-01  9.9163E-01 -5.7921E-01
