  1.1359E-07  0.0000E+00  2.9830E-04  7.4994E-01  2.7715E-01  1.0000E+00  4.2065E-06
  2.9353E-03  1.0000E-02  2.9885E-04  7.4994E-01  2.7715E-01  1.0000E+00  3.0485E-04
  6.0000E-03  2.0441E-02  2.9942E-04  7.4995E-01  2.7715E-01  1.0000E+00  6.1876E-04
  8.9352E-03  3.0441E-02  2.9998E-04  7.4995E-01  2.7715E-01  1.0000E+00  9.1940E-04
  1.2000E-02  4.0883E-02  3.0055E-04  7.4995E-01  2.7715E-01  1.0000E+00  1.2333E-03
  1.4935E-02  5.0883E-02  3.0110E-04  7.4995E-01  2.7715E-01  1.0000E+00  1.5339E-03
  1.8000E-02  6.1324E-02  3.0168E-04  7.4996E-01  2.7715E-01  1.0000E+00  1.8479E-03
  2.0935E-02  7.1324E-02  3.0223E-04  7.4997E-01  2.7715E-01  1.0000E+00  2.1485E-03
  2.4000E-02  8.1766E-02  3.0280E-04  7.4997E-01  2.7715E-01  1.0000E+00  2.4624E-03
  2.6935E-02  9.1766E-02  3.0336E-04  7.4998E-01  2.7715E-01  1.0000E+00  2.7630E-03
  3.0000E-02  1.0221E-01  3.0393E-04  7.4999E-01  2.7715E-01  1.0000E+00  3.0768E-03
  3.2935E-02  1.1221E-01  3.0448E-04  7.5000E-01  2.7715E-01  1.0000E+00  3.3774E-03
  3.6000E-02  1.2265E-01  3.0506E-04  7.5001E-01  2.7715E-01  1.0000E+00  3.6913E-03
  3.8935E-02  1.3265E-01  3.0561E-04  7.5002E-01  2.7715E-01  1.0000E+00  3.9918E-03
  4.2000E-02  1.4309E-01  3.0618E-04  7.5003E-01  2.7715E-01  1.0000E+00  4.3056E-03
  4.4935E-02  1.5309E-01  3.0674E-04  7.5005E-01  2.7715E-01  1.0000E+00  4.6062E-03
  4.8000E-02  1.6353E-01  3.0731E-04  7.5006E-01  2.7715E-01  1.0000E+00  4.9199E-03
  5.0935E-02  1.7353E-01  3.0786E-04  7.5008E-01  2.7715E-01  1.0000E+00  5.2204E-03
  5.4000E-02  1.8397E-01  3.0844E-04  7.5009E-01  2.7715E-01  1.0000E+00  5.5342E-03
  5.6935E-02  1.9397E-01  3.0899E-04  7.5011E-01  2.7715E-01  1.0000E+00  5.8346E-03
  6.0000E-02  2.0442E-01  3.0956E-04  7.5013E-01  2.7715E-01  1.0000E+00  6.1483E-03
  6.2935E-02  2.1442E-01  3.1011E-04  7.5015E-01  2.7715E-01  1.0000E+00  6.4488E-03
  6.6000E-02  2.2486E-01  3.1069E-04  7.5017E-01  2.7715E-01  1.0000E+00  6.7624E-03
  6.8935E-02  2.3486E-01  3.1124E-04  7.5019E-01  2.7715E-01  1.0000E+00  7.0628E-03
  7.2000E-02  2.4530E-01  3.1182E-04  7.5021E-01  2.7715E-01  1.0000E+00  7.3764E-03
  7.4935E-02  2.5530E-01  3.1237E-04  7.5023E-01  2.7715E-01  1.0000E+00  7.6769E-03
  7.8000E-02  2.6574E-01  3.1294E-04  7.5026E-01  2.7716E-01  1.0000E+00  7.9915E-03
  8.0935E-02  2.7574E-01  3.1349E-04  7.5028E-01  2.7716E-01  1.0000E+00  8.2972E-03
  8.4000E-02  2.8618E-01  3.1407E-04  7.5030E-01  2.7716E-01  1.0000E+00  8.6428E-03
  8.6935E-02  2.9618E-01  3.1463E-04  7.5033E-01  2.7716E-01  1.0000E+00  9.1119E-03
  9.0000E-02  3.0662E-01  3.1523E-04  7.5036E-01  2.7722E-01  1.0001E+00  1.0412E-02
  9.2935E-02  3.1662E-01  3.1593E-04  7.5040E-01  2.7756E-01  1.0004E+00  1.5848E-02
  9.6000E-02  3.2707E-01  3.1733E-04  7.5048E-01  2.8146E-01  1.0035E+00  4.4400E-02
  9.8935E-02  3.3707E-01  3.2124E-04  7.5074E-01  3.2606E-01  1.0281E+00  1.5905E-01
  1.0200E-01  3.4751E-01  3.3150E-04  7.5166E-01  5.6467E-01  1.1037E+00  4.7508E-01
  1.0494E-01  3.5751E-01  3.4726E-04  7.5371E-01  9.9221E-01  1.1557E+00  9.3963E-01
  1.0800E-01  3.6795E-01  3.6673E-04  7.5742E-01  1.5221E+00  1.1709E+00  1.4878E+00
  1.1094E-01  3.7795E-01  3.8667E-04  7.6258E-01  2.0544E+00  1.1741E+00  2.0294E+00
  1.1400E-01  3.8839E-01  4.0850E-04  7.6968E-01  2.6215E+00  1.1744E+00  2.6022E+00
  1.1694E-01  3.9839E-01  4.3030E-04  7.7813E-01  3.1720E+00  1.1744E+00  3.1565E+00
  1.2000E-01  4.0883E-01  4.5404E-04  7.8870E-01  3.7551E+00  1.1744E+00  3.7423E+00
  1.2294E-01  4.1883E-01  4.7777E-04  8.0051E-01  4.3221E+00  1.1744E+00  4.3114E+00
  1.2600E-01  4.2927E-01  5.0364E-04  8.1465E-01  4.9244E+00  1.1744E+00  4.9153E+00
  1.2894E-01  4.3927E-01  5.2951E-04  8.2994E-01  5.5120E+00  1.1744E+00  5.5041E+00
  1.3200E-01  4.4972E-01  5.5773E-04  8.4776E-01  6.1381E+00  1.1744E+00  6.1314E+00
  1.3494E-01  4.5972E-01  5.8596E-04  8.6666E-01  6.7510E+00  1.1744E+00  6.7452E+00
  1.3800E-01  4.7016E-01  6.1678E-04  8.8833E-01  7.4064E+00  1.1744E+00  7.4013E+00
  1.4094E-01  4.8016E-01  6.4763E-04  9.1100E-01  8.0499E+00  1.1744E+00  8.0454E+00
  1.4400E-01  4.9060E-01  6.8131E-04  9.3671E-01  8.7401E+00  1.1744E+00  8.7362E+00
  1.4693E-01  5.0060E-01  7.1503E-04  9.6334E-01  9.4198E+00  1.1744E+00  9.4163E+00
  1.5000E-01  5.1104E-01  7.5188E-04  9.9332E-01  1.0151E+01  1.1744E+00  1.0148E+01
  1.5293E-01  5.2104E-01  7.8878E-04  1.0242E+00  1.0873E+01  1.1744E+00  1.0870E+01
  1.5600E-01  5.3149E-01  8.2910E-04  1.0587E+00  1.1651E+01  1.1744E+00  1.1649E+01
  1.5893E-01  5.4149E-01  8.6949E-04  1.0940E+00  1.2421E+01  1.1744E+00  1.2419E+01
  1.6200E-01  5.5193E-01  9.1364E-04  1.1333E+00  1.3253E+01  1.1744E+00  1.3252E+01
  1.6493E-01  5.6193E-01  9.5787E-04  1.1734E+00  1.4079E+01  1.1744E+00  1.4077E+01
  1.6800E-01  5.7238E-01  1.0062E-03  1.2179E+00  1.4973E+01  1.1744E+00  1.4971E+01
  1.7093E-01  5.8238E-01  1.0547E-03  1.2631E+00  1.5860E+01  1.1744E+00  1.5859E+01
  1.7400E-01  5.9282E-01  1.1076E-03  1.3132E+00  1.6823E+01  1.1744E+00  1.6822E+01
  1.7693E-01  6.0282E-01  1.1607E-03  1.3640E+00  1.7781E+01  1.1744E+00  1.7781E+01
  1.8000E-01  6.1327E-01  1.2187E-03  1.4201E+00  1.8822E+01  1.1744E+00  1.8821E+01
  1.8293E-01  6.2327E-01  1.2769E-03  1.4768E+00  1.9859E+01  1.1745E+00  1.9858E+01
  1.8600E-01  6.3371E-01  1.3404E-03  1.5394E+00  2.0986E+01  1.1745E+00  2.0986E+01
  1.8893E-01  6.4371E-01  1.4041E-03  1.6026E+00  2.2111E+01  1.1746E+00  2.2110E+01
  1.9200E-01  6.5416E-01  1.4737E-03  1.6723E+00  2.3335E+01  1.1747E+00  2.3335E+01
  1.9493E-01  6.6416E-01  1.5434E-03  1.7425E+00  2.4557E+01  1.1748E+00  2.4557E+01
  1.9800E-01  6.7461E-01  1.6196E-03  1.8198E+00  2.5889E+01  1.1751E+00  2.5889E+01
  2.0093E-01  6.8461E-01  1.6959E-03  1.8977E+00  2.7220E+01  1.1755E+00  2.7219E+01
  2.0400E-01  6.9506E-01  1.7793E-03  1.9834E+00  2.8671E+01  1.1761E+00  2.8671E+01
  2.0693E-01  7.0506E-01  1.8628E-03  2.0696E+00  3.0122E+01  1.1769E+00  3.0121E+01
  2.1000E-01  7.1551E-01  1.9540E-03  2.1644E+00  3.1705E+01  1.1783E+00  3.1705E+01
  2.1293E-01  7.2551E-01  2.0452E-03  2.2597E+00  3.3288E+01  1.1801E+00  3.3288E+01
  2.1600E-01  7.3597E-01  2.1449E-03  2.3644E+00  3.5018E+01  1.1831E+00  3.5018E+01
  2.1893E-01  7.4597E-01  2.2445E-03  2.4696E+00  3.6748E+01  1.1871E+00  3.6748E+01
  2.2200E-01  7.5643E-01  2.3533E-03  2.5852E+00  3.8640E+01  1.1934E+00  3.8640E+01
  2.2493E-01  7.6643E-01  2.4619E-03  2.7013E+00  4.0531E+01  1.2022E+00  4.0531E+01
  2.2800E-01  7.7689E-01  2.5805E-03  2.8287E+00  4.2601E+01  1.2155E+00  4.2601E+01
  2.3093E-01  7.8689E-01  2.6988E-03  2.9567E+00  4.4672E+01  1.2340E+00  4.4672E+01
  2.3400E-01  7.9735E-01  2.8279E-03  3.0972E+00  4.6938E+01  1.2618E+00  4.6938E+01
  2.3693E-01  8.0735E-01  2.9565E-03  3.2381E+00  4.9206E+01  1.2997E+00  4.9205E+01
  2.4000E-01  8.1782E-01  3.0967E-03  3.3928E+00  5.1689E+01  1.3556E+00  5.1689E+01
  2.4293E-01  8.2782E-01  3.2361E-03  3.5479E+00  5.4173E+01  1.4300E+00  5.4173E+01
  2.4600E-01  8.3829E-01  3.3880E-03  3.7183E+00  5.6896E+01  1.5369E+00  5.6896E+01
  2.4893E-01  8.4829E-01  3.5388E-03  3.8890E+00  5.9619E+01  1.6745E+00  5.9619E+01
  2.5200E-01  8.5877E-01  3.7028E-03  4.0766E+00  6.2606E+01  1.8654E+00  6.2606E+01
  2.5493E-01  8.6877E-01  3.8652E-03  4.2643E+00  6.5591E+01  2.1022E+00  6.5591E+01
  2.5800E-01  8.7925E-01  4.0417E-03  4.4707E+00  6.8869E+01  2.4201E+00  6.8869E+01
  2.6093E-01  8.8925E-01  4.2158E-03  4.6771E+00  7.2143E+01  2.8023E+00  7.2143E+01
  2.6400E-01  8.9975E-01  4.4047E-03  4.9042E+00  7.5742E+01  3.3025E+00  7.5742E+01
  2.6693E-01  9.0975E-01  4.5903E-03  5.1311E+00  7.9334E+01  3.8911E+00  7.9333E+01
  2.7000E-01  9.2025E-01  4.7912E-03  5.3809E+00  8.3286E+01  4.6498E+00  8.3286E+01
  2.7292E-01  9.3025E-01  4.9877E-03  5.6302E+00  8.7228E+01  5.5310E+00  8.7227E+01
  2.7600E-01  9.4077E-01  5.1996E-03  5.9051E+00  9.1571E+01  6.6584E+00  9.1571E+01
  2.7892E-01  9.5077E-01  5.4055E-03  6.1790E+00  9.5897E+01  7.9577E+00  9.5896E+01
  2.8200E-01  9.6131E-01  5.6267E-03  6.4814E+00  1.0067E+02  9.6148E+00  1.0067E+02
  2.8492E-01  9.7131E-01  5.8398E-03  6.7822E+00  1.0542E+02  1.1516E+01  1.0542E+02
  2.8800E-01  9.8187E-01  6.0673E-03  7.1149E+00  1.1067E+02  1.3938E+01  1.1067E+02
  2.9092E-01  9.9187E-01  6.2840E-03  7.4452E+00  1.1588E+02  1.6598E+01  1.1587E+02
  2.9400E-01  1.0024E+00  6.5124E-03  7.8112E+00  1.2157E+02  1.9499E+01  1.2157E+02
  2.9691E-01  1.0124E+00  6.7236E-03  8.1731E+00  1.2690E+02  2.1598E+01  1.2690E+02
  3.0000E-01  1.0231E+00  6.9346E-03  8.5726E+00  1.3157E+02  3.2084E+01  1.3157E+02
  3.0291E-01  1.0331E+00  7.1257E-03  8.9593E+00  1.3396E+02  5.5928E+01  1.3396E+02
  3.0600E-01  1.0437E+00  7.3459E-03  9.3749E+00  1.3480E+02  7.1489E+01  1.3479E+02
  3.0891E-01  1.0537E+00  7.5713E-03  9.7672E+00  1.3498E+02  7.6059E+01  1.3497E+02
  3.1200E-01  1.0643E+00  7.8185E-03  1.0185E+01  1.3502E+02  7.7234E+01  1.3501E+02
  3.1491E-01  1.0743E+00  8.0530E-03  1.0577E+01  1.3503E+02  7.7475E+01  1.3502E+02
  3.1800E-01  1.0849E+00  8.3029E-03  1.0995E+01  1.3503E+02  7.7530E+01  1.3502E+02
  3.2091E-01  1.0949E+00  8.5380E-03  1.1387E+01  1.3503E+02  7.7539E+01  1.3502E+02
  3.2400E-01  1.1056E+00  8.7880E-03  1.1805E+01  1.3503E+02  7.7540E+01  1.3502E+02
  3.2691E-01  1.1156E+00  9.0232E-03  1.2198E+01  1.3503E+02  7.7539E+01  1.3502E+02
  3.3000E-01  1.1262E+00  9.2731E-03  1.2615E+01  1.3503E+02  7.7538E+01  1.3502E+02
  3.3291E-01  1.1362E+00  9.5083E-03  1.3008E+01  1.3503E+02  7.7537E+01  1.3502E+02
  3.3600E-01  1.1468E+00  9.7583E-03  1.3425E+01  1.3503E+02  7.7537E+01  1.3503E+02
  3.3891E-01  1.1568E+00  9.9935E-03  1.3818E+01  1.3503E+02  7.7537E+01  1.3503E+02
  3.4200E-01  1.1674E+00  1.0243E-02  1.4235E+01  1.3503E+02  7.7536E+01  1.3503E+02
  3.4491E-01  1.1774E+00  1.0479E-02  1.4628E+01  1.3503E+02  7.7537E+01  1.3503E+02
  3.4800E-01  1.1881E+00  1.0729E-02  1.5045E+01  1.3503E+02  7.7537E+01  1.3503E+02
  3.5091E-01  1.1981E+00  1.0964E-02  1.5438E+01  1.3503E+02  7.7538E+01  1.3503E+02
  3.5400E-01  1.2087E+00  1.1214E-02  1.5856E+01  1.3503E+02  7.7539E+01  1.3503E+02
  3.5691E-01  1.2187E+00  1.1449E-02  1.6248E+01  1.3503E+02  7.7540E+01  1.3503E+02
  3.6000E-01  1.2293E+00  1.1699E-02  1.6666E+01  1.3503E+02  7.7542E+01  1.3503E+02
  3.6291E-01  1.2393E+00  1.1934E-02  1.7058E+01  1.3503E+02  7.7544E+01  1.3503E+02
  3.6600E-01  1.2500E+00  1.2184E-02  1.7476E+01  1.3503E+02  7.7546E+01  1.3503E+02
  3.6891E-01  1.2600E+00  1.2419E-02  1.7869E+01  1.3503E+02  7.7548E+01  1.3503E+02
  3.7200E-01  1.2706E+00  1.2669E-02  1.8286E+01  1.3503E+02  7.7551E+01  1.3503E+02
  3.7491E-01  1.2806E+00  1.2904E-02  1.8679E+01  1.3503E+02  7.7554E+01  1.3503E+02
  3.7800E-01  1.2912E+00  1.3154E-02  1.9096E+01  1.3503E+02  7.7558E+01  1.3503E+02
  3.8091E-01  1.3012E+00  1.3390E-02  1.9489E+01  1.3503E+02  7.7561E+01  1.3503E+02
  3.8400E-01  1.3118E+00  1.3640E-02  1.9906E+01  1.3503E+02  7.7565E+01  1.3503E+02
  3.8691E-01  1.3218E+00  1.3875E-02  2.0299E+01  1.3503E+02  7.7569E+01  1.3503E+02
  3.9000E-01  1.3325E+00  1.4125E-02  2.0716E+01  1.3503E+02  7.7573E+01  1.3503E+02
  3.9291E-01  1.3425E+00  1.4360E-02  2.1109E+01  1.3503E+02  7.7578E+01  1.3503E+02
  3.9600E-01  1.3531E+00  1.4610E-02  2.1527E+01  1.3503E+02  7.7583E+01  1.3503E+02
  3.9891E-01  1.3631E+00  1.4845E-02  2.1919E+01  1.3503E+02  7.7588E+01  1.3503E+02
  4.0200E-01  1.3737E+00  1.5095E-02  2.2337E+01  1.3503E+02  7.7594E+01  1.3503E+02
  4.0491E-01  1.3837E+00  1.5330E-02  2.2730E+01  1.3503E+02  7.7599E+01  1.3503E+02
  4.0800E-01  1.3944E+00  1.5580E-02  2.3147E+01  1.3503E+02  7.7605E+01  1.3503E+02
  4.1091E-01  1.4044E+00  1.5815E-02  2.3540E+01  1.3503E+02  7.7611E+01  1.3503E+02
  4.1400E-01  1.4150E+00  1.6065E-02  2.3957E+01  1.3503E+02  7.7618E+01  1.3503E+02
  4.1691E-01  1.4250E+00  1.6301E-02  2.4350E+01  1.3503E+02  7.7625E+01  1.3503E+02
  4.2000E-01  1.4356E+00  1.6551E-02  2.4767E+01  1.3503E+02  7.7632E+01  1.3503E+02
  4.2291E-01  1.4456E+00  1.6786E-02  2.5160E+01  1.3503E+02  7.7639E+01  1.3503E+02
  4.2600E-01  1.4563E+00  1.7036E-02  2.5577E+01  1.3503E+02  7.7647E+01  1.3503E+02
  4.2891E-01  1.4663E+00  1.7271E-02  2.5970E+01  1.3503E+02  7.7655E+01  1.3503E+02
  4.3200E-01  1.4769E+00  1.7521E-02  2.6388E+01  1.3503E+02  7.7663E+01  1.3503E+02
  4.3491E-01  1.4869E+00  1.7756E-02  2.6780E+01  1.3503E+02  7.7672E+01  1.3503E+02
  4.3800E-01  1.4975E+00  1.8006E-02  2.7198E+01  1.3503E+02  7.7681E+01  1.3503E+02
  4.4091E-01  1.5075E+00  1.8241E-02  2.7591E+01  1.3503E+02  7.7689E+01  1.3503E+02
  4.4400E-01  1.5181E+00  1.8491E-02  2.8008E+01  1.3503E+02  7.7699E+01  1.3503E+02
  4.4691E-01  1.5281E+00  1.8726E-02  2.8401E+01  1.3503E+02  7.7708E+01  1.3503E+02
  4.5000E-01  1.5388E+00  1.8976E-02  2.8818E+01  1.3503E+02  7.7719E+01  1.3503E+02
  4.5291E-01  1.5488E+00  1.9212E-02  2.9211E+01  1.3503E+02  7.7728E+01  1.3503E+02
  4.5600E-01  1.5594E+00  1.9462E-02  2.9628E+01  1.3503E+02  7.7739E+01  1.3503E+02
  4.5891E-01  1.5694E+00  1.9697E-02  3.0021E+01  1.3503E+02  7.7749E+01  1.3503E+02
  4.6200E-01  1.5800E+00  1.9947E-02  3.0438E+01  1.3503E+02  7.7761E+01  1.3503E+02
  4.6491E-01  1.5900E+00  2.0182E-02  3.0831E+01  1.3503E+02  7.7772E+01  1.3503E+02
  4.6800E-01  1.6007E+00  2.0432E-02  3.1249E+01  1.3503E+02  7.7784E+01  1.3503E+02
  4.7091E-01  1.6107E+00  2.0667E-02  3.1641E+01  1.3503E+02  7.7795E+01  1.3503E+02
  4.7400E-01  1.6213E+00  2.0917E-02  3.2059E+01  1.3503E+02  7.7807E+01  1.3503E+02
  4.7691E-01  1.6313E+00  2.1152E-02  3.2452E+01  1.3503E+02  7.7819E+01  1.3503E+02
  4.8000E-01  1.6419E+00  2.1402E-02  3.2869E+01  1.3503E+02  7.7832E+01  1.3503E+02
  4.8291E-01  1.6519E+00  2.1637E-02  3.3262E+01  1.3503E+02  7.7845E+01  1.3503E+02
  4.8600E-01  1.6625E+00  2.1887E-02  3.3679E+01  1.3503E+02  7.7858E+01  1.3503E+02
  4.8891E-01  1.6725E+00  2.2123E-02  3.4072E+01  1.3503E+02  7.7871E+01  1.3503E+02
  4.9200E-01  1.6832E+00  2.2373E-02  3.4489E+01  1.3503E+02  7.7885E+01  1.3503E+02
  4.9491E-01  1.6932E+00  2.2608E-02  3.4882E+01  1.3503E+02  7.7899E+01  1.3503E+02
  4.9800E-01  1.7038E+00  2.2858E-02  3.5299E+01  1.3503E+02  7.7914E+01  1.3503E+02
  5.0091E-01  1.7138E+00  2.3093E-02  3.5692E+01  1.3503E+02  7.7928E+01  1.3503E+02
  5.0400E-01  1.7244E+00  2.3343E-02  3.6110E+01  1.3503E+02  7.7943E+01  1.3503E+02
  5.0691E-01  1.7344E+00  2.3578E-02  3.6502E+01  1.3503E+02  7.7958E+01  1.3503E+02
  5.1000E-01  1.7451E+00  2.3828E-02  3.6920E+01  1.3503E+02  7.7973E+01  1.3503E+02
  5.1291E-01  1.7551E+00  2.4063E-02  3.7313E+01  1.3503E+02  7.7988E+01  1.3503E+02
  5.1600E-01  1.7657E+00  2.4313E-02  3.7730E+01  1.3503E+02  7.8005E+01  1.3503E+02
  5.1891E-01  1.7757E+00  2.4548E-02  3.8123E+01  1.3503E+02  7.8020E+01  1.3503E+02
  5.2200E-01  1.7863E+00  2.4798E-02  3.8540E+01  1.3503E+02  7.8037E+01  1.3503E+02
  5.2491E-01  1.7963E+00  2.5034E-02  3.8933E+01  1.3503E+02  7.8053E+01  1.3503E+02
  5.2800E-01  1.8069E+00  2.5283E-02  3.9350E+01  1.3503E+02  7.8071E+01  1.3503E+02
  5.3091E-01  1.8169E+00  2.5519E-02  3.9743E+01  1.3503E+02  7.8088E+01  1.3503E+02
  5.3400E-01  1.8276E+00  2.5769E-02  4.0161E+01  1.3503E+02  7.8106E+01  1.3503E+02
  5.3691E-01  1.8376E+00  2.6004E-02  4.0553E+01  1.3503E+02  7.8123E+01  1.3503E+02
  5.4000E-01  1.8482E+00  2.6254E-02  4.0971E+01  1.3503E+02  7.8141E+01  1.3503E+02
  5.4291E-01  1.8582E+00  2.6489E-02  4.1363E+01  1.3503E+02  7.8159E+01  1.3503E+02
  5.4600E-01  1.8688E+00  2.6739E-02  4.1781E+01  1.3503E+02  7.8178E+01  1.3503E+02
  5.4891E-01  1.8788E+00  2.6974E-02  4.2174E+01  1.3503E+02  7.8197E+01  1.3503E+02
  5.5200E-01  1.8895E+00  2.7224E-02  4.2591E+01  1.3503E+02  7.8216E+01  1.3503E+02
  5.5491E-01  1.8995E+00  2.7459E-02  4.2984E+01  1.3503E+02  7.8235E+01  1.3503E+02
  5.5800E-01  1.9101E+00  2.7709E-02  4.3401E+01  1.3503E+02  7.8255E+01  1.3503E+02
  5.6091E-01  1.9201E+00  2.7944E-02  4.3794E+01  1.3503E+02  7.8275E+01  1.3503E+02
  5.6400E-01  1.9307E+00  2.8194E-02  4.4211E+01  1.3503E+02  7.8295E+01  1.3503E+02
  5.6691E-01  1.9407E+00  2.8430E-02  4.4604E+01  1.3503E+02  7.8315E+01  1.3503E+02
  5.7000E-01  1.9513E+00  2.8680E-02  4.5022E+01  1.3503E+02  7.8337E+01  1.3503E+02
  5.7291E-01  1.9613E+00  2.8915E-02  4.5414E+01  1.3503E+02  7.8357E+01  1.3503E+02
  5.7600E-01  1.9720E+00  2.9165E-02  4.5832E+01  1.3503E+02  7.8381E+01  1.3503E+02
  5.7891E-01  1.9820E+00  2.9400E-02  4.6224E+01  1.3503E+02  7.8414E+01  1.3503E+02
  5.8200E-01  1.9926E+00  2.9650E-02  4.6642E+01  1.3503E+02  7.8510E+01  1.3503E+02
  5.8491E-01  2.0026E+00  2.9885E-02  4.7035E+01  1.3503E+02  7.8922E+01  1.3503E+02
  5.8800E-01  2.0132E+00  3.0135E-02  4.7452E+01  1.3502E+02  8.1518E+01  1.3502E+02
  5.9091E-01  2.0232E+00  3.0370E-02  4.7845E+01  1.3495E+02  9.9001E+01  1.3495E+02
  5.9400E-01  2.0339E+00  3.0620E-02  4.8261E+01  1.3459E+02  2.4290E+02  1.3459E+02
  5.9691E-01  2.0439E+00  3.0877E-02  4.8651E+01  1.3308E+02  8.5464E+02  1.3303E+02
  6.0000E-01  2.0545E+00  3.1290E-02  4.9055E+01  1.2809E+02  2.5308E+03  1.2764E+02
  6.0291E-01  2.0645E+00  3.1991E-02  4.9413E+01  1.1859E+02  5.0591E+03  1.1664E+02
  6.0600E-01  2.0751E+00  3.3318E-02  4.9746E+01  1.0400E+02  8.1840E+03  9.8154E+01
  6.0892E-01  2.0851E+00  3.5648E-02  5.0000E+01  8.8133E+01  1.1035E+04  7.5144E+01
  6.1200E-01  2.0956E+00  3.9851E-02  5.0189E+01  7.3087E+01  1.3595E+04  4.6417E+01
  6.1493E-01  2.1056E+00  4.5634E-02  5.0281E+01  6.6457E+01  1.5559E+04  1.6154E+01
  6.1800E-01  2.1161E+00  5.3332E-02  5.0279E+01  7.3563E+01  1.7241E+04 -1.7430E+01
  6.2092E-01  2.1261E+00  6.1887E-02  5.0180E+01  9.2028E+01  1.8476E+04 -5.0618E+01
  6.2400E-01  2.1366E+00  7.1893E-02  4.9969E+01  1.1866E+02  1.9401E+04 -8.6457E+01
  6.2691E-01  2.1466E+00  8.2143E-02  4.9668E+01  1.4780E+02  2.0124E+04 -1.2082E+02
  6.3000E-01  2.1573E+00  9.3761E-02  4.9238E+01  1.8117E+02  2.0895E+04 -1.5744E+02
  6.3300E-01  2.1677E+00  1.0574E-01  4.8712E+01  2.1500E+02  2.1698E+04 -1.9301E+02
  6.3600E-01  2.1782E+00  1.1838E-01  4.8080E+01  2.4963E+02  2.2558E+04 -2.2848E+02
  6.3899E-01  2.1888E+00  1.3168E-01  4.7342E+01  2.8474E+02  2.3442E+04 -2.6384E+02
  6.4199E-01  2.1994E+00  1.4555E-01  4.6499E+01  3.2006E+02  2.4217E+04 -2.9915E+02
  6.4499E-01  2.2102E+00  1.5976E-01  4.5549E+01  3.5539E+02  2.4692E+04 -3.3460E+02
  6.4798E-01  2.2212E+00  1.7400E-01  4.4494E+01  3.9070E+02  2.4916E+04 -3.7007E+02
  6.5096E-01  2.2322E+00  1.8801E-01  4.3339E+01  4.2582E+02  2.5077E+04 -4.0510E+02
  6.5390E-01  2.2432E+00  2.0162E-01  4.2098E+01  4.6035E+02  2.5272E+04 -4.3916E+02
  6.5698E-01  2.2548E+00  2.1566E-01  4.0693E+01  4.9627E+02  2.5561E+04 -4.7406E+02
  6.5998E-01  2.2664E+00  2.2918E-01  3.9220E+01  5.3088E+02  2.5954E+04 -5.0708E+02
  6.6297E-01  2.2782E+00  2.4257E-01  3.7656E+01  5.6481E+02  2.6468E+04 -5.3869E+02
  6.6596E-01  2.2901E+00  2.5597E-01  3.6001E+01  5.9793E+02  2.7107E+04 -5.6857E+02
  6.6891E-01  2.3021E+00  2.6940E-01  3.4281E+01  6.2968E+02  2.7853E+04 -5.9597E+02
  6.7197E-01  2.3148E+00  2.8366E-01  3.2420E+01  6.6126E+02  2.8726E+04 -6.2152E+02
  6.7497E-01  2.3274E+00  2.9824E-01  3.0524E+01  6.9074E+02  2.9657E+04 -6.4310E+02
  6.7795E-01  2.3402E+00  3.1357E-01  2.8576E+01  7.1834E+02  3.0627E+04 -6.6023E+02
  6.8093E-01  2.3532E+00  3.2990E-01  2.6592E+01  7.4382E+02  3.1600E+04 -6.7183E+02
  6.8397E-01  2.3667E+00  3.4789E-01  2.4541E+01  7.6743E+02  3.2562E+04 -6.7644E+02
  6.8696E-01  2.3802E+00  3.6718E-01  2.2519E+01  7.8801E+02  3.3444E+04 -6.7174E+02
  6.8995E-01  2.3939E+00  3.8817E-01  2.0534E+01  8.0542E+02  3.4214E+04 -6.5501E+02
  6.9294E-01  2.4078E+00  4.1105E-01  1.8622E+01  8.1932E+02  3.4843E+04 -6.2248E+02
  6.9592E-01  2.4218E+00  4.3590E-01  1.6838E+01  8.2979E+02  3.5331E+04 -5.6940E+02
  6.9897E-01  2.4362E+00  4.6348E-01  1.5220E+01  8.3737E+02  3.5694E+04 -4.8801E+02
  7.0190E-01  2.4502E+00  4.9224E-01  1.3942E+01  8.4217E+02  3.5921E+04 -3.7804E+02
  7.0495E-01  2.4648E+00  5.2442E-01  1.3008E+01  8.4499E+02  3.6034E+04 -2.2899E+02
  7.0796E-01  2.4793E+00  5.5846E-01  1.2576E+01  8.4603E+02  3.6028E+04 -5.4939E+01
  7.1096E-01  2.4938E+00  5.9456E-01  1.2683E+01  8.4568E+02  3.5911E+04  1.2547E+02
  7.1396E-01  2.5084E+00  6.3256E-01  1.3311E+01  8.4420E+02  3.5712E+04  2.8854E+02
  7.1696E-01  2.5229E+00  6.7182E-01  1.4382E+01  8.4177E+02  3.5480E+04  4.1982E+02
  7.1996E-01  2.5374E+00  7.1188E-01  1.5797E+01  8.3859E+02  3.5218E+04  5.1886E+02
  7.2296E-01  2.5520E+00  7.5264E-01  1.7468E+01  8.3481E+02  3.4937E+04  5.9054E+02
  7.2596E-01  2.5665E+00  7.9414E-01  1.9321E+01  8.3057E+02  3.4676E+04  6.4095E+02
  7.2896E-01  2.5809E+00  8.3628E-01  2.1302E+01  8.2598E+02  3.4458E+04  6.7596E+02
  7.3197E-01  2.5954E+00  8.7883E-01  2.3371E+01  8.2111E+02  3.4297E+04  7.0008E+02
  7.3497E-01  2.6097E+00  9.2162E-01  2.5500E+01  8.1601E+02  3.4182E+04  7.1660E+02
  7.3791E-01  2.6237E+00  9.6352E-01  2.7624E+01  8.1078E+02  3.4094E+04  7.2754E+02
  7.4096E-01  2.6382E+00  1.0069E+00  2.9857E+01  8.0509E+02  3.4016E+04  7.3492E+02
  7.4393E-01  2.6522E+00  1.0488E+00  3.2042E+01  7.9937E+02  3.3949E+04  7.3922E+02
  7.4691E-01  2.6662E+00  1.0907E+00  3.4250E+01  7.9344E+02  3.3887E+04  7.4141E+02
  7.4991E-01  2.6802E+00  1.1323E+00  3.6474E+01  7.8731E+02  3.3824E+04  7.4192E+02
  7.5292E-01  2.6942E+00  1.1735E+00  3.8709E+01  7.8094E+02  3.3753E+04  7.4105E+02
  7.5593E-01  2.7081E+00  1.2139E+00  4.0940E+01  7.7427E+02  3.3664E+04  7.3899E+02
  7.5894E-01  2.7219E+00  1.2532E+00  4.3158E+01  7.6733E+02  3.3555E+04  7.3593E+02
  7.6195E-01  2.7356E+00  1.2917E+00  4.5365E+01  7.6018E+02  3.3424E+04  7.3210E+02
  7.6496E-01  2.7493E+00  1.3294E+00  4.7560E+01  7.5286E+02  3.3278E+04  7.2760E+02
  7.6796E-01  2.7629E+00  1.3662E+00  4.9739E+01  7.4538E+02  3.3131E+04  7.2255E+02
  7.7097E-01  2.7764E+00  1.4022E+00  5.1903E+01  7.3788E+02  3.2991E+04  7.1712E+02
  7.7397E-01  2.7898E+00  1.4373E+00  5.4049E+01  7.3038E+02  3.2876E+04  7.1139E+02
  7.7698E-01  2.8032E+00  1.4715E+00  5.6178E+01  7.2293E+02  3.2808E+04  7.0544E+02
  7.7991E-01  2.8162E+00  1.5043E+00  5.8241E+01  7.1573E+02  3.2822E+04  6.9943E+02
  7.8297E-01  2.8297E+00  1.5376E+00  6.0369E+01  7.0842E+02  3.2941E+04  6.9314E+02
  7.8593E-01  2.8427E+00  1.5690E+00  6.2414E+01  7.0169E+02  3.3158E+04  6.8718E+02
  7.8891E-01  2.8557E+00  1.5995E+00  6.4449E+01  6.9535E+02  3.3473E+04  6.8146E+02
  7.9198E-01  2.8690E+00  1.6300E+00  6.6532E+01  6.8916E+02  3.3976E+04  6.7571E+02
  7.9495E-01  2.8819E+00  1.6585E+00  6.8531E+01  6.8346E+02  3.4750E+04  6.7017E+02
  7.9794E-01  2.8949E+00  1.6860E+00  7.0530E+01  6.7803E+02  3.5868E+04  6.6463E+02
  8.0094E-01  2.9079E+00  1.7130E+00  7.2517E+01  6.7301E+02  3.7338E+04  6.5923E+02
  8.0395E-01  2.9208E+00  1.7395E+00  7.4488E+01  6.6846E+02  3.9155E+04  6.5406E+02
  8.0695E-01  2.9337E+00  1.7656E+00  7.6444E+01  6.6449E+02  4.1079E+04  6.4940E+02
  8.0995E-01  2.9466E+00  1.7910E+00  7.8387E+01  6.6108E+02  4.2875E+04  6.4541E+02
  8.1295E-01  2.9594E+00  1.8152E+00  8.0319E+01  6.5813E+02  4.4795E+04  6.4180E+02
  8.1595E-01  2.9723E+00  1.8377E+00  8.2240E+01  6.5564E+02  4.7058E+04  6.3841E+02
  8.1895E-01  2.9851E+00  1.8583E+00  8.4151E+01  6.5365E+02  4.9771E+04  6.3520E+02
  8.2195E-01  2.9979E+00  1.8768E+00  8.6052E+01  6.5221E+02  5.2963E+04  6.3218E+02
  8.2495E-01  3.0107E+00  1.8934E+00  8.7945E+01  6.5131E+02  5.6468E+04  6.2948E+02
  8.2795E-01  3.0235E+00  1.9085E+00  8.9830E+01  6.5095E+02  6.0191E+04  6.2713E+02
  8.3096E-01  3.0364E+00  1.9225E+00  9.1709E+01  6.5109E+02  6.4048E+04  6.2518E+02
  8.3395E-01  3.0492E+00  1.9357E+00  9.3582E+01  6.5168E+02  6.7957E+04  6.2363E+02
  8.3695E-01  3.0620E+00  1.9485E+00  9.5451E+01  6.5260E+02  7.1734E+04  6.2253E+02
  8.3995E-01  3.0748E+00  1.9612E+00  9.7317E+01  6.5369E+02  7.5208E+04  6.2188E+02
  8.4295E-01  3.0876E+00  1.9735E+00  9.9182E+01  6.5490E+02  7.8385E+04  6.2162E+02
  8.4595E-01  3.1004E+00  1.9851E+00  1.0105E+02  6.5627E+02  8.1424E+04  6.2166E+02
  8.4895E-01  3.1133E+00  1.9958E+00  1.0291E+02  6.5772E+02  8.4281E+04  6.2198E+02
  8.5195E-01  3.1261E+00  2.0053E+00  1.0478E+02  6.5917E+02  8.6877E+04  6.2254E+02
  8.5495E-01  3.1390E+00  2.0136E+00  1.0665E+02  6.6062E+02  8.9278E+04  6.2331E+02
  8.5795E-01  3.1518E+00  2.0207E+00  1.0852E+02  6.6211E+02  9.1536E+04  6.2424E+02
  8.6095E-01  3.1647E+00  2.0268E+00  1.1039E+02  6.6356E+02  9.3607E+04  6.2531E+02
  8.6395E-01  3.1776E+00  2.0321E+00  1.1227E+02  6.6493E+02  9.5441E+04  6.2650E+02
  8.6695E-01  3.1904E+00  2.0369E+00  1.1415E+02  6.6618E+02  9.7039E+04  6.2778E+02
  8.6995E-01  3.2033E+00  2.0413E+00  1.1603E+02  6.6732E+02  9.8413E+04  6.2912E+02
  8.7295E-01  3.2162E+00  2.0455E+00  1.1792E+02  6.6834E+02  9.9571E+04  6.3050E+02
  8.7595E-01  3.2292E+00  2.0495E+00  1.1982E+02  6.6923E+02  1.0052E+05  6.3189E+02
  8.7895E-01  3.2421E+00  2.0535E+00  1.2171E+02  6.7001E+02  1.0129E+05  6.3329E+02
  8.8195E-01  3.2550E+00  2.0575E+00  1.2362E+02  6.7068E+02  1.0188E+05  6.3469E+02
  8.8495E-01  3.2679E+00  2.0615E+00  1.2552E+02  6.7126E+02  1.0230E+05  6.3607E+02
  8.8795E-01  3.2809E+00  2.0656E+00  1.2743E+02  6.7174E+02  1.0258E+05  6.3743E+02
  8.9094E-01  3.2938E+00  2.0697E+00  1.2935E+02  6.7214E+02  1.0273E+05  6.3875E+02
  8.9394E-01  3.3068E+00  2.0738E+00  1.3126E+02  6.7247E+02  1.0275E+05  6.4004E+02
  8.9694E-01  3.3197E+00  2.0779E+00  1.3318E+02  6.7272E+02  1.0267E+05  6.4128E+02
  8.9994E-01  3.3327E+00  2.0821E+00  1.3511E+02  6.7291E+02  1.0250E+05  6.4248E+02
  9.0294E-01  3.3457E+00  2.0864E+00  1.3704E+02  6.7306E+02  1.0225E+05  6.4362E+02
  9.0594E-01  3.3587E+00  2.0906E+00  1.3897E+02  6.7315E+02  1.0193E+05  6.4471E+02
  9.0894E-01  3.3716E+00  2.0949E+00  1.4091E+02  6.7321E+02  1.0158E+05  6.4574E+02
  9.1194E-01  3.3846E+00  2.0992E+00  1.4285E+02  6.7325E+02  1.0118E+05  6.4673E+02
  9.1494E-01  3.3976E+00  2.1034E+00  1.4479E+02  6.7325E+02  1.0077E+05  6.4765E+02
  9.1794E-01  3.4106E+00  2.1077E+00  1.4673E+02  6.7324E+02  1.0035E+05  6.4853E+02
  9.2094E-01  3.4236E+00  2.1119E+00  1.4868E+02  6.7322E+02  9.9938E+04  6.4935E+02
  9.2394E-01  3.4366E+00  2.1161E+00  1.5063E+02  6.7318E+02  9.9535E+04  6.5012E+02
  9.2694E-01  3.4496E+00  2.1202E+00  1.5258E+02  6.7315E+02  9.9152E+04  6.5084E+02
  9.2994E-01  3.4626E+00  2.1242E+00  1.5453E+02  6.7310E+02  9.8796E+04  6.5152E+02
  9.3294E-01  3.4756E+00  2.1282E+00  1.5649E+02  6.7306E+02  9.8473E+04  6.5216E+02
  9.3594E-01  3.4886E+00  2.1321E+00  1.5844E+02  6.7303E+02  9.8187E+04  6.5276E+02
  9.3894E-01  3.5016E+00  2.1359E+00  1.6040E+02  6.7299E+02  9.7942E+04  6.5332E+02
  9.4193E-01  3.5146E+00  2.1395E+00  1.6236E+02  6.7296E+02  9.7744E+04  6.5384E+02
  9.4493E-01  3.5276E+00  2.1430E+00  1.6432E+02  6.7293E+02  9.7612E+04  6.5432E+02
  9.4793E-01  3.5406E+00  2.1463E+00  1.6628E+02  6.7289E+02  9.7680E+04  6.5470E+02
  9.5093E-01  3.5536E+00  2.1490E+00  1.6824E+02  6.7284E+02  9.8402E+04  6.5480E+02
  9.5392E-01  3.5666E+00  2.1503E+00  1.7021E+02  6.7285E+02  1.0001E+05  6.5464E+02
  9.5692E-01  3.5796E+00  2.1500E+00  1.7217E+02  6.7297E+02  1.0220E+05  6.5439E+02
  9.5992E-01  3.5926E+00  2.1482E+00  1.7413E+02  6.7317E+02  1.0473E+05  6.5411E+02
  9.6292E-01  3.6056E+00  2.1449E+00  1.7609E+02  6.7340E+02  1.0733E+05  6.5384E+02
  9.6592E-01  3.6186E+00  2.1403E+00  1.7805E+02  6.7361E+02  1.0975E+05  6.5362E+02
  9.6892E-01  3.6316E+00  2.1347E+00  1.8002E+02  6.7372E+02  1.1180E+05  6.5344E+02
  9.7193E-01  3.6446E+00  2.1282E+00  1.8198E+02  6.7369E+02  1.1333E+05  6.5333E+02
  9.7493E-01  3.6576E+00  2.1214E+00  1.8394E+02  6.7350E+02  1.1420E+05  6.5328E+02
  9.7794E-01  3.6706E+00  2.1144E+00  1.8591E+02  6.7313E+02  1.1438E+05  6.5329E+02
  9.8094E-01  3.6836E+00  2.1077E+00  1.8787E+02  6.7259E+02  1.1387E+05  6.5335E+02
  9.8394E-01  3.6965E+00  2.1015E+00  1.8983E+02  6.7189E+02  1.1274E+05  6.5343E+02
  9.8694E-01  3.7095E+00  2.0960E+00  1.9179E+02  6.7107E+02  1.1111E+05  6.5351E+02
  9.8995E-01  3.7224E+00  2.0915E+00  1.9375E+02  6.7020E+02  1.0922E+05  6.5359E+02
  9.9295E-01  3.7354E+00  2.0884E+00  1.9571E+02  6.6936E+02  1.0727E+05  6.5366E+02
  9.9595E-01  3.7483E+00  2.0868E+00  1.9767E+02  6.6859E+02  1.0542E+05  6.5373E+02
  9.9895E-01  3.7612E+00  2.0869E+00  1.9964E+02  6.6790E+02  1.0381E+05  6.5378E+02
  1.0019E+00  3.7741E+00  2.0890E+00  2.0160E+02  6.6729E+02  1.0259E+05  6.5377E+02
  1.0049E+00  3.7870E+00  2.0935E+00  2.0356E+02  6.6680E+02  1.0218E+05  6.5365E+02
  1.0079E+00  3.8000E+00  2.1003E+00  2.0552E+02  6.6640E+02  1.0291E+05  6.5332E+02
  1.0109E+00  3.8129E+00  2.1091E+00  2.0748E+02  6.6604E+02  1.0438E+05  6.5284E+02
  1.0139E+00  3.8258E+00  2.1198E+00  2.0944E+02  6.6571E+02  1.0623E+05  6.5229E+02
  1.0169E+00  3.8386E+00  2.1325E+00  2.1139E+02  6.6539E+02  1.0836E+05  6.5170E+02
  1.0199E+00  3.8515E+00  2.1471E+00  2.1335E+02  6.6510E+02  1.1069E+05  6.5108E+02
  1.0230E+00  3.8644E+00  2.1639E+00  2.1530E+02  6.6482E+02  1.1316E+05  6.5044E+02
  1.0260E+00  3.8773E+00  2.1827E+00  2.1725E+02  6.6456E+02  1.1571E+05  6.4980E+02
  1.0290E+00  3.8901E+00  2.2036E+00  2.1920E+02  6.6430E+02  1.1829E+05  6.4916E+02
  1.0320E+00  3.9030E+00  2.2266E+00  2.2115E+02  6.6405E+02  1.2085E+05  6.4855E+02
  1.0350E+00  3.9158E+00  2.2518E+00  2.2309E+02  6.6382E+02  1.2337E+05  6.4795E+02
  1.0380E+00  3.9286E+00  2.2789E+00  2.2504E+02  6.6361E+02  1.2584E+05  6.4740E+02
  1.0410E+00  3.9414E+00  2.3081E+00  2.2698E+02  6.6343E+02  1.2826E+05  6.4689E+02
  1.0440E+00  3.9543E+00  2.3393E+00  2.2892E+02  6.6329E+02  1.3065E+05  6.4643E+02
  1.0470E+00  3.9671E+00  2.3723E+00  2.3086E+02  6.6320E+02  1.3300E+05  6.4604E+02
  1.0500E+00  3.9799E+00  2.4069E+00  2.3280E+02  6.6316E+02  1.3517E+05  6.4574E+02
  1.0530E+00  3.9926E+00  2.4427E+00  2.3473E+02  6.6312E+02  1.3683E+05  6.4558E+02
  1.0560E+00  4.0054E+00  2.4791E+00  2.3667E+02  6.6302E+02  1.3785E+05  6.4552E+02
  1.0590E+00  4.0182E+00  2.5156E+00  2.3861E+02  6.6287E+02  1.3845E+05  6.4551E+02
  1.0620E+00  4.0310E+00  2.5521E+00  2.4054E+02  6.6267E+02  1.3876E+05  6.4553E+02
  1.0650E+00  4.0437E+00  2.5884E+00  2.4248E+02  6.6244E+02  1.3883E+05  6.4557E+02
  1.0680E+00  4.0565E+00  2.6246E+00  2.4442E+02  6.6220E+02  1.3871E+05  6.4563E+02
  1.0710E+00  4.0692E+00  2.6606E+00  2.4635E+02  6.6194E+02  1.3841E+05  6.4571E+02
  1.0740E+00  4.0820E+00  2.6964E+00  2.4829E+02  6.6168E+02  1.3798E+05  6.4580E+02
  1.0770E+00  4.0947E+00  2.7318E+00  2.5023E+02  6.6140E+02  1.3741E+05  6.4590E+02
  1.0800E+00  4.1075E+00  2.7668E+00  2.5217E+02  6.6109E+02  1.3672E+05  6.4598E+02
  1.0830E+00  4.1202E+00  2.8010E+00  2.5411E+02  6.6068E+02  1.3603E+05  6.4595E+02
  1.0860E+00  4.1330E+00  2.8336E+00  2.5604E+02  6.6018E+02  1.3599E+05  6.4567E+02
  1.0890E+00  4.1457E+00  2.8641E+00  2.5798E+02  6.5979E+02  1.3748E+05  6.4517E+02
  1.0920E+00  4.1585E+00  2.8922E+00  2.5991E+02  6.5960E+02  1.4067E+05  6.4451E+02
  1.0950E+00  4.1712E+00  2.9175E+00  2.6185E+02  6.5953E+02  1.4509E+05  6.4371E+02
  1.0980E+00  4.1840E+00  2.9399E+00  2.6378E+02  6.5939E+02  1.5022E+05  6.4266E+02
  1.1010E+00  4.1967E+00  2.9593E+00  2.6570E+02  6.5908E+02  1.5607E+05  6.4126E+02
  1.1040E+00  4.2094E+00  2.9763E+00  2.6762E+02  6.5866E+02  1.6291E+05  6.3951E+02
  1.1070E+00  4.2222E+00  2.9921E+00  2.6954E+02  6.5831E+02  1.7073E+05  6.3755E+02
  1.1100E+00  4.2349E+00  3.0076E+00  2.7145E+02  6.5805E+02  1.7870E+05  6.3563E+02
  1.1130E+00  4.2476E+00  3.0236E+00  2.7335E+02  6.5774E+02  1.8548E+05  6.3396E+02
  1.1160E+00  4.2603E+00  3.0410E+00  2.7525E+02  6.5720E+02  1.8974E+05  6.3269E+02
  1.1190E+00  4.2730E+00  3.0601E+00  2.7715E+02  6.5626E+02  1.9048E+05  6.3194E+02
  1.1220E+00  4.2857E+00  3.0816E+00  2.7905E+02  6.5488E+02  1.8715E+05  6.3176E+02
  1.1250E+00  4.2983E+00  3.1054E+00  2.8094E+02  6.5320E+02  1.7979E+05  6.3217E+02
  1.1280E+00  4.3109E+00  3.1317E+00  2.8284E+02  6.5147E+02  1.6919E+05  6.3313E+02
  1.1310E+00  4.3235E+00  3.1602E+00  2.8474E+02  6.4999E+02  1.5662E+05  6.3449E+02
  1.1340E+00  4.3362E+00  3.1901E+00  2.8665E+02  6.4883E+02  1.4343E+05  6.3602E+02
  1.1370E+00  4.3488E+00  3.2207E+00  2.8856E+02  6.4814E+02  1.3100E+05  6.3760E+02
  1.1400E+00  4.3614E+00  3.2512E+00  2.9048E+02  6.4816E+02  1.2120E+05  6.3927E+02
  1.1430E+00  4.3740E+00  3.2813E+00  2.9240E+02  6.4879E+02  1.1518E+05  6.4086E+02
  1.1460E+00  4.3866E+00  3.3104E+00  2.9432E+02  6.4948E+02  1.1216E+05  6.4206E+02
  1.1490E+00  4.3992E+00  3.3384E+00  2.9625E+02  6.4980E+02  1.1033E+05  6.4272E+02
  1.1520E+00  4.4119E+00  3.3659E+00  2.9818E+02  6.4979E+02  1.0850E+05  6.4302E+02
  1.1550E+00  4.4245E+00  3.3932E+00  3.0010E+02  6.4966E+02  1.0660E+05  6.4321E+02
  1.1580E+00  4.4371E+00  3.4202E+00  3.0203E+02  6.4951E+02  1.0471E+05  6.4337E+02
  1.1610E+00  4.4498E+00  3.4470E+00  3.0396E+02  6.4935E+02  1.0288E+05  6.4349E+02
  1.1640E+00  4.4624E+00  3.4736E+00  3.0590E+02  6.4920E+02  1.0117E+05  6.4360E+02
  1.1670E+00  4.4751E+00  3.5001E+00  3.0783E+02  6.4904E+02  9.9549E+04  6.4369E+02
  1.1700E+00  4.4877E+00  3.5265E+00  3.0976E+02  6.4888E+02  9.8001E+04  6.4376E+02
  1.1730E+00  4.5004E+00  3.5531E+00  3.1169E+02  6.4869E+02  9.6633E+04  6.4376E+02
  1.1760E+00  4.5130E+00  3.5803E+00  3.1362E+02  6.4837E+02  9.5801E+04  6.4358E+02
  1.1790E+00  4.5257E+00  3.6087E+00  3.1555E+02  6.4787E+02  9.7669E+04  6.4295E+02
  1.1820E+00  4.5384E+00  3.6395E+00  3.1748E+02  6.4752E+02  1.0622E+05  6.4176E+02
  1.1850E+00  4.5510E+00  3.6732E+00  3.1940E+02  6.4763E+02  1.2115E+05  6.4022E+02
  1.1880E+00  4.5637E+00  3.7098E+00  3.2132E+02  6.4803E+02  1.3745E+05  6.3860E+02
  1.1910E+00  4.5764E+00  3.7489E+00  3.2323E+02  6.4815E+02  1.4997E+05  6.3705E+02
  1.1940E+00  4.5890E+00  3.7903E+00  3.2514E+02  6.4748E+02  1.5692E+05  6.3547E+02
  1.1970E+00  4.6017E+00  3.8340E+00  3.2704E+02  6.4630E+02  1.6081E+05  6.3382E+02
  1.2000E+00  4.6143E+00  3.8794E+00  3.2894E+02  6.4531E+02  1.6436E+05  6.3243E+02
  1.2030E+00  4.6269E+00  3.9253E+00  3.3084E+02  6.4486E+02  1.6802E+05  6.3158E+02
  1.2060E+00  4.6395E+00  3.9702E+00  3.3274E+02  6.4488E+02  1.7024E+05  6.3143E+02
  1.2090E+00  4.6521E+00  4.0129E+00  3.3463E+02  6.4503E+02  1.6896E+05  6.3196E+02
  1.2143E+00  4.6641E+00  4.1263E+00  3.3677E+02  6.4251E+02  1.6293E+05  6.3060E+02
  1.2150E+00  4.6670E+00  4.1354E+00  3.3721E+02  6.4236E+02  1.6079E+05  6.3079E+02
  1.2204E+00  4.6796E+00  4.0969E+00  3.3945E+02  6.3919E+02  1.4889E+05  6.2947E+02
  1.2209E+00  4.6816E+00  4.1024E+00  3.3975E+02  6.3906E+02  1.4687E+05  6.2962E+02
  1.2240E+00  4.6943E+00  4.1356E+00  3.4168E+02  6.3875E+02  1.3573E+05  6.3079E+02
  1.2270E+00  4.7068E+00  4.1651E+00  3.4358E+02  6.3935E+02  1.3031E+05  6.3210E+02
  1.2300E+00  4.7192E+00  4.1919E+00  3.4548E+02  6.4032E+02  1.3018E+05  6.3318E+02
  1.2330E+00  4.7317E+00  4.2171E+00  3.4738E+02  6.4090E+02  1.3180E+05  6.3366E+02
  1.2360E+00  4.7441E+00  4.2415E+00  3.4928E+02  6.4112E+02  1.3337E+05  6.3379E+02
  1.2390E+00  4.7566E+00  4.2655E+00  3.5119E+02  6.4121E+02  1.3474E+05  6.3382E+02
  1.2420E+00  4.7690E+00  4.2893E+00  3.5309E+02  6.4126E+02  1.3594E+05  6.3382E+02
  1.2450E+00  4.7814E+00  4.3129E+00  3.5499E+02  6.4129E+02  1.3698E+05  6.3381E+02
  1.2480E+00  4.7939E+00  4.3363E+00  3.5689E+02  6.4130E+02  1.3790E+05  6.3380E+02
  1.2510E+00  4.8063E+00  4.3594E+00  3.5879E+02  6.4130E+02  1.3889E+05  6.3378E+02
  1.2564E+00  4.8183E+00  4.2876E+00  3.6098E+02  6.3912E+02  1.4057E+05  6.3155E+02
  1.2570E+00  4.8207E+00  4.2920E+00  3.6135E+02  6.3913E+02  1.4103E+05  6.3153E+02
  1.2600E+00  4.8331E+00  4.3138E+00  3.6324E+02  6.3928E+02  1.4398E+05  6.3144E+02
  1.2630E+00  4.8455E+00  4.3345E+00  3.6514E+02  6.3954E+02  1.4761E+05  6.3139E+02
  1.2660E+00  4.8579E+00  4.3542E+00  3.6703E+02  6.3989E+02  1.5159E+05  6.3138E+02
  1.2690E+00  4.8703E+00  4.3730E+00  3.6893E+02  6.4031E+02  1.5563E+05  6.3143E+02
  1.2720E+00  4.8827E+00  4.3909E+00  3.7082E+02  6.4075E+02  1.5950E+05  6.3152E+02
  1.2750E+00  4.8950E+00  4.4082E+00  3.7272E+02  6.4120E+02  1.6297E+05  6.3166E+02
  1.2780E+00  4.9074E+00  4.4249E+00  3.7461E+02  6.4162E+02  1.6588E+05  6.3184E+02
  1.2810E+00  4.9198E+00  4.4412E+00  3.7651E+02  6.4199E+02  1.6811E+05  6.3205E+02
  1.2840E+00  4.9322E+00  4.4572E+00  3.7840E+02  6.4230E+02  1.6959E+05  6.3228E+02
  1.2870E+00  4.9446E+00  4.4730E+00  3.8030E+02  6.4255E+02  1.7030E+05  6.3254E+02
  1.2900E+00  4.9570E+00  4.4888E+00  3.8220E+02  6.4272E+02  1.7026E+05  6.3281E+02
  1.2930E+00  4.9694E+00  4.5046E+00  3.8410E+02  6.4282E+02  1.6953E+05  6.3310E+02
  1.2960E+00  4.9819E+00  4.5206E+00  3.8600E+02  6.4286E+02  1.6818E+05  6.3338E+02
  1.2990E+00  4.9943E+00  4.5369E+00  3.8790E+02  6.4285E+02  1.6631E+05  6.3367E+02
  1.3020E+00  5.0067E+00  4.5535E+00  3.8980E+02  6.4280E+02  1.6402E+05  6.3395E+02
  1.3050E+00  5.0191E+00  4.5705E+00  3.9170E+02  6.4271E+02  1.6141E+05  6.3423E+02
  1.3080E+00  5.0315E+00  4.5880E+00  3.9360E+02  6.4261E+02  1.5861E+05  6.3450E+02
  1.3110E+00  5.0440E+00  4.6060E+00  3.9551E+02  6.4250E+02  1.5571E+05  6.3475E+02
  1.3140E+00  5.0564E+00  4.6246E+00  3.9741E+02  6.4240E+02  1.5281E+05  6.3500E+02
  1.3170E+00  5.0688E+00  4.6437E+00  3.9932E+02  6.4229E+02  1.4998E+05  6.3523E+02
  1.3200E+00  5.0812E+00  4.6634E+00  4.0122E+02  6.4218E+02  1.4718E+05  6.3545E+02
  1.3230E+00  5.0937E+00  4.6835E+00  4.0313E+02  6.4198E+02  1.4415E+05  6.3558E+02
  1.3260E+00  5.1061E+00  4.7030E+00  4.0504E+02  6.4171E+02  1.4204E+05  6.3555E+02
  1.3290E+00  5.1186E+00  4.7211E+00  4.0694E+02  6.4157E+02  1.4291E+05  6.3538E+02
  1.3320E+00  5.1310E+00  4.7376E+00  4.0885E+02  6.4159E+02  1.4698E+05  6.3511E+02
  1.3350E+00  5.1434E+00  4.7524E+00  4.1075E+02  6.4178E+02  1.5369E+05  6.3475E+02
  1.3380E+00  5.1559E+00  4.7655E+00  4.1266E+02  6.4208E+02  1.6183E+05  6.3436E+02
  1.3410E+00  5.1683E+00  4.7772E+00  4.1456E+02  6.4239E+02  1.6991E+05  6.3396E+02
  1.3440E+00  5.1808E+00  4.7878E+00  4.1646E+02  6.4260E+02  1.7654E+05  6.3359E+02
  1.3470E+00  5.1932E+00  4.7978E+00  4.1836E+02  6.4261E+02  1.8064E+05  6.3328E+02
  1.3500E+00  5.2056E+00  4.8074E+00  4.2026E+02  6.4238E+02  1.8161E+05  6.3303E+02
  1.3530E+00  5.2181E+00  4.8171E+00  4.2216E+02  6.4190E+02  1.7929E+05  6.3287E+02
  1.3560E+00  5.2305E+00  4.8274E+00  4.2406E+02  6.4122E+02  1.7389E+05  6.3281E+02
  1.3590E+00  5.2429E+00  4.8387E+00  4.2596E+02  6.4043E+02  1.6601E+05  6.3283E+02
  1.3620E+00  5.2553E+00  4.8512E+00  4.2786E+02  6.3965E+02  1.5649E+05  6.3295E+02
  1.3650E+00  5.2677E+00  4.8652E+00  4.2975E+02  6.3897E+02  1.4644E+05  6.3316E+02
  1.3680E+00  5.2801E+00  4.8810E+00  4.3165E+02  6.3850E+02  1.3708E+05  6.3345E+02
  1.3710E+00  5.2925E+00  4.8986E+00  4.3356E+02  6.3829E+02  1.2960E+05  6.3381E+02
  1.3764E+00  5.3035E+00  4.7477E+00  4.3566E+02  6.3527E+02  1.0641E+05  6.3230E+02
  1.3770E+00  5.3059E+00  4.7505E+00  4.3602E+02  6.3531E+02  1.0571E+05  6.3238E+02
  1.3800E+00  5.3182E+00  4.7662E+00  4.3792E+02  6.3557E+02  1.0380E+05  6.3277E+02
  1.3830E+00  5.3306E+00  4.7833E+00  4.3982E+02  6.3566E+02  1.0235E+05  6.3296E+02
  1.3860E+00  5.3430E+00  4.8011E+00  4.4172E+02  6.3557E+02  1.0007E+05  6.3301E+02
  1.3890E+00  5.3553E+00  4.8193E+00  4.4362E+02  6.3541E+02  9.7499E+04  6.3300E+02
  1.3920E+00  5.3677E+00  4.8376E+00  4.4552E+02  6.3528E+02  9.5733E+04  6.3297E+02
  1.3950E+00  5.3801E+00  4.8557E+00  4.4742E+02  6.3520E+02  9.4844E+04  6.3295E+02
  1.3980E+00  5.3924E+00  4.8735E+00  4.4931E+02  6.3514E+02  9.4398E+04  6.3294E+02
  1.4010E+00  5.4048E+00  4.8909E+00  4.5121E+02  6.3511E+02  9.4285E+04  6.3293E+02
  1.4040E+00  5.4172E+00  4.9078E+00  4.5311E+02  6.3510E+02  9.4498E+04  6.3293E+02
  1.4070E+00  5.4295E+00  4.9244E+00  4.5501E+02  6.3511E+02  9.5035E+04  6.3293E+02
  1.4100E+00  5.4419E+00  4.9405E+00  4.5691E+02  6.3514E+02  9.5890E+04  6.3294E+02
  1.4130E+00  5.4543E+00  4.9562E+00  4.5881E+02  6.3519E+02  9.7043E+04  6.3295E+02
  1.4160E+00  5.4667E+00  4.9716E+00  4.6071E+02  6.3525E+02  9.8467E+04  6.3297E+02
  1.4190E+00  5.4790E+00  4.9865E+00  4.6261E+02  6.3533E+02  1.0013E+05  6.3299E+02
  1.4220E+00  5.4914E+00  5.0010E+00  4.6451E+02  6.3543E+02  1.0198E+05  6.3302E+02
  1.4250E+00  5.5038E+00  5.0152E+00  4.6640E+02  6.3554E+02  1.0399E+05  6.3306E+02
  1.4280E+00  5.5161E+00  5.0290E+00  4.6830E+02  6.3566E+02  1.0611E+05  6.3310E+02
  1.4310E+00  5.5285E+00  5.0425E+00  4.7020E+02  6.3579E+02  1.0829E+05  6.3314E+02
  1.4340E+00  5.5409E+00  5.0556E+00  4.7210E+02  6.3592E+02  1.1049E+05  6.3318E+02
  1.4370E+00  5.5533E+00  5.0684E+00  4.7400E+02  6.3604E+02  1.1268E+05  6.3322E+02
  1.4400E+00  5.5656E+00  5.0809E+00  4.7590E+02  6.3608E+02  1.1478E+05  6.3318E+02
  1.4430E+00  5.5780E+00  5.0926E+00  4.7780E+02  6.3587E+02  1.1734E+05  6.3286E+02
  1.4460E+00  5.5904E+00  5.1027E+00  4.7970E+02  6.3549E+02  1.2575E+05  6.3206E+02
  1.4490E+00  5.6028E+00  5.1098E+00  4.8159E+02  6.3580E+02  1.4660E+05  6.3117E+02
  1.4520E+00  5.6151E+00  5.1138E+00  4.8349E+02  6.3704E+02  1.7308E+05  6.3063E+02
  1.4550E+00  5.6275E+00  5.1152E+00  4.8538E+02  6.3862E+02  1.9418E+05  6.3062E+02
  1.4580E+00  5.6399E+00  5.1152E+00  4.8727E+02  6.3978E+02  2.0269E+05  6.3112E+02
  1.4610E+00  5.6523E+00  5.1149E+00  4.8916E+02  6.4006E+02  1.9642E+05  6.3198E+02
  1.4640E+00  5.6647E+00  5.1153E+00  4.9106E+02  6.3943E+02  1.7828E+05  6.3282E+02
  1.4670E+00  5.6772E+00  5.1165E+00  4.9296E+02  6.3838E+02  1.5983E+05  6.3310E+02
  1.4700E+00  5.6896E+00  5.1180E+00  4.9486E+02  6.3801E+02  1.6241E+05  6.3259E+02
  1.4730E+00  5.7020E+00  5.1222E+00  4.9675E+02  6.3931E+02  2.1222E+05  6.3011E+02
  1.4760E+00  5.7145E+00  5.1308E+00  4.9864E+02  6.4216E+02  2.4649E+05  6.2984E+02
  1.4790E+00  5.7269E+00  5.1379E+00  5.0053E+02  6.4303E+02  2.3802E+05  6.3161E+02
  1.4837E+00  5.7339E+00  5.4045E+00  5.0207E+02  6.4081E+02  2.2655E+05  6.3057E+02
  1.4850E+00  5.7394E+00  5.4079E+00  5.0290E+02  6.4071E+02  2.1495E+05  6.3151E+02
  1.4880E+00  5.7519E+00  5.4156E+00  5.0480E+02  6.4022E+02  1.8264E+05  6.3363E+02
  1.4910E+00  5.7643E+00  5.4245E+00  5.0670E+02  6.3992E+02  1.5238E+05  6.3538E+02
  1.4940E+00  5.7768E+00  5.4356E+00  5.0861E+02  6.3997E+02  1.3739E+05  6.3631E+02
  1.5000E+00  5.8018E+00  5.4642E+00  5.1244E+02  6.3981E+02  1.4271E+05  6.3592E+02
