 -3.5082E-05  0.0000E+00  5.0000E+02  9.2537E-01  2.0970E-01  1.8059E-01  7.6929E-02
  2.9628E-03  1.0000E-02  5.0000E+02  9.2537E-01  2.0970E-01  1.8059E-01  7.6929E-02
  5.9608E-03  2.0000E-02  5.0000E+02  9.2537E-01  2.0970E-01  1.8059E-01  7.6929E-02
  8.9587E-03  3.0000E-02  5.0000E+02  9.2537E-01  2.0970E-01  1.8059E-01  7.6929E-02
  1.1957E-02  4.0000E-02  5.0000E+02  9.2537E-01  2.0970E-01  1.8059E-01  7.6929E-02
  1.4955E-02  5.0000E-02  5.0000E+02  9.2537E-01  2.0970E-01  1.8059E-01  7.6929E-02
  1.7952E-02  6.0000E-02  5.0000E+02  9.2537E-01  2.0970E-01  1.8059E-01  7.6929E-02
  2.0950E-02  7.0000E-02  5.0000E+02  9.2537E-01  2.0970E-01  1.8059E-01  7.6929E-02
  2.3948E-02  8.0000E-02  5.0000E+02  9.2537E-01  2.0970E-01  1.8059E-01  7.6929E-02
  2.6946E-02  9.0000E-02  5.0000E+02  9.2537E-01  2.0970E-01  1.8059E-01  7.6929E-02
  2.9944E-02  1.0000E-01  5.0000E+02  9.2537E-01  2.0970E-01  1.8059E-01  7.6929E-02
  3.2942E-02  1.1000E-01  5.0000E+02  9.2537E-01  2.0970E-01  1.8059E-01  7.6929E-02
  3.5940E-02  1.2000E-01  5.0000E+02  9.2537E-01  2.0970E-01  1.8059E-01  7.6929E-02
  3.8938E-02  1.3000E-01  5.0000E+02  9.2537E-01  2.0970E-01  1.8059E-01  7.6929E-02
  4.1936E-02  1.4000E-01  5.0000E+02  9.2537E-01  2.0970E-01  1.8059E-01  7.6929E-02
  4.4934E-02  1.5000E-01  5.0000E+02  9.2537E-01  2.0970E-01  1.8059E-01  7.6929E-02
  4.7932E-02  1.6000E-01  5.0000E+02  9.2537E-01  2.0970E-01  1.8059E-01  7.6929E-02
  5.0930E-02  1.7000E-01  5.0000E+02  9.2537E-01  2.0970E-01  1.8059E-01  7.6929E-02
  5.3928E-02  1.8000E-01  5.0000E+02  9.2537E-01  2.0970E-01  1.8059E-01  7.6929E-02
  5.6925E-02  1.9000E-01  5.0000E+02  9.2537E-01  2.0970E-01  1.8059E-01  7.6929E-02
  5.9923E-02  2.0000E-01  5.0000E+02  9.2537E-01  2.0970E-01  1.8059E-01  7.6929E-02
  6.2921E-02  2.1000E-01  5.0000E+02  9.2537E-01  2.0970E-01  1.8059E-01  7.6929E-02
  6.5919E-02  2.2000E-01  5.0000E+02  9.2537E-01  2.0970E-01  1.8059E-01  7.6929E-02
  6.8917E-02  2.3000E-01  5.0000E+02  9.2537E-01  2.0970E-01  1.8059E-01  7.6929E-02
  7.1915E-02  2.4000E-01  5.0000E+02  9.2537E-01  2.0970E-01  1.8059E-01  7.6929E-02
  7.4913E-02  2.5000E-01  5.0000E+02  9.2537E-01  2.0970E-01  1.8059E-01  7.6929E-02
  7.7911E-02  2.6000E-01  5.0000E+02  9.2537E-01  2.0970E-01  1.8059E-01  7.6929E-02
  8.0909E-02  2.7000E-01  5.0000E+02  9.2537E-01  2.0970E-01  1.8059E-01  7.6929E-02
  8.3907E-02  2.8000E-01  5.0000E+02  9.2537E-01  2.0970E-01  1.8059E-01  7.6929E-02
  8.6905E-02  2.9000E-01  5.0000E+02  9.2537E-01  2.0970E-01  1.8059E-01  7.6929E-02
  8.9903E-02  3.0000E-01  5.0000E+02  9.2537E-01  2.0970E-01  1.8059E-01  7.6929E-02
  9.2901E-02  3.1000E-01  5.0000E+02  9.2537E-01  2.0970E-01  1.8059E-01  7.6929E-02
  9.6000E-02  3.2034E-01  5.0000E+02  9.2537E-01  2.0970E-01  1.8059E-01  7.6929E-02
  9.8998E-02  3.3034E-01  5.0000E+02  9.2537E-01  2.0970E-01  1.8059E-01  7.6929E-02
  1.0200E-01  3.4034E-01  5.0000E+02  9.2537E-01  2.0970E-01  1.8059E-01  7.6929E-02
  1.0499E-01  3.5034E-01  5.0000E+02  9.2537E-01  2.0970E-01  1.8059E-01  7.6929E-02
  1.0799E-01  3.6034E-01  5.0000E+02  9.2537E-01  2.0970E-01  1.8059E-01  7.6929E-02
  1.1099E-01  3.7034E-01  5.0000E+02  9.2537E-01  2.0970E-01  1.8059E-01  7.6929E-02
  1.1399E-01  3.8034E-01  5.0000E+02  9.2537E-01  2.0970E-01  1.8059E-01  7.6929E-02
  1.1699E-01  3.9034E-01  5.0000E+02  9.2537E-01  2.0970E-01  1.8059E-01  7.6929E-02
  1.1998E-01  4.0034E-01  5.0000E+02  9.2537E-01  2.0970E-01  1.8059E-01  7.6929E-02
  1.2298E-01  4.1034E-01  5.0000E+02  9.2537E-01  2.0970E-01  1.8059E-01  7.6929E-02
  1.2598E-01  4.2034E-01  5.0000E+02  9.2537E-01  2.0970E-01  1.8059E-01  7.6929E-02
  1.2898E-01  4.3034E-01  5.0000E+02  9.2537E-01  2.0970E-01  1.8059E-01  7.6929E-02
  1.3198E-01  4.4034E-01  5.0000E+02  9.2537E-01  2.0970E-01  1.8059E-01  7.6929E-02
  1.3497E-01  4.5034E-01  5.0000E+02  9.2537E-01  2.0970E-01  1.8059E-01  7.6929E-02
  1.3797E-01  4.6034E-01  5.0000E+02  9.2537E-01  2.0970E-01  1.8059E-01  7.6929E-02
  1.4097E-01  4.7034E-01  5.0000E+02  9.2537E-01  2.0970E-01  1.8059E-01  7.6929E-02
  1.4397E-01  4.8034E-01  5.0000E+02  9.2537E-01  2.0970E-01  1.8059E-01  7.6929E-02
  1.4696E-01  4.9034E-01  5.0000E+02  9.2537E-01  2.0970E-01  1.8059E-01  7.6929E-02
  1.4996E-01  5.0034E-01  5.0000E+02  9.2537E-01  2.0970E-01  1.8059E-01  7.6929E-02
  1.5296E-01  5.1034E-01  5.0000E+02  9.2537E-01  2.0970E-01  1.8059E-01  7.6929E-02
  1.5596E-01  5.2034E-01  5.0000E+02  9.2537E-01  2.0970E-01  1.8059E-01  7.6929E-02
  1.5896E-01  5.3034E-01  5.0000E+02  9.2537E-01  2.0970E-01  1.8059E-01  7.6929E-02
  1.6195E-01  5.4034E-01  5.0000E+02  9.2537E-01  2.0970E-01  1.8059E-01  7.6929E-02
  1.6495E-01  5.5034E-01  5.0000E+02  9.2537E-01  2.0970E-01  1.8059E-01  7.6929E-02
  1.6795E-01  5.6034E-01  5.0000E+02  9.2537E-01  2.0970E-01  1.8059E-01  7.6929E-02
  1.7095E-01  5.7034E-01  5.0000E+02  9.2537E-01  2.0970E-01  1.8059E-01  7.6929E-02
  1.7395E-01  5.8034E-01  5.0000E+02  9.2537E-01  2.0970E-01  1.8059E-01  7.6929E-02
  1.7694E-01  5.9034E-01  5.0000E+02  9.2537E-01  2.0970E-01  1.8059E-01  7.6929E-02
  1.7994E-01  6.0034E-01  5.0000E+02  9.2537E-01  2.0970E-01  1.8059E-01  7.6929E-02
  1.8294E-01  6.1034E-01  5.0000E+02  9.2537E-01  2.0970E-01  1.8059E-01  7.6929E-02
  1.8594E-01  6.2034E-01  5.0000E+02  9.2537E-01  2.0970E-01  1.8059E-01  7.6929E-02
  1.8894E-01  6.3034E-01  5.0000E+02  9.2537E-01  2.0970E-01  1.8059E-01  7.6929E-02
  1.9193E-01  6.4034E-01  5.0000E+02  9.2537E-01  2.0970E-01  1.8059E-01  7.6929E-02
  1.9493E-01  6.5034E-01  5.0000E+02  9.2537E-01  2.0970E-01  1.8059E-01  7.6929E-02
  1.9793E-01  6.6034E-01  5.0000E+02  9.2537E-01  2.0970E-01  1.8059E-01  7.6929E-02
  2.0093E-01  6.7034E-01  5.0000E+02  9.2537E-01  2.0970E-01  1.8059E-01  7.6929E-02
  2.0393E-01  6.8034E-01  5.0000E+02  9.2537E-01  2.0970E-01  1.8059E-01  7.6929E-02
  2.0692E-01  6.9034E-01  5.0000E+02  9.2537E-01  2.0970E-01  1.8059E-01  7.6929E-02
  2.0992E-01  7.0034E-01  5.0000E+02  9.2537E-01  2.0970E-01  1.8059E-01  7.6929E-02
  2.1292E-01  7.1034E-01  5.0000E+02  9.2537E-01  2.0970E-01  1.8059E-01  7.6929E-02
  2.1592E-01  7.2034E-01  5.0000E+02  9.2537E-01  2.0970E-01  1.8059E-01  7.6929E-02
  2.1891E-01  7.3034E-01  5.0000E+02  9.2537E-01  2.0970E-01  1.8059E-01  7.6929E-02
  2.2191E-01  7.4034E-01  5.0000E+02  9.2537E-01  2.0970E-01  1.8059E-01  7.6929E-02
  2.2491E-01  7.5034E-01  5.0000E+02  9.2537E-01  2.0970E-01  1.8059E-01  7.6929E-02
  2.2791E-01  7.6034E-01  5.0000E+02  9.2537E-01  2.0970E-01  1.8059E-01  7.6929E-02
  2.3091E-01  7.7034E-01  5.0000E+02  9.2537E-01  2.0970E-01  1.8059E-01  7.6929E-02
  2.3390E-01  7.8034E-01  5.0000E+02  9.2537E-01  2.0970E-01  1.8059E-01  7.6929E-02
  2.3690E-01  7.9034E-01  5.0000E+02  9.2537E-01  2.0970E-01  1.8059E-01  7.6929E-02
  2.3990E-01  8.0034E-01  5.0000E+02  9.2537E-01  2.0970E-01  1.8059E-01  7.6929E-02
  2.4300E-01  8.1068E-01  5.0000E+02  9.2537E-01  2.0970E-01  1.8059E-01  7.6929E-02
  2.4600E-01  8.2068E-01  5.0000E+02  9.2537E-01  2.0970E-01  1.8059E-01  7.6929E-02
  2.4900E-01  8.3068E-01  5.0000E+02  9.2537E-01  2.0970E-01  1.8059E-01  7.6929E-02
  2.5199E-01  8.4068E-01  5.0000E+02  9.2537E-01  2.0970E-01  1.8059E-01  7.6929E-02
  2.5499E-01  8.5068E-01  5.0000E+02  9.2537E-01  2.0970E-01  1.8059E-01  7.6929E-02
  2.5799E-01  8.6068E-01  5.0000E+02  9.2537E-01  2.0970E-01  1.8059E-01  7.6929E-02
  2.6099E-01  8.7068E-01  5.0000E+02  9.2537E-01  2.0970E-01  1.8059E-01  7.6929E-02
  2.6399E-01  8.8068E-01  5.0000E+02  9.2537E-01  2.0970E-01  1.8059E-01  7.6929E-02
  2.6698E-01  8.9068E-01  5.0000E+02  9.2537E-01  2.0970E-01  1.8059E-01  7.6929E-02
  2.6998E-01  9.0068E-01  5.0000E+02  9.2537E-01  2.0970E-01  1.8059E-01  7.6929E-02
  2.7298E-01  9.1068E-01  5.0000E+02  9.2537E-01  2.0970E-01  1.8059E-01  7.6929E-02
  2.7598E-01  9.2068E-01  5.0000E+02  9.2537E-01  2.0970E-01  1.8059E-01  7.6929E-02
  2.7898E-01  9.3068E-01  5.0000E+02  9.2537E-01  2.0970E-01  1.8059E-01  7.6929E-02
  2.8197E-01  9.4068E-01  5.0000E+02  9.2537E-01  2.0970E-01  1.8059E-01  7.6929E-02
  2.8497E-01  9.5068E-01  5.0000E+02  9.2537E-01  2.0970E-01  1.8059E-01  7.6929E-02
  2.8797E-01  9.6068E-01  5.0000E+02  9.2537E-01  2.0970E-01  1.8059E-01  7.6929E-02
  2.9097E-01  9.7068E-01  5.0000E+02  9.2537E-01  2.0970E-01  1.8059E-01  7.6929E-02
  2.9396E-01  9.8068E-01  5.0000E+02  9.2537E-01  2.0970E-01  1.8059E-01  7.6929E-02
  2.9696E-01  9.9068E-01  5.0000E+02  9.2537E-01  2.0970E-01  1.8059E-01  7.6929E-02
  2.9996E-01  1.0007E+00  5.0000E+02  9.2537E-01  2.0970E-01  1.8059E-01  7.6929E-02
  3.0296E-01  1.0107E+00  5.0000E+02  9.2537E-01  2.0970E-01  1.8059E-01  7.6929E-02
  3.0596E-01  1.0207E+00  5.0000E+02  9.2537E-01  2.0970E-01  1.8059E-01  7.6929E-02
  3.0895E-01  1.0307E+00  5.0000E+02  9.2537E-01  2.0970E-01  1.8059E-01  7.6929E-02
  3.1195E-01  1.0407E+00  5.0000E+02  9.2537E-01  2.0970E-01  1.8059E-01  7.6929E-02
  3.1495E-01  1.0507E+00  5.0000E+02  9.2537E-01  2.0970E-01  1.8059E-01  7.6929E-02
  3.1795E-01  1.0607E+00  5.0000E+02  9.2537E-01  2.0970E-01  1.8059E-01  7.6929E-02
  3.2095E-01  1.0707E+00  5.0000E+02  9.2537E-01  2.0970E-01  1.8059E-01  7.6929E-02
  3.2394E-01  1.0807E+00  5.0000E+02  9.2537E-01  2.0970E-01  1.8059E-01  7.6929E-02
  3.2694E-01  1.0907E+00  5.0000E+02  9.2537E-01  2.0970E-01  1.8059E-01  7.6929E-02
  3.2994E-01  1.1007E+00  5.0000E+02  9.2537E-01  2.0970E-01  1.8059E-01  7.6929E-02
  3.3294E-01  1.1107E+00  5.0000E+02  9.2537E-01  2.0970E-01  1.8059E-01  7.6929E-02
  3.3594E-01  1.1207E+00  5.0000E+02  9.2537E-01  2.0970E-01  1.8059E-01  7.6929E-02
  3.3893E-01  1.1307E+00  5.0000E+02  9.2537E-01  2.0970E-01  1.8059E-01  7.6929E-02
  3.4193E-01  1.1407E+00  5.0000E+02  9.2537E-01  2.0970E-01  1.8059E-01  7.6929E-02
  3.4493E-01  1.1507E+00  5.0000E+02  9.2537E-01  2.0970E-01  1.8059E-01  7.6929E-02
  3.4793E-01  1.1607E+00  5.0000E+02  9.2537E-01  2.0970E-01  1.8059E-01  7.6929E-02
  3.5093E-01  1.1707E+00  5.0000E+02  9.2537E-01  2.0970E-01  1.8059E-01  7.6929E-02
  3.5392E-01  1.1807E+00  5.0000E+02  9.2537E-01  2.0970E-01  1.8059E-01  7.6929E-02
  3.5692E-01  1.1907E+00  5.0000E+02  9.2537E-01  2.0970E-01  1.8059E-01  7.6929E-02
  3.5992E-01  1.2007E+00  5.0000E+02  9.2537E-01  2.0970E-01  1.8059E-01  7.6929E-02
  3.6292E-01  1.2107E+00  5.0000E+02  9.2537E-01  2.0970E-01  1.8059E-01  7.6929E-02
  3.6591E-01  1.2207E+00  5.0000E+02  9.2537E-01  2.0970E-01  1.8059E-01  7.6929E-02
  3.6891E-01  1.2307E+00  5.0000E+02  9.2537E-01  2.0970E-01  1.8059E-01  7.6929E-02
  3.7191E-01  1.2407E+00  5.0000E+02  9.2537E-01  2.0970E-01  1.8059E-01  7.6929E-02
  3.7491E-01  1.2507E+00  5.0000E+02  9.2537E-01  2.0970E-01  1.8059E-01  7.6929E-02
  3.7791E-01  1.2607E+00  5.0000E+02  9.2537E-01  2.0970E-01  1.8059E-01  7.6929E-02
  3.8090E-01  1.2707E+00  5.0000E+02  9.2537E-01  2.0970E-01  1.8059E-01  7.6929E-02
  3.8390E-01  1.2807E+00  5.0000E+02  9.2537E-01  2.0970E-01  1.8059E-01  7.6929E-02
  3.8690E-01  1.2907E+00  5.0000E+02  9.2537E-01  2.0970E-01  1.8059E-01  7.6929E-02
  3.9000E-01  1.3010E+00  5.0000E+02  9.2537E-01  2.0970E-01  1.8059E-01  7.6929E-02
  3.9300E-01  1.3110E+00  5.0000E+02  9.2537E-01  2.0970E-01  1.8059E-01  7.6929E-02
  3.9600E-01  1.3210E+00  5.0000E+02  9.2537E-01  2.0970E-01  1.8059E-01  7.6929E-02
  3.9899E-01  1.3310E+00  5.0000E+02  9.2537E-01  2.0970E-01  1.8059E-01  7.6929E-02
  4.0199E-01  1.3410E+00  5.0000E+02  9.2537E-01  2.0970E-01  1.8059E-01  7.6929E-02
  4.0499E-01  1.3510E+00  5.0000E+02  9.2537E-01  2.0970E-01  1.8059E-01  7.6929E-02
  4.0799E-01  1.3610E+00  5.0000E+02  9.2537E-01  2.0970E-01  1.8059E-01  7.6929E-02
  4.1099E-01  1.3710E+00  5.0000E+02  9.2537E-01  2.0970E-01  1.8059E-01  7.6929E-02
  4.1398E-01  1.3810E+00  5.0000E+02  9.2537E-01  2.0970E-01  1.8059E-01  7.6929E-02
  4.1698E-01  1.3910E+00  5.0000E+02  9.2537E-01  2.0970E-01  1.8059E-01  7.6929E-02
  4.1998E-01  1.4010E+00  5.0000E+02  9.2537E-01  2.0970E-01  1.8059E-01  7.6929E-02
  4.2298E-01  1.4110E+00  5.0000E+02  9.2537E-01  2.0970E-01  1.8059E-01  7.6929E-02
  4.2598E-01  1.4210E+00  5.0000E+02  9.2537E-01  2.0970E-01  1.8059E-01  7.6929E-02
  4.2897E-01  1.4310E+00  5.0000E+02  9.2537E-01  2.0970E-01  1.8059E-01  7.6929E-02
  4.3197E-01  1.4410E+00  5.0000E+02  9.2537E-01  2.0970E-01  1.8059E-01  7.6929E-02
  4.3497E-01  1.4510E+00  5.0000E+02  9.2537E-01  2.0970E-01  1.8059E-01  7.6929E-02
  4.3797E-01  1.4610E+00  5.0000E+02  9.2537E-01  2.0970E-01  1.8059E-01  7.6929E-02
  4.4096E-01  1.4710E+00  5.0000E+02  9.2537E-01  2.0970E-01  1.8059E-01  7.6929E-02
  4.4396E-01  1.4810E+00  5.0000E+02  9.2537E-01  2.0970E-01  1.8059E-01  7.6929E-02
  4.4696E-01  1.4910E+00  5.0000E+02  9.2537E-01  2.0970E-01  1.8059E-01  7.6929E-02
  4.4996E-01  1.5010E+00  5.0000E+02  9.2537E-01  2.0970E-01  1.8059E-01  7.6929E-02
  4.5296E-01  1.5110E+00  5.0000E+02  9.2537E-01  2.0970E-01  1.8059E-01  7.6929E-02
  4.5595E-01  1.5210E+00  5.0000E+02  9.2537E-01  2.0970E-01  1.8059E-01  7.6929E-02
  4.5895E-01  1.5310E+00  5.0000E+02  9.2537E-01  2.0970E-01  1.8059E-01  7.6929E-02
  4.6195E-01  1.5410E+00  5.0000E+02  9.2537E-01  2.0970E-01  1.8059E-01  7.6929E-02
  4.6495E-01  1.5510E+00  5.0000E+02  9.2537E-01  2.0970E-01  1.8059E-01  7.6929E-02
  4.6795E-01  1.5610E+00  5.0000E+02  9.2537E-01  2.0970E-01  1.8059E-01  7.6929E-02
  4.7094E-01  1.5710E+00  5.0000E+02  9.2537E-01  2.0970E-01  1.8059E-01  7.6929E-02
  4.7394E-01  1.5810E+00  5.0000E+02  9.2537E-01  2.0970E-01  1.8059E-01  7.6929E-02
  4.7694E-01  1.5910E+00  5.0000E+02  9.2537E-01  2.0970E-01  1.8059E-01  7.6929E-02
  4.7994E-01  1.6010E+00  5.0000E+02  9.2537E-01  2.0970E-01  1.8059E-01  7.6929E-02
  4.8294E-01  1.6110E+00  5.0000E+02  9.2537E-01  2.0970E-01  1.8059E-01  7.6929E-02
  4.8593E-01  1.6210E+00  5.0000E+02  9.2537E-01  2.0970E-01  1.8059E-01  7.6929E-02
  4.8893E-01  1.6310E+00  5.0000E+02  9.2537E-01  2.0970E-01  1.8059E-01  7.6929E-02
  4.9193E-01  1.6410E+00  5.0000E+02  9.2537E-01  2.0970E-01  1.8059E-01  7.6929E-02
  4.9493E-01  1.6510E+00  5.0000E+02  9.2537E-01  2.0970E-01  1.8059E-01  7.6929E-02
  4.9793E-01  1.6610E+00  5.0000E+02  9.2537E-01  2.0970E-01  1.8059E-01  7.6929E-02
  5.0092E-01  1.6710E+00  5.0000E+02  9.2537E-01  2.0970E-01  1.8059E-01  7.6929E-02
  5.0392E-01  1.6810E+00  5.0000E+02  9.2537E-01  2.0970E-01  1.8059E-01  7.6929E-02
  5.0692E-01  1.6910E+00  5.0000E+02  9.2537E-01  2.0970E-01  1.8059E-01  7.6929E-02
  5.0992E-01  1.7010E+00  5.0000E+02  9.2537E-01  2.0970E-01  1.8059E-01  7.6929E-02
  5.1291E-01  1.7110E+00  5.0000E+02  9.2537E-01  2.0970E-01  1.8059E-01  7.6929E-02
  5.1591E-01  1.7210E+00  5.0000E+02  9.2537E-01  2.0970E-01  1.8059E-01  7.6929E-02
  5.1891E-01  1.7310E+00  5.0000E+02  9.2537E-01  2.0970E-01  1.8059E-01  7.6929E-02
  5.2191E-01  1.7410E+00  5.0000E+02  9.2537E-01  2.0970E-01  1.8059E-01  7.6929E-02
  5.2491E-01  1.7510E+00  5.0000E+02  9.2537E-01  2.0970E-01  1.8059E-01  7.6929E-02
  5.2790E-01  1.7610E+00  5.0000E+02  9.2537E-01  2.0970E-01  1.8059E-01  7.6929E-02
  5.3090E-01  1.7710E+00  5.0000E+02  9.2537E-01  2.0970E-01  1.8059E-01  7.6929E-02
  5.3390E-01  1.7810E+00  5.0000E+02  9.2537E-01  2.0970E-01  1.8059E-01  7.6929E-02
  5.3700E-01  1.7914E+00  5.0000E+02  9.2537E-01  2.0970E-01  1.8059E-01  7.6929E-02
  5.4000E-01  1.8014E+00  5.0000E+02  9.2537E-01  2.0970E-01  1.8059E-01  7.6929E-02
  5.4300E-01  1.8114E+00  5.0000E+02  9.2537E-01  2.0970E-01  1.8059E-01  7.6929E-02
  5.4599E-01  1.8214E+00  5.0000E+02  9.2537E-01  2.0970E-01  1.8059E-01  7.6929E-02
  5.4899E-01  1.8314E+00  5.0000E+02  9.2537E-01  2.0970E-01  1.8059E-01  7.6929E-02
  5.5199E-01  1.8414E+00  5.0000E+02  9.2537E-01  2.0970E-01  1.8059E-01  7.6929E-02
  5.5499E-01  1.8514E+00  5.0000E+02  9.2537E-01  2.0970E-01  1.8059E-01  7.6929E-02
  5.5799E-01  1.8614E+00  5.0000E+02  9.2537E-01  2.0970E-01  1.8059E-01  7.6929E-02
  5.6098E-01  1.8714E+00  5.0000E+02  9.2537E-01  2.0970E-01  1.8059E-01  7.6929E-02
  5.6398E-01  1.8814E+00  5.0000E+02  9.2537E-01  2.0970E-01  1.8059E-01  7.6929E-02
  5.6698E-01  1.8914E+00  5.0000E+02  9.2537E-01  2.0970E-01  1.8059E-01  7.6929E-02
  5.6998E-01  1.9014E+00  5.0000E+02  9.2537E-01  2.0970E-01  1.8059E-01  7.6929E-02
  5.7298E-01  1.9114E+00  5.0000E+02  9.2537E-01  2.0970E-01  1.8059E-01  7.6929E-02
  5.7597E-01  1.9214E+00  5.0000E+02  9.2537E-01  2.0970E-01  1.8059E-01  7.6929E-02
  5.7897E-01  1.9314E+00  5.0000E+02  9.2537E-01  2.0970E-01  1.8059E-01  7.6929E-02
  5.8197E-01  1.9414E+00  5.0000E+02  9.2537E-01  2.0970E-01  1.8059E-01  7.6929E-02
  5.8497E-01  1.9514E+00  5.0000E+02  9.2537E-01  2.0970E-01  1.8059E-01  7.6929E-02
  5.8796E-01  1.9614E+00  5.0000E+02  9.2537E-01  2.0970E-01  1.8059E-01  7.6929E-02
  5.9096E-01  1.9714E+00  5.0000E+02  9.2537E-01  2.0970E-01  1.8059E-01  7.6929E-02
  5.9396E-01  1.9814E+00  5.0000E+02  9.2537E-01  2.0970E-01  1.8059E-01  7.6929E-02
  5.9696E-01  1.9914E+00  5.0000E+02  9.2537E-01  2.0970E-01  1.8059E-01  7.6929E-02
  5.9996E-01  2.0014E+00  5.0000E+02  9.2537E-01  2.0970E-01  1.8059E-01  7.6929E-02
  6.0295E-01  2.0114E+00  5.0000E+02  9.2537E-01  2.0970E-01  1.8059E-01  7.6929E-02
  6.0595E-01  2.0214E+00  5.0000E+02  9.2537E-01  2.0970E-01  1.8059E-01  7.6929E-02
  6.0895E-01  2.0314E+00  5.0000E+02  9.2537E-01  2.0970E-01  1.8059E-01  7.6929E-02
  6.1195E-01  2.0414E+00  5.0000E+02  9.2537E-01  2.0970E-01  1.8059E-01  7.6929E-02
  6.1495E-01  2.0514E+00  5.0000E+02  9.2537E-01  2.0970E-01  1.8059E-01  7.6929E-02
  6.1794E-01  2.0614E+00  5.0000E+02  9.2537E-01  2.0970E-01  1.8059E-01  7.6929E-02
  6.2094E-01  2.0714E+00  5.0000E+02  9.2537E-01  2.0970E-01  1.8059E-01  7.6929E-02
  6.2394E-01  2.0814E+00  5.0000E+02  9.2537E-01  2.0970E-01  1.8059E-01  7.6929E-02
  6.2694E-01  2.0914E+00  5.0000E+02  9.2537E-01  2.0970E-01  1.8059E-01  7.6929E-02
  6.2994E-01  2.1014E+00  5.0000E+02  9.2537E-01  2.0970E-01  1.8059E-01  7.6929E-02
  6.3293E-01  2.1114E+00  5.0000E+02  9.2537E-01  2.0970E-01  1.8059E-01  7.6929E-02
  6.3593E-01  2.1214E+00  5.0000E+02  9.2537E-01  2.0970E-01  1.8059E-01  7.6929E-02
  6.3893E-01  2.1314E+00  5.0000E+02  9.2537E-01  2.0970E-01  1.8059E-01  7.6929E-02
  6.4193E-01  2.1414E+00  5.0000E+02  9.2537E-01  2.0970E-01  1.8059E-01  7.6929E-02
  6.4493E-01  2.1514E+00  5.0000E+02  9.2537E-01  2.0970E-01  1.8059E-01  7.6929E-02
  6.4792E-01  2.1614E+00  5.0000E+02  9.2537E-01  2.0970E-01  1.8059E-01  7.6929E-02
  6.5092E-01  2.1714E+00  5.0000E+02  9.2537E-01  2.0970E-01  1.8059E-01  7.6929E-02
  6.5392E-01  2.1814E+00  5.0000E+02  9.2537E-01  2.0970E-01  1.8059E-01  7.6929E-02
  6.5692E-01  2.1914E+00  5.0000E+02  9.2537E-01  2.0970E-01  1.8059E-01  7.6929E-02
  6.5991E-01  2.2014E+00  5.0000E+02  9.2537E-01  2.0970E-01  1.8059E-01  7.6929E-02
  6.6291E-01  2.2114E+00  5.0000E+02  9.2537E-01  2.0970E-01  1.8059E-01  7.6929E-02
  6.6591E-01  2.2214E+00  5.0000E+02  9.2537E-01  2.0970E-01  1.8059E-01  7.6929E-02
  6.6891E-01  2.2314E+00  5.0000E+02  9.2537E-01  2.0970E-01  1.8059E-01  7.6929E-02
  6.7191E-01  2.2414E+00  5.0000E+02  9.2537E-01  2.0970E-01  1.8059E-01  7.6929E-02
  6.7490E-01  2.2514E+00  5.0000E+02  9.2537E-01  2.0970E-01  1.8059E-01  7.6929E-02
  6.7790E-01  2.2614E+00  5.0000E+02  9.2537E-01  2.0970E-01  1.8059E-01  7.6929E-02
  6.8090E-01  2.2714E+00  5.0000E+02  9.2537E-01  2.0970E-01  1.8059E-01  7.6929E-02
  6.8400E-01  2.2817E+00  5.0000E+02  9.2537E-01  2.0970E-01  1.8059E-01  7.6929E-02
  6.8700E-01  2.2917E+00  5.0000E+02  9.2537E-01  2.0970E-01  1.8059E-01  7.6929E-02
  6.9000E-01  2.3017E+00  5.0000E+02  9.2537E-01  2.0970E-01  1.8059E-01  7.6929E-02
  6.9299E-01  2.3117E+00  5.0000E+02  9.2537E-01  2.0970E-01  1.8059E-01  7.6929E-02
  6.9599E-01  2.3217E+00  5.0000E+02  9.2537E-01  2.0970E-01  1.8059E-01  7.6929E-02
  6.9899E-01  2.3317E+00  5.0000E+02  9.2537E-01  2.0970E-01  1.8059E-01  7.6929E-02
  7.0199E-01  2.3417E+00  5.0000E+02  9.2537E-01  2.0970E-01  1.8059E-01  7.6929E-02
  7.0499E-01  2.3517E+00  5.0000E+02  9.2537E-01  2.0970E-01  1.8059E-01  7.6929E-02
  7.0798E-01  2.3617E+00  5.0000E+02  9.2537E-01  2.0970E-01  1.8059E-01  7.6929E-02
  7.1098E-01  2.3717E+00  5.0000E+02  9.2537E-01  2.0970E-01  1.8059E-01  7.6929E-02
  7.1398E-01  2.3817E+00  5.0000E+02  9.2537E-01  2.0970E-01  1.8059E-01  7.6929E-02
  7.1698E-01  2.3917E+00  5.0000E+02  9.2537E-01  2.0970E-01  1.8059E-01  7.6929E-02
  7.1998E-01  2.4017E+00  5.0000E+02  9.2537E-01  2.0970E-01  1.8059E-01  7.6929E-02
  7.2297E-01  2.4117E+00  5.0000E+02  9.2537E-01  2.0970E-01  1.8059E-01  7.6929E-02
  7.2597E-01  2.4217E+00  5.0000E+02  9.2537E-01  2.0970E-01  1.8059E-01  7.6929E-02
  7.2897E-01  2.4317E+00  5.0000E+02  9.2537E-01  2.0970E-01  1.8059E-01  7.6929E-02
  7.3197E-01  2.4417E+00  5.0000E+02  9.2537E-01  2.0970E-01  1.8059E-01  7.6929E-02
  7.3496E-01  2.4517E+00  5.0000E+02  9.2537E-01  2.0970E-01  1.8059E-01  7.6929E-02
  7.3796E-01  2.4617E+00  5.0000E+02  9.2537E-01  2.0970E-01  1.8059E-01  7.6929E-02
  7.4096E-01  2.4717E+00  5.0000E+02  9.2537E-01  2.0970E-01  1.8059E-01  7.6929E-02
  7.4396E-01  2.4817E+00  5.0000E+02  9.2537E-01  2.0970E-01  1.8059E-01  7.6929E-02
  7.4696E-01  2.4917E+00  5.0000E+02  9.2537E-01  2.0970E-01  1.8059E-01  7.6929E-02
  7.4995E-01  2.5017E+00  5.0000E+02  9.2537E-01  2.0970E-01  1.8059E-01  7.6929E-02
  7.5295E-01  2.5117E+00  5.0000E+02  9.2537E-01  2.0970E-01  1.8059E-01  7.6929E-02
  7.5595E-01  2.5217E+00  5.0000E+02  9.2537E-01  2.0970E-01  1.8059E-01  7.6929E-02
  7.5895E-01  2.5317E+00  5.0000E+02  9.2537E-01  2.0970E-01  1.8059E-01  7.6929E-02
  7.6195E-01  2.5417E+00  5.0000E+02  9.2537E-01  2.0970E-01  1.8059E-01  7.6929E-02
  7.6494E-01  2.5517E+00  5.0000E+02  9.2537E-01  2.0970E-01  1.8059E-01  7.6929E-02
  7.6794E-01  2.5617E+00  5.0000E+02  9.2537E-01  2.0970E-01  1.8059E-01  7.6929E-02
  7.7094E-01  2.5717E+00  5.0000E+02  9.2537E-01  2.0970E-01  1.8059E-01  7.6929E-02
  7.7394E-01  2.5817E+00  5.0000E+02  9.2537E-01  2.0970E-01  1.8059E-01  7.6929E-02
  7.7694E-01  2.5917E+00  5.0000E+02  9.2537E-01  2.0970E-01  1.8059E-01  7.6929E-02
  7.7993E-01  2.6017E+00  5.0000E+02  9.2537E-01  2.0970E-01  1.8059E-01  7.6929E-02
  7.8293E-01  2.6117E+00  5.0000E+02  9.2537E-01  2.0970E-01  1.8059E-01  7.6929E-02
  7.8593E-01  2.6217E+00  5.0000E+02  9.2537E-01  2.0970E-01  1.8059E-01  7.6929E-02
  7.8893E-01  2.6317E+00  5.0000E+02  9.2537E-01  2.0970E-01  1.8059E-01  7.6929E-02
  7.9193E-01  2.6417E+00  5.0000E+02  9.2537E-01  2.0970E-01  1.8059E-01  7.6929E-02
  7.9492E-01  2.6517E+00  5.0000E+02  9.2537E-01  2.0970E-01  1.8059E-01  7.6929E-02
  7.9792E-01  2.6617E+00  5.0000E+02  9.2537E-01  2.0970E-01  1.8059E-01  7.6929E-02
  8.0092E-01  2.6717E+00  5.0000E+02  9.2537E-01  2.0970E-01  1.8059E-01  7.6929E-02
  8.0392E-01  2.6817E+00  5.0000E+02  9.2537E-01  2.0970E-01  1.8059E-01  7.6929E-02
  8.0691E-01  2.6917E+00  5.0000E+02  9.2537E-01  2.0970E-01  1.8059E-01  7.6929E-02
  8.0991E-01  2.7017E+00  5.0000E+02  9.2537E-01  2.0970E-01  1.8059E-01  7.6929E-02
  8.1291E-01  2.7117E+00  5.0000E+02  9.2537E-01  2.0970E-01  1.8059E-01  7.6929E-02
  8.1591E-01  2.7217E+00  5.0000E+02  9.2537E-01  2.0970E-01  1.8059E-01  7.6929E-02
  8.1891E-01  2.7317E+00  5.0000E+02  9.2537E-01  2.0970E-01  1.8059E-01  7.6929E-02
  8.2190E-01  2.7417E+00  5.0000E+02  9.2537E-01  2.0970E-01  1.8059E-01  7.6929E-02
  8.2490E-01  2.7517E+00  5.0000E+02  9.2537E-01  2.0970E-01  1.8059E-01  7.6929E-02
  8.2790E-01  2.7617E+00  5.0000E+02  9.2537E-01  2.0970E-01  1.8059E-01  7.6929E-02
  8.3100E-01  2.7720E+00  5.0000E+02  9.2537E-01  2.0970E-01  1.8059E-01  7.6929E-02
  8.3400E-01  2.7820E+00  5.0000E+02  9.2537E-01  2.0970E-01  1.8059E-01  7.6929E-02
  8.3700E-01  2.7920E+00  5.0000E+02  9.2537E-01  2.0970E-01  1.8059E-01  7.6929E-02
  8.3999E-01  2.8020E+00  5.0000E+02  9.2537E-01  2.0970E-01  1.8059E-01  7.6929E-02
  8.4299E-01  2.8120E+00  5.0000E+02  9.2537E-01  2.0970E-01  1.8059E-01  7.6929E-02
  8.4599E-01  2.8220E+00  5.0000E+02  9.2537E-01  2.0970E-01  1.8059E-01  7.6929E-02
  8.4899E-01  2.8320E+00  5.0000E+02  9.2537E-01  2.0970E-01  1.8059E-01  7.6929E-02
  8.5199E-01  2.8420E+00  5.0000E+02  9.2537E-01  2.0970E-01  1.8059E-01  7.6929E-02
  8.5498E-01  2.8520E+00  5.0000E+02  9.2537E-01  2.0970E-01  1.8059E-01  7.6929E-02
  8.5798E-01  2.8620E+00  5.0000E+02  9.2537E-01  2.0970E-01  1.8059E-01  7.6929E-02
  8.6098E-01  2.8720E+00  5.0000E+02  9.2537E-01  2.0970E-01  1.8059E-01  7.6929E-02
  8.6398E-01  2.8820E+00  5.0000E+02  9.2537E-01  2.0970E-01  1.8059E-01  7.6929E-02
  8.6698E-01  2.8920E+00  5.0000E+02  9.2537E-01  2.0970E-01  1.8059E-01  7.6929E-02
  8.6997E-01  2.9020E+00  5.0000E+02  9.2537E-01  2.0970E-01  1.8059E-01  7.6929E-02
  8.7297E-01  2.9120E+00  5.0000E+02  9.2537E-01  2.0970E-01  1.8059E-01  7.6929E-02
  8.7597E-01  2.9220E+00  5.0000E+02  9.2537E-01  2.0970E-01  1.8059E-01  7.6929E-02
  8.7897E-01  2.9320E+00  5.0000E+02  9.2537E-01  2.0970E-01  1.8059E-01  7.6929E-02
  8.8196E-01  2.9420E+00  5.0000E+02  9.2537E-01  2.0970E-01  1.8059E-01  7.6929E-02
  8.8496E-01  2.9520E+00  5.0000E+02  9.2537E-01  2.0970E-01  1.8059E-01  7.6929E-02
  8.8796E-01  2.9620E+00  5.0000E+02  9.2537E-01  2.0970E-01  1.8059E-01  7.6929E-02
  8.9096E-01  2.9720E+00  5.0000E+02  9.2537E-01  2.0970E-01  1.8059E-01  7.6929E-02
  8.9396E-01  2.9820E+00  5.0000E+02  9.2537E-01  2.0970E-01  1.8059E-01  7.6929E-02
  8.9695E-01  2.9920E+00  5.0000E+02  9.2537E-01  2.0970E-01  1.8059E-01  7.6929E-02
  8.9995E-01  3.0020E+00  5.0000E+02  9.2537E-01  2.0970E-01  1.8059E-01  7.6929E-02
  9.0295E-01  3.0120E+00  5.0000E+02  9.2537E-01  2.0970E-01  1.8059E-01  7.6929E-02
  9.0595E-01  3.0220E+00  5.0000E+02  9.2537E-01  2.0970E-01  1.8059E-01  7.6929E-02
  9.0895E-01  3.0320E+00  5.0000E+02  9.2537E-01  2.0970E-01  1.8059E-01  7.6929E-02
  9.1194E-01  3.0420E+00  5.0000E+02  9.2537E-01  2.0970E-01  1.8059E-01  7.6929E-02
  9.1494E-01  3.0520E+00  5.0000E+02  9.2537E-01  2.0970E-01  1.8059E-01  7.6929E-02
  9.1794E-01  3.0620E+00  5.0000E+02  9.2537E-01  2.0970E-01  1.8059E-01  7.6929E-02
  9.2094E-01  3.0720E+00  5.0000E+02  9.2537E-01  2.0970E-01  1.8059E-01  7.6929E-02
  9.2394E-01  3.0820E+00  5.0000E+02  9.2537E-01  2.0970E-01  1.8059E-01  7.6929E-02
  9.2693E-01  3.0920E+00  5.0000E+02  9.2537E-01  2.0970E-01  1.8059E-01  7.6929E-02
  9.2993E-01  3.1020E+00  5.0000E+02  9.2537E-01  2.0970E-01  1.8059E-01  7.6929E-02
  9.3293E-01  3.1120E+00  5.0000E+02  9.2537E-01  2.0970E-01  1.8059E-01  7.6929E-02
  9.3593E-01  3.1220E+00  5.0000E+02  9.2537E-01  2.0970E-01  1.8059E-01  7.6929E-02
  9.3893E-01  3.1320E+00  5.0000E+02  9.2537E-01  2.0970E-01  1.8059E-01  7.6929E-02
  9.4192E-01  3.1420E+00  5.0000E+02  9.2537E-01  2.0970E-01  1.8059E-01  7.6929E-02
  9.4492E-01  3.1520E+00  5.0000E+02  9.2537E-01  2.0970E-01  1.8059E-01  7.6929E-02
  9.4792E-01  3.1620E+00  5.0000E+02  9.2537E-01  2.0970E-01  1.8059E-01  7.6929E-02
  9.5092E-01  3.1720E+00  5.0000E+02  9.2537E-01  2.0970E-01  1.8059E-01  7.6929E-02
  9.5391E-01  3.1820E+00  5.0000E+02  9.2537E-01  2.0970E-01  1.8059E-01  7.6929E-02
  9.5691E-01  3.1920E+00  5.0000E+02  9.2537E-01  2.0970E-01  1.8059E-01  7.6929E-02
  9.5991E-01  3.2020E+00  5.0000E+02  9.2537E-01  2.0970E-01  1.8059E-01  7.6929E-02
  9.6291E-01  3.2120E+00  5.0000E+02  9.2537E-01  2.0970E-01  1.8059E-01  7.6929E-02
  9.6591E-01  3.2220E+00  5.0000E+02  9.2537E-01  2.0970E-01  1.8059E-01  7.6929E-02
  9.6890E-01  3.2320E+00  5.0000E+02  9.2537E-01  2.0970E-01  1.8059E-01  7.6929E-02
  9.7190E-01  3.2420E+00  5.0000E+02  9.2537E-01  2.0970E-01  1.8059E-01  7.6929E-02
  9.7490E-01  3.2520E+00  5.0000E+02  9.2537E-01  2.0970E-01  1.8059E-01  7.6929E-02
  9.7800E-01  3.2624E+00  5.0000E+02  9.2537E-01  2.0970E-01  1.8059E-01  7.6929E-02
  9.8100E-01  3.2724E+00  5.0000E+02  9.2537E-01  2.0970E-01  1.8059E-01  7.6929E-02
  9.8400E-01  3.2824E+00  5.0000E+02  9.2537E-01  2.0970E-01  1.8059E-01  7.6929E-02
  9.8699E-01  3.2924E+00  5.0000E+02  9.2537E-01  2.0970E-01  1.8059E-01  7.6929E-02
  9.8999E-01  3.3024E+00  5.0000E+02  9.2537E-01  2.0970E-01  1.8059E-01  7.6929E-02
  9.9299E-01  3.3124E+00  5.0000E+02  9.2537E-01  2.0970E-01  1.8059E-01  7.6929E-02
  9.9599E-01  3.3224E+00  5.0000E+02  9.2537E-01  2.0970E-01  1.8059E-01  7.6929E-02
  9.9899E-01  3.3324E+00  5.0000E+02  9.2537E-01  2.0970E-01  1.8059E-01  7.6929E-02
  1.0020E+00  3.3424E+00  5.0000E+02  9.2537E-01  2.0970E-01  1.8059E-01  7.6929E-02
  1.0050E+00  3.3524E+00  5.0000E+02  9.2537E-01  2.0970E-01  1.8059E-01  7.6929E-02
  1.0080E+00  3.3624E+00  5.0000E+02  9.2537E-01  2.0970E-01  1.8059E-01  7.6929E-02
  1.0110E+00  3.3724E+00  5.0000E+02  9.2537E-01  2.0970E-01  1.8059E-01  7.6929E-02
  1.0140E+00  3.3824E+00  5.0000E+02  9.2537E-01  2.0970E-01  1.8059E-01  7.6929E-02
  1.0170E+00  3.3924E+00  5.0000E+02  9.2537E-01  2.0970E-01  1.8059E-01  7.6929E-02
  1.0200E+00  3.4024E+00  5.0000E+02  9.2537E-01  2.0970E-01  1.8059E-01  7.6929E-02
  1.0230E+00  3.4124E+00  5.0000E+02  9.2537E-01  2.0970E-01  1.8059E-01  7.6929E-02
  1.0260E+00  3.4224E+00  5.0000E+02  9.2537E-01  2.0970E-01  1.8059E-01  7.6929E-02
  1.0290E+00  3.4324E+00  5.0000E+02  9.2537E-01  2.0970E-01  1.8059E-01  7.6929E-02
  1.0320E+00  3.4424E+00  5.0000E+02  9.2537E-01  2.0970E-01  1.8059E-01  7.6929E-02
  1.0350E+00  3.4524E+00  5.0000E+02  9.2537E-01  2.0970E-01  1.8059E-01  7.6929E-02
  1.0380E+00  3.4624E+00  5.0000E+02  9.2537E-01  2.0970E-01  1.8059E-01  7.6929E-02
  1.0410E+00  3.4724E+00  5.0000E+02  9.2537E-01  2.0970E-01  1.8059E-01  7.6929E-02
  1.0440E+00  3.4824E+00  5.0000E+02  9.2537E-01  2.0970E-01  1.8059E-01  7.6929E-02
  1.0470E+00  3.4924E+00  5.0000E+02  9.2537E-01  2.0970E-01  1.8059E-01  7.6929E-02
  1.0500E+00  3.5024E+00  5.0000E+02  9.2537E-01  2.0970E-01  1.8059E-01  7.6929E-02
  1.0529E+00  3.5124E+00  5.0000E+02  9.2537E-01  2.0970E-01  1.8059E-01  7.6929E-02
  1.0559E+00  3.5224E+00  5.0000E+02  9.2537E-01  2.0970E-01  1.8059E-01  7.6929E-02
  1.0589E+00  3.5324E+00  5.0000E+02  9.2537E-01  2.0970E-01  1.8059E-01  7.6929E-02
  1.0619E+00  3.5424E+00  5.0000E+02  9.2537E-01  2.0970E-01  1.8059E-01  7.6929E-02
  1.0649E+00  3.5524E+00  5.0000E+02  9.2537E-01  2.0970E-01  1.8059E-01  7.6929E-02
  1.0679E+00  3.5624E+00  5.0000E+02  9.2537E-01  2.0970E-01  1.8059E-01  7.6929E-02
  1.0709E+00  3.5724E+00  5.0000E+02  9.2537E-01  2.0970E-01  1.8059E-01  7.6929E-02
  1.0739E+00  3.5824E+00  5.0000E+02  9.2537E-01  2.0970E-01  1.8059E-01  7.6929E-02
  1.0769E+00  3.5924E+00  5.0000E+02  9.2537E-01  2.0970E-01  1.8059E-01  7.6929E-02
  1.0799E+00  3.6024E+00  5.0000E+02  9.2537E-01  2.0970E-01  1.8059E-01  7.6929E-02
  1.0829E+00  3.6124E+00  5.0000E+02  9.2537E-01  2.0970E-01  1.8059E-01  7.6929E-02
  1.0859E+00  3.6224E+00  5.0000E+02  9.2537E-01  2.0970E-01  1.8059E-01  7.6929E-02
  1.0889E+00  3.6324E+00  5.0000E+02  9.2537E-01  2.0970E-01  1.8059E-01  7.6929E-02
  1.0919E+00  3.6424E+00  5.0000E+02  9.2537E-01  2.0970E-01  1.8059E-01  7.6929E-02
  1.0949E+00  3.6524E+00  5.0000E+02  9.2537E-01  2.0970E-01  1.8059E-01  7.6929E-02
  1.0979E+00  3.6624E+00  5.0000E+02  9.2537E-01  2.0970E-01  1.8059E-01  7.6929E-02
  1.1009E+00  3.6724E+00  5.0000E+02  9.2537E-01  2.0970E-01  1.8059E-01  7.6929E-02
  1.1039E+00  3.6824E+00  5.0000E+02  9.2537E-01  2.0970E-01  1.8059E-01  7.6929E-02
  1.1069E+00  3.6924E+00  5.0000E+02  9.2537E-01  2.0970E-01  1.8059E-01  7.6929E-02
  1.1099E+00  3.7024E+00  5.0000E+02  9.2537E-01  2.0970E-01  1.8059E-01  7.6929E-02
  1.1129E+00  3.7124E+00  5.0000E+02  9.2537E-01  2.0970E-01  1.8059E-01  7.6929E-02
  1.1159E+00  3.7224E+00  5.0000E+02  9.2537E-01  2.0970E-01  1.8059E-01  7.6929E-02
  1.1189E+00  3.7324E+00  5.0000E+02  9.2537E-01  2.0970E-01  1.8059E-01  7.6929E-02
  1.1219E+00  3.7424E+00  5.0000E+02  9.2537E-01  2.0970E-01  1.8059E-01  7.6929E-02
  1.1250E+00  3.7527E+00  5.0000E+02  9.2537E-01  2.0970E-01  1.8059E-01  7.6929E-02
  1.1280E+00  3.7627E+00  5.0000E+02  9.2537E-01  2.0970E-01  1.8059E-01  7.6929E-02
  1.1310E+00  3.7727E+00  5.0000E+02  9.2537E-01  2.0970E-01  1.8059E-01  7.6929E-02
  1.1340E+00  3.7827E+00  5.0000E+02  9.2537E-01  2.0970E-01  1.8059E-01  7.6929E-02
  1.1370E+00  3.7927E+00  5.0000E+02  9.2537E-01  2.0970E-01  1.8059E-01  7.6929E-02
  1.1400E+00  3.8027E+00  5.0000E+02  9.2537E-01  2.0970E-01  1.8059E-01  7.6929E-02
  1.1430E+00  3.8127E+00  5.0000E+02  9.2537E-01  2.0970E-01  1.8059E-01  7.6929E-02
  1.1460E+00  3.8227E+00  5.0000E+02  9.2537E-01  2.0970E-01  1.8059E-01  7.6929E-02
  1.1490E+00  3.8327E+00  5.0000E+02  9.2537E-01  2.0970E-01  1.8059E-01  7.6929E-02
  1.1520E+00  3.8427E+00  5.0000E+02  9.2537E-01  2.0970E-01  1.8059E-01  7.6929E-02
  1.1550E+00  3.8527E+00  5.0000E+02  9.2537E-01  2.0970E-01  1.8059E-01  7.6929E-02
  1.1580E+00  3.8627E+00  5.0000E+02  9.2537E-01  2.0970E-01  1.8059E-01  7.6929E-02
  1.1610E+00  3.8727E+00  5.0000E+02  9.2537E-01  2.0970E-01  1.8059E-01  7.6929E-02
  1.1640E+00  3.8827E+00  5.0000E+02  9.2537E-01  2.0970E-01  1.8059E-01  7.6929E-02
  1.1670E+00  3.8927E+00  5.0000E+02  9.2537E-01  2.0970E-01  1.8059E-01  7.6929E-02
  1.1700E+00  3.9027E+00  5.0000E+02  9.2537E-01  2.0970E-01  1.8059E-01  7.6929E-02
  1.1730E+00  3.9127E+00  5.0000E+02  9.2537E-01  2.0970E-01  1.8059E-01  7.6929E-02
  1.1760E+00  3.9227E+00  5.0000E+02  9.2537E-01  2.0970E-01  1.8059E-01  7.6929E-02
  1.1790E+00  3.9327E+00  5.0000E+02  9.2537E-01  2.0970E-01  1.8059E-01  7.6929E-02
  1.1820E+00  3.9427E+00  5.0000E+02  9.2537E-01  2.0970E-01  1.8059E-01  7.6929E-02
  1.1850E+00  3.9527E+00  5.0000E+02  9.2537E-01  2.0970E-01  1.8059E-01  7.6929E-02
  1.1880E+00  3.9627E+00  5.0000E+02  9.2537E-01  2.0970E-01  1.8059E-01  7.6929E-02
  1.1910E+00  3.9727E+00  5.0000E+02  9.2537E-01  2.0970E-01  1.8059E-01  7.6929E-02
  1.1940E+00  3.9827E+00  5.0000E+02  9.2537E-01  2.0970E-01  1.8059E-01  7.6929E-02
  1.1970E+00  3.9927E+00  5.0000E+02  9.2537E-01  2.0970E-01  1.8059E-01  7.6929E-02
  1.1999E+00  4.0027E+00  5.0000E+02  9.2537E-01  2.0970E-01  1.8059E-01  7.6929E-02
  1.2029E+00  4.0127E+00  5.0000E+02  9.2537E-01  2.0970E-01  1.8059E-01  7.6929E-02
  1.2059E+00  4.0227E+00  5.0000E+02  9.2537E-01  2.0970E-01  1.8059E-01  7.6929E-02
  1.2089E+00  4.0327E+00  5.0000E+02  9.2537E-01  2.0970E-01  1.8059E-01  7.6929E-02
  1.2119E+00  4.0427E+00  5.0000E+02  9.2537E-01  2.0970E-01  1.8059E-01  7.6929E-02
  1.2149E+00  4.0527E+00  5.0000E+02  9.2537E-01  2.0970E-01  1.8059E-01  7.6929E-02
  1.2179E+00  4.0627E+00  5.0000E+02  9.2537E-01  2.0970E-01  1.8059E-01  7.6929E-02
  1.2209E+00  4.0727E+00  5.0000E+02  9.2537E-01  2.0970E-01  1.8059E-01  7.6929E-02
  1.2239E+00  4.0827E+00  5.0000E+02  9.2537E-01  2.0970E-01  1.8059E-01  7.6929E-02
  1.2269E+00  4.0927E+00  5.0000E+02  9.2537E-01  2.0970E-01  1.8059E-01  7.6929E-02
  1.2299E+00  4.1027E+00  5.0000E+02  9.2537E-01  2.0970E-01  1.8059E-01  7.6929E-02
  1.2329E+00  4.1127E+00  5.0000E+02  9.2537E-01  2.0970E-01  1.8059E-01  7.6929E-02
  1.2359E+00  4.1227E+00  5.0000E+02  9.2537E-01  2.0970E-01  1.8059E-01  7.6929E-02
  1.2389E+00  4.1327E+00  5.0000E+02  9.2537E-01  2.0970E-01  1.8059E-01  7.6929E-02
  1.2419E+00  4.1427E+00  5.0000E+02  9.2537E-01  2.0970E-01  1.8059E-01  7.6929E-02
  1.2449E+00  4.1527E+00  5.0000E+02  9.2537E-01  2.0970E-01  1.8059E-01  7.6929E-02
  1.2479E+00  4.1627E+00  5.0000E+02  9.2537E-01  2.0970E-01  1.8059E-01  7.6929E-02
  1.2509E+00  4.1727E+00  5.0000E+02  9.2537E-01  2.0970E-01  1.8059E-01  7.6929E-02
  1.2539E+00  4.1827E+00  5.0000E+02  9.2537E-01  2.0970E-01  1.8059E-01  7.6929E-02
  1.2569E+00  4.1927E+00  5.0000E+02  9.2537E-01  2.0970E-01  1.8059E-01  7.6929E-02
  1.2599E+00  4.2027E+00  5.0000E+02  9.2537E-01  2.0970E-01  1.8059E-01  7.6929E-02
  1.2629E+00  4.2127E+00  5.0000E+02  9.2537E-01  2.0970E-01  1.8059E-01  7.6929E-02
  1.2659E+00  4.2227E+00  5.0000E+02  9.2537E-01  2.0970E-01  1.8059E-01  7.6929E-02
  1.2689E+00  4.2327E+00  5.0000E+02  9.2537E-01  2.0970E-01  1.8059E-01  7.6929E-02
  1.2720E+00  4.2431E+00  5.0000E+02  9.2537E-01  2.0970E-01  1.8059E-01  7.6929E-02
  1.2750E+00  4.2531E+00  5.0000E+02  9.2537E-01  2.0970E-01  1.8059E-01  7.6929E-02
  1.2780E+00  4.2631E+00  5.0000E+02  9.2537E-01  2.0970E-01  1.8059E-01  7.6929E-02
  1.2810E+00  4.2731E+00  5.0000E+02  9.2537E-01  2.0970E-01  1.8059E-01  7.6929E-02
  1.2840E+00  4.2831E+00  5.0000E+02  9.2537E-01  2.0970E-01  1.8059E-01  7.6929E-02
  1.2870E+00  4.2931E+00  5.0000E+02  9.2537E-01  2.0970E-01  1.8059E-01  7.6929E-02
  1.2900E+00  4.3031E+00  5.0000E+02  9.2537E-01  2.0970E-01  1.8059E-01  7.6929E-02
  1.2930E+00  4.3131E+00  5.0000E+02  9.2537E-01  2.0970E-01  1.8059E-01  7.6929E-02
  1.2960E+00  4.3231E+00  5.0000E+02  9.2537E-01  2.0970E-01  1.8059E-01  7.6929E-02
  1.2990E+00  4.3331E+00  5.0000E+02  9.2537E-01  2.0970E-01  1.8059E-01  7.6929E-02
  1.3020E+00  4.3431E+00  5.0000E+02  9.2537E-01  2.0970E-01  1.8059E-01  7.6929E-02
  1.3050E+00  4.3531E+00  5.0000E+02  9.2537E-01  2.0970E-01  1.8059E-01  7.6929E-02
  1.3080E+00  4.3631E+00  5.0000E+02  9.2537E-01  2.0970E-01  1.8059E-01  7.6929E-02
  1.3110E+00  4.3731E+00  5.0000E+02  9.2537E-01  2.0970E-01  1.8059E-01  7.6929E-02
  1.3140E+00  4.3831E+00  5.0000E+02  9.2537E-01  2.0970E-01  1.8059E-01  7.6929E-02
  1.3170E+00  4.3931E+00  5.0000E+02  9.2537E-01  2.0970E-01  1.8059E-01  7.6929E-02
  1.3200E+00  4.4031E+00  5.0000E+02  9.2537E-01  2.0970E-01  1.8059E-01  7.6929E-02
  1.3230E+00  4.4131E+00  5.0000E+02  9.2537E-01  2.0970E-01  1.8059E-01  7.6929E-02
  1.3260E+00  4.4231E+00  5.0000E+02  9.2537E-01  2.0970E-01  1.8059E-01  7.6929E-02
  1.3290E+00  4.4331E+00  5.0000E+02  9.2537E-01  2.0970E-01  1.8059E-01  7.6929E-02
  1.3320E+00  4.4431E+00  5.0000E+02  9.2537E-01  2.0970E-01  1.8059E-01  7.6929E-02
  1.3350E+00  4.4531E+00  5.0000E+02  9.2537E-01  2.0970E-01  1.8059E-01  7.6929E-02
  1.3380E+00  4.4631E+00  5.0000E+02  9.2537E-01  2.0970E-01  1.8059E-01  7.6929E-02
  1.3410E+00  4.4731E+00  5.0000E+02  9.2537E-01  2.0970E-01  1.8059E-01  7.6929E-02
  1.3440E+00  4.4831E+00  5.0000E+02  9.2537E-01  2.0970E-01  1.8059E-01  7.6929E-02
  1.3469E+00  4.4931E+00  5.0000E+02  9.2537E-01  2.0970E-01  1.8059E-01  7.6929E-02
  1.3499E+00  4.5031E+00  5.0000E+02  9.2537E-01  2.0970E-01  1.8059E-01  7.6929E-02
  1.3529E+00  4.5131E+00  5.0000E+02  9.2537E-01  2.0970E-01  1.8059E-01  7.6929E-02
  1.3559E+00  4.5231E+00  5.0000E+02  9.2537E-01  2.0970E-01  1.8059E-01  7.6929E-02
  1.3589E+00  4.5331E+00  5.0000E+02  9.2537E-01  2.0970E-01  1.8059E-01  7.6929E-02
  1.3619E+00  4.5431E+00  5.0000E+02  9.2537E-01  2.0970E-01  1.8059E-01  7.6929E-02
  1.3649E+00  4.5531E+00  5.0000E+02  9.2537E-01  2.0970E-01  1.8059E-01  7.6929E-02
  1.3679E+00  4.5631E+00  5.0000E+02  9.2537E-01  2.0970E-01  1.8059E-01  7.6929E-02
  1.3709E+00  4.5731E+00  5.0000E+02  9.2537E-01  2.0970E-01  1.8059E-01  7.6929E-02
  1.3739E+00  4.5831E+00  5.0000E+02  9.2537E-01  2.0970E-01  1.8059E-01  7.6929E-02
  1.3769E+00  4.5931E+00  5.0000E+02  9.2537E-01  2.0970E-01  1.8059E-01  7.6929E-02
  1.3799E+00  4.6031E+00  5.0000E+02  9.2537E-01  2.0970E-01  1.8059E-01  7.6929E-02
  1.3829E+00  4.6131E+00  5.0000E+02  9.2537E-01  2.0970E-01  1.8059E-01  7.6929E-02
  1.3859E+00  4.6231E+00  5.0000E+02  9.2537E-01  2.0970E-01  1.8059E-01  7.6929E-02
  1.3889E+00  4.6331E+00  5.0000E+02  9.2537E-01  2.0970E-01  1.8059E-01  7.6929E-02
  1.3919E+00  4.6431E+00  5.0000E+02  9.2537E-01  2.0970E-01  1.8059E-01  7.6929E-02
  1.3949E+00  4.6531E+00  5.0000E+02  9.2537E-01  2.0970E-01  1.8059E-01  7.6929E-02
  1.3979E+00  4.6631E+00  5.0000E+02  9.2537E-01  2.0970E-01  1.8059E-01  7.6929E-02
  1.4009E+00  4.6731E+00  5.0000E+02  9.2537E-01  2.0970E-01  1.8059E-01  7.6929E-02
  1.4039E+00  4.6831E+00  5.0000E+02  9.2537E-01  2.0970E-01  1.8059E-01  7.6929E-02
  1.4069E+00  4.6931E+00  5.0000E+02  9.2537E-01  2.0970E-01  1.8059E-01  7.6929E-02
  1.4099E+00  4.7031E+00  5.0000E+02  9.2537E-01  2.0970E-01  1.8059E-01  7.6929E-02
  1.4129E+00  4.7131E+00  5.0000E+02  9.2537E-01  2.0970E-01  1.8059E-01  7.6929E-02
  1.4159E+00  4.7231E+00  5.0000E+02  9.2537E-01  2.0970E-01  1.8059E-01  7.6929E-02
  1.4190E+00  4.7334E+00  5.0000E+02  9.2537E-01  2.0970E-01  1.8059E-01  7.6929E-02
  1.4220E+00  4.7434E+00  5.0000E+02  9.2537E-01  2.0970E-01  1.8059E-01  7.6929E-02
  1.4250E+00  4.7534E+00  5.0000E+02  9.2537E-01  2.0970E-01  1.8059E-01  7.6929E-02
  1.4280E+00  4.7634E+00  5.0000E+02  9.2537E-01  2.0970E-01  1.8059E-01  7.6929E-02
  1.4310E+00  4.7734E+00  5.0000E+02  9.2537E-01  2.0970E-01  1.8059E-01  7.6929E-02
  1.4340E+00  4.7834E+00  5.0000E+02  9.2537E-01  2.0970E-01  1.8059E-01  7.6929E-02
  1.4370E+00  4.7934E+00  5.0000E+02  9.2537E-01  2.0970E-01  1.8059E-01  7.6929E-02
  1.4400E+00  4.8034E+00  5.0000E+02  9.2537E-01  2.0970E-01  1.8059E-01  7.6929E-02
  1.4430E+00  4.8134E+00  5.0000E+02  9.2537E-01  2.0970E-01  1.8059E-01  7.6929E-02
  1.4460E+00  4.8234E+00  5.0000E+02  9.2537E-01  2.0970E-01  1.8059E-01  7.6929E-02
  1.4490E+00  4.8334E+00  5.0000E+02  9.2537E-01  2.0970E-01  1.8059E-01  7.6929E-02
  1.4520E+00  4.8434E+00  5.0000E+02  9.2537E-01  2.0970E-01  1.8059E-01  7.6929E-02
  1.4550E+00  4.8534E+00  5.0000E+02  9.2537E-01  2.0970E-01  1.8059E-01  7.6929E-02
  1.4580E+00  4.8634E+00  5.0000E+02  9.2537E-01  2.0970E-01  1.8059E-01  7.6929E-02
  1.4610E+00  4.8734E+00  5.0000E+02  9.2537E-01  2.0970E-01  1.8059E-01  7.6929E-02
  1.4640E+00  4.8834E+00  5.0000E+02  9.2537E-01  2.0970E-01  1.8059E-01  7.6929E-02
  1.4670E+00  4.8934E+00  5.0000E+02  9.2537E-01  2.0970E-01  1.8059E-01  7.6929E-02
  1.4700E+00  4.9034E+00  5.0000E+02  9.2537E-01  2.0970E-01  1.8059E-01  7.6929E-02
  1.4730E+00  4.9134E+00  5.0000E+02  9.2537E-01  2.0970E-01  1.8059E-01  7.6929E-02
  1.4760E+00  4.9234E+00  5.0000E+02  9.2537E-01  2.0970E-01  1.8059E-01  7.6929E-02
  1.4790E+00  4.9334E+00  5.0000E+02  9.2537E-01  2.0970E-01  1.8059E-01  7.6929E-02
  1.4820E+00  4.9434E+00  5.0000E+02  9.2537E-01  2.0970E-01  1.8059E-01  7.6929E-02
  1.4850E+00  4.9534E+00  5.0000E+02  9.2537E-01  2.0970E-01  1.8059E-01  7.6929E-02
  1.4880E+00  4.9634E+00  5.0000E+02  9.2537E-01  2.0970E-01  1.8059E-01  7.6929E-02
  1.4910E+00  4.9734E+00  5.0000E+02  9.2537E-01  2.0970E-01  1.8059E-01  7.6929E-02
  1.4939E+00  4.9834E+00  5.0000E+02  9.2537E-01  2.0970E-01  1.8059E-01  7.6929E-02
  1.5000E+00  5.0036E+00  5.0000E+02  9.2537E-01  2.0970E-01  1.8059E-01  7.6929E-02
