  0.0000E+00  0.0000E+00  4.0002E+00  0.0000E+00  0.0000E+00  7.0051E+08  1.3343E+01 -2.0000E-03   1   5
 -2.8492E-02  7.3564E-03 -2.0423E-04 -4.2652E+06  1.3064E+06 -8.2468E+05  0.0000E+00 -2.0000E-03   1   5
  4.8651E-03 -4.4971E-05 -3.8999E+00  3.3818E+07 -2.9242E+05 -2.5453E+06 -1.3009E+01 -2.0000E-03   1 -15
 -8.7333E-03  3.0628E-04 -3.9000E+00 -6.0541E+07  2.1242E+06 -4.4291E+06 -1.3008E+01 -2.0000E-03   1 -15
 -3.4925E-03 -2.6390E-04 -3.8816E+00 -1.6948E+07 -1.8283E+06  1.0778E+05 -1.2948E+01 -2.0000E-03   1 -15
  4.0301E-02  2.4727E-02 -1.9918E-04  6.0976E+06  4.4181E+06  3.8513E+06  0.0000E+00 -2.0000E-03   1   5
  3.6139E-03  2.4060E-04 -3.8999E+00  2.5227E+07  1.6760E+06  1.0543E+06 -1.3009E+01 -2.0000E-03   1 -15
 -4.6433E-02  2.6294E-03 -3.3165E-04 -7.0224E+06  4.7030E+05  4.1540E+06  0.0000E+00 -2.0000E-03   1   5
  3.6182E-02 -4.6701E-03 -2.8822E-04  5.4693E+06 -8.3485E+05  3.9935E+06  0.0000E+00 -2.0000E-03   1   5
 -3.8417E-02 -1.5004E-02 -3.7006E-04 -5.7621E+06 -2.6676E+06  9.1910E+04  0.0000E+00 -2.0000E-03   1   5
  2.9482E-02 -2.7153E-02 -1.3765E-04  4.4046E+06 -4.8093E+06 -2.3188E+06  0.0000E+00 -2.0000E-03   1   5
 -2.0430E-02  1.0219E-02 -9.0793E-06 -3.0866E+06  1.8252E+06  3.3367E+06  0.0000E+00 -2.0000E-03   1   5
  3.9718E-03 -1.7410E-04 -3.9001E+00  2.7848E+07 -1.2147E+06  2.8324E+06 -1.3009E+01 -2.0000E-03   1 -15
 -4.5259E-02 -6.8292E-04 -2.3644E-04 -6.7539E+06 -1.2028E+05 -2.8271E+06  0.0000E+00 -2.0000E-03   1   5
 -7.7888E-03  4.9293E-04 -3.9000E+00 -5.4216E+07  3.4665E+06 -7.3286E+05 -1.3008E+01 -2.0000E-03   1 -15
 -2.5881E-02  1.2286E-02 -8.1287E-05 -3.8785E+06  2.1811E+06 -8.3016E+05  0.0000E+00 -2.0000E-03   1   5
  1.0689E-02 -5.4096E-03  1.1851E-04  1.6068E+06 -9.6301E+05  1.1620E+06  0.0000E+00 -2.0000E-03   1   5
  4.2976E-03 -1.3043E-03 -3.8999E+00  2.9903E+07 -9.1428E+06 -1.5444E+06 -1.3009E+01 -2.0000E-03   1 -15
 -5.5524E-02  9.9023E-03 -5.4676E-04 -8.3288E+06  1.7596E+06 -5.1031E+04  0.0000E+00 -2.0000E-03   1   5
 -3.5066E-03 -3.9162E-05 -3.8899E+00 -2.0114E+07 -2.7237E+05  7.5140E+05 -1.2975E+01 -2.0000E-03   1 -15
  4.8878E-03 -1.6793E-04 -3.9001E+00  3.4161E+07 -1.1621E+06  2.6671E+05 -1.3009E+01 -2.0000E-03   1 -15
 -9.2819E-03  3.1053E-03  3.7811E-05 -1.3925E+06  5.5153E+05 -3.2918E+05  0.0000E+00 -2.0000E-03   1   5
 -1.6412E-02  1.9149E-02  1.2864E-04 -2.4680E+06  3.4064E+06  8.3662E+05  0.0000E+00 -2.0000E-03   1   5
 -1.0182E-02 -1.2660E-02 -7.4530E-05 -1.5295E+06 -2.2506E+06  1.1478E+05  0.0000E+00 -2.0000E-03   1   5
  3.9164E-03  5.2628E-04 -3.9000E+00  2.7345E+07  3.6874E+06  3.4729E+05 -1.3009E+01 -2.0000E-03   1 -15
  1.0793E-02 -2.7919E-02  1.7881E-05  1.6215E+06 -4.9611E+06  3.2635E+04  0.0000E+00 -2.0000E-03   1   5
  4.2484E-03 -3.0622E-05 -3.9000E+00  2.9411E+07 -2.1542E+05 -4.6487E+06 -1.3009E+01 -2.0000E-03   1 -15
 -2.3374E-03 -1.7207E-02 -1.6978E-04 -3.4988E+05 -3.0480E+06 -2.3691E+06  0.0000E+00 -2.0000E-03   1   5
  4.2249E-03  8.1195E-04 -3.9001E+00  2.9387E+07  5.6729E+06 -2.9214E+06 -1.3009E+01 -2.0000E-03   1 -15
 -4.1813E-03  4.3671E-04 -3.9000E+00 -2.9033E+07  3.0541E+06 -3.2237E+06 -1.3009E+01 -2.0000E-03   1 -15
 -5.1839E-02 -8.1674E-03 -3.1512E-04 -7.7526E+06 -1.4473E+06 -1.7666E+06  0.0000E+00 -2.0000E-03   1   5
 -8.0332E-03  4.4986E-03 -6.5518E-05 -1.1973E+06  7.9483E+05 -3.8133E+06  0.0000E+00 -2.0000E-03   1   5
 -5.0174E-03  1.3993E-02  1.8606E-04 -7.6327E+05  2.5075E+06  6.0418E+06  0.0000E+00 -2.0000E-03   1   5
  3.5850E-02  9.0520E-04 -2.6921E-04  5.4020E+06  1.6107E+05  2.3510E+06  0.0000E+00 -2.0000E-03   1   5
  2.0578E-02  2.1119E-03 -9.0487E-06  3.0815E+06  3.7420E+05 -1.3619E+06  0.0000E+00 -2.0000E-03   1   5
 -3.5061E-03 -8.6156E-05 -3.8913E+00 -2.0437E+07 -5.8832E+05 -5.0848E+06 -1.2979E+01 -2.0000E-03   1 -15
  3.4931E-03  2.7507E-04 -3.8797E+00  1.6389E+07  1.9187E+06  2.1417E+06 -1.2942E+01 -2.0000E-03   1 -15
  4.1791E-03 -2.1200E-04 -3.9000E+00  2.9122E+07 -1.5133E+06 -8.3904E+05 -1.3009E+01 -2.0000E-03   1 -15
 -3.8649E-03  9.1702E-04 -3.9001E+00 -2.7122E+07  6.4195E+06  2.6547E+06 -1.3009E+01 -2.0000E-03   1 -15
  7.0837E-03 -7.1116E-04 -3.9000E+00  4.9397E+07 -4.9987E+06 -1.0473E+06 -1.3009E+01 -2.0000E-03   1 -15
  1.1032E-02 -4.0501E-04 -3.9002E+00  7.6935E+07 -2.8230E+06 -2.7613E+06 -1.3008E+01 -2.0000E-03   1 -15
  3.4564E-03  5.6036E-04 -3.8985E+00  2.3313E+07  3.8991E+06 -2.3389E+06 -1.3004E+01 -2.0000E-03   1 -15
  8.0524E-03 -7.4208E-04 -3.8999E+00  5.6175E+07 -5.2066E+06  2.4208E+05 -1.3008E+01 -2.0000E-03   1 -15
 -5.2660E-02  6.4898E-04 -4.4700E-04 -7.8856E+06  1.1531E+05 -7.3617E+05  0.0000E+00 -2.0000E-03   1   5
 -8.3814E-03  9.2158E-03 -3.7080E-05 -1.2579E+06  1.6371E+06 -9.2923E+04  0.0000E+00 -2.0000E-03   1   5
  4.6074E-03 -7.7557E-03 -3.7814E-05  6.8890E+05 -1.3756E+06 -1.4213E+06  0.0000E+00 -2.0000E-03   1   5
 -4.8723E-03 -4.0575E-04 -3.9000E+00 -3.4114E+07 -2.8913E+06  2.3998E+06 -1.3009E+01 -2.0000E-03   1 -15
 -2.5641E-02  1.1683E-02 -1.2386E-04 -3.8876E+06  2.0922E+06  5.2594E+06  0.0000E+00 -2.0000E-03   1   5
  3.8201E-03 -7.8398E-04 -3.8999E+00  2.6611E+07 -5.4957E+06 -4.1698E+05 -1.3009E+01 -2.0000E-03   1 -15
  3.9287E-02  1.2074E-02 -2.4221E-04  5.9330E+06  2.1545E+06  2.7226E+06  0.0000E+00 -2.0000E-03   1   5
 -7.6932E-03 -4.7471E-05 -3.8999E+00 -5.3352E+07 -3.2085E+05 -3.5312E+06 -1.3008E+01 -2.0000E-03   1 -15
 -4.9717E-02  1.7135E-03 -3.4180E-04 -7.4747E+06  3.0564E+05  1.1372E+06  0.0000E+00 -2.0000E-03   1   5
 -7.2493E-03 -5.6104E-05 -3.8999E+00 -5.0235E+07 -4.0503E+05 -3.6485E+06 -1.3008E+01 -2.0000E-03   1 -15
  4.3943E-02  1.8078E-02 -2.6867E-04  6.6369E+06  3.2280E+06  3.1312E+06  0.0000E+00 -2.0000E-03   1   5
  6.5273E-03 -1.6988E-06 -3.9001E+00  4.5655E+07 -3.2951E+04  3.0820E+05 -1.3009E+01 -2.0000E-03   1 -15
 -4.7019E-02  1.6550E-02 -3.0248E-04 -7.0497E+06  2.9392E+06 -4.8305E+05  0.0000E+00 -2.0000E-03   1   5
 -3.9231E-02 -3.9173E-03 -4.1002E-04 -5.9167E+06 -6.9888E+05  2.5967E+06  0.0000E+00 -2.0000E-03   1   5
 -4.5574E-03 -2.2831E-04 -3.9001E+00 -3.1941E+07 -1.6150E+06  2.0022E+06 -1.3009E+01 -2.0000E-03   1 -15
 -1.1649E-02 -2.2363E-04 -3.9000E+00 -8.0798E+07 -1.5951E+06 -3.6776E+06 -1.3007E+01 -2.0000E-03   1 -15
 -4.1735E-02 -3.0454E-03 -3.1218E-04 -6.2637E+06 -5.4180E+05  2.5754E+05  0.0000E+00 -2.0000E-03   1   5
  6.0940E-03 -3.2353E-04 -3.9002E+00  4.2746E+07 -2.2565E+06  1.7126E+06 -1.3009E+01 -2.0000E-03   1 -15
 -4.7504E-03 -4.5490E-04 -3.9000E+00 -3.3077E+07 -3.1894E+06 -1.2987E+06 -1.3009E+01 -2.0000E-03   1 -15
  3.5010E-03 -1.0118E-04 -3.8693E+00  1.2876E+07 -7.1923E+05 -2.2747E+06 -1.2906E+01 -2.0000E-03   1 -15
 -3.3583E-02 -1.3414E-02 -2.2840E-04 -5.0369E+06 -2.3814E+06 -7.2716E+05  0.0000E+00 -2.0000E-03   1   5
  5.4447E-02 -1.6693E-02 -6.7548E-04  8.1887E+06 -2.9716E+06  1.1286E+06  0.0000E+00 -2.0000E-03   1   5
 -5.2355E-02  4.0771E-03 -5.3434E-04 -7.9372E+06  7.2972E+05  4.8677E+06  0.0000E+00 -2.0000E-03   1   5
 -4.8374E-03 -1.4350E-04 -3.9001E+00 -3.3611E+07 -1.0018E+06 -4.3944E+06 -1.3009E+01 -2.0000E-03   1 -15
  1.0864E-02  2.4557E-02 -1.1990E-04  1.6347E+06  4.3735E+06  1.5768E+06  0.0000E+00 -2.0000E-03   1   5
 -3.1350E-02  2.3869E-03 -1.5262E-04 -4.7538E+06  4.2765E+05  5.1596E+06  0.0000E+00 -2.0000E-03   1   5
  2.3616E-02 -5.8673E-04 -3.5790E-04  3.5308E+06 -1.0416E+05 -1.8204E+06  0.0000E+00 -2.0000E-03   1   5
  1.1229E-03  5.5835E-03  4.6913E-05  1.6718E+05  9.8665E+05 -4.2083E+06  0.0000E+00 -2.0000E-03   1   5
  1.2621E-02 -4.6477E-03 -1.0989E-04  1.8953E+06 -8.2537E+05 -1.0800E+05  0.0000E+00 -2.0000E-03   1   5
 -3.6174E-03 -3.7294E-05 -3.8999E+00 -2.5247E+07 -2.6352E+05  1.1476E+06 -1.3009E+01 -2.0000E-03   1 -15
 -4.0682E-03 -2.5474E-04 -3.9001E+00 -2.8551E+07 -1.8051E+06  2.9584E+06 -1.3009E+01 -2.0000E-03   1 -15
 -6.3087E-03 -8.7639E-04 -3.9001E+00 -4.4266E+07 -6.1644E+06  1.9324E+06 -1.3009E+01 -2.0000E-03   1 -15
 -7.6246E-03  2.0549E-02 -1.6156E-05 -1.1415E+06  3.6395E+06 -2.0580E+06  0.0000E+00 -2.0000E-03   1   5
 -5.1971E-02  7.7359E-03 -5.4682E-04 -7.7403E+06  1.3674E+06 -3.6753E+06  0.0000E+00 -2.0000E-03   1   5
 -5.1445E-02  2.3066E-02 -3.7106E-04 -7.6578E+06  4.0730E+06 -4.2068E+06  0.0000E+00 -2.0000E-03   1   5
 -5.4261E-03 -1.0468E-03 -3.9000E+00 -3.8042E+07 -7.3520E+06  3.0338E+06 -1.3009E+01 -2.0000E-03   1 -15
  6.9997E-03 -5.1104E-03  8.8742E-05  1.0420E+06 -9.0266E+05 -3.4950E+06  0.0000E+00 -2.0000E-03   1   5
  4.6759E-02  1.5151E-02 -4.0947E-04  7.0666E+06  2.7082E+06  3.9298E+06  0.0000E+00 -2.0000E-03   1   5
 -3.4432E-02 -1.3410E-03 -6.1063E-05 -5.1352E+06 -2.3760E+05 -3.0658E+06  0.0000E+00 -2.0000E-03   1   5
  5.8384E-03  2.7883E-04 -3.9001E+00  4.0639E+07  1.9421E+06 -3.1728E+06 -1.3009E+01 -2.0000E-03   1 -15
  3.4970E-03 -1.5411E-04 -3.8878E+00  1.9235E+07 -1.0900E+06 -4.9279E+05 -1.2969E+01 -2.0000E-03   1 -15
  3.5023E-03  1.0268E-04 -3.8924E+00  2.1064E+07  7.2556E+05  9.7287E+05 -1.2983E+01 -2.0000E-03   1 -15
  9.9101E-03  3.4943E-04 -3.9000E+00  6.8838E+07  2.4342E+06 -3.6659E+06 -1.3008E+01 -2.0000E-03   1 -15
  1.9471E-02  4.3317E-03 -5.7030E-05  2.9248E+06  7.6985E+05  2.3727E+05  0.0000E+00 -2.0000E-03   1   5
  4.9588E-03  1.4159E-04 -3.9000E+00  3.4418E+07  9.9109E+05 -3.4374E+06 -1.3009E+01 -2.0000E-03   1 -15
  3.4256E-03 -7.2110E-04 -3.8666E+00  1.1946E+07 -4.9955E+06 -2.3474E+05 -1.2898E+01 -2.0000E-03   1 -15
  3.5333E-02 -3.0888E-02 -3.2917E-04  5.3257E+06 -5.5034E+06  1.9166E+06  0.0000E+00 -2.0000E-03   1   5
  1.7910E-02 -6.7536E-05  3.8163E-05  2.6858E+06 -1.1454E+04  1.8660E+04  0.0000E+00 -2.0000E-03   1   5
  5.8749E-03  1.0601E-03 -3.8999E+00  4.0980E+07  7.4118E+06  1.5284E+06 -1.3008E+01 -2.0000E-03   1 -15
 -3.4823E-03 -4.2742E-04 -3.8891E+00 -1.9652E+07 -2.9707E+06  5.9249E+05 -1.2972E+01 -2.0000E-03   1 -15
  5.2893E-03  3.7640E-04 -3.9002E+00  3.6910E+07  2.6095E+06 -3.1283E+06 -1.3010E+01 -2.0000E-03   1 -15
 -1.9658E-02  1.2328E-02 -6.6282E-05 -2.9276E+06  2.1781E+06 -3.7975E+06  0.0000E+00 -2.0000E-03   1   5
 -1.0049E-02 -6.7466E-03 -1.1624E-04 -1.5013E+06 -1.1948E+06 -2.3449E+06  0.0000E+00 -2.0000E-03   1   5
  3.5018E-03  2.2392E-04 -3.8963E+00  2.2792E+07  1.5684E+06  4.3281E+05 -1.2997E+01 -2.0000E-03   1 -15
  7.7908E-03  5.2142E-04  3.0534E-05  1.1681E+06  9.2549E+04 -9.4857E+05  0.0000E+00 -2.0000E-03   1   5
  2.7872E-02 -7.6066E-03 -1.4189E-04  4.1545E+06 -1.3447E+06 -3.4255E+06  0.0000E+00 -2.0000E-03   1   5
 -1.3354E-02 -3.7597E-03 -5.5539E-05 -2.0034E+06 -6.6769E+05  6.8292E+04  0.0000E+00 -2.0000E-03   1   5
  3.5051E-03 -6.9676E-05 -3.8787E+00  1.5966E+07 -4.8963E+05 -3.2334E+05 -1.2938E+01 -2.0000E-03   1 -15
 -1.9645E-02 -1.1474E-02 -2.3493E-04 -2.9321E+06 -2.0311E+06 -2.5990E+06  0.0000E+00 -2.0000E-03   1   5
  4.8237E-03  3.1188E-04 -3.9000E+00  3.3666E+07  2.1888E+06 -6.0140E+04 -1.3009E+01 -2.0000E-03   1 -15
  3.1002E-02  2.5084E-03  3.9815E-05  4.6332E+06  4.4411E+05 -2.0083E+06  0.0000E+00 -2.0000E-03   1   5
  3.8964E-03 -8.4639E-04 -3.9000E+00  2.6990E+07 -5.8652E+06 -5.2681E+06 -1.3009E+01 -2.0000E-03   1 -15
  5.5186E-02 -6.0753E-03 -4.3151E-04  8.2873E+06 -1.0804E+06  5.2656E+05  0.0000E+00 -2.0000E-03   1   5
  4.4004E-03 -1.6122E-04 -3.9000E+00  3.0750E+07 -1.1338E+06  1.2852E+06 -1.3009E+01 -2.0000E-03   1 -15
 -4.3523E-02  1.6226E-02 -3.7688E-04 -6.5502E+06  2.8911E+06  1.7885E+06  0.0000E+00 -2.0000E-03   1   5
 -6.6843E-03 -5.8764E-03  1.0996E-04 -1.0040E+06 -1.0450E+06  7.5960E+05  0.0000E+00 -2.0000E-03   1   5
  3.4994E-03 -1.2963E-04 -3.8736E+00  1.4326E+07 -8.8267E+05  9.9985E+05 -1.2921E+01 -2.0000E-03   1 -15
 -3.4303E-03 -6.9623E-04 -3.8915E+00 -2.0124E+07 -4.8106E+06 -4.5020E+06 -1.2980E+01 -2.0000E-03   1 -15
  4.1657E-02  2.0603E-02 -2.6909E-04  6.2604E+06  3.6644E+06  7.3449E+05  0.0000E+00 -2.0000E-03   1   5
  2.0785E-02 -1.2352E-02 -4.3469E-05  3.1444E+06 -2.2081E+06  3.9590E+06  0.0000E+00 -2.0000E-03   1   5
 -8.3590E-03 -2.7581E-04 -3.9000E+00 -5.7825E+07 -1.8934E+06 -5.3562E+06 -1.3008E+01 -2.0000E-03   1 -15
  4.5434E-02 -3.9297E-03 -3.6900E-04  6.8054E+06 -6.9807E+05 -5.2251E+05  0.0000E+00 -2.0000E-03   1   5
  7.2406E-03  1.7378E-04 -3.8999E+00  5.0149E+07  1.2004E+06 -4.0614E+06 -1.3008E+01 -2.0000E-03   1 -15
  4.6783E-02 -1.5957E-02 -5.6212E-04  6.9936E+06 -2.8280E+06 -1.8809E+06  0.0000E+00 -2.0000E-03   1   5
 -4.1658E-02 -1.2750E-03 -4.5715E-04 -6.2336E+06 -2.2663E+05 -1.3131E+06  0.0000E+00 -2.0000E-03   1   5
 -1.2278E-02 -5.3834E-04 -3.9000E+00 -8.5452E+07 -3.7610E+06 -2.0107E+06 -1.3007E+01 -2.0000E-03   1 -15
 -4.4636E-02  1.9854E-03 -3.2234E-04 -6.7019E+06  3.5243E+05  7.3063E+05  0.0000E+00 -2.0000E-03   1   5
  4.7396E-02 -1.0177E-02 -3.0658E-04  7.1103E+06 -1.8070E+06 -4.3841E+05  0.0000E+00 -2.0000E-03   1   5
  3.8688E-02  8.7884E-03 -3.0576E-04  5.7997E+06  1.5614E+06 -1.9177E+05  0.0000E+00 -2.0000E-03   1   5
  2.0833E-02  1.1258E-02  9.4097E-05  3.1201E+06  1.9992E+06 -5.1861E+05  0.0000E+00 -2.0000E-03   1   5
  3.5006E-03  8.6752E-05 -3.8782E+00  1.5693E+07  5.9656E+05 -2.2943E+06 -1.2936E+01 -2.0000E-03   1 -15
 -1.9760E-02  8.0129E-04 -6.9072E-05 -2.9642E+06  1.4295E+05 -9.9658E+04  0.0000E+00 -2.0000E-03   1   5
 -4.6509E-02  2.4965E-03 -4.0993E-04 -7.0149E+06  4.4516E+05  2.8645E+06  0.0000E+00 -2.0000E-03   1   5
 -4.6547E-03  5.5283E-04 -3.9001E+00 -3.2267E+07  3.8284E+06 -5.7353E+06 -1.3009E+01 -2.0000E-03   1 -15
 -3.4341E-02  3.7044E-03 -2.5787E-04 -5.1629E+06  6.5998E+05  1.3708E+06  0.0000E+00 -2.0000E-03   1   5
  8.2096E-04  5.1166E-03 -9.4903E-05  1.2345E+05  9.0484E+05 -2.6504E+06  0.0000E+00 -2.0000E-03   1   5
  4.1162E-03  7.0999E-04 -3.9000E+00  2.8964E+07  5.0321E+06  6.6136E+06 -1.3009E+01 -2.0000E-03   1 -15
  4.8888E-02  7.9205E-03 -1.2064E-04  7.3070E+06  1.4029E+06 -1.9965E+06  0.0000E+00 -2.0000E-03   1   5
 -3.4424E-02  3.6395E-03 -2.6345E-04 -5.1947E+06  6.5015E+05  3.1674E+06  0.0000E+00 -2.0000E-03   1   5
  6.0884E-03 -8.9529E-05 -3.9002E+00  4.2676E+07 -6.3777E+05  1.4814E+06 -1.3009E+01 -2.0000E-03   1 -15
 -5.4004E-03  6.9938E-03  1.6553E-04 -8.1217E+05  1.2434E+06  8.8541E+05  0.0000E+00 -2.0000E-03   1   5
  3.4576E-03 -5.4491E-04 -3.8808E+00  1.6313E+07 -3.7639E+06 -4.8125E+06 -1.2945E+01 -2.0000E-03   1 -15
 -1.4273E-02  1.1035E-02  2.4645E-05 -2.1509E+06  1.9664E+06  1.9196E+06  0.0000E+00 -2.0000E-03   1   5
 -2.3304E-02 -6.0545E-03 -3.5153E-05 -3.5274E+06 -1.0823E+06  4.2542E+06  0.0000E+00 -2.0000E-03   1   5
  1.9257E-02 -1.5809E-03 -4.5910E-05  2.8772E+06 -2.8015E+05 -2.3301E+06  0.0000E+00 -2.0000E-03   1   5
  1.6199E-02 -1.4775E-02 -2.4780E-05  2.4379E+06 -2.6309E+06  1.4009E+06  0.0000E+00 -2.0000E-03   1   5
  6.7660E-03 -4.8578E-04 -3.9002E+00  4.7254E+07 -3.3942E+06 -1.2982E+06 -1.3009E+01 -2.0000E-03   1 -15
 -6.4774E-03  4.2473E-04 -3.9002E+00 -4.4983E+07  2.9608E+06 -5.0154E+06 -1.3009E+01 -2.0000E-03   1 -15
 -4.7901E-03  1.0904E-04 -3.8999E+00 -3.3200E+07  7.4893E+05 -4.0323E+06 -1.3009E+01 -2.0000E-03   1 -15
 -3.0393E-02  2.4680E-02 -1.5448E-04 -4.5666E+06  4.3901E+06  6.1336E+05  0.0000E+00 -2.0000E-03   1   5
 -1.2148E-02 -4.8723E-04 -3.9000E+00 -8.3433E+07 -3.3752E+06 -1.0931E+07 -1.3007E+01 -2.0000E-03   1 -15
 -6.4302E-03  1.3762E-03 -3.9001E+00 -4.4750E+07  9.5959E+06 -3.4936E+06 -1.3009E+01 -2.0000E-03   1 -15
 -3.9637E-03 -7.9409E-03 -1.5506E-04 -5.9958E+05 -1.4191E+06  3.7038E+06  0.0000E+00 -2.0000E-03   1   5
 -3.5563E-02 -1.0866E-02 -8.7368E-05 -5.3049E+06 -1.9218E+06 -3.0631E+06  0.0000E+00 -2.0000E-03   1   5
 -5.2878E-03 -1.4971E-04 -3.9000E+00 -3.6825E+07 -1.0492E+06 -1.1234E+06 -1.3009E+01 -2.0000E-03   1 -15
 -7.2228E-03 -6.4144E-04 -3.9001E+00 -5.0446E+07 -4.4946E+06 -1.3661E+06 -1.3009E+01 -2.0000E-03   1 -15
  3.8584E-03 -7.3992E-05 -3.9002E+00  2.6873E+07 -5.1267E+05 -4.1195E+06 -1.3010E+01 -2.0000E-03   1 -15
  3.5028E-03  8.4207E-05 -3.8874E+00  1.9045E+07  5.8020E+05  1.4999E+03 -1.2967E+01 -2.0000E-03   1 -15
  3.0167E-02  4.7627E-03  4.6452E-05  4.6129E+06  8.5871E+05  9.6180E+06  0.0000E+00 -2.0000E-03   1   5
 -4.7906E-03  8.3218E-04 -3.9000E+00 -3.3273E+07  5.8121E+06 -3.0382E+06 -1.3009E+01 -2.0000E-03   1 -15
 -1.5159E-02 -4.5038E-03  7.5963E-05 -2.2649E+06 -7.9721E+05 -2.0608E+06  0.0000E+00 -2.0000E-03   1   5
  7.3718E-03 -6.1440E-04 -3.9002E+00  5.1341E+07 -4.2769E+06 -4.0631E+06 -1.3009E+01 -2.0000E-03   1 -15
  3.4607E-03  5.4464E-04 -3.8738E+00  1.4207E+07  3.7930E+06 -2.6166E+05 -1.2922E+01 -2.0000E-03   1 -15
  7.7852E-03 -4.4022E-04 -3.9000E+00  5.4555E+07 -3.0798E+06  1.6718E+06 -1.3009E+01 -2.0000E-03   1 -15
  3.7994E-03 -2.8567E-04 -3.9000E+00  2.6279E+07 -1.9828E+06 -6.2194E+06 -1.3009E+01 -2.0000E-03   1 -15
 -3.4257E-02  1.0458E-02 -1.0245E-04 -5.1746E+06  1.8673E+06  3.2033E+06  0.0000E+00 -2.0000E-03   1   5
  3.4954E-03 -2.4722E-04 -3.8944E+00  2.1882E+07 -1.7035E+06 -3.2731E+05 -1.2990E+01 -2.0000E-03   1 -15
  4.9792E-03  8.2911E-04 -3.9001E+00  3.4929E+07  5.8213E+06  2.6449E+06 -1.3009E+01 -2.0000E-03   1 -15
  4.6867E-03  4.9404E-04 -3.9002E+00  3.2844E+07  3.4510E+06 -5.4222E+05 -1.3010E+01 -2.0000E-03   1 -15
 -7.4526E-03 -5.6069E-04 -3.9000E+00 -5.1809E+07 -3.9224E+06 -3.6589E+06 -1.3009E+01 -2.0000E-03   1 -15
  9.6688E-03 -1.9246E-02 -2.3638E-05  1.4483E+06 -3.4128E+06 -1.4314E+06  0.0000E+00 -2.0000E-03   1   5
  3.9492E-03 -3.5540E-04 -3.9002E+00  2.7816E+07 -2.5068E+06  5.4432E+06 -1.3009E+01 -2.0000E-03   1 -15
 -9.6827E-03  2.0522E-04 -3.9000E+00 -6.6504E+07  1.4041E+06 -1.1218E+07 -1.3008E+01 -2.0000E-03   1 -15
 -4.3164E-03  1.8488E-05 -3.8999E+00 -2.9997E+07  1.1420E+05 -2.6572E+06 -1.3009E+01 -2.0000E-03   1 -15
 -4.6638E-02  1.1124E-02 -3.3802E-04 -6.9151E+06  1.9609E+06 -5.5732E+06  0.0000E+00 -2.0000E-03   1   5
  2.7529E-02 -1.4435E-02 -1.6170E-04  4.1367E+06 -2.5657E+06  3.4790E+05  0.0000E+00 -2.0000E-03   1   5
 -3.4365E-03  6.7792E-04 -3.8698E+00 -1.2829E+07  4.6951E+06 -1.6766E+06 -1.2908E+01 -2.0000E-03   1 -15
  3.7333E-03 -5.5934E-04 -3.9002E+00  2.6196E+07 -3.9289E+06  9.0948E+05 -1.3010E+01 -2.0000E-03   1 -15
  6.5544E-03  2.1382E-02  8.1164E-06  9.7925E+05  3.7894E+06 -2.0020E+06  0.0000E+00 -2.0000E-03   1   5
 -3.4717E-03  4.5022E-04 -3.8936E+00 -2.1331E+07  3.1442E+06 -1.1019E+06 -1.2987E+01 -2.0000E-03   1 -15
 -3.5038E-03 -1.4070E-04 -3.8988E+00 -2.3939E+07 -9.9718E+05  1.4631E+05 -1.3005E+01 -2.0000E-03   1 -15
  4.6886E-03 -6.4499E-04 -3.9002E+00  3.2893E+07 -4.5140E+06  2.6732E+06 -1.3009E+01 -2.0000E-03   1 -15
  4.5910E-03  4.6683E-04 -3.9001E+00  3.1962E+07  3.2602E+06 -2.7703E+06 -1.3009E+01 -2.0000E-03   1 -15
  5.2441E-03  5.8668E-03 -1.5933E-05  7.8731E+05  1.0432E+06  5.9982E+05  0.0000E+00 -2.0000E-03   1   5
 -3.3079E-02 -1.1296E-02 -9.1830E-05 -4.9492E+06 -2.0021E+06 -1.5205E+06  0.0000E+00 -2.0000E-03   1   5
  3.5831E-02 -9.5156E-03 -1.9115E-04  5.3953E+06 -1.6949E+06  1.6342E+06  0.0000E+00 -2.0000E-03   1   5
  4.1495E-03 -5.0147E-03 -4.8097E-05  6.2117E+05 -8.8951E+05 -1.0529E+06  0.0000E+00 -2.0000E-03   1   5
  5.0369E-03  4.5922E-05 -3.9000E+00  3.4934E+07  3.2790E+05 -4.3572E+06 -1.3009E+01 -2.0000E-03   1 -15
 -5.1719E-03 -9.3946E-05 -3.9000E+00 -3.6016E+07 -6.5924E+05 -2.9392E+06 -1.3009E+01 -2.0000E-03   1 -15
  2.7519E-02 -3.0054E-02 -2.9065E-04  4.1636E+06 -5.3694E+06  3.7358E+06  0.0000E+00 -2.0000E-03   1   5
  1.0679E-02  2.7703E-04 -3.9001E+00  7.4572E+07  1.9718E+06 -1.8360E+06 -1.3008E+01 -2.0000E-03   1 -15
 -2.6188E-02  2.5397E-02 -1.4955E-04 -3.9227E+06  4.5074E+06 -8.6503E+05  0.0000E+00 -2.0000E-03   1   5
 -1.3630E-02  2.5184E-02 -3.5271E-05 -2.0308E+06  4.4499E+06 -3.8323E+06  0.0000E+00 -2.0000E-03   1   5
 -5.2139E-02  1.5915E-02 -5.5183E-04 -7.8646E+06  2.8373E+06  2.3739E+06  0.0000E+00 -2.0000E-03   1   5
 -3.5018E-03  1.4797E-05 -3.8734E+00 -1.4328E+07  1.0131E+05  4.5552E+06 -1.2920E+01 -2.0000E-03   1 -15
 -2.2430E-02  6.5956E-03 -8.3947E-05 -3.3852E+06  1.1770E+06  2.8650E+06  0.0000E+00 -2.0000E-03   1   5
 -5.6084E-02  8.4596E-04 -5.1182E-04 -8.4682E+06  1.5112E+05  3.4629E+06  0.0000E+00 -2.0000E-03   1   5
  4.2470E-03  8.7762E-04 -3.9001E+00  2.9788E+07  6.1713E+06  2.8104E+06 -1.3009E+01 -2.0000E-03   1 -15
 -6.1530E-03 -1.2270E-04 -3.9001E+00 -4.2733E+07 -8.5028E+05 -4.9584E+06 -1.3009E+01 -2.0000E-03   1 -15
  6.1271E-03 -1.0317E-04 -3.9001E+00  4.2607E+07 -7.0340E+05 -4.0878E+06 -1.3009E+01 -2.0000E-03   1 -15
  3.4942E-03  2.1393E-04 -3.8660E+00  1.1908E+07  1.4686E+06 -8.0411E+05 -1.2895E+01 -2.0000E-03   1 -15
 -4.9846E-02 -2.6613E-03 -3.2791E-04 -7.4319E+06 -4.7015E+05 -2.8847E+06  0.0000E+00 -2.0000E-03   1   5
  3.2652E-02  2.0798E-03 -1.8037E-04  4.9152E+06  3.6953E+05  1.1389E+06  0.0000E+00 -2.0000E-03   1   5
 -2.1842E-02  1.0475E-02  3.5239E-05 -3.2665E+06  1.8569E+06 -1.6662E+06  0.0000E+00 -2.0000E-03   1   5
  3.9776E-03  2.2877E-05 -3.8999E+00  2.7757E+07  1.6744E+05  5.4657E+05 -1.3009E+01 -2.0000E-03   1 -15
  3.4889E-03 -3.3487E-04 -3.8789E+00  1.6097E+07 -2.3400E+06  3.3297E+06 -1.2939E+01 -2.0000E-03   1 -15
 -2.5058E-02  1.0333E-02 -2.8736E-04 -3.7624E+06  1.8350E+06  3.2144E+04  0.0000E+00 -2.0000E-03   1   5
 -4.4194E-03 -6.2425E-04 -3.8999E+00 -3.0708E+07 -4.3779E+06 -3.0233E+06 -1.3009E+01 -2.0000E-03   1 -15
 -6.5814E-03 -2.6209E-04 -3.9001E+00 -4.5956E+07 -1.8265E+06 -1.3943E+06 -1.3009E+01 -2.0000E-03   1 -15
 -2.7763E-02  2.8479E-04  8.3140E-05 -4.2094E+06  5.1650E+04  5.5477E+06  0.0000E+00 -2.0000E-03   1   5
 -4.4825E-03  4.1972E-05 -3.9000E+00 -3.1186E+07  2.6351E+05 -2.0853E+06 -1.3009E+01 -2.0000E-03   1 -15
 -3.5054E-03  5.8959E-05 -3.8932E+00 -2.1328E+07  4.1199E+05 -3.1715E+06 -1.2986E+01 -2.0000E-03   1 -15
  4.7181E-03 -2.8826E-05 -3.9000E+00  3.2880E+07 -2.1851E+05 -6.3622E+05 -1.3009E+01 -2.0000E-03   1 -15
 -3.1795E-02 -1.3195E-02 -2.6485E-04 -4.7404E+06 -2.3357E+06 -2.6840E+06  0.0000E+00 -2.0000E-03   1   5
  2.3249E-02 -2.2668E-02 -3.5783E-05  3.5124E+06 -4.0474E+06  3.2981E+06  0.0000E+00 -2.0000E-03   1   5
  4.9968E-02 -1.1536E-02 -3.4176E-04  7.4585E+06 -2.0402E+06 -2.9905E+06  0.0000E+00 -2.0000E-03   1   5
 -7.9245E-03 -7.0961E-04 -3.8999E+00 -5.5344E+07 -4.9819E+06  1.2859E+06 -1.3008E+01 -2.0000E-03   1 -15
 -1.7996E-02  1.0775E-02 -6.9255E-05 -2.6904E+06  1.9102E+06 -1.8679E+06  0.0000E+00 -2.0000E-03   1   5
  3.6323E-03 -3.7370E-04 -3.9001E+00  2.5193E+07 -2.6047E+06 -5.0068E+06 -1.3009E+01 -2.0000E-03   1 -15
 -2.6687E-02 -1.1274E-02 -1.5410E-04 -4.0038E+06 -2.0021E+06 -5.4681E+05  0.0000E+00 -2.0000E-03   1   5
 -3.5338E-03  4.8645E-04 -3.9000E+00 -2.4734E+07  3.4313E+06  2.6886E+06 -1.3009E+01 -2.0000E-03   1 -15
  3.5818E-03 -2.8415E-04 -3.8999E+00  2.5021E+07 -2.0194E+06  1.7827E+06 -1.3009E+01 -2.0000E-03   1 -15
  3.7195E-02  8.8104E-03 -2.3145E-04  5.5777E+06  1.5640E+06 -7.0731E+05  0.0000E+00 -2.0000E-03   1   5
  9.7994E-03  4.5845E-04 -3.9002E+00  6.8217E+07  3.2027E+06 -3.4280E+06 -1.3008E+01 -2.0000E-03   1 -15
 -4.8551E-03  2.1524E-04 -3.9000E+00 -3.3828E+07  1.4920E+06 -7.8940E+05 -1.3009E+01 -2.0000E-03   1 -15
 -3.5011E-03  2.3035E-04 -3.8944E+00 -2.1965E+07  1.6229E+06  1.4403E+06 -1.2990E+01 -2.0000E-03   1 -15
 -8.4660E-03 -4.5833E-04 -3.8999E+00 -5.8752E+07 -3.2178E+06 -3.3335E+06 -1.3008E+01 -2.0000E-03   1 -15
 -3.4926E-03  2.3008E-04 -3.8671E+00 -1.2322E+07  1.6166E+06  1.1799E+06 -1.2899E+01 -2.0000E-03   1 -15
 -5.7693E-03  1.4830E-04 -3.9000E+00 -3.9977E+07  1.0290E+06 -5.4280E+06 -1.3009E+01 -2.0000E-03   1 -15
 -5.9705E-03 -3.7789E-04 -3.9001E+00 -4.1294E+07 -2.6184E+06 -7.8335E+06 -1.3009E+01 -2.0000E-03   1 -15
  3.9822E-03 -4.6865E-04 -3.8999E+00  2.7884E+07 -3.2853E+06  1.9347E+06 -1.3009E+01 -2.0000E-03   1 -15
  1.9908E-02  6.2117E-04  9.5825E-05  2.9659E+06  1.1016E+05 -3.6144E+06  0.0000E+00 -2.0000E-03   1   5
 -4.6595E-02 -1.2112E-03 -3.1680E-04 -6.9459E+06 -2.1401E+05 -3.0371E+06  0.0000E+00 -2.0000E-03   1   5
  5.3420E-03  3.2604E-04 -3.9001E+00  3.7615E+07  2.3066E+06  2.9506E+06 -1.3010E+01 -2.0000E-03   1 -15
 -3.9137E-03 -1.1446E-04 -3.8999E+00 -2.7167E+07 -8.1104E+05 -3.1265E+06 -1.3009E+01 -2.0000E-03   1 -15
 -5.2599E-03 -6.4843E-04 -3.8999E+00 -3.6877E+07 -4.5478E+06  2.7728E+06 -1.3009E+01 -2.0000E-03   1 -15
 -3.3151E-02  2.3758E-03 -2.1954E-04 -4.9338E+06  4.2016E+05 -3.7134E+06  0.0000E+00 -2.0000E-03   1   5
 -3.4928E-03 -2.8447E-04 -3.8837E+00 -1.7738E+07 -1.9778E+06  2.5924E+06 -1.2955E+01 -2.0000E-03   1 -15
 -3.3910E-02  5.2130E-03 -1.5005E-04 -5.0744E+06  9.2440E+05 -1.3591E+06  0.0000E+00 -2.0000E-03   1   5
 -2.8489E-02  5.1976E-03 -1.8991E-04 -4.2291E+06  9.1584E+05 -5.6814E+06  0.0000E+00 -2.0000E-03   1   5
  5.0247E-02  5.9689E-03 -4.1386E-04  7.5639E+06  1.0642E+06  1.8914E+06  0.0000E+00 -2.0000E-03   1   5
  7.9428E-03 -1.6850E-02  6.9539E-05  1.2061E+06 -3.0185E+06  5.5928E+06  0.0000E+00 -2.0000E-03   1   5
 -7.9516E-03 -1.7092E-04 -3.8999E+00 -5.5539E+07 -1.1931E+06  1.5462E+06 -1.3008E+01 -2.0000E-03   1 -15
  2.8860E-02  1.5282E-02 -1.9292E-05  4.3453E+06  2.7223E+06  1.5948E+06  0.0000E+00 -2.0000E-03   1   5
 -3.4235E-03 -7.5127E-04 -3.8734E+00 -1.4045E+07 -5.2269E+06  5.7719E+06 -1.2920E+01 -2.0000E-03   1 -15
  5.1048E-02  6.5174E-03 -3.5080E-04  7.6802E+06  1.1616E+06  1.6982E+06  0.0000E+00 -2.0000E-03   1   5
  9.4491E-03 -9.3057E-06 -3.9002E+00  6.5738E+07 -6.5216E+04 -3.7761E+06 -1.3008E+01 -2.0000E-03   1 -15
  5.6673E-02  1.3336E-03 -5.4733E-04  8.4460E+06  2.3638E+05 -3.2156E+06  0.0000E+00 -2.0000E-03   1   5
  4.6224E-02 -1.7494E-02 -2.5368E-04  6.8971E+06 -3.0946E+06 -2.9471E+06  0.0000E+00 -2.0000E-03   1   5
 -5.4204E-02  1.4281E-02 -5.0868E-04 -8.1433E+06  2.5412E+06  9.2196E+05  0.0000E+00 -2.0000E-03   1   5
 -3.8244E-03  7.9336E-04 -3.8999E+00 -2.6671E+07  5.5493E+06  1.5796E+04 -1.3009E+01 -2.0000E-03   1 -15
  6.3412E-03  3.8991E-04 -3.9000E+00  4.3699E+07  2.7078E+06 -7.3298E+06 -1.3008E+01 -2.0000E-03   1 -15
  5.7727E-02  5.6410E-03 -4.9416E-04  8.6662E+06  1.0039E+06  4.9191E+05  0.0000E+00 -2.0000E-03   1   5
 -1.5390E-04  1.9439E-03  6.8337E-05 -2.3211E+04  3.4487E+05 -1.4535E+06  0.0000E+00 -2.0000E-03   1   5
  2.8251E-03  4.1525E-03  3.7559E-06  4.2285E+05  7.3658E+05 -1.4097E+06  0.0000E+00 -2.0000E-03   1   5
 -8.8511E-03  3.5130E-03 -2.1065E-06 -1.3241E+06  6.2322E+05 -1.5328E+06  0.0000E+00 -2.0000E-03   1   5
  1.3217E-02  1.0427E-03 -6.5302E-05  1.9778E+06  1.8529E+05 -1.3646E+06  0.0000E+00 -2.0000E-03   1   5
 -3.2005E-02 -1.2385E-02 -1.3378E-04 -4.8127E+06 -2.2043E+06  1.0137E+06  0.0000E+00 -2.0000E-03   1   5
  2.6321E-03  4.4065E-03  4.6406E-05  3.9359E+05  7.8086E+05 -1.6790E+06  0.0000E+00 -2.0000E-03   1   5
 -6.8927E-03 -2.9237E-04 -3.9001E+00 -4.7896E+07 -2.0421E+06 -4.8524E+06 -1.3009E+01 -2.0000E-03   1 -15
  6.8044E-03 -9.4626E-03  8.2846E-05  1.0122E+06 -1.6704E+06 -4.2858E+06  0.0000E+00 -2.0000E-03   1   5
  8.4599E-03  2.9594E-04 -3.9000E+00  5.9170E+07  2.0950E+06  2.2960E+06 -1.3008E+01 -2.0000E-03   1 -15
  3.4312E-03 -6.9764E-04 -3.8805E+00  1.6047E+07 -4.8167E+06 -4.8248E+06 -1.2943E+01 -2.0000E-03   1 -15
 -5.1478E-03 -3.2059E-04 -3.9000E+00 -3.5824E+07 -2.2379E+06 -2.0203E+06 -1.3009E+01 -2.0000E-03   1 -15
 -8.9560E-03 -3.8048E-04 -3.9001E+00 -6.2114E+07 -2.6380E+06 -5.5099E+06 -1.3008E+01 -2.0000E-03   1 -15
 -1.6714E-02  8.1438E-03 -2.6570E-05 -2.5138E+06  1.4499E+06  1.1854E+06  0.0000E+00 -2.0000E-03   1   5
 -4.2924E-03 -7.8147E-04 -3.9001E+00 -3.0251E+07 -5.5034E+06  3.2627E+06 -1.3010E+01 -2.0000E-03   1 -15
  4.4160E-03  3.2879E-04 -3.8999E+00  3.0953E+07  2.3096E+06  3.0103E+06 -1.3009E+01 -2.0000E-03   1 -15
  5.0250E-03 -6.7725E-03  1.5046E-04  7.5546E+05 -1.2066E+06  1.5733E+06  0.0000E+00 -2.0000E-03   1   5
 -3.6020E-02  1.7300E-02 -1.8382E-04 -5.3960E+06  3.0704E+06 -8.9411E+05  0.0000E+00 -2.0000E-03   1   5
 -5.8142E-03 -6.7545E-04 -3.9001E+00 -4.0710E+07 -4.7378E+06  6.7214E+05 -1.3009E+01 -2.0000E-03   1 -15
 -3.8746E-03  2.1818E-04 -3.9000E+00 -2.6851E+07  1.5287E+06 -4.1709E+06 -1.3009E+01 -2.0000E-03   1 -15
  6.8513E-03 -1.9529E-04 -3.9002E+00  4.7766E+07 -1.3592E+06 -2.6759E+06 -1.3009E+01 -2.0000E-03   1 -15
  6.8182E-03  9.1670E-04 -3.9002E+00  4.7567E+07  6.3960E+06 -1.8849E+06 -1.3009E+01 -2.0000E-03   1 -15
  1.4255E-02  3.7459E-04 -3.9001E+00  9.7935E+07  2.5661E+06 -1.1894E+07 -1.3006E+01 -2.0000E-03   1 -15
  7.4824E-03 -3.3099E-03  1.0594E-04  1.1230E+06 -5.8783E+05 -1.8535E+04  0.0000E+00 -2.0000E-03   1   5
 -4.5825E-03 -9.3110E-05 -3.9000E+00 -3.1791E+07 -6.5995E+05 -3.7419E+06 -1.3009E+01 -2.0000E-03   1 -15
  3.8698E-02  7.9482E-03 -3.1031E-04  5.7977E+06  1.4121E+06 -4.3611E+05  0.0000E+00 -2.0000E-03   1   5
  4.4758E-02 -7.7493E-03 -2.6274E-04  6.6609E+06 -1.3672E+06 -4.4779E+06  0.0000E+00 -2.0000E-03   1   5
  3.4949E-03 -2.8492E-04 -3.8886E+00  1.9540E+07 -1.9847E+06  1.8355E+06 -1.2970E+01 -2.0000E-03   1 -15
 -6.7402E-03 -4.2951E-04 -3.9001E+00 -4.6799E+07 -3.0112E+06 -3.3114E+06 -1.3008E+01 -2.0000E-03   1 -15
  3.6503E-03  2.8980E-04 -3.9001E+00  2.5903E+07  2.0560E+06  8.3089E+06 -1.3010E+01 -2.0000E-03   1 -15
  5.0460E-03 -1.2971E-04 -3.8999E+00  3.5203E+07 -9.2920E+05  6.1591E+04 -1.3009E+01 -2.0000E-03   1 -15
 -3.6896E-02  2.2744E-03 -9.4313E-05 -5.5444E+06  4.0364E+05  6.7347E+05  0.0000E+00 -2.0000E-03   1   5
  1.3533E-02  1.6552E-03 -1.4569E-04  2.0332E+06  2.9473E+05  8.5963E+05  0.0000E+00 -2.0000E-03   1   5
  3.8701E-03  4.7011E-04 -3.9000E+00  2.6972E+07  3.2973E+06 -2.3740E+04 -1.3009E+01 -2.0000E-03   1 -15
 -2.4487E-02 -5.6372E-03 -4.3791E-05 -3.7060E+06 -1.0077E+06  4.3067E+06  0.0000E+00 -2.0000E-03   1   5
 -4.8765E-03 -2.7388E-04 -3.9000E+00 -3.3923E+07 -1.9118E+06 -1.5347E+06 -1.3009E+01 -2.0000E-03   1 -15
 -3.9215E-03  7.9566E-04 -3.9000E+00 -2.7269E+07  5.5584E+06 -1.9917E+06 -1.3009E+01 -2.0000E-03   1 -15
  3.8412E-03 -1.0607E-04 -3.8999E+00  2.6818E+07 -7.2107E+05  4.6204E+05 -1.3009E+01 -2.0000E-03   1 -15
  1.9461E-03  7.7409E-03 -8.0574E-05  2.9115E+05  1.3747E+06 -2.7549E+05  0.0000E+00 -2.0000E-03   1   5
 -5.5145E-03  3.3346E-04 -3.9000E+00 -3.8406E+07  2.2961E+06 -2.6489E+06 -1.3009E+01 -2.0000E-03   1 -15
 -4.6864E-03  8.3421E-04 -3.8999E+00 -3.2905E+07  5.8779E+06  4.5875E+06 -1.3009E+01 -2.0000E-03   1 -15
  5.0737E-03  3.9998E-04 -3.9002E+00  3.5493E+07  2.8058E+06 -1.6336E+06 -1.3010E+01 -2.0000E-03   1 -15
  4.1845E-03  1.3317E-04 -3.9001E+00  2.9219E+07  9.2975E+05 -3.8002E+05 -1.3009E+01 -2.0000E-03   1 -15
  4.1843E-02  1.5181E-02 -1.9473E-04  6.2484E+06  2.6884E+06 -2.4393E+06  0.0000E+00 -2.0000E-03   1   5
  4.5415E-02  2.3127E-02 -4.7638E-04  6.8522E+06  4.1253E+06  2.5777E+06  0.0000E+00 -2.0000E-03   1   5
 -3.3537E-02 -1.0098E-02 -1.4873E-04 -5.0202E+06 -1.7919E+06 -1.2385E+06  0.0000E+00 -2.0000E-03   1   5
  4.5825E-03 -1.3497E-04 -3.9000E+00  3.1993E+07 -9.3780E+05  5.0572E+05 -1.3009E+01 -2.0000E-03   1 -15
 -4.5998E-02  2.5506E-02 -5.4560E-04 -6.8748E+06  4.5192E+06 -1.9701E+06  0.0000E+00 -2.0000E-03   1   5
  3.4900E-03 -2.8687E-04 -3.8658E+00  1.1899E+07 -1.9911E+06 -1.8976E+06 -1.2895E+01 -2.0000E-03   1 -15
  7.0596E-03 -5.6113E-04 -3.8999E+00  4.9202E+07 -3.9004E+06  6.6941E+05 -1.3008E+01 -2.0000E-03   1 -15
  4.8407E-03  2.5936E-04 -3.8999E+00  3.3657E+07  1.7862E+06 -2.8299E+05 -1.3008E+01 -2.0000E-03   1 -15
  8.6900E-03 -9.4171E-05 -3.9002E+00  6.1012E+07 -6.3740E+05  3.1977E+06 -1.3008E+01 -2.0000E-03   1 -15
  4.4307E-02 -2.1648E-02 -4.0168E-04  6.6439E+06 -3.8479E+06 -3.9562E+03  0.0000E+00 -2.0000E-03   1   5
  9.9814E-03  2.4676E-04 -3.9001E+00  6.9784E+07  1.7081E+06 -3.2084E+05 -1.3008E+01 -2.0000E-03   1 -15
  2.4986E-02  8.5873E-03 -1.3113E-04  3.7634E+06  1.5294E+06  1.7660E+06  0.0000E+00 -2.0000E-03   1   5
 -2.4013E-02  3.9774E-03 -3.0254E-04 -3.6275E+06  7.0961E+05  3.0659E+06  0.0000E+00 -2.0000E-03   1   5
  3.4911E-03 -3.4347E-04 -3.8998E+00  2.4247E+07 -2.4061E+06 -1.9819E+05 -1.3008E+01 -2.0000E-03   1 -15
  5.2469E-03  1.3908E-04 -3.8999E+00  3.6637E+07  9.7079E+05  4.0601E+05 -1.3009E+01 -2.0000E-03   1 -15
  1.6237E-02  1.0859E-02 -1.1868E-04  2.4021E+06  1.9091E+06 -7.3457E+06  0.0000E+00 -2.0000E-03   1   5
 -3.1289E-02  8.4786E-03 -3.5830E-05 -4.7251E+06  1.5141E+06  3.0447E+06  0.0000E+00 -2.0000E-03   1   5
  4.8236E-02  2.8373E-02 -5.5016E-04  7.2657E+06  5.0549E+06  1.7017E+06  0.0000E+00 -2.0000E-03   1   5
 -4.3932E-03  3.8981E-04 -3.9000E+00 -3.0749E+07  2.7587E+06  2.0588E+06 -1.3009E+01 -2.0000E-03   1 -15
 -2.4257E-02  3.2116E-03 -2.1770E-04 -3.6285E+06  5.7017E+05 -1.1559E+06  0.0000E+00 -2.0000E-03   1   5
  3.4903E-03  5.4523E-04 -3.8999E+00  2.4345E+07  3.7934E+06  3.9186E+05 -1.3009E+01 -2.0000E-03   1 -15
 -5.3628E-03 -2.8769E-03 -4.6277E-05 -7.9398E+05 -5.0534E+05 -7.2590E+06  0.0000E+00 -2.0000E-03   1   5
 -3.4456E-03 -6.3769E-04 -3.8876E+00 -1.8984E+07 -4.4714E+06  2.3141E+06 -1.2969E+01 -2.0000E-03   1 -15
  4.5377E-03 -8.6161E-04 -3.9000E+00  3.1395E+07 -5.9861E+06 -6.0671E+06 -1.3009E+01 -2.0000E-03   1 -15
 -8.6838E-03  3.5058E-04 -3.9002E+00 -6.1070E+07  2.4592E+06  2.5449E+06 -1.3009E+01 -2.0000E-03   1 -15
 -7.6139E-03  1.3641E-04 -3.9001E+00 -5.3118E+07  9.7099E+05 -2.6989E+06 -1.3009E+01 -2.0000E-03   1 -15
 -2.2476E-02 -1.9001E-02 -6.1861E-05 -3.3751E+06 -3.3780E+06  3.4408E+05  0.0000E+00 -2.0000E-03   1   5
 -7.8202E-03  3.7097E-04 -3.9002E+00 -5.4455E+07  2.5805E+06 -4.1922E+06 -1.3009E+01 -2.0000E-03   1 -15
  3.2727E-02 -3.4369E-03 -1.7701E-04  4.9537E+06 -6.1449E+05  4.0786E+06  0.0000E+00 -2.0000E-03   1   5
 -1.0322E-03  1.8051E-02 -1.0119E-04 -1.5578E+05  3.2137E+06  1.2482E+06  0.0000E+00 -2.0000E-03   1   5
 -2.2214E-02  4.0954E-02 -2.9677E-04 -3.3419E+06  7.2901E+06  1.1519E+06  0.0000E+00 -2.0000E-03   1   5
 -6.9452E-03 -4.2514E-03 -1.0574E-05 -1.0440E+06 -7.5669E+05  6.1003E+05  0.0000E+00 -2.0000E-03   1   5
  4.3974E-03 -2.8313E-04 -3.9001E+00  3.1004E+07 -1.9757E+06  4.0746E+06 -1.3010E+01 -2.0000E-03   1 -15
 -4.8815E-03 -4.4027E-04 -3.9001E+00 -3.4211E+07 -3.0878E+06  1.8449E+06 -1.3009E+01 -2.0000E-03   1 -15
  2.8868E-02  3.7329E-02 -3.5922E-04  4.3275E+06  6.6327E+06 -1.5302E+05  0.0000E+00 -2.0000E-03   1   5
 -3.3445E-03  1.0352E-03 -3.8805E+00 -1.5715E+07  7.1605E+06 -2.7346E+06 -1.2944E+01 -2.0000E-03   1 -15
  3.4930E-03 -2.8807E-04 -3.8770E+00  1.5341E+07 -2.0077E+06  7.2436E+05 -1.2932E+01 -2.0000E-03   1 -15
 -8.5246E-03 -1.9715E-04 -3.9000E+00 -5.9478E+07 -1.3834E+06  3.2965E+05 -1.3008E+01 -2.0000E-03   1 -15
 -3.5012E-03  5.3111E-05 -3.8773E+00 -1.5384E+07  3.7676E+05 -3.7586E+06 -1.2934E+01 -2.0000E-03   1 -15
 -7.4784E-03  1.7361E-04 -3.9002E+00 -5.2176E+07  1.2092E+06 -1.9365E+06 -1.3009E+01 -2.0000E-03   1 -15
 -8.6746E-03  3.5976E-04 -3.9000E+00 -6.0049E+07  2.5183E+06 -4.7866E+06 -1.3008E+01 -2.0000E-03   1 -15
 -1.1228E-02 -1.8019E-04 -3.8999E+00 -7.7548E+07 -1.2672E+06 -6.3576E+06 -1.3007E+01 -2.0000E-03   1 -15
 -3.3301E-03  1.0907E-03 -3.8980E+00 -2.2470E+07  7.6468E+06  1.2261E+06 -1.3003E+01 -2.0000E-03   1 -15
 -4.3122E-03  7.4627E-04 -3.8999E+00 -3.0015E+07  5.1945E+06 -1.4642E+06 -1.3009E+01 -2.0000E-03   1 -15
 -3.4923E-03  2.3677E-04 -3.8882E+00 -1.9392E+07  1.6815E+06  9.7743E+05 -1.2970E+01 -2.0000E-03   1 -15
  4.3713E-03  3.1723E-04 -3.9000E+00  3.0377E+07  2.2080E+06 -2.7027E+06 -1.3009E+01 -2.0000E-03   1 -15
  4.5880E-02 -1.6060E-02 -3.9451E-04  6.8894E+06 -2.8565E+06  6.7542E+05  0.0000E+00 -2.0000E-03   1   5
 -6.5679E-03 -2.6124E-04 -3.8999E+00 -4.5669E+07 -1.8428E+06 -8.3161E+05 -1.3008E+01 -2.0000E-03   1 -15
  3.7615E-02  1.7052E-03 -8.9157E-05  5.5909E+06  3.0106E+05 -4.7290E+06  0.0000E+00 -2.0000E-03   1   5
  6.8408E-03 -5.4906E-04 -3.9002E+00  4.7658E+07 -3.8003E+06 -2.9336E+06 -1.3009E+01 -2.0000E-03   1 -15
  4.1984E-02  1.4004E-02 -2.2220E-04  6.2804E+06  2.4829E+06 -1.6462E+06  0.0000E+00 -2.0000E-03   1   5
 -1.8797E-02  1.3391E-02 -5.5811E-06 -2.8282E+06  2.3837E+06  1.1303E+06  0.0000E+00 -2.0000E-03   1   5
 -4.4244E-03 -1.8485E-04 -3.9000E+00 -3.0720E+07 -1.2852E+06 -3.1412E+06 -1.3009E+01 -2.0000E-03   1 -15
 -8.5363E-03 -1.4828E-04 -3.9000E+00 -5.9552E+07 -1.0385E+06  5.5567E+05 -1.3008E+01 -2.0000E-03   1 -15
 -4.2520E-03 -6.9440E-04 -3.9000E+00 -2.9632E+07 -4.8476E+06 -1.3528E+06 -1.3009E+01 -2.0000E-03   1 -15
  3.7428E-02 -6.4993E-03 -3.3116E-04  5.5941E+06 -1.1519E+06 -1.7578E+06  0.0000E+00 -2.0000E-03   1   5
 -2.2482E-02 -1.1159E-02 -1.6982E-04 -3.3738E+06 -1.9817E+06 -2.7822E+05  0.0000E+00 -2.0000E-03   1   5
 -2.9840E-02 -1.6003E-02 -2.1707E-04 -4.4484E+06 -2.8284E+06 -3.5483E+06  0.0000E+00 -2.0000E-03   1   5
  8.4318E-03  9.4313E-03 -1.9920E-04  1.2710E+06  1.6854E+06  3.1572E+06  0.0000E+00 -2.0000E-03   1   5
 -5.0461E-03 -8.8546E-05 -3.9001E+00 -3.5185E+07 -6.3202E+05 -2.3626E+06 -1.3009E+01 -2.0000E-03   1 -15
 -1.4847E-03 -6.3323E-03 -5.0432E-05 -2.2242E+05 -1.1280E+06  1.1276E+06  0.0000E+00 -2.0000E-03   1   5
 -4.4790E-03 -8.7384E-04 -3.9001E+00 -3.1234E+07 -6.1044E+06 -1.4199E+06 -1.3009E+01 -2.0000E-03   1 -15
  3.2045E-02 -4.8158E-03  2.2047E-05  4.7827E+06 -8.5252E+05 -2.6597E+06  0.0000E+00 -2.0000E-03   1   5
  3.3827E-02  7.5093E-03 -9.7977E-05  5.1132E+06  1.3420E+06  3.6314E+06  0.0000E+00 -2.0000E-03   1   5
 -8.4454E-03 -9.4869E-05 -3.9000E+00 -5.8745E+07 -6.8058E+05 -1.6910E+06 -1.3008E+01 -2.0000E-03   1 -15
 -3.8513E-03 -4.8318E-04 -3.9001E+00 -2.6877E+07 -3.3702E+06 -6.4840E+05 -1.3009E+01 -2.0000E-03   1 -15
 -5.1143E-02 -1.7717E-02 -7.3431E-04 -7.6505E+06 -3.1433E+06 -1.1471E+06  0.0000E+00 -2.0000E-03   1   5
 -5.3759E-03 -2.7014E-04 -3.9002E+00 -3.7627E+07 -1.9004E+06 -1.2523E+06 -1.3010E+01 -2.0000E-03   1 -15
  2.2480E-02  1.2036E-02  5.3723E-05  3.3686E+06  2.1358E+06 -7.1000E+05  0.0000E+00 -2.0000E-03   1   5
  3.4921E-03  2.8343E-04 -3.8919E+00  2.0837E+07  1.9480E+06  4.8650E+05 -1.2982E+01 -2.0000E-03   1 -15
 -7.5716E-03 -2.8935E-04 -3.9002E+00 -5.2535E+07 -2.0178E+06 -6.3350E+06 -1.3009E+01 -2.0000E-03   1 -15
 -4.1623E-02 -1.5039E-02 -2.3564E-04 -6.2004E+06 -2.6577E+06 -3.6742E+06  0.0000E+00 -2.0000E-03   1   5
  3.4840E-03 -6.4387E-04 -3.9002E+00  2.4287E+07 -4.5082E+06 -3.3182E+06 -1.3010E+01 -2.0000E-03   1 -15
  3.4618E-03  5.3039E-04 -3.8713E+00  1.3333E+07  3.6606E+06 -3.5148E+06 -1.2913E+01 -2.0000E-03   1 -15
  8.4500E-03  2.6490E-04 -3.9002E+00  5.8623E+07  1.8417E+06 -4.8638E+06 -1.3008E+01 -2.0000E-03   1 -15
 -8.4236E-03 -7.3930E-04 -3.9000E+00 -5.8371E+07 -5.1284E+06 -4.1253E+06 -1.3008E+01 -2.0000E-03   1 -15
  3.4941E-03 -2.9202E-04 -3.8866E+00  1.8760E+07 -2.0488E+06  7.6297E+05 -1.2965E+01 -2.0000E-03   1 -15
  5.6281E-03 -2.5968E-04 -3.8999E+00  3.9069E+07 -1.8306E+06 -3.5706E+06 -1.3009E+01 -2.0000E-03   1 -15
  1.5598E-02  2.0844E-02  3.7033E-05  2.3064E+06  3.6643E+06 -7.1566E+06  0.0000E+00 -2.0000E-03   1   5
  6.3685E-03  6.3490E-05 -3.9000E+00  4.4057E+07  4.3025E+05 -4.3416E+06 -1.3008E+01 -2.0000E-03   1 -15
 -3.4755E-03 -4.4353E-04 -3.8946E+00 -2.1920E+07 -3.1126E+06  1.5335E+06 -1.2991E+01 -2.0000E-03   1 -15
  3.4245E-03 -7.5508E-04 -3.8782E+00  1.5539E+07 -5.2718E+06  3.1157E+06 -1.2936E+01 -2.0000E-03   1 -15
  3.3157E-03 -1.3498E-02 -1.7590E-04  4.9638E+05 -2.3969E+06 -4.8631E+05  0.0000E+00 -2.0000E-03   1   5
 -4.3120E-02  1.0712E-02 -4.4265E-04 -6.4807E+06  1.9059E+06  8.3570E+05  0.0000E+00 -2.0000E-03   1   5
  6.9626E-03 -6.2575E-04 -3.9002E+00  4.8924E+07 -4.3884E+06  2.9712E+06 -1.3009E+01 -2.0000E-03   1 -15
  3.4779E-03  4.2504E-04 -3.8826E+00  1.7181E+07  2.9514E+06 -6.9738E+05 -1.2951E+01 -2.0000E-03   1 -15
 -3.4993E-03  1.1350E-04 -3.8695E+00 -1.3004E+07  7.7942E+05 -4.3558E+05 -1.2907E+01 -2.0000E-03   1 -15
 -7.0598E-03 -5.8750E-04 -3.9001E+00 -4.9194E+07 -4.1022E+06 -2.9101E+06 -1.3009E+01 -2.0000E-03   1 -15
  3.3387E-03 -1.0508E-03 -3.8893E+00  1.8948E+07 -7.3479E+06  1.8523E+06 -1.2973E+01 -2.0000E-03   1 -15
 -3.4926E-03 -2.3315E-04 -3.8861E+00 -1.8683E+07 -1.6387E+06  5.0647E+06 -1.2963E+01 -2.0000E-03   1 -15
 -1.8308E-02 -1.4031E-02 -1.9768E-04 -2.7257E+06 -2.4812E+06 -3.3909E+06  0.0000E+00 -2.0000E-03   1   5
  3.9172E-02 -1.8018E-02 -2.5196E-04  5.8523E+06 -3.1902E+06 -2.5584E+06  0.0000E+00 -2.0000E-03   1   5
  5.6730E-03  6.3548E-04 -3.9000E+00  3.9609E+07  4.4374E+06  3.9288E+05 -1.3009E+01 -2.0000E-03   1 -15
 -4.6610E-03 -9.4307E-05 -3.9000E+00 -3.2546E+07 -6.3505E+05  1.4251E+06 -1.3009E+01 -2.0000E-03   1 -15
 -3.4981E-03 -1.1970E-04 -3.8690E+00 -1.2917E+07 -8.3009E+05  2.9836E+06 -1.2905E+01 -2.0000E-03   1 -15
 -8.6945E-03 -8.0568E-04 -3.8999E+00 -6.0277E+07 -5.6152E+06 -1.7567E+06 -1.3007E+01 -2.0000E-03   1 -15
 -7.3767E-03 -3.5896E-04 -3.9000E+00 -5.1449E+07 -2.4946E+06 -7.3464E+05 -1.3008E+01 -2.0000E-03   1 -15
 -3.7088E-02  1.2211E-02 -2.9780E-04 -5.5792E+06  2.1754E+06  1.6078E+06  0.0000E+00 -2.0000E-03   1   5
  4.2996E-02 -2.3968E-02 -3.7687E-04  6.4422E+06 -4.2565E+06 -4.6614E+05  0.0000E+00 -2.0000E-03   1   5
  7.1214E-03 -2.1258E-04 -3.9000E+00  4.9086E+07 -1.4782E+06 -7.5934E+06 -1.3008E+01 -2.0000E-03   1 -15
 -4.6724E-03 -7.2471E-03 -8.3675E-05 -7.0116E+05 -1.2875E+06  2.7514E+05  0.0000E+00 -2.0000E-03   1   5
  4.3751E-03 -2.3882E-05 -3.9000E+00  3.0475E+07 -1.8059E+05 -9.5622E+05 -1.3009E+01 -2.0000E-03   1 -15
 -4.1223E-03 -6.3585E-04 -3.9001E+00 -2.8682E+07 -4.4175E+06 -2.9438E+06 -1.3009E+01 -2.0000E-03   1 -15
 -6.0269E-03  2.3990E-04 -3.9000E+00 -4.2318E+07  1.6815E+06  2.8825E+06 -1.3009E+01 -2.0000E-03   1 -15
 -1.5875E-02 -1.9883E-02 -8.3158E-05 -2.3955E+06 -3.5455E+06  2.4027E+06  0.0000E+00 -2.0000E-03   1   5
  2.3104E-02 -1.7094E-02 -1.6118E-04  3.4520E+06 -3.0269E+06 -2.3711E+06  0.0000E+00 -2.0000E-03   1   5
  7.5865E-03  4.9356E-04 -3.9002E+00  5.3238E+07  3.4570E+06  1.2602E+06 -1.3009E+01 -2.0000E-03   1 -15
 -4.2962E-02  2.9519E-03 -3.9112E-04 -6.3959E+06  5.2186E+05 -4.0130E+06  0.0000E+00 -2.0000E-03   1   5
 -4.1486E-02 -1.7538E-02 -2.2100E-04 -6.2654E+06 -3.1306E+06  3.1554E+06  0.0000E+00 -2.0000E-03   1   5
 -4.7276E-03  2.6582E-04 -3.8999E+00 -3.2794E+07  1.8529E+06 -1.7654E+06 -1.3008E+01 -2.0000E-03   1 -15
  5.6148E-02 -6.5191E-03 -3.1689E-04  8.3901E+06 -1.1540E+06 -2.3997E+06  0.0000E+00 -2.0000E-03   1   5
  8.5149E-03 -2.8092E-04 -3.9001E+00  5.9435E+07 -1.9552E+06 -6.5345E+05 -1.3008E+01 -2.0000E-03   1 -15
 -4.9827E-03 -5.8929E-05 -3.8999E+00 -3.4621E+07 -4.1204E+05 -2.7198E+06 -1.3009E+01 -2.0000E-03   1 -15
  3.8807E-02  3.0200E-03 -2.4042E-04  5.8848E+06  5.4089E+05  4.8849E+06  0.0000E+00 -2.0000E-03   1   5
 -5.8598E-02 -3.6670E-03 -3.9841E-04 -8.8075E+06 -6.5168E+05  4.6844E+05  0.0000E+00 -2.0000E-03   1   5
 -7.4934E-03  5.6873E-04 -3.8999E+00 -5.2225E+07  3.9802E+06  3.6430E+05 -1.3008E+01 -2.0000E-03   1 -15
 -3.4222E-03 -7.3486E-04 -3.8873E+00 -1.8537E+07 -5.0980E+06 -3.2595E+06 -1.2967E+01 -2.0000E-03   1 -15
  1.4137E-02 -4.3051E-03 -5.3907E-05  2.1262E+06 -7.6552E+05  8.6052E+05  0.0000E+00 -2.0000E-03   1   5
 -1.3499E-02 -5.7273E-03 -1.3266E-04 -2.0378E+06 -1.0222E+06  2.6930E+06  0.0000E+00 -2.0000E-03   1   5
 -3.5495E-02  1.7887E-03 -6.4813E-05 -5.2763E+06  3.1507E+05 -4.8135E+06  0.0000E+00 -2.0000E-03   1   5
  3.5068E-03  1.2646E-04 -3.8988E+00  2.4050E+07  8.7869E+05  4.6657E+06 -1.3005E+01 -2.0000E-03   1 -15
  3.8983E-02 -2.5143E-02 -3.4936E-04  5.8138E+06 -4.4512E+06 -2.6832E+06  0.0000E+00 -2.0000E-03   1   5
  4.6242E-03 -1.5234E-04 -3.9000E+00  3.2033E+07 -1.0762E+06 -4.8308E+06 -1.3009E+01 -2.0000E-03   1 -15
  5.6787E-03  1.5981E-04 -3.8999E+00  3.9567E+07  1.1061E+06  7.9326E+05 -1.3008E+01 -2.0000E-03   1 -15
 -5.4704E-02  8.3848E-03 -5.9369E-04 -8.2133E+06  1.4907E+06  2.2676E+05  0.0000E+00 -2.0000E-03   1   5
 -2.4789E-03 -4.7630E-03  6.1336E-05 -3.6783E+05 -8.3888E+05 -6.0263E+06  0.0000E+00 -2.0000E-03   1   5
  1.1686E-02 -2.2935E-02  2.9865E-05  1.7492E+06 -4.0668E+06 -1.3847E+06  0.0000E+00 -2.0000E-03   1   5
  6.6264E-03 -5.4215E-04 -3.8999E+00  4.5803E+07 -3.7300E+06 -7.3638E+06 -1.3009E+01 -2.0000E-03   1 -15
  6.8928E-03  5.6234E-04 -3.8999E+00  4.8235E+07  3.9488E+06  3.0503E+06 -1.3008E+01 -2.0000E-03   1 -15
  9.0452E-03  1.2535E-04 -3.9001E+00  6.3181E+07  8.7855E+05 -3.6674E+05 -1.3008E+01 -2.0000E-03   1 -15
 -7.0738E-03 -2.2441E-02 -1.2009E-04 -1.0471E+06 -3.9464E+06 -6.9315E+06  0.0000E+00 -2.0000E-03   1   5
 -2.1606E-02 -1.5838E-02 -1.0724E-05 -3.2677E+06 -2.8322E+06  4.1240E+06  0.0000E+00 -2.0000E-03   1   5
  1.8092E-02 -8.9716E-03  4.3540E-05  2.7071E+06 -1.5909E+06 -1.4401E+06  0.0000E+00 -2.0000E-03   1   5
 -5.4697E-02  1.3663E-02 -6.9543E-04 -8.2438E+06  2.4383E+06  2.6733E+06  0.0000E+00 -2.0000E-03   1   5
  5.0234E-03 -2.0602E-04 -3.8999E+00  3.5157E+07 -1.4559E+06  2.0402E+06 -1.3009E+01 -2.0000E-03   1 -15
 -3.7402E-02 -6.9177E-03 -2.1244E-04 -5.5522E+06 -1.2188E+06 -5.7771E+06  0.0000E+00 -2.0000E-03   1   5
 -5.0881E-02  5.2150E-03 -3.4563E-04 -7.6024E+06  9.2507E+05 -1.7804E+06  0.0000E+00 -2.0000E-03   1   5
 -4.8717E-02  2.2319E-02 -5.6161E-04 -7.2982E+06  3.9623E+06 -7.7853E+05  0.0000E+00 -2.0000E-03   1   5
  3.8947E-03  8.6993E-05 -3.9000E+00  2.7404E+07  5.9257E+05  4.4468E+06 -1.3009E+01 -2.0000E-03   1 -15
 -2.6940E-03  2.4673E-03 -5.2224E-06 -4.0736E+05  4.4026E+05  2.9909E+06  0.0000E+00 -2.0000E-03   1   5
 -3.5184E-02 -1.3692E-02 -3.0575E-04 -5.2755E+06 -2.4327E+06 -1.5530E+05  0.0000E+00 -2.0000E-03   1   5
  7.3256E-03 -6.7351E-05 -3.8999E+00  5.1412E+07 -4.6110E+05  4.9806E+06 -1.3008E+01 -2.0000E-03   1 -15
 -3.9073E-02  1.7079E-02 -4.7130E-04 -5.8507E+06  3.0300E+06 -1.0395E+06  0.0000E+00 -2.0000E-03   1   5
 -3.7926E-02  1.3655E-02 -3.1605E-04 -5.6830E+06  2.4257E+06 -3.2550E+05  0.0000E+00 -2.0000E-03   1   5
 -3.5118E-02 -7.4920E-03 -3.1123E-04 -5.2762E+06 -1.3331E+06  9.8586E+05  0.0000E+00 -2.0000E-03   1   5
  5.1137E-03  1.4346E-04 -3.9001E+00  3.5755E+07  1.0211E+06 -1.2212E+05 -1.3009E+01 -2.0000E-03   1 -15
  4.7856E-03  3.2569E-04 -3.8999E+00  3.3345E+07  2.2608E+06  8.0306E+05 -1.3008E+01 -2.0000E-03   1 -15
  3.7797E-02  1.6479E-02 -3.2303E-04  5.6796E+06  2.9330E+06  1.0546E+06  0.0000E+00 -2.0000E-03   1   5
  4.2207E-03  1.0819E-03 -3.9000E+00  2.9099E+07  7.4859E+06 -8.1035E+06 -1.3009E+01 -2.0000E-03   1 -15
  1.4380E-02  2.5534E-02  1.0156E-04  2.1336E+06  4.4955E+06 -6.2554E+06  0.0000E+00 -2.0000E-03   1   5
  2.1457E-02 -1.8940E-03  3.5689E-05  3.2394E+06 -3.3870E+05  3.1699E+06  0.0000E+00 -2.0000E-03   1   5
 -3.4728E-03  4.4441E-04 -3.8904E+00 -1.9872E+07  3.0569E+06 -5.2750E+06 -1.2976E+01 -2.0000E-03   1 -15
  3.5038E-03 -1.3291E-04 -3.8816E+00  1.6868E+07 -9.0476E+05 -3.0755E+06 -1.2948E+01 -2.0000E-03   1 -15
 -5.4346E-03  2.9502E-04 -3.9001E+00 -3.8130E+07  2.0703E+06  2.0284E+06 -1.3009E+01 -2.0000E-03   1 -15
 -6.0055E-03 -1.9695E-04 -3.9002E+00 -4.2393E+07 -1.4076E+06  4.1116E+06 -1.3010E+01 -2.0000E-03   1 -15
 -2.0220E-02  1.7060E-02 -1.8407E-05 -3.0200E+06  3.0202E+06 -2.4936E+06  0.0000E+00 -2.0000E-03   1   5
  8.2023E-03 -1.9557E-04 -3.8999E+00  5.7199E+07 -1.3832E+06  3.7346E+05 -1.3008E+01 -2.0000E-03   1 -15
  5.4357E-02  6.9418E-03 -4.9119E-04  8.2207E+06  1.2412E+06  4.2308E+06  0.0000E+00 -2.0000E-03   1   5
 -3.4966E-03 -2.1835E-04 -3.8843E+00 -1.7834E+07 -1.5169E+06 -2.0822E+06 -1.2957E+01 -2.0000E-03   1 -15
  7.8295E-03 -2.1676E-04 -3.9001E+00  5.4190E+07 -1.4869E+06 -6.2300E+06 -1.3008E+01 -2.0000E-03   1 -15
  3.4468E-03 -6.1270E-04 -3.8925E+00  2.0907E+07 -4.2962E+06  4.8093E+06 -1.2983E+01 -2.0000E-03   1 -15
 -4.8017E-03  4.3346E-04 -3.9000E+00 -3.3532E+07  3.0427E+06  5.3730E+05 -1.3009E+01 -2.0000E-03   1 -15
 -3.3221E-02  7.4011E-03 -2.8367E-04 -4.9635E+06  1.3117E+06 -1.6948E+06  0.0000E+00 -2.0000E-03   1   5
 -3.1459E-02 -4.2094E-03 -1.8160E-04 -4.7213E+06 -7.4734E+05 -4.8034E+05  0.0000E+00 -2.0000E-03   1   5
  3.1159E-02  3.8716E-03 -1.0686E-04  4.6753E+06  6.8793E+05 -1.3446E+05  0.0000E+00 -2.0000E-03   1   5
 -4.8988E-03  5.0029E-04 -3.9000E+00 -3.4121E+07  3.5343E+06 -5.2512E+05 -1.3009E+01 -2.0000E-03   1 -15
  5.7778E-02 -9.5736E-03 -6.2195E-04  8.7361E+06 -1.7101E+06  3.5442E+06  0.0000E+00 -2.0000E-03   1   5
 -3.9986E-02  2.6155E-03 -3.1320E-04 -6.0331E+06  4.6798E+05  3.0987E+06  0.0000E+00 -2.0000E-03   1   5
 -4.1964E-02 -2.3283E-02 -2.8649E-04 -6.2906E+06 -4.1331E+06 -6.1763E+05  0.0000E+00 -2.0000E-03   1   5
 -4.6264E-02 -2.3830E-02 -3.3108E-04 -6.8996E+06 -4.2147E+06 -3.2089E+06  0.0000E+00 -2.0000E-03   1   5
  8.2026E-03 -2.1353E-05 -3.9001E+00  5.7643E+07 -1.4724E+05  2.2459E+06 -1.3009E+01 -2.0000E-03   1 -15
  3.3497E-03  1.0228E-03 -3.8712E+00  1.3084E+07  7.1195E+06  3.9646E+06 -1.2913E+01 -2.0000E-03   1 -15
  5.0271E-02  1.3138E-02 -5.3348E-04  7.5540E+06  2.3367E+06  5.2899E+05  0.0000E+00 -2.0000E-03   1   5
 -1.3923E-02  1.8445E-02  2.9084E-05 -2.0813E+06  3.2694E+06 -1.7286E+06  0.0000E+00 -2.0000E-03   1   5
 -3.4114E-02  3.9879E-03 -8.0460E-05 -5.0955E+06  7.0529E+05 -2.4256E+06  0.0000E+00 -2.0000E-03   1   5
 -6.2984E-03  9.9990E-03 -3.9790E-05 -9.3837E+05  1.7676E+06 -3.6623E+06  0.0000E+00 -2.0000E-03   1   5
  8.5425E-03  2.9205E-02 -3.3971E-04  1.2883E+06  5.2066E+06  2.3934E+06  0.0000E+00 -2.0000E-03   1   5
 -2.3574E-02  1.7476E-04 -6.6928E-05 -3.5630E+06  3.1740E+04  3.5702E+06  0.0000E+00 -2.0000E-03   1   5
  5.7769E-03  1.5902E-05 -3.9002E+00  4.0059E+07  9.2107E+04 -5.6336E+06 -1.3009E+01 -2.0000E-03   1 -15
 -4.9298E-02  7.2085E-03 -3.5931E-04 -7.3486E+06  1.2764E+06 -3.0626E+06  0.0000E+00 -2.0000E-03   1   5
  3.3859E-03 -8.9054E-04 -3.8685E+00  1.2323E+07 -6.1852E+06  1.6022E+06 -1.2903E+01 -2.0000E-03   1 -15
 -3.3372E-02  1.5888E-02 -3.6961E-04 -5.0107E+06  2.8221E+06 -4.4944E+04  0.0000E+00 -2.0000E-03   1   5
  3.4215E-03  7.4713E-04 -3.8897E+00  1.9427E+07  5.1740E+06 -3.1868E+06 -1.2974E+01 -2.0000E-03   1 -15
  4.7762E-02 -3.6438E-03 -3.7732E-04  7.2454E+06 -6.5334E+05  5.7908E+06  0.0000E+00 -2.0000E-03   1   5
  3.1824E-02  2.0023E-02 -3.7799E-05  4.7292E+06  3.5326E+06 -4.8930E+06  0.0000E+00 -2.0000E-03   1   5
 -1.2380E-02  2.2600E-02 -1.6926E-04 -1.8543E+06  4.0094E+06 -9.7426E+05  0.0000E+00 -2.0000E-03   1   5
 -6.1556E-03  4.5719E-04 -3.9001E+00 -4.2844E+07  3.1679E+06 -3.4510E+06 -1.3009E+01 -2.0000E-03   1 -15
 -9.4876E-03 -4.0299E-04 -3.9002E+00 -6.5861E+07 -2.8063E+06 -5.0044E+06 -1.3008E+01 -2.0000E-03   1 -15
  1.9847E-02  1.9411E-02  1.0094E-04  3.0002E+06  3.4649E+06  3.1886E+06  0.0000E+00 -2.0000E-03   1   5
 -4.3549E-02  1.2805E-02 -3.7677E-04 -6.5058E+06  2.2694E+06 -1.8177E+06  0.0000E+00 -2.0000E-03   1   5
  1.2930E-02 -1.4166E-02 -9.8738E-05  1.9213E+06 -2.4971E+06 -5.3633E+06  0.0000E+00 -2.0000E-03   1   5
  7.5950E-03  2.6470E-05 -3.8999E+00  5.2860E+07  1.8445E+05 -3.0177E+06 -1.3009E+01 -2.0000E-03   1 -15
  4.0933E-03 -5.6072E-04 -3.9000E+00  2.8498E+07 -3.9216E+06 -1.5122E+06 -1.3009E+01 -2.0000E-03   1 -15
  4.9569E-02 -1.2448E-03 -4.3806E-04  7.4266E+06 -2.2152E+05 -5.0588E+05  0.0000E+00 -2.0000E-03   1   5
  1.0532E-02 -4.0045E-05 -3.9000E+00  7.2957E+07 -2.7259E+05 -5.7806E+06 -1.3008E+01 -2.0000E-03   1 -15
  7.1039E-03 -2.1081E-04 -3.8999E+00  4.9513E+07 -1.4842E+06  5.4188E+05 -1.3008E+01 -2.0000E-03   1 -15
  1.2523E-02  1.3200E-04 -3.9001E+00  8.6507E+07  9.2036E+05 -8.5917E+06 -1.3007E+01 -2.0000E-03   1 -15
 -2.5767E-02  5.2099E-03 -1.4221E-04 -3.8582E+06  9.2386E+05 -1.4104E+06  0.0000E+00 -2.0000E-03   1   5
  4.4849E-02 -6.9071E-03 -4.9396E-04  6.7226E+06 -1.2259E+06 -4.7746E+05  0.0000E+00 -2.0000E-03   1   5
 -4.6672E-03 -5.9287E-04 -3.9001E+00 -3.2641E+07 -4.1661E+06  2.0967E+05 -1.3009E+01 -2.0000E-03   1 -15
 -4.9017E-02 -2.4295E-02 -4.3312E-04 -7.3081E+06 -4.2993E+06 -2.9494E+06  0.0000E+00 -2.0000E-03   1   5
 -5.3290E-03  2.7490E-04 -3.9000E+00 -3.7101E+07  1.9127E+06 -1.7465E+06 -1.3009E+01 -2.0000E-03   1 -15
 -4.8758E-03  3.2512E-04 -3.9000E+00 -3.4023E+07  2.2807E+06  2.6909E+05 -1.3009E+01 -2.0000E-03   1 -15
 -3.2255E-02  8.1696E-03 -2.8827E-04 -4.8504E+06  1.4552E+06  1.4164E+06  0.0000E+00 -2.0000E-03   1   5
 -4.0970E-02 -1.1980E-03 -2.1453E-04 -6.1574E+06 -2.1249E+05  7.1802E+05  0.0000E+00 -2.0000E-03   1   5
  1.1730E-02  1.9527E-02 -9.3583E-05  1.7706E+06  3.4849E+06  2.9059E+06  0.0000E+00 -2.0000E-03   1   5
 -2.7843E-02 -3.0156E-03 -1.2105E-04 -4.1253E+06 -5.3163E+05 -6.4617E+06  0.0000E+00 -2.0000E-03   1   5
  3.8069E-03 -9.0781E-05 -3.9000E+00  2.6595E+07 -6.4620E+05  2.3406E+06 -1.3009E+01 -2.0000E-03   1 -15
 -6.3651E-03 -4.0570E-05 -3.9002E+00 -4.4400E+07 -2.7532E+05 -2.4099E+06 -1.3009E+01 -2.0000E-03   1 -15
  3.4554E-03 -5.7146E-04 -3.8831E+00  1.7208E+07 -3.9509E+06 -1.3927E+06 -1.2953E+01 -2.0000E-03   1 -15
 -6.0916E-03  1.2330E-02  9.1975E-05 -9.2424E+05  2.2084E+06  5.3160E+06  0.0000E+00 -2.0000E-03   1   5
 -6.1880E-03 -1.7179E-04 -3.9000E+00 -4.2682E+07 -1.1725E+06 -8.6629E+06 -1.3009E+01 -2.0000E-03   1 -15
