  6.4916E-09  0.0000E+00  6.9994E+02  1.0000E-01  2.9193E+03  2.9187E+02  5.7220E+01
  7.9998E-03  2.6709E-02  6.9994E+02  1.0089E-01  2.9193E+03  2.9445E+02  6.1658E+01
  1.6000E-02  5.3419E-02  6.9994E+02  1.0286E-01  2.9193E+03  3.0020E+02  6.5323E+01
  2.4000E-02  8.0129E-02  6.9994E+02  1.0585E-01  2.9193E+03  3.0893E+02  6.8186E+01
  3.2000E-02  1.0684E-01  6.9994E+02  1.0979E-01  2.9193E+03  3.2040E+02  7.0284E+01
  4.0000E-02  1.3355E-01  6.9994E+02  1.1456E-01  2.9193E+03  3.3434E+02  7.1706E+01
  4.8000E-02  1.6026E-01  6.9994E+02  1.2008E-01  2.9193E+03  3.5044E+02  7.2563E+01
  5.6000E-02  1.8697E-01  6.9994E+02  1.2624E-01  2.9193E+03  3.6842E+02  7.2971E+01
  6.4000E-02  2.1368E-01  6.9994E+02  1.3296E-01  2.9193E+03  3.8803E+02  7.3034E+01
  7.2000E-02  2.4039E-01  6.9994E+02  1.4015E-01  2.9193E+03  4.0902E+02  7.2843E+01
  8.0000E-02  2.6710E-01  6.9994E+02  1.4775E-01  2.9193E+03  4.3120E+02  7.2471E+01
  8.8000E-02  2.9381E-01  6.9994E+02  1.5570E-01  2.9193E+03  4.5439E+02  7.1975E+01
  9.6000E-02  3.2052E-01  6.9994E+02  1.6394E-01  2.9193E+03  4.7844E+02  7.1397E+01
  1.0400E-01  3.4697E-01  6.9987E+02  1.0429E-01  2.8192E+03  2.9396E+02 -4.5886E+01
  1.1200E-01  3.7365E-01  6.9987E+02  1.0349E-01  2.8225E+03  2.9194E+02 -9.2644E+01
  1.2000E-01  4.0033E-01  6.9990E+02  1.0267E-01  2.8265E+03  2.8939E+02 -2.0943E+02
  1.2800E-01  4.2702E-01  6.9983E+02  1.0237E-01  2.8110E+03  2.8729E+02 -1.5997E+02
  1.3600E-01  4.5370E-01  6.9982E+02  1.0305E-01  2.8352E+03  2.9174E+02 -1.5190E+02
  1.4400E-01  4.8039E-01  6.9982E+02  1.0314E-01  2.8352E+03  2.9199E+02 -1.5215E+02
  1.5200E-01  5.0708E-01  6.9982E+02  1.0322E-01  2.8352E+03  2.9224E+02 -1.5239E+02
  1.6000E-01  5.3376E-01  6.9982E+02  1.0331E-01  2.8352E+03  2.9249E+02 -1.5263E+02
  1.6800E-01  5.6045E-01  6.9982E+02  1.0340E-01  2.8352E+03  2.9274E+02 -1.5287E+02
  1.7600E-01  5.8714E-01  6.9982E+02  1.0350E-01  2.8352E+03  2.9300E+02 -1.5310E+02
  1.8400E-01  6.1382E-01  6.9982E+02  1.0359E-01  2.8352E+03  2.9326E+02 -1.5334E+02
  1.9200E-01  6.4051E-01  6.9982E+02  1.0368E-01  2.8352E+03  2.9352E+02 -1.5357E+02
  2.0000E-01  6.6720E-01  6.9982E+02  1.0378E-01  2.8352E+03  2.9379E+02 -1.5380E+02
  2.0800E-01  6.9388E-01  6.9982E+02  1.0388E-01  2.8352E+03  2.9408E+02 -1.5406E+02
  2.1600E-01  7.2057E-01  6.9982E+02  1.0400E-01  2.8352E+03  2.9443E+02 -1.5439E+02
  2.2400E-01  7.4726E-01  6.9982E+02  1.0415E-01  2.8352E+03  2.9484E+02 -1.5478E+02
  2.3200E-01  7.7394E-01  6.9982E+02  1.0432E-01  2.8352E+03  2.9533E+02 -1.5526E+02
  2.4000E-01  8.0063E-01  6.9982E+02  1.0452E-01  2.8352E+03  2.9590E+02 -1.5581E+02
  2.4800E-01  8.2732E-01  6.9982E+02  1.0476E-01  2.8352E+03  2.9656E+02 -1.5645E+02
  2.5600E-01  8.5401E-01  6.9982E+02  1.0504E-01  2.8352E+03  2.9734E+02 -1.5718E+02
  2.6400E-01  8.8070E-01  6.9982E+02  1.0536E-01  2.8352E+03  2.9825E+02 -1.5800E+02
  2.7200E-01  9.0739E-01  6.9982E+02  1.0573E-01  2.8352E+03  2.9930E+02 -1.5891E+02
  2.8000E-01  9.3408E-01  6.9982E+02  1.0617E-01  2.8352E+03  3.0053E+02 -1.5992E+02
  2.8800E-01  9.6077E-01  6.9982E+02  1.0668E-01  2.8352E+03  3.0195E+02 -1.6103E+02
  2.9600E-01  9.8746E-01  6.9982E+02  1.0726E-01  2.8352E+03  3.0361E+02 -1.6223E+02
  3.0400E-01  1.0141E+00  6.9982E+02  1.0795E-01  2.8352E+03  3.0554E+02 -1.6353E+02
  3.1200E-01  1.0408E+00  6.9982E+02  1.0874E-01  2.8352E+03  3.0778E+02 -1.6491E+02
  3.2000E-01  1.0675E+00  6.9982E+02  1.0967E-01  2.8352E+03  3.1039E+02 -1.6638E+02
  3.2800E-01  1.0942E+00  6.9982E+02  1.1069E-01  2.8352E+03  3.1327E+02 -1.6785E+02
  3.3600E-01  1.1209E+00  6.9982E+02  1.1174E-01  2.8352E+03  3.1625E+02 -1.6924E+02
  3.4400E-01  1.1476E+00  6.9982E+02  1.1284E-01  2.8352E+03  3.1933E+02 -1.7055E+02
  3.5200E-01  1.1743E+00  6.9982E+02  1.1396E-01  2.8352E+03  3.2251E+02 -1.7179E+02
  3.6000E-01  1.2010E+00  6.9982E+02  1.1512E-01  2.8352E+03  3.2578E+02 -1.7295E+02
  3.6800E-01  1.2277E+00  6.9982E+02  1.1631E-01  2.8352E+03  3.2915E+02 -1.7404E+02
  3.7600E-01  1.2544E+00  6.9982E+02  1.1754E-01  2.8352E+03  3.3260E+02 -1.7506E+02
  3.8400E-01  1.2811E+00  6.9982E+02  1.1879E-01  2.8352E+03  3.3614E+02 -1.7602E+02
  3.9200E-01  1.3078E+00  6.9982E+02  1.2007E-01  2.8352E+03  3.3976E+02 -1.7691E+02
  4.0000E-01  1.3345E+00  6.9982E+02  1.2138E-01  2.8352E+03  3.4346E+02 -1.7774E+02
  4.0800E-01  1.3612E+00  6.9982E+02  1.2266E-01  2.8352E+03  3.4706E+02 -1.7849E+02
  4.1600E-01  1.3879E+00  6.9982E+02  1.2382E-01  2.8352E+03  3.5035E+02 -1.7914E+02
  4.2400E-01  1.4146E+00  6.9982E+02  1.2487E-01  2.8352E+03  3.5332E+02 -1.7969E+02
  4.3200E-01  1.4412E+00  6.9982E+02  1.2580E-01  2.8352E+03  3.5596E+02 -1.8017E+02
  4.4000E-01  1.4679E+00  6.9982E+02  1.2662E-01  2.8352E+03  3.5827E+02 -1.8059E+02
  4.4800E-01  1.4946E+00  6.9982E+02  1.2733E-01  2.8352E+03  3.6027E+02 -1.8095E+02
  4.5600E-01  1.5213E+00  6.9982E+02  1.2793E-01  2.8352E+03  3.6197E+02 -1.8125E+02
  4.6400E-01  1.5480E+00  6.9982E+02  1.2843E-01  2.8352E+03  3.6338E+02 -1.8151E+02
  4.7200E-01  1.5747E+00  6.9982E+02  1.2883E-01  2.8352E+03  3.6452E+02 -1.8173E+02
  4.8000E-01  1.6014E+00  6.9982E+02  1.2915E-01  2.8352E+03  3.6541E+02 -1.8191E+02
  4.8800E-01  1.6281E+00  6.9982E+02  1.2939E-01  2.8352E+03  3.6609E+02 -1.8206E+02
  4.9600E-01  1.6547E+00  6.9982E+02  1.2956E-01  2.8352E+03  3.6657E+02 -1.8217E+02
  5.0400E-01  1.6814E+00  6.9982E+02  1.2968E-01  2.8352E+03  3.6691E+02 -1.8225E+02
  5.1200E-01  1.7081E+00  6.9982E+02  1.2980E-01  2.8352E+03  3.6723E+02 -1.8232E+02
  5.2000E-01  1.7348E+00  6.9982E+02  1.2991E-01  2.8352E+03  3.6755E+02 -1.8240E+02
  5.2800E-01  1.7615E+00  6.9982E+02  1.3002E-01  2.8352E+03  3.6787E+02 -1.8247E+02
  5.3600E-01  1.7882E+00  6.9982E+02  1.3013E-01  2.8352E+03  3.6819E+02 -1.8255E+02
  5.4400E-01  1.8149E+00  6.9982E+02  1.3025E-01  2.8352E+03  3.6851E+02 -1.8262E+02
  5.5200E-01  1.8415E+00  6.9982E+02  1.3036E-01  2.8352E+03  3.6883E+02 -1.8270E+02
  5.6000E-01  1.8682E+00  6.9982E+02  1.3048E-01  2.8352E+03  3.6915E+02 -1.8277E+02
  5.6800E-01  1.8949E+00  6.9982E+02  1.3059E-01  2.8352E+03  3.6947E+02 -1.8284E+02
  5.7600E-01  1.9216E+00  6.9982E+02  1.3070E-01  2.8352E+03  3.6979E+02 -1.8291E+02
  5.8400E-01  1.9483E+00  6.9982E+02  1.3082E-01  2.8352E+03  3.7012E+02 -1.8299E+02
  5.9200E-01  1.9750E+00  6.9982E+02  1.3093E-01  2.8352E+03  3.7044E+02 -1.8306E+02
  6.0000E-01  2.0017E+00  6.9982E+02  1.3105E-01  2.8352E+03  3.7076E+02 -1.8313E+02
  6.0800E-01  2.0284E+00  6.9982E+02  1.3116E-01  2.8352E+03  3.7109E+02 -1.8320E+02
  6.1600E-01  2.0550E+00  6.9982E+02  1.3128E-01  2.8352E+03  3.7141E+02 -1.8327E+02
  6.2400E-01  2.0817E+00  6.9982E+02  1.3139E-01  2.8352E+03  3.7174E+02 -1.8334E+02
  6.3200E-01  2.1084E+00  6.9982E+02  1.3151E-01  2.8352E+03  3.7206E+02 -1.8341E+02
  6.4000E-01  2.1351E+00  6.9982E+02  1.3162E-01  2.8352E+03  3.7239E+02 -1.8348E+02
  6.4800E-01  2.1618E+00  6.9982E+02  1.3174E-01  2.8352E+03  3.7271E+02 -1.8355E+02
  6.5600E-01  2.1885E+00  6.9982E+02  1.3185E-01  2.8352E+03  3.7304E+02 -1.8362E+02
  6.6400E-01  2.2152E+00  6.9982E+02  1.3197E-01  2.8352E+03  3.7336E+02 -1.8369E+02
  6.7200E-01  2.2418E+00  6.9982E+02  1.3208E-01  2.8352E+03  3.7369E+02 -1.8376E+02
  6.8000E-01  2.2685E+00  6.9982E+02  1.3220E-01  2.8352E+03  3.7402E+02 -1.8383E+02
  6.8800E-01  2.2952E+00  6.9982E+02  1.3232E-01  2.8352E+03  3.7435E+02 -1.8390E+02
  6.9600E-01  2.3219E+00  6.9982E+02  1.3243E-01  2.8352E+03  3.7467E+02 -1.8396E+02
  7.0400E-01  2.3486E+00  6.9982E+02  1.3255E-01  2.8352E+03  3.7500E+02 -1.8403E+02
  7.1200E-01  2.3753E+00  6.9982E+02  1.3266E-01  2.8352E+03  3.7533E+02 -1.8410E+02
  7.2000E-01  2.4020E+00  6.9982E+02  1.3278E-01  2.8352E+03  3.7566E+02 -1.8416E+02
  7.2800E-01  2.4286E+00  6.9982E+02  1.3290E-01  2.8352E+03  3.7599E+02 -1.8423E+02
  7.3600E-01  2.4553E+00  6.9982E+02  1.3301E-01  2.8352E+03  3.7632E+02 -1.8430E+02
  7.4400E-01  2.4820E+00  6.9982E+02  1.3313E-01  2.8352E+03  3.7665E+02 -1.8436E+02
  7.5200E-01  2.5087E+00  6.9982E+02  1.3325E-01  2.8352E+03  3.7698E+02 -1.8443E+02
  7.6000E-01  2.5354E+00  6.9982E+02  1.3337E-01  2.8352E+03  3.7732E+02 -1.8449E+02
  7.6800E-01  2.5621E+00  6.9982E+02  1.3348E-01  2.8352E+03  3.7765E+02 -1.8456E+02
  7.7600E-01  2.5888E+00  6.9982E+02  1.3360E-01  2.8352E+03  3.7798E+02 -1.8462E+02
  7.8400E-01  2.6154E+00  6.9982E+02  1.3372E-01  2.8352E+03  3.7831E+02 -1.8469E+02
  7.9200E-01  2.6421E+00  6.9982E+02  1.3384E-01  2.8352E+03  3.7865E+02 -1.8475E+02
  8.0000E-01  2.6688E+00  6.9982E+02  1.3396E-01  2.8352E+03  3.7898E+02 -1.8481E+02
  8.0800E-01  2.6955E+00  6.9982E+02  1.3407E-01  2.8352E+03  3.7931E+02 -1.8488E+02
  8.1600E-01  2.7222E+00  6.9982E+02  1.3419E-01  2.8352E+03  3.7965E+02 -1.8494E+02
  8.2400E-01  2.7489E+00  6.9982E+02  1.3431E-01  2.8352E+03  3.7998E+02 -1.8500E+02
  8.3200E-01  2.7756E+00  6.9982E+02  1.3443E-01  2.8352E+03  3.8032E+02 -1.8506E+02
  8.4000E-01  2.8022E+00  6.9982E+02  1.3455E-01  2.8352E+03  3.8065E+02 -1.8513E+02
  8.4800E-01  2.8289E+00  6.9982E+02  1.3467E-01  2.8352E+03  3.8099E+02 -1.8519E+02
  8.5600E-01  2.8556E+00  6.9982E+02  1.3479E-01  2.8352E+03  3.8132E+02 -1.8525E+02
  8.6400E-01  2.8823E+00  6.9982E+02  1.3490E-01  2.8352E+03  3.8166E+02 -1.8531E+02
  8.7200E-01  2.9090E+00  6.9982E+02  1.3502E-01  2.8352E+03  3.8200E+02 -1.8537E+02
  8.8000E-01  2.9357E+00  6.9982E+02  1.3514E-01  2.8352E+03  3.8234E+02 -1.8543E+02
  8.8800E-01  2.9624E+00  6.9982E+02  1.3526E-01  2.8352E+03  3.8267E+02 -1.8549E+02
  8.9600E-01  2.9890E+00  6.9982E+02  1.3538E-01  2.8352E+03  3.8301E+02 -1.8555E+02
  9.0400E-01  3.0157E+00  6.9982E+02  1.3550E-01  2.8352E+03  3.8335E+02 -1.8561E+02
  9.1200E-01  3.0424E+00  6.9982E+02  1.3562E-01  2.8352E+03  3.8369E+02 -1.8567E+02
  9.2000E-01  3.0691E+00  6.9982E+02  1.3574E-01  2.8352E+03  3.8403E+02 -1.8573E+02
  9.2800E-01  3.0958E+00  6.9982E+02  1.3586E-01  2.8352E+03  3.8437E+02 -1.8579E+02
  9.3600E-01  3.1225E+00  6.9982E+02  1.3598E-01  2.8352E+03  3.8471E+02 -1.8585E+02
  9.4400E-01  3.1492E+00  6.9982E+02  1.3610E-01  2.8352E+03  3.8505E+02 -1.8591E+02
  9.5200E-01  3.1758E+00  6.9982E+02  1.3623E-01  2.8352E+03  3.8539E+02 -1.8596E+02
  9.6000E-01  3.2025E+00  6.9982E+02  1.3635E-01  2.8352E+03  3.8573E+02 -1.8602E+02
  9.6800E-01  3.2292E+00  6.9982E+02  1.3647E-01  2.8352E+03  3.8607E+02 -1.8608E+02
  9.7600E-01  3.2559E+00  6.9982E+02  1.3659E-01  2.8352E+03  3.8642E+02 -1.8614E+02
  9.8400E-01  3.2826E+00  6.9982E+02  1.3671E-01  2.8352E+03  3.8676E+02 -1.8619E+02
  9.9200E-01  3.3093E+00  6.9982E+02  1.3683E-01  2.8352E+03  3.8710E+02 -1.8625E+02
  1.0000E+00  3.3360E+00  6.9982E+02  1.3695E-01  2.8352E+03  3.8744E+02 -1.8631E+02
  1.0080E+00  3.3626E+00  6.9982E+02  1.3707E-01  2.8352E+03  3.8779E+02 -1.8636E+02
  1.0160E+00  3.3893E+00  6.9982E+02  1.3720E-01  2.8352E+03  3.8813E+02 -1.8642E+02
  1.0240E+00  3.4160E+00  6.9982E+02  1.3732E-01  2.8352E+03  3.8848E+02 -1.8647E+02
  1.0320E+00  3.4427E+00  6.9982E+02  1.3744E-01  2.8352E+03  3.8882E+02 -1.8653E+02
  1.0400E+00  3.4694E+00  6.9982E+02  1.3756E-01  2.8352E+03  3.8917E+02 -1.8658E+02
  1.0480E+00  3.4961E+00  6.9982E+02  1.3768E-01  2.8352E+03  3.8951E+02 -1.8664E+02
  1.0560E+00  3.5228E+00  6.9982E+02  1.3781E-01  2.8352E+03  3.8986E+02 -1.8669E+02
  1.0640E+00  3.5495E+00  6.9982E+02  1.3793E-01  2.8352E+03  3.9020E+02 -1.8675E+02
  1.0720E+00  3.5761E+00  6.9982E+02  1.3805E-01  2.8352E+03  3.9055E+02 -1.8680E+02
  1.0800E+00  3.6028E+00  6.9982E+02  1.3817E-01  2.8352E+03  3.9090E+02 -1.8685E+02
  1.0880E+00  3.6295E+00  6.9982E+02  1.3830E-01  2.8352E+03  3.9124E+02 -1.8691E+02
  1.0960E+00  3.6562E+00  6.9982E+02  1.3842E-01  2.8352E+03  3.9159E+02 -1.8696E+02
  1.1040E+00  3.6829E+00  6.9982E+02  1.3854E-01  2.8352E+03  3.9194E+02 -1.8701E+02
  1.1120E+00  3.7096E+00  6.9982E+02  1.3867E-01  2.8352E+03  3.9229E+02 -1.8706E+02
  1.1200E+00  3.7363E+00  6.9982E+02  1.3879E-01  2.8352E+03  3.9264E+02 -1.8712E+02
  1.1280E+00  3.7629E+00  6.9982E+02  1.3891E-01  2.8352E+03  3.9298E+02 -1.8717E+02
  1.1360E+00  3.7896E+00  6.9982E+02  1.3904E-01  2.8352E+03  3.9333E+02 -1.8722E+02
  1.1440E+00  3.8163E+00  6.9982E+02  1.3916E-01  2.8352E+03  3.9368E+02 -1.8727E+02
  1.1520E+00  3.8430E+00  6.9982E+02  1.3928E-01  2.8352E+03  3.9403E+02 -1.8732E+02
  1.1600E+00  3.8697E+00  6.9982E+02  1.3941E-01  2.8352E+03  3.9438E+02 -1.8737E+02
  1.1680E+00  3.8964E+00  6.9982E+02  1.3953E-01  2.8352E+03  3.9473E+02 -1.8742E+02
  1.1760E+00  3.9231E+00  6.9982E+02  1.3966E-01  2.8352E+03  3.9509E+02 -1.8747E+02
  1.1840E+00  3.9497E+00  6.9982E+02  1.3978E-01  2.8352E+03  3.9544E+02 -1.8752E+02
  1.1920E+00  3.9764E+00  6.9982E+02  1.3991E-01  2.8352E+03  3.9579E+02 -1.8757E+02
  1.2000E+00  4.0031E+00  6.9982E+02  1.4003E-01  2.8352E+03  3.9614E+02 -1.8762E+02
  1.2080E+00  4.0298E+00  6.9982E+02  1.4016E-01  2.8352E+03  3.9649E+02 -1.8767E+02
  1.2160E+00  4.0565E+00  6.9982E+02  1.4028E-01  2.8352E+03  3.9685E+02 -1.8772E+02
  1.2240E+00  4.0832E+00  6.9982E+02  1.4041E-01  2.8352E+03  3.9720E+02 -1.8777E+02
  1.2320E+00  4.1099E+00  6.9982E+02  1.4053E-01  2.8352E+03  3.9755E+02 -1.8782E+02
  1.2400E+00  4.1365E+00  6.9982E+02  1.4066E-01  2.8352E+03  3.9791E+02 -1.8787E+02
  1.2480E+00  4.1632E+00  6.9982E+02  1.4078E-01  2.8352E+03  3.9826E+02 -1.8792E+02
  1.2560E+00  4.1899E+00  6.9982E+02  1.4091E-01  2.8352E+03  3.9862E+02 -1.8796E+02
  1.2640E+00  4.2166E+00  6.9982E+02  1.4103E-01  2.8352E+03  3.9897E+02 -1.8801E+02
  1.2720E+00  4.2433E+00  6.9982E+02  1.4116E-01  2.8352E+03  3.9933E+02 -1.8806E+02
  1.2800E+00  4.2700E+00  6.9982E+02  1.4128E-01  2.8352E+03  3.9968E+02 -1.8811E+02
  1.2880E+00  4.2967E+00  6.9982E+02  1.4141E-01  2.8352E+03  4.0004E+02 -1.8815E+02
  1.2960E+00  4.3233E+00  6.9982E+02  1.4154E-01  2.8352E+03  4.0039E+02 -1.8820E+02
  1.3040E+00  4.3500E+00  6.9982E+02  1.4166E-01  2.8352E+03  4.0075E+02 -1.8825E+02
  1.3120E+00  4.3767E+00  6.9982E+02  1.4179E-01  2.8352E+03  4.0111E+02 -1.8829E+02
  1.3200E+00  4.4034E+00  6.9982E+02  1.4192E-01  2.8352E+03  4.0147E+02 -1.8834E+02
  1.3280E+00  4.4301E+00  6.9982E+02  1.4204E-01  2.8352E+03  4.0182E+02 -1.8838E+02
  1.3360E+00  4.4568E+00  6.9982E+02  1.4217E-01  2.8352E+03  4.0218E+02 -1.8843E+02
  1.3440E+00  4.4835E+00  6.9982E+02  1.4230E-01  2.8352E+03  4.0254E+02 -1.8847E+02
  1.3520E+00  4.5101E+00  6.9982E+02  1.4242E-01  2.8352E+03  4.0290E+02 -1.8852E+02
  1.3600E+00  4.5368E+00  6.9982E+02  1.4255E-01  2.8352E+03  4.0326E+02 -1.8856E+02
  1.3680E+00  4.5635E+00  6.9982E+02  1.4268E-01  2.8352E+03  4.0362E+02 -1.8861E+02
  1.3760E+00  4.5902E+00  6.9982E+02  1.4280E-01  2.8352E+03  4.0398E+02 -1.8865E+02
  1.3840E+00  4.6169E+00  6.9982E+02  1.4293E-01  2.8352E+03  4.0434E+02 -1.8870E+02
  1.3920E+00  4.6436E+00  6.9982E+02  1.4306E-01  2.8352E+03  4.0470E+02 -1.8874E+02
  1.4000E+00  4.6703E+00  6.9982E+02  1.4319E-01  2.8352E+03  4.0506E+02 -1.8878E+02
  1.4080E+00  4.6969E+00  6.9982E+02  1.4331E-01  2.8352E+03  4.0542E+02 -1.8883E+02
  1.4160E+00  4.7236E+00  6.9982E+02  1.4344E-01  2.8352E+03  4.0578E+02 -1.8887E+02
  1.4240E+00  4.7503E+00  6.9982E+02  1.4357E-01  2.8352E+03  4.0614E+02 -1.8891E+02
  1.4320E+00  4.7770E+00  6.9982E+02  1.4370E-01  2.8352E+03  4.0650E+02 -1.8896E+02
  1.4400E+00  4.8037E+00  6.9982E+02  1.4383E-01  2.8352E+03  4.0687E+02 -1.8900E+02
  1.4480E+00  4.8304E+00  6.9982E+02  1.4395E-01  2.8352E+03  4.0723E+02 -1.8904E+02
  1.4560E+00  4.8571E+00  6.9982E+02  1.4408E-01  2.8352E+03  4.0759E+02 -1.8908E+02
  1.4640E+00  4.8837E+00  6.9982E+02  1.4421E-01  2.8352E+03  4.0795E+02 -1.8912E+02
  1.4720E+00  4.9104E+00  6.9982E+02  1.4434E-01  2.8352E+03  4.0832E+02 -1.8917E+02
  1.4800E+00  4.9371E+00  6.9982E+02  1.4447E-01  2.8352E+03  4.0868E+02 -1.8921E+02
  1.4880E+00  4.9638E+00  6.9982E+02  1.4460E-01  2.8352E+03  4.0905E+02 -1.8925E+02
  1.4960E+00  4.9905E+00  6.9982E+02  1.4473E-01  2.8352E+03  4.0941E+02 -1.8929E+02
  1.5040E+00  5.0172E+00  6.9982E+02  1.4486E-01  2.8352E+03  4.0978E+02 -1.8933E+02
  1.5120E+00  5.0439E+00  6.9982E+02  1.4499E-01  2.8352E+03  4.1014E+02 -1.8937E+02
  1.5200E+00  5.0706E+00  6.9982E+02  1.4511E-01  2.8352E+03  4.1051E+02 -1.8941E+02
  1.5280E+00  5.0972E+00  6.9982E+02  1.4524E-01  2.8352E+03  4.1087E+02 -1.8945E+02
  1.5360E+00  5.1239E+00  6.9982E+02  1.4537E-01  2.8352E+03  4.1124E+02 -1.8949E+02
  1.5440E+00  5.1506E+00  6.9982E+02  1.4550E-01  2.8352E+03  4.1160E+02 -1.8953E+02
  1.5520E+00  5.1773E+00  6.9982E+02  1.4563E-01  2.8352E+03  4.1197E+02 -1.8957E+02
  1.5600E+00  5.2040E+00  6.9982E+02  1.4576E-01  2.8352E+03  4.1234E+02 -1.8961E+02
  1.5680E+00  5.2307E+00  6.9982E+02  1.4589E-01  2.8352E+03  4.1270E+02 -1.8965E+02
  1.5760E+00  5.2574E+00  6.9982E+02  1.4602E-01  2.8352E+03  4.1307E+02 -1.8969E+02
  1.5840E+00  5.2840E+00  6.9982E+02  1.4615E-01  2.8352E+03  4.1344E+02 -1.8972E+02
  1.5920E+00  5.3107E+00  6.9982E+02  1.4628E-01  2.8352E+03  4.1381E+02 -1.8976E+02
  1.6000E+00  5.3374E+00  6.9982E+02  1.4641E-01  2.8352E+03  4.1418E+02 -1.8980E+02
  1.6080E+00  5.3641E+00  6.9982E+02  1.4654E-01  2.8352E+03  4.1455E+02 -1.8984E+02
  1.6160E+00  5.3908E+00  6.9982E+02  1.4667E-01  2.8352E+03  4.1492E+02 -1.8988E+02
  1.6240E+00  5.4175E+00  6.9982E+02  1.4681E-01  2.8352E+03  4.1528E+02 -1.8991E+02
  1.6320E+00  5.4442E+00  6.9982E+02  1.4694E-01  2.8352E+03  4.1565E+02 -1.8995E+02
  1.6400E+00  5.4708E+00  6.9982E+02  1.4707E-01  2.8352E+03  4.1602E+02 -1.8999E+02
  1.6480E+00  5.4975E+00  6.9982E+02  1.4720E-01  2.8352E+03  4.1639E+02 -1.9003E+02
  1.6560E+00  5.5242E+00  6.9982E+02  1.4733E-01  2.8352E+03  4.1677E+02 -1.9006E+02
  1.6640E+00  5.5509E+00  6.9982E+02  1.4746E-01  2.8352E+03  4.1714E+02 -1.9010E+02
  1.6720E+00  5.5776E+00  6.9982E+02  1.4759E-01  2.8352E+03  4.1751E+02 -1.9013E+02
  1.6800E+00  5.6043E+00  6.9982E+02  1.4772E-01  2.8352E+03  4.1788E+02 -1.9017E+02
  1.6880E+00  5.6310E+00  6.9982E+02  1.4786E-01  2.8352E+03  4.1825E+02 -1.9021E+02
  1.6960E+00  5.6576E+00  6.9982E+02  1.4799E-01  2.8352E+03  4.1862E+02 -1.9024E+02
  1.7040E+00  5.6843E+00  6.9982E+02  1.4812E-01  2.8352E+03  4.1900E+02 -1.9028E+02
  1.7120E+00  5.7110E+00  6.9982E+02  1.4825E-01  2.8352E+03  4.1937E+02 -1.9031E+02
  1.7200E+00  5.7377E+00  6.9982E+02  1.4838E-01  2.8352E+03  4.1974E+02 -1.9035E+02
  1.7280E+00  5.7644E+00  6.9982E+02  1.4851E-01  2.8352E+03  4.2011E+02 -1.9038E+02
  1.7360E+00  5.7911E+00  6.9982E+02  1.4865E-01  2.8352E+03  4.2049E+02 -1.9042E+02
  1.7440E+00  5.8178E+00  6.9982E+02  1.4878E-01  2.8352E+03  4.2086E+02 -1.9045E+02
  1.7520E+00  5.8444E+00  6.9982E+02  1.4891E-01  2.8352E+03  4.2124E+02 -1.9049E+02
  1.7600E+00  5.8711E+00  6.9982E+02  1.4904E-01  2.8352E+03  4.2161E+02 -1.9052E+02
  1.7680E+00  5.8978E+00  6.9982E+02  1.4918E-01  2.8352E+03  4.2199E+02 -1.9055E+02
  1.7760E+00  5.9245E+00  6.9982E+02  1.4931E-01  2.8352E+03  4.2236E+02 -1.9059E+02
  1.7840E+00  5.9512E+00  6.9982E+02  1.4944E-01  2.8352E+03  4.2274E+02 -1.9062E+02
  1.7920E+00  5.9779E+00  6.9982E+02  1.4958E-01  2.8352E+03  4.2311E+02 -1.9066E+02
  1.8000E+00  6.0046E+00  6.9982E+02  1.4971E-01  2.8352E+03  4.2349E+02 -1.9069E+02
  1.8080E+00  6.0312E+00  6.9982E+02  1.4984E-01  2.8352E+03  4.2386E+02 -1.9072E+02
  1.8160E+00  6.0579E+00  6.9982E+02  1.4997E-01  2.8352E+03  4.2424E+02 -1.9075E+02
  1.8240E+00  6.0846E+00  6.9982E+02  1.5011E-01  2.8352E+03  4.2462E+02 -1.9079E+02
  1.8320E+00  6.1113E+00  6.9982E+02  1.5024E-01  2.8352E+03  4.2499E+02 -1.9082E+02
  1.8400E+00  6.1380E+00  6.9982E+02  1.5037E-01  2.8352E+03  4.2537E+02 -1.9085E+02
  1.8480E+00  6.1647E+00  6.9982E+02  1.5051E-01  2.8352E+03  4.2575E+02 -1.9088E+02
  1.8560E+00  6.1914E+00  6.9982E+02  1.5064E-01  2.8352E+03  4.2613E+02 -1.9092E+02
  1.8640E+00  6.2180E+00  6.9982E+02  1.5078E-01  2.8352E+03  4.2651E+02 -1.9095E+02
  1.8720E+00  6.2447E+00  6.9982E+02  1.5091E-01  2.8352E+03  4.2688E+02 -1.9098E+02
  1.8800E+00  6.2714E+00  6.9982E+02  1.5104E-01  2.8352E+03  4.2726E+02 -1.9101E+02
  1.8880E+00  6.2981E+00  6.9982E+02  1.5118E-01  2.8352E+03  4.2764E+02 -1.9104E+02
  1.8960E+00  6.3248E+00  6.9982E+02  1.5131E-01  2.8352E+03  4.2802E+02 -1.9107E+02
  1.9040E+00  6.3515E+00  6.9982E+02  1.5145E-01  2.8352E+03  4.2840E+02 -1.9110E+02
  1.9120E+00  6.3782E+00  6.9982E+02  1.5158E-01  2.8352E+03  4.2878E+02 -1.9113E+02
  1.9200E+00  6.4048E+00  6.9982E+02  1.5172E-01  2.8352E+03  4.2916E+02 -1.9116E+02
  1.9280E+00  6.4315E+00  6.9982E+02  1.5185E-01  2.8352E+03  4.2954E+02 -1.9119E+02
  1.9360E+00  6.4582E+00  6.9982E+02  1.5198E-01  2.8352E+03  4.2992E+02 -1.9122E+02
  1.9440E+00  6.4849E+00  6.9982E+02  1.5212E-01  2.8352E+03  4.3030E+02 -1.9125E+02
  1.9520E+00  6.5116E+00  6.9982E+02  1.5225E-01  2.8352E+03  4.3068E+02 -1.9128E+02
  1.9600E+00  6.5383E+00  6.9982E+02  1.5239E-01  2.8352E+03  4.3107E+02 -1.9131E+02
  1.9680E+00  6.5650E+00  6.9982E+02  1.5252E-01  2.8352E+03  4.3145E+02 -1.9134E+02
  1.9760E+00  6.5916E+00  6.9982E+02  1.5266E-01  2.8352E+03  4.3183E+02 -1.9137E+02
  1.9840E+00  6.6183E+00  6.9982E+02  1.5279E-01  2.8352E+03  4.3221E+02 -1.9140E+02
  1.9920E+00  6.6450E+00  6.9982E+02  1.5293E-01  2.8352E+03  4.3259E+02 -1.9143E+02
  2.0000E+00  6.6717E+00  6.9982E+02  1.5307E-01  2.8352E+03  4.3298E+02 -1.9146E+02
  2.0080E+00  6.6984E+00  6.9982E+02  1.5320E-01  2.8352E+03  4.3336E+02 -1.9149E+02
  2.0160E+00  6.7251E+00  6.9982E+02  1.5334E-01  2.8352E+03  4.3374E+02 -1.9152E+02
  2.0240E+00  6.7518E+00  6.9982E+02  1.5347E-01  2.8352E+03  4.3413E+02 -1.9154E+02
  2.0320E+00  6.7785E+00  6.9982E+02  1.5361E-01  2.8352E+03  4.3451E+02 -1.9157E+02
  2.0400E+00  6.8051E+00  6.9982E+02  1.5374E-01  2.8352E+03  4.3490E+02 -1.9160E+02
  2.0480E+00  6.8318E+00  6.9982E+02  1.5388E-01  2.8352E+03  4.3528E+02 -1.9163E+02
  2.0560E+00  6.8585E+00  6.9982E+02  1.5402E-01  2.8352E+03  4.3566E+02 -1.9166E+02
  2.0640E+00  6.8852E+00  6.9982E+02  1.5415E-01  2.8352E+03  4.3605E+02 -1.9168E+02
  2.0720E+00  6.9119E+00  6.9982E+02  1.5429E-01  2.8352E+03  4.3643E+02 -1.9171E+02
  2.0800E+00  6.9386E+00  6.9982E+02  1.5443E-01  2.8352E+03  4.3682E+02 -1.9174E+02
  2.0880E+00  6.9653E+00  6.9982E+02  1.5456E-01  2.8352E+03  4.3721E+02 -1.9176E+02
  2.0960E+00  6.9919E+00  6.9982E+02  1.5470E-01  2.8352E+03  4.3759E+02 -1.9179E+02
  2.1040E+00  7.0186E+00  6.9982E+02  1.5483E-01  2.8352E+03  4.3798E+02 -1.9182E+02
  2.1120E+00  7.0453E+00  6.9982E+02  1.5497E-01  2.8352E+03  4.3836E+02 -1.9184E+02
  2.1200E+00  7.0720E+00  6.9982E+02  1.5511E-01  2.8352E+03  4.3875E+02 -1.9187E+02
  2.1280E+00  7.0987E+00  6.9982E+02  1.5525E-01  2.8352E+03  4.3914E+02 -1.9190E+02
  2.1360E+00  7.1254E+00  6.9982E+02  1.5538E-01  2.8352E+03  4.3953E+02 -1.9192E+02
  2.1440E+00  7.1521E+00  6.9982E+02  1.5552E-01  2.8352E+03  4.3991E+02 -1.9195E+02
  2.1520E+00  7.1787E+00  6.9982E+02  1.5566E-01  2.8352E+03  4.4030E+02 -1.9197E+02
  2.1600E+00  7.2054E+00  6.9982E+02  1.5579E-01  2.8352E+03  4.4069E+02 -1.9200E+02
  2.1680E+00  7.2321E+00  6.9982E+02  1.5593E-01  2.8352E+03  4.4108E+02 -1.9202E+02
  2.1760E+00  7.2588E+00  6.9982E+02  1.5607E-01  2.8352E+03  4.4147E+02 -1.9205E+02
  2.1840E+00  7.2855E+00  6.9982E+02  1.5621E-01  2.8352E+03  4.4186E+02 -1.9207E+02
  2.1920E+00  7.3122E+00  6.9982E+02  1.5634E-01  2.8352E+03  4.4224E+02 -1.9210E+02
  2.2000E+00  7.3389E+00  6.9982E+02  1.5648E-01  2.8352E+03  4.4263E+02 -1.9212E+02
  2.2080E+00  7.3655E+00  6.9982E+02  1.5662E-01  2.8352E+03  4.4302E+02 -1.9215E+02
  2.2160E+00  7.3922E+00  6.9982E+02  1.5676E-01  2.8352E+03  4.4341E+02 -1.9217E+02
  2.2240E+00  7.4189E+00  6.9982E+02  1.5690E-01  2.8352E+03  4.4380E+02 -1.9220E+02
  2.2320E+00  7.4456E+00  6.9982E+02  1.5703E-01  2.8352E+03  4.4419E+02 -1.9222E+02
  2.2400E+00  7.4723E+00  6.9982E+02  1.5717E-01  2.8352E+03  4.4458E+02 -1.9225E+02
  2.2480E+00  7.4990E+00  6.9982E+02  1.5731E-01  2.8352E+03  4.4497E+02 -1.9227E+02
  2.2560E+00  7.5257E+00  6.9982E+02  1.5745E-01  2.8352E+03  4.4537E+02 -1.9229E+02
  2.2640E+00  7.5523E+00  6.9982E+02  1.5759E-01  2.8352E+03  4.4576E+02 -1.9232E+02
  2.2720E+00  7.5790E+00  6.9982E+02  1.5773E-01  2.8352E+03  4.4615E+02 -1.9234E+02
  2.2800E+00  7.6057E+00  6.9982E+02  1.5786E-01  2.8352E+03  4.4654E+02 -1.9236E+02
  2.2880E+00  7.6324E+00  6.9982E+02  1.5800E-01  2.8352E+03  4.4693E+02 -1.9239E+02
  2.2960E+00  7.6591E+00  6.9982E+02  1.5814E-01  2.8352E+03  4.4732E+02 -1.9241E+02
  2.3040E+00  7.6858E+00  6.9982E+02  1.5828E-01  2.8352E+03  4.4772E+02 -1.9243E+02
  2.3120E+00  7.7125E+00  6.9982E+02  1.5842E-01  2.8352E+03  4.4811E+02 -1.9246E+02
  2.3200E+00  7.7391E+00  6.9982E+02  1.5856E-01  2.8352E+03  4.4850E+02 -1.9248E+02
  2.3280E+00  7.7658E+00  6.9982E+02  1.5870E-01  2.8352E+03  4.4890E+02 -1.9250E+02
  2.3360E+00  7.7925E+00  6.9982E+02  1.5884E-01  2.8352E+03  4.4929E+02 -1.9252E+02
  2.3440E+00  7.8192E+00  6.9982E+02  1.5898E-01  2.8352E+03  4.4968E+02 -1.9254E+02
  2.3520E+00  7.8459E+00  6.9982E+02  1.5912E-01  2.8352E+03  4.5008E+02 -1.9257E+02
  2.3600E+00  7.8726E+00  6.9982E+02  1.5925E-01  2.8352E+03  4.5047E+02 -1.9259E+02
  2.3680E+00  7.8993E+00  6.9982E+02  1.5939E-01  2.8352E+03  4.5087E+02 -1.9261E+02
  2.3760E+00  7.9259E+00  6.9982E+02  1.5953E-01  2.8352E+03  4.5126E+02 -1.9263E+02
  2.3840E+00  7.9526E+00  6.9982E+02  1.5967E-01  2.8352E+03  4.5166E+02 -1.9265E+02
  2.3920E+00  7.9793E+00  6.9982E+02  1.5981E-01  2.8352E+03  4.5205E+02 -1.9267E+02
  2.4000E+00  8.0060E+00  6.9982E+02  1.5995E-01  2.8352E+03  4.5245E+02 -1.9270E+02
  2.4080E+00  8.0327E+00  6.9982E+02  1.6009E-01  2.8352E+03  4.5284E+02 -1.9272E+02
  2.4160E+00  8.0594E+00  6.9982E+02  1.6023E-01  2.8352E+03  4.5324E+02 -1.9274E+02
  2.4240E+00  8.0861E+00  6.9982E+02  1.6037E-01  2.8352E+03  4.5363E+02 -1.9276E+02
  2.4320E+00  8.1127E+00  6.9982E+02  1.6051E-01  2.8352E+03  4.5403E+02 -1.9278E+02
  2.4400E+00  8.1394E+00  6.9982E+02  1.6065E-01  2.8352E+03  4.5443E+02 -1.9280E+02
  2.4480E+00  8.1661E+00  6.9982E+02  1.6079E-01  2.8352E+03  4.5482E+02 -1.9282E+02
  2.4560E+00  8.1928E+00  6.9982E+02  1.6093E-01  2.8352E+03  4.5522E+02 -1.9284E+02
  2.4640E+00  8.2195E+00  6.9982E+02  1.6107E-01  2.8352E+03  4.5562E+02 -1.9286E+02
  2.4720E+00  8.2462E+00  6.9982E+02  1.6122E-01  2.8352E+03  4.5602E+02 -1.9288E+02
  2.4800E+00  8.2729E+00  6.9982E+02  1.6136E-01  2.8352E+03  4.5641E+02 -1.9290E+02
  2.4880E+00  8.2996E+00  6.9982E+02  1.6150E-01  2.8352E+03  4.5681E+02 -1.9292E+02
  2.4960E+00  8.3262E+00  6.9982E+02  1.6164E-01  2.8352E+03  4.5721E+02 -1.9294E+02
  2.5040E+00  8.3529E+00  6.9982E+02  1.6178E-01  2.8352E+03  4.5761E+02 -1.9296E+02
  2.5120E+00  8.3796E+00  6.9982E+02  1.6192E-01  2.8352E+03  4.5801E+02 -1.9298E+02
  2.5200E+00  8.4063E+00  6.9982E+02  1.6206E-01  2.8352E+03  4.5840E+02 -1.9300E+02
  2.5280E+00  8.4330E+00  6.9982E+02  1.6220E-01  2.8352E+03  4.5880E+02 -1.9302E+02
  2.5360E+00  8.4597E+00  6.9982E+02  1.6234E-01  2.8352E+03  4.5920E+02 -1.9303E+02
  2.5440E+00  8.4864E+00  6.9982E+02  1.6248E-01  2.8352E+03  4.5960E+02 -1.9305E+02
  2.5520E+00  8.5130E+00  6.9982E+02  1.6263E-01  2.8352E+03  4.6000E+02 -1.9307E+02
  2.5600E+00  8.5397E+00  6.9982E+02  1.6277E-01  2.8352E+03  4.6040E+02 -1.9309E+02
  2.5680E+00  8.5664E+00  6.9982E+02  1.6291E-01  2.8352E+03  4.6080E+02 -1.9311E+02
  2.5760E+00  8.5931E+00  6.9982E+02  1.6305E-01  2.8352E+03  4.6120E+02 -1.9313E+02
  2.5840E+00  8.6198E+00  6.9982E+02  1.6319E-01  2.8352E+03  4.6160E+02 -1.9314E+02
  2.5920E+00  8.6465E+00  6.9982E+02  1.6333E-01  2.8352E+03  4.6200E+02 -1.9316E+02
  2.6000E+00  8.6732E+00  6.9982E+02  1.6348E-01  2.8352E+03  4.6241E+02 -1.9318E+02
  2.6080E+00  8.6998E+00  6.9982E+02  1.6362E-01  2.8352E+03  4.6281E+02 -1.9320E+02
  2.6160E+00  8.7265E+00  6.9982E+02  1.6376E-01  2.8352E+03  4.6321E+02 -1.9322E+02
  2.6240E+00  8.7532E+00  6.9982E+02  1.6390E-01  2.8352E+03  4.6361E+02 -1.9323E+02
  2.6320E+00  8.7799E+00  6.9982E+02  1.6404E-01  2.8352E+03  4.6401E+02 -1.9325E+02
  2.6400E+00  8.8066E+00  6.9982E+02  1.6419E-01  2.8352E+03  4.6441E+02 -1.9327E+02
  2.6480E+00  8.8333E+00  6.9982E+02  1.6433E-01  2.8352E+03  4.6482E+02 -1.9329E+02
  2.6560E+00  8.8600E+00  6.9982E+02  1.6447E-01  2.8352E+03  4.6522E+02 -1.9330E+02
  2.6640E+00  8.8866E+00  6.9982E+02  1.6461E-01  2.8352E+03  4.6562E+02 -1.9332E+02
  2.6720E+00  8.9133E+00  6.9982E+02  1.6476E-01  2.8352E+03  4.6602E+02 -1.9334E+02
  2.6800E+00  8.9400E+00  6.9982E+02  1.6490E-01  2.8352E+03  4.6643E+02 -1.9335E+02
  2.6880E+00  8.9667E+00  6.9982E+02  1.6504E-01  2.8352E+03  4.6683E+02 -1.9337E+02
  2.6960E+00  8.9934E+00  6.9982E+02  1.6518E-01  2.8352E+03  4.6723E+02 -1.9339E+02
  2.7040E+00  9.0201E+00  6.9982E+02  1.6533E-01  2.8352E+03  4.6764E+02 -1.9340E+02
  2.7120E+00  9.0468E+00  6.9982E+02  1.6547E-01  2.8352E+03  4.6804E+02 -1.9342E+02
  2.7200E+00  9.0734E+00  6.9982E+02  1.6561E-01  2.8352E+03  4.6845E+02 -1.9343E+02
  2.7280E+00  9.1001E+00  6.9982E+02  1.6576E-01  2.8352E+03  4.6885E+02 -1.9345E+02
  2.7360E+00  9.1268E+00  6.9982E+02  1.6590E-01  2.8352E+03  4.6926E+02 -1.9347E+02
  2.7440E+00  9.1535E+00  6.9982E+02  1.6604E-01  2.8352E+03  4.6966E+02 -1.9348E+02
  2.7520E+00  9.1802E+00  6.9982E+02  1.6619E-01  2.8352E+03  4.7007E+02 -1.9350E+02
  2.7600E+00  9.2069E+00  6.9982E+02  1.6633E-01  2.8352E+03  4.7047E+02 -1.9351E+02
  2.7680E+00  9.2336E+00  6.9982E+02  1.6647E-01  2.8352E+03  4.7088E+02 -1.9353E+02
  2.7760E+00  9.2602E+00  6.9982E+02  1.6662E-01  2.8352E+03  4.7128E+02 -1.9354E+02
  2.7840E+00  9.2869E+00  6.9982E+02  1.6676E-01  2.8352E+03  4.7169E+02 -1.9356E+02
  2.7920E+00  9.3136E+00  6.9982E+02  1.6690E-01  2.8352E+03  4.7209E+02 -1.9357E+02
  2.8000E+00  9.3403E+00  6.9982E+02  1.6705E-01  2.8352E+03  4.7250E+02 -1.9359E+02
  2.8080E+00  9.3670E+00  6.9982E+02  1.6719E-01  2.8352E+03  4.7291E+02 -1.9360E+02
  2.8160E+00  9.3937E+00  6.9982E+02  1.6733E-01  2.8352E+03  4.7331E+02 -1.9362E+02
  2.8240E+00  9.4204E+00  6.9982E+02  1.6748E-01  2.8352E+03  4.7372E+02 -1.9363E+02
  2.8320E+00  9.4470E+00  6.9982E+02  1.6762E-01  2.8352E+03  4.7413E+02 -1.9365E+02
  2.8400E+00  9.4737E+00  6.9982E+02  1.6777E-01  2.8352E+03  4.7454E+02 -1.9366E+02
  2.8480E+00  9.5004E+00  6.9982E+02  1.6791E-01  2.8352E+03  4.7494E+02 -1.9368E+02
  2.8560E+00  9.5271E+00  6.9982E+02  1.6805E-01  2.8352E+03  4.7535E+02 -1.9369E+02
  2.8640E+00  9.5538E+00  6.9982E+02  1.6820E-01  2.8352E+03  4.7576E+02 -1.9371E+02
  2.8720E+00  9.5805E+00  6.9982E+02  1.6834E-01  2.8352E+03  4.7617E+02 -1.9372E+02
  2.8800E+00  9.6072E+00  6.9982E+02  1.6849E-01  2.8352E+03  4.7658E+02 -1.9373E+02
  2.8880E+00  9.6338E+00  6.9982E+02  1.6863E-01  2.8352E+03  4.7698E+02 -1.9375E+02
  2.8960E+00  9.6605E+00  6.9982E+02  1.6878E-01  2.8352E+03  4.7739E+02 -1.9376E+02
  2.9040E+00  9.6872E+00  6.9982E+02  1.6892E-01  2.8352E+03  4.7780E+02 -1.9378E+02
  2.9120E+00  9.7139E+00  6.9982E+02  1.6907E-01  2.8352E+03  4.7821E+02 -1.9379E+02
  2.9200E+00  9.7406E+00  6.9982E+02  1.6921E-01  2.8352E+03  4.7862E+02 -1.9380E+02
  2.9280E+00  9.7673E+00  6.9982E+02  1.6936E-01  2.8352E+03  4.7903E+02 -1.9382E+02
  2.9360E+00  9.7940E+00  6.9982E+02  1.6950E-01  2.8352E+03  4.7944E+02 -1.9383E+02
  2.9440E+00  9.8206E+00  6.9982E+02  1.6965E-01  2.8352E+03  4.7985E+02 -1.9384E+02
  2.9520E+00  9.8473E+00  6.9982E+02  1.6979E-01  2.8352E+03  4.8026E+02 -1.9385E+02
  2.9600E+00  9.8740E+00  6.9982E+02  1.6994E-01  2.8352E+03  4.8067E+02 -1.9387E+02
  2.9680E+00  9.9007E+00  6.9982E+02  1.7008E-01  2.8352E+03  4.8108E+02 -1.9388E+02
  2.9760E+00  9.9274E+00  6.9982E+02  1.7023E-01  2.8352E+03  4.8149E+02 -1.9389E+02
  2.9840E+00  9.9541E+00  6.9982E+02  1.7037E-01  2.8352E+03  4.8190E+02 -1.9391E+02
  2.9920E+00  9.9808E+00  6.9982E+02  1.7052E-01  2.8352E+03  4.8231E+02 -1.9392E+02
  3.0000E+00  1.0007E+01  6.9982E+02  1.7066E-01  2.8352E+03  4.8273E+02 -1.9393E+02
  3.0080E+00  1.0034E+01  6.9982E+02  1.7081E-01  2.8352E+03  4.8314E+02 -1.9394E+02
  3.0160E+00  1.0061E+01  6.9982E+02  1.7095E-01  2.8352E+03  4.8355E+02 -1.9395E+02
  3.0240E+00  1.0088E+01  6.9982E+02  1.7110E-01  2.8352E+03  4.8396E+02 -1.9397E+02
  3.0320E+00  1.0114E+01  6.9982E+02  1.7125E-01  2.8352E+03  4.8437E+02 -1.9398E+02
  3.0400E+00  1.0141E+01  6.9982E+02  1.7139E-01  2.8352E+03  4.8479E+02 -1.9399E+02
  3.0480E+00  1.0168E+01  6.9982E+02  1.7154E-01  2.8352E+03  4.8520E+02 -1.9400E+02
  3.0560E+00  1.0194E+01  6.9982E+02  1.7168E-01  2.8352E+03  4.8561E+02 -1.9401E+02
  3.0640E+00  1.0221E+01  6.9982E+02  1.7183E-01  2.8352E+03  4.8602E+02 -1.9403E+02
  3.0720E+00  1.0248E+01  6.9982E+02  1.7198E-01  2.8352E+03  4.8644E+02 -1.9404E+02
  3.0800E+00  1.0274E+01  6.9982E+02  1.7212E-01  2.8352E+03  4.8685E+02 -1.9405E+02
  3.0880E+00  1.0301E+01  6.9982E+02  1.7227E-01  2.8352E+03  4.8726E+02 -1.9406E+02
  3.0960E+00  1.0328E+01  6.9982E+02  1.7241E-01  2.8352E+03  4.8768E+02 -1.9407E+02
  3.1040E+00  1.0354E+01  6.9982E+02  1.7256E-01  2.8352E+03  4.8809E+02 -1.9408E+02
  3.1120E+00  1.0381E+01  6.9982E+02  1.7271E-01  2.8352E+03  4.8850E+02 -1.9409E+02
  3.1200E+00  1.0408E+01  6.9982E+02  1.7285E-01  2.8352E+03  4.8892E+02 -1.9410E+02
  3.1280E+00  1.0434E+01  6.9982E+02  1.7300E-01  2.8352E+03  4.8933E+02 -1.9412E+02
  3.1360E+00  1.0461E+01  6.9982E+02  1.7315E-01  2.8352E+03  4.8975E+02 -1.9413E+02
  3.1440E+00  1.0488E+01  6.9982E+02  1.7329E-01  2.8352E+03  4.9016E+02 -1.9414E+02
  3.1520E+00  1.0514E+01  6.9982E+02  1.7344E-01  2.8352E+03  4.9058E+02 -1.9415E+02
  3.1600E+00  1.0541E+01  6.9982E+02  1.7359E-01  2.8352E+03  4.9099E+02 -1.9416E+02
  3.1680E+00  1.0568E+01  6.9982E+02  1.7373E-01  2.8352E+03  4.9141E+02 -1.9417E+02
  3.1760E+00  1.0595E+01  6.9982E+02  1.7388E-01  2.8352E+03  4.9182E+02 -1.9418E+02
  3.1840E+00  1.0621E+01  6.9982E+02  1.7403E-01  2.8352E+03  4.9224E+02 -1.9419E+02
  3.1920E+00  1.0648E+01  6.9982E+02  1.7417E-01  2.8352E+03  4.9266E+02 -1.9420E+02
  3.2000E+00  1.0675E+01  6.9982E+02  1.7432E-01  2.8352E+03  4.9307E+02 -1.9421E+02
  3.2080E+00  1.0701E+01  6.9982E+02  1.7447E-01  2.8352E+03  4.9349E+02 -1.9422E+02
  3.2160E+00  1.0728E+01  6.9982E+02  1.7462E-01  2.8352E+03  4.9390E+02 -1.9423E+02
  3.2240E+00  1.0755E+01  6.9982E+02  1.7476E-01  2.8352E+03  4.9432E+02 -1.9424E+02
  3.2320E+00  1.0781E+01  6.9982E+02  1.7491E-01  2.8352E+03  4.9474E+02 -1.9425E+02
  3.2400E+00  1.0808E+01  6.9982E+02  1.7506E-01  2.8352E+03  4.9515E+02 -1.9426E+02
  3.2480E+00  1.0835E+01  6.9982E+02  1.7521E-01  2.8352E+03  4.9557E+02 -1.9427E+02
  3.2560E+00  1.0861E+01  6.9982E+02  1.7535E-01  2.8352E+03  4.9599E+02 -1.9428E+02
  3.2640E+00  1.0888E+01  6.9982E+02  1.7550E-01  2.8352E+03  4.9641E+02 -1.9429E+02
  3.2720E+00  1.0915E+01  6.9982E+02  1.7565E-01  2.8352E+03  4.9682E+02 -1.9430E+02
  3.2800E+00  1.0941E+01  6.9982E+02  1.7580E-01  2.8352E+03  4.9724E+02 -1.9431E+02
  3.2880E+00  1.0968E+01  6.9982E+02  1.7594E-01  2.8352E+03  4.9766E+02 -1.9431E+02
  3.2960E+00  1.0995E+01  6.9982E+02  1.7609E-01  2.8352E+03  4.9808E+02 -1.9432E+02
  3.3040E+00  1.1022E+01  6.9982E+02  1.7624E-01  2.8352E+03  4.9850E+02 -1.9433E+02
  3.3120E+00  1.1048E+01  6.9982E+02  1.7639E-01  2.8352E+03  4.9891E+02 -1.9434E+02
  3.3200E+00  1.1075E+01  6.9982E+02  1.7654E-01  2.8352E+03  4.9933E+02 -1.9435E+02
  3.3280E+00  1.1102E+01  6.9982E+02  1.7668E-01  2.8352E+03  4.9975E+02 -1.9436E+02
  3.3360E+00  1.1128E+01  6.9982E+02  1.7683E-01  2.8352E+03  5.0017E+02 -1.9437E+02
  3.3440E+00  1.1155E+01  6.9982E+02  1.7698E-01  2.8352E+03  5.0059E+02 -1.9438E+02
  3.3520E+00  1.1182E+01  6.9982E+02  1.7713E-01  2.8352E+03  5.0101E+02 -1.9438E+02
  3.3600E+00  1.1208E+01  6.9982E+02  1.7728E-01  2.8352E+03  5.0143E+02 -1.9439E+02
  3.3680E+00  1.1235E+01  6.9982E+02  1.7743E-01  2.8352E+03  5.0185E+02 -1.9440E+02
  3.3760E+00  1.1262E+01  6.9982E+02  1.7757E-01  2.8352E+03  5.0227E+02 -1.9441E+02
  3.3840E+00  1.1288E+01  6.9982E+02  1.7772E-01  2.8352E+03  5.0269E+02 -1.9442E+02
  3.3920E+00  1.1315E+01  6.9982E+02  1.7787E-01  2.8352E+03  5.0311E+02 -1.9443E+02
  3.4000E+00  1.1342E+01  6.9982E+02  1.7802E-01  2.8352E+03  5.0353E+02 -1.9443E+02
  3.4080E+00  1.1368E+01  6.9982E+02  1.7817E-01  2.8352E+03  5.0395E+02 -1.9444E+02
  3.4160E+00  1.1395E+01  6.9982E+02  1.7832E-01  2.8352E+03  5.0437E+02 -1.9445E+02
  3.4240E+00  1.1422E+01  6.9982E+02  1.7847E-01  2.8352E+03  5.0479E+02 -1.9446E+02
  3.4320E+00  1.1448E+01  6.9982E+02  1.7862E-01  2.8352E+03  5.0521E+02 -1.9447E+02
  3.4400E+00  1.1475E+01  6.9982E+02  1.7876E-01  2.8352E+03  5.0563E+02 -1.9447E+02
  3.4480E+00  1.1502E+01  6.9982E+02  1.7891E-01  2.8352E+03  5.0606E+02 -1.9448E+02
  3.4560E+00  1.1529E+01  6.9982E+02  1.7906E-01  2.8352E+03  5.0648E+02 -1.9449E+02
  3.4640E+00  1.1555E+01  6.9982E+02  1.7921E-01  2.8352E+03  5.0690E+02 -1.9449E+02
  3.4720E+00  1.1582E+01  6.9982E+02  1.7936E-01  2.8352E+03  5.0732E+02 -1.9450E+02
  3.4800E+00  1.1609E+01  6.9982E+02  1.7951E-01  2.8352E+03  5.0774E+02 -1.9451E+02
  3.4880E+00  1.1635E+01  6.9982E+02  1.7966E-01  2.8352E+03  5.0817E+02 -1.9452E+02
  3.4960E+00  1.1662E+01  6.9982E+02  1.7981E-01  2.8352E+03  5.0859E+02 -1.9452E+02
  3.5040E+00  1.1689E+01  6.9982E+02  1.7996E-01  2.8352E+03  5.0901E+02 -1.9453E+02
  3.5120E+00  1.1715E+01  6.9982E+02  1.8011E-01  2.8352E+03  5.0943E+02 -1.9454E+02
  3.5200E+00  1.1742E+01  6.9982E+02  1.8026E-01  2.8352E+03  5.0986E+02 -1.9454E+02
  3.5280E+00  1.1769E+01  6.9982E+02  1.8041E-01  2.8352E+03  5.1028E+02 -1.9455E+02
  3.5360E+00  1.1795E+01  6.9982E+02  1.8056E-01  2.8352E+03  5.1070E+02 -1.9456E+02
  3.5440E+00  1.1822E+01  6.9982E+02  1.8071E-01  2.8352E+03  5.1113E+02 -1.9456E+02
  3.5520E+00  1.1849E+01  6.9982E+02  1.8086E-01  2.8352E+03  5.1155E+02 -1.9457E+02
  3.5600E+00  1.1875E+01  6.9982E+02  1.8101E-01  2.8352E+03  5.1197E+02 -1.9458E+02
  3.5680E+00  1.1902E+01  6.9982E+02  1.8116E-01  2.8352E+03  5.1240E+02 -1.9458E+02
  3.5760E+00  1.1929E+01  6.9982E+02  1.8131E-01  2.8352E+03  5.1282E+02 -1.9459E+02
  3.5840E+00  1.1956E+01  6.9982E+02  1.8146E-01  2.8352E+03  5.1325E+02 -1.9460E+02
  3.5920E+00  1.1982E+01  6.9982E+02  1.8161E-01  2.8352E+03  5.1367E+02 -1.9460E+02
  3.6000E+00  1.2009E+01  6.9982E+02  1.8176E-01  2.8352E+03  5.1409E+02 -1.9461E+02
  3.6080E+00  1.2036E+01  6.9982E+02  1.8191E-01  2.8352E+03  5.1452E+02 -1.9461E+02
  3.6160E+00  1.2062E+01  6.9982E+02  1.8206E-01  2.8352E+03  5.1494E+02 -1.9462E+02
  3.6240E+00  1.2089E+01  6.9982E+02  1.8221E-01  2.8352E+03  5.1537E+02 -1.9463E+02
  3.6320E+00  1.2116E+01  6.9982E+02  1.8236E-01  2.8352E+03  5.1579E+02 -1.9463E+02
  3.6400E+00  1.2142E+01  6.9982E+02  1.8251E-01  2.8352E+03  5.1622E+02 -1.9464E+02
  3.6480E+00  1.2169E+01  6.9982E+02  1.8266E-01  2.8352E+03  5.1664E+02 -1.9464E+02
  3.6560E+00  1.2196E+01  6.9982E+02  1.8281E-01  2.8352E+03  5.1707E+02 -1.9465E+02
  3.6640E+00  1.2222E+01  6.9982E+02  1.8296E-01  2.8352E+03  5.1750E+02 -1.9466E+02
  3.6720E+00  1.2249E+01  6.9982E+02  1.8311E-01  2.8352E+03  5.1792E+02 -1.9466E+02
  3.6800E+00  1.2276E+01  6.9982E+02  1.8326E-01  2.8352E+03  5.1835E+02 -1.9467E+02
  3.6880E+00  1.2302E+01  6.9982E+02  1.8341E-01  2.8352E+03  5.1877E+02 -1.9467E+02
  3.6960E+00  1.2329E+01  6.9982E+02  1.8356E-01  2.8352E+03  5.1920E+02 -1.9468E+02
  3.7040E+00  1.2356E+01  6.9982E+02  1.8371E-01  2.8352E+03  5.1963E+02 -1.9468E+02
  3.7120E+00  1.2383E+01  6.9982E+02  1.8386E-01  2.8352E+03  5.2005E+02 -1.9469E+02
  3.7200E+00  1.2409E+01  6.9982E+02  1.8401E-01  2.8352E+03  5.2048E+02 -1.9469E+02
  3.7280E+00  1.2436E+01  6.9982E+02  1.8417E-01  2.8352E+03  5.2091E+02 -1.9470E+02
  3.7360E+00  1.2463E+01  6.9982E+02  1.8432E-01  2.8352E+03  5.2134E+02 -1.9470E+02
  3.7440E+00  1.2489E+01  6.9982E+02  1.8447E-01  2.8352E+03  5.2176E+02 -1.9471E+02
  3.7520E+00  1.2516E+01  6.9982E+02  1.8462E-01  2.8352E+03  5.2219E+02 -1.9471E+02
  3.7600E+00  1.2543E+01  6.9982E+02  1.8477E-01  2.8352E+03  5.2262E+02 -1.9472E+02
  3.7680E+00  1.2569E+01  6.9982E+02  1.8492E-01  2.8352E+03  5.2305E+02 -1.9472E+02
  3.7760E+00  1.2596E+01  6.9982E+02  1.8507E-01  2.8352E+03  5.2347E+02 -1.9473E+02
  3.7840E+00  1.2623E+01  6.9982E+02  1.8522E-01  2.8352E+03  5.2390E+02 -1.9473E+02
  3.7920E+00  1.2649E+01  6.9982E+02  1.8538E-01  2.8352E+03  5.2433E+02 -1.9474E+02
  3.8000E+00  1.2676E+01  6.9982E+02  1.8553E-01  2.8352E+03  5.2476E+02 -1.9474E+02
  3.8080E+00  1.2703E+01  6.9982E+02  1.8568E-01  2.8352E+03  5.2519E+02 -1.9474E+02
  3.8160E+00  1.2729E+01  6.9982E+02  1.8583E-01  2.8352E+03  5.2562E+02 -1.9475E+02
  3.8240E+00  1.2756E+01  6.9982E+02  1.8598E-01  2.8352E+03  5.2604E+02 -1.9475E+02
  3.8320E+00  1.2783E+01  6.9982E+02  1.8613E-01  2.8352E+03  5.2647E+02 -1.9476E+02
  3.8400E+00  1.2809E+01  6.9982E+02  1.8628E-01  2.8352E+03  5.2690E+02 -1.9476E+02
  3.8480E+00  1.2836E+01  6.9982E+02  1.8644E-01  2.8352E+03  5.2733E+02 -1.9477E+02
  3.8560E+00  1.2863E+01  6.9982E+02  1.8659E-01  2.8352E+03  5.2776E+02 -1.9477E+02
  3.8640E+00  1.2890E+01  6.9982E+02  1.8674E-01  2.8352E+03  5.2819E+02 -1.9477E+02
  3.8720E+00  1.2916E+01  6.9982E+02  1.8689E-01  2.8352E+03  5.2862E+02 -1.9478E+02
  3.8800E+00  1.2943E+01  6.9982E+02  1.8704E-01  2.8352E+03  5.2905E+02 -1.9478E+02
  3.8880E+00  1.2970E+01  6.9982E+02  1.8720E-01  2.8352E+03  5.2948E+02 -1.9479E+02
  3.8960E+00  1.2996E+01  6.9982E+02  1.8735E-01  2.8352E+03  5.2991E+02 -1.9479E+02
  3.9040E+00  1.3023E+01  6.9982E+02  1.8750E-01  2.8352E+03  5.3034E+02 -1.9479E+02
  3.9120E+00  1.3050E+01  6.9982E+02  1.8765E-01  2.8352E+03  5.3077E+02 -1.9480E+02
  3.9200E+00  1.3076E+01  6.9982E+02  1.8781E-01  2.8352E+03  5.3120E+02 -1.9480E+02
  3.9280E+00  1.3103E+01  6.9982E+02  1.8796E-01  2.8352E+03  5.3163E+02 -1.9480E+02
  3.9360E+00  1.3130E+01  6.9982E+02  1.8811E-01  2.8352E+03  5.3206E+02 -1.9481E+02
  3.9440E+00  1.3156E+01  6.9982E+02  1.8826E-01  2.8352E+03  5.3249E+02 -1.9481E+02
  3.9520E+00  1.3183E+01  6.9982E+02  1.8841E-01  2.8352E+03  5.3293E+02 -1.9481E+02
  3.9600E+00  1.3210E+01  6.9982E+02  1.8857E-01  2.8352E+03  5.3336E+02 -1.9482E+02
  3.9680E+00  1.3236E+01  6.9982E+02  1.8872E-01  2.8352E+03  5.3379E+02 -1.9482E+02
  3.9760E+00  1.3263E+01  6.9982E+02  1.8887E-01  2.8352E+03  5.3422E+02 -1.9482E+02
  3.9840E+00  1.3290E+01  6.9982E+02  1.8903E-01  2.8352E+03  5.3465E+02 -1.9483E+02
  4.0000E+00  1.3343E+01  6.9982E+02  1.8933E-01  2.8352E+03  5.3552E+02 -1.9483E+02
