  5.0337E-08  0.0000E+00 -4.3175E-06  7.5000E-01  1.5124E-03  1.0000E+00 -8.6935E-10
  8.0000E-03  2.6685E-02 -4.3152E-06  7.5000E-01  1.5124E-03  1.0000E+00  2.3528E-08
  1.6000E-02  5.3370E-02 -4.3129E-06  7.5000E-01  1.5124E-03  1.0000E+00  4.7925E-08
  2.4000E-02  8.0055E-02 -4.3107E-06  7.5000E-01  1.5124E-03  1.0000E+00  7.2323E-08
  3.2000E-02  1.0674E-01 -4.3084E-06  7.5000E-01  1.5124E-03  1.0000E+00  9.6720E-08
  4.0000E-02  1.3343E-01 -4.3061E-06  7.5000E-01  1.5124E-03  1.0000E+00  1.2112E-07
  4.8000E-02  1.6011E-01 -4.3038E-06  7.5000E-01  1.5124E-03  1.0000E+00  1.4552E-07
  5.6000E-02  1.8680E-01 -4.3016E-06  7.5000E-01  1.5124E-03  1.0000E+00  1.6991E-07
  6.4000E-02  2.1348E-01 -4.2993E-06  7.5000E-01  1.5124E-03  1.0000E+00  1.9431E-07
  7.2000E-02  2.4017E-01 -4.2970E-06  7.5000E-01  1.5124E-03  1.0000E+00  2.1871E-07
  8.0000E-02  2.6685E-01 -4.2947E-06  7.5000E-01  1.5124E-03  1.0000E+00  2.4311E-07
  8.8000E-02  2.9354E-01 -4.2926E-06  7.5000E-01  1.5120E-03  9.9975E-01 -3.0181E-06
  9.6000E-02  3.2022E-01 -4.2204E-06  7.4996E-01  2.2752E-02  6.8495E+00 -2.0257E-02
  1.0400E-01  3.4691E-01 -1.1166E-07  7.4857E-01  4.6950E-01  5.9782E+01 -4.6067E-01
  1.1200E-01  3.7359E-01  1.0385E-05  7.4148E-01  1.3249E+00  6.6332E+01 -1.3210E+00
  1.2000E-01  4.0028E-01  2.1192E-05  7.2743E-01  2.1920E+00  6.6335E+01 -2.1896E+00
  1.2800E-01  4.2696E-01  3.1798E-05  7.0651E-01  3.0376E+00  6.5666E+01 -3.0358E+00
  1.3600E-01  4.5365E-01  4.1321E-05  6.7918E-01  3.7308E+00  3.8673E+01 -3.7302E+00
  1.4400E-01  4.8033E-01  4.3695E-05  6.4858E-01  3.8562E+00  1.2491E+01 -3.8561E+00
  1.5200E-01  5.0702E-01  4.3843E-05  6.1772E-01  3.8577E+00  1.1935E+01 -3.8577E+00
  1.6000E-01  5.3370E-01  4.3956E-05  5.8686E-01  3.8577E+00  1.1935E+01 -3.8577E+00
  1.6800E-01  5.6039E-01  4.4069E-05  5.5600E-01  3.8577E+00  1.1935E+01 -3.8577E+00
  1.7600E-01  5.8708E-01  4.4183E-05  5.2514E-01  3.8577E+00  1.1935E+01 -3.8577E+00
  1.8400E-01  6.1376E-01  4.4296E-05  4.9427E-01  3.8577E+00  1.1935E+01 -3.8576E+00
  1.9200E-01  6.4045E-01  4.4409E-05  4.6341E-01  3.8577E+00  1.1935E+01 -3.8576E+00
  2.0000E-01  6.6713E-01  4.4518E-05  4.3255E-01  3.8569E+00  1.1848E+01 -3.8568E+00
  2.0800E-01  6.9382E-01  4.4587E-05  4.0171E-01  3.8520E+00  1.1497E+01 -3.8519E+00
  2.1600E-01  7.2050E-01  4.4471E-05  3.7097E-01  3.8283E+00  1.0134E+01 -3.8282E+00
  2.2400E-01  7.4719E-01  4.3752E-05  3.4061E-01  3.7520E+00  7.5807E+00 -3.7519E+00
  2.3200E-01  7.7387E-01  4.2286E-05  3.1109E-01  3.6217E+00  6.1443E+00 -3.6216E+00
  2.4000E-01  8.0056E-01  4.0594E-05  2.8269E-01  3.4795E+00  5.8320E+00 -3.4794E+00
  2.4800E-01  8.2725E-01  3.8981E-05  2.5540E-01  3.3459E+00  5.7818E+00 -3.3458E+00
  2.5600E-01  8.5393E-01  3.7509E-05  2.2912E-01  3.2247E+00  5.7759E+00 -3.2246E+00
  2.6400E-01  8.8062E-01  3.6186E-05  2.0377E-01  3.1164E+00  5.7759E+00 -3.1163E+00
  2.7200E-01  9.0730E-01  3.5008E-05  1.7923E-01  3.0206E+00  5.7759E+00 -3.0204E+00
  2.8000E-01  9.3399E-01  3.3969E-05  1.5541E-01  2.9369E+00  5.7759E+00 -2.9366E+00
  2.8800E-01  9.6067E-01  3.3067E-05  1.3221E-01  2.8650E+00  5.7759E+00 -2.8646E+00
  2.9600E-01  9.8736E-01  3.2297E-05  1.0955E-01  2.8046E+00  5.7759E+00 -2.8039E+00
  3.0400E-01  1.0140E+00  3.1656E-05  8.7321E-02  2.7553E+00  5.7759E+00 -2.7543E+00
  3.1200E-01  1.0407E+00  3.1142E-05  6.5449E-02  2.7171E+00  5.7759E+00 -2.7153E+00
  3.2000E-01  1.0674E+00  3.0753E-05  4.3850E-02  2.6899E+00  5.7772E+00 -2.6858E+00
  3.2800E-01  1.0941E+00  3.0491E-05  2.2468E-02  2.6737E+00  5.7790E+00 -2.6578E+00
  3.3600E-01  1.1208E+00  3.0355E-05  2.6419E-03  2.6685E+00  5.7801E+00 -9.8093E-01
  3.4400E-01  1.1475E+00  3.0319E-05  2.0531E-02  2.6708E+00  5.7828E+00  2.6516E+00
  3.5200E-01  1.1742E+00  3.0296E-05  4.1834E-02  2.6736E+00  5.7944E+00  2.6690E+00
  3.6000E-01  1.2008E+00  3.0250E-05  6.3204E-02  2.6746E+00  5.8030E+00  2.6726E+00
  3.6800E-01  1.2275E+00  3.0194E-05  8.4590E-02  2.6749E+00  5.8065E+00  2.6737E+00
  3.7600E-01  1.2542E+00  3.0133E-05  1.0598E-01  2.6749E+00  5.8072E+00  2.6742E+00
  3.8400E-01  1.2809E+00  3.0071E-05  1.2738E-01  2.6748E+00  5.8095E+00  2.6743E+00
  3.9200E-01  1.3076E+00  3.0006E-05  1.4877E-01  2.6743E+00  5.8158E+00  2.6740E+00
  4.0000E-01  1.3343E+00  2.9931E-05  1.7016E-01  2.6729E+00  5.8390E+00  2.6726E+00
  4.0800E-01  1.3610E+00  2.9826E-05  1.9152E-01  2.6685E+00  5.9159E+00  2.6683E+00
  4.1600E-01  1.3876E+00  2.9638E-05  2.1283E-01  2.6563E+00  6.1221E+00  2.6561E+00
  4.2400E-01  1.4143E+00  2.9272E-05  2.3398E-01  2.6282E+00  6.5000E+00  2.6280E+00
  4.3200E-01  1.4410E+00  2.8650E-05  2.5482E-01  2.5788E+00  6.9139E+00  2.5786E+00
  4.4000E-01  1.4677E+00  2.7790E-05  2.7519E-01  2.5104E+00  7.1944E+00  2.5102E+00
  4.4800E-01  1.4944E+00  2.6765E-05  2.9495E-01  2.4289E+00  7.3340E+00  2.4287E+00
  4.5600E-01  1.5211E+00  2.5631E-05  3.1402E-01  2.3384E+00  7.3936E+00  2.3382E+00
  4.6400E-01  1.5478E+00  2.4418E-05  3.3234E-01  2.2410E+00  7.4175E+00  2.2409E+00
  4.7200E-01  1.5744E+00  2.3137E-05  3.4986E-01  2.1376E+00  7.4316E+00  2.1375E+00
  4.8000E-01  1.6011E+00  2.1798E-05  3.6653E-01  2.0290E+00  7.4183E+00  2.0289E+00
  4.8800E-01  1.6278E+00  2.0412E-05  3.8231E-01  1.9161E+00  7.3913E+00  1.9160E+00
  4.9600E-01  1.6545E+00  1.8991E-05  3.9717E-01  1.7998E+00  7.3087E+00  1.7997E+00
  5.0400E-01  1.6812E+00  1.7563E-05  4.1110E-01  1.6831E+00  7.0685E+00  1.6830E+00
  5.1200E-01  1.7079E+00  1.6201E-05  4.2412E-01  1.5725E+00  6.4536E+00  1.5724E+00
  5.2000E-01  1.7346E+00  1.5049E-05  4.3631E-01  1.4804E+00  5.2544E+00  1.4803E+00
  5.2800E-01  1.7612E+00  1.4268E-05  4.4789E-01  1.4188E+00  3.7674E+00  1.4188E+00
  5.3600E-01  1.7879E+00  1.3878E-05  4.5909E-01  1.3871E+00  2.6764E+00  1.3871E+00
  5.4400E-01  1.8146E+00  1.3740E-05  4.7013E-01  1.3738E+00  2.1444E+00  1.3738E+00
  5.5200E-01  1.8413E+00  1.3720E-05  4.8110E-01  1.3688E+00  1.9339E+00  1.3687E+00
  5.6000E-01  1.8680E+00  1.3746E-05  4.9204E-01  1.3669E+00  1.8563E+00  1.3669E+00
  5.6800E-01  1.8947E+00  1.3788E-05  5.0297E-01  1.3663E+00  1.8196E+00  1.3663E+00
  5.7600E-01  1.9213E+00  1.3840E-05  5.1390E-01  1.3663E+00  1.8132E+00  1.3663E+00
  5.8400E-01  1.9480E+00  1.3892E-05  5.2483E-01  1.3663E+00  1.8132E+00  1.3663E+00
  5.9200E-01  1.9747E+00  1.3944E-05  5.3576E-01  1.3663E+00  1.8132E+00  1.3663E+00
  6.0000E-01  2.0014E+00  1.3996E-05  5.4669E-01  1.3663E+00  1.8132E+00  1.3663E+00
  6.0800E-01  2.0281E+00  1.4048E-05  5.5762E-01  1.3663E+00  1.8132E+00  1.3663E+00
  6.1600E-01  2.0548E+00  1.4100E-05  5.6855E-01  1.3663E+00  1.8132E+00  1.3663E+00
  6.2400E-01  2.0815E+00  1.4151E-05  5.7948E-01  1.3663E+00  1.8132E+00  1.3663E+00
  6.3200E-01  2.1081E+00  1.4203E-05  5.9041E-01  1.3663E+00  1.8132E+00  1.3663E+00
  6.4000E-01  2.1348E+00  1.4255E-05  6.0134E-01  1.3663E+00  1.8132E+00  1.3663E+00
  6.4800E-01  2.1615E+00  1.4307E-05  6.1227E-01  1.3663E+00  1.8132E+00  1.3663E+00
  6.5600E-01  2.1882E+00  1.4359E-05  6.2320E-01  1.3663E+00  1.8132E+00  1.3663E+00
  6.6400E-01  2.2149E+00  1.4411E-05  6.3413E-01  1.3663E+00  1.8132E+00  1.3663E+00
  6.7200E-01  2.2416E+00  1.4463E-05  6.4506E-01  1.3663E+00  1.8132E+00  1.3663E+00
  6.8000E-01  2.2683E+00  1.4515E-05  6.5599E-01  1.3663E+00  1.8132E+00  1.3663E+00
  6.8800E-01  2.2949E+00  1.4567E-05  6.6692E-01  1.3663E+00  1.8132E+00  1.3663E+00
  6.9600E-01  2.3216E+00  1.4619E-05  6.7785E-01  1.3663E+00  1.8132E+00  1.3663E+00
  7.0400E-01  2.3483E+00  1.4671E-05  6.8878E-01  1.3663E+00  1.8132E+00  1.3663E+00
  7.1200E-01  2.3750E+00  1.4722E-05  6.9971E-01  1.3663E+00  1.8132E+00  1.3663E+00
  7.2000E-01  2.4017E+00  1.4774E-05  7.1064E-01  1.3663E+00  1.8132E+00  1.3663E+00
  7.2800E-01  2.4284E+00  1.4826E-05  7.2157E-01  1.3663E+00  1.8132E+00  1.3663E+00
  7.3600E-01  2.4551E+00  1.4878E-05  7.3251E-01  1.3663E+00  1.8132E+00  1.3663E+00
  7.4400E-01  2.4817E+00  1.4930E-05  7.4344E-01  1.3663E+00  1.8132E+00  1.3663E+00
  7.5200E-01  2.5084E+00  1.4982E-05  7.5437E-01  1.3663E+00  1.8132E+00  1.3663E+00
  7.6000E-01  2.5351E+00  1.5034E-05  7.6530E-01  1.3663E+00  1.8132E+00  1.3663E+00
  7.6800E-01  2.5618E+00  1.5086E-05  7.7623E-01  1.3663E+00  1.8132E+00  1.3663E+00
  7.7600E-01  2.5885E+00  1.5138E-05  7.8716E-01  1.3663E+00  1.8132E+00  1.3663E+00
  7.8400E-01  2.6152E+00  1.5190E-05  7.9809E-01  1.3663E+00  1.8132E+00  1.3663E+00
  7.9200E-01  2.6419E+00  1.5242E-05  8.0902E-01  1.3663E+00  1.8132E+00  1.3663E+00
  8.0000E-01  2.6685E+00  1.5293E-05  8.1995E-01  1.3663E+00  1.8132E+00  1.3663E+00
  8.0800E-01  2.6952E+00  1.5345E-05  8.3088E-01  1.3663E+00  1.8132E+00  1.3663E+00
  8.1600E-01  2.7219E+00  1.5397E-05  8.4181E-01  1.3663E+00  1.8132E+00  1.3663E+00
  8.2400E-01  2.7486E+00  1.5449E-05  8.5274E-01  1.3663E+00  1.8132E+00  1.3663E+00
  8.3200E-01  2.7753E+00  1.5501E-05  8.6367E-01  1.3663E+00  1.8132E+00  1.3663E+00
  8.4000E-01  2.8020E+00  1.5553E-05  8.7460E-01  1.3663E+00  1.8132E+00  1.3663E+00
  8.4800E-01  2.8286E+00  1.5605E-05  8.8553E-01  1.3663E+00  1.8132E+00  1.3663E+00
  8.5600E-01  2.8553E+00  1.5657E-05  8.9646E-01  1.3663E+00  1.8132E+00  1.3663E+00
  8.6400E-01  2.8820E+00  1.5709E-05  9.0739E-01  1.3663E+00  1.8132E+00  1.3663E+00
  8.7200E-01  2.9087E+00  1.5761E-05  9.1832E-01  1.3663E+00  1.8132E+00  1.3663E+00
  8.8000E-01  2.9354E+00  1.5812E-05  9.2925E-01  1.3663E+00  1.8132E+00  1.3663E+00
  8.8800E-01  2.9621E+00  1.5864E-05  9.4018E-01  1.3663E+00  1.8132E+00  1.3663E+00
  8.9600E-01  2.9888E+00  1.5916E-05  9.5111E-01  1.3663E+00  1.8132E+00  1.3663E+00
  9.0400E-01  3.0154E+00  1.5968E-05  9.6204E-01  1.3663E+00  1.8132E+00  1.3663E+00
  9.1200E-01  3.0421E+00  1.6020E-05  9.7297E-01  1.3663E+00  1.8132E+00  1.3663E+00
  9.2000E-01  3.0688E+00  1.6072E-05  9.8390E-01  1.3663E+00  1.8132E+00  1.3663E+00
  9.2800E-01  3.0955E+00  1.6124E-05  9.9483E-01  1.3663E+00  1.8132E+00  1.3663E+00
  9.3600E-01  3.1222E+00  1.6176E-05  1.0058E+00  1.3663E+00  1.8132E+00  1.3663E+00
  9.4400E-01  3.1489E+00  1.6228E-05  1.0167E+00  1.3663E+00  1.8132E+00  1.3663E+00
  9.5200E-01  3.1756E+00  1.6280E-05  1.0276E+00  1.3663E+00  1.8132E+00  1.3663E+00
  9.6000E-01  3.2022E+00  1.6332E-05  1.0386E+00  1.3663E+00  1.8132E+00  1.3663E+00
  9.6800E-01  3.2289E+00  1.6383E-05  1.0495E+00  1.3663E+00  1.8132E+00  1.3663E+00
  9.7600E-01  3.2556E+00  1.6435E-05  1.0604E+00  1.3663E+00  1.8132E+00  1.3663E+00
  9.8400E-01  3.2823E+00  1.6487E-05  1.0713E+00  1.3663E+00  1.8132E+00  1.3663E+00
  9.9200E-01  3.3090E+00  1.6539E-05  1.0823E+00  1.3663E+00  1.8132E+00  1.3663E+00
  1.0000E+00  3.3357E+00  1.6591E-05  1.0932E+00  1.3663E+00  1.8132E+00  1.3663E+00
  1.0080E+00  3.3624E+00  1.6643E-05  1.1041E+00  1.3663E+00  1.8132E+00  1.3663E+00
  1.0160E+00  3.3890E+00  1.6695E-05  1.1151E+00  1.3663E+00  1.8132E+00  1.3663E+00
  1.0240E+00  3.4157E+00  1.6747E-05  1.1260E+00  1.3663E+00  1.8132E+00  1.3663E+00
  1.0320E+00  3.4424E+00  1.6799E-05  1.1369E+00  1.3663E+00  1.8132E+00  1.3663E+00
  1.0400E+00  3.4691E+00  1.6851E-05  1.1479E+00  1.3663E+00  1.8132E+00  1.3663E+00
  1.0480E+00  3.4958E+00  1.6903E-05  1.1588E+00  1.3663E+00  1.8132E+00  1.3663E+00
  1.0560E+00  3.5225E+00  1.6954E-05  1.1697E+00  1.3663E+00  1.8132E+00  1.3663E+00
  1.0640E+00  3.5492E+00  1.7006E-05  1.1806E+00  1.3663E+00  1.8132E+00  1.3663E+00
  1.0720E+00  3.5758E+00  1.7058E-05  1.1916E+00  1.3663E+00  1.8132E+00  1.3663E+00
  1.0800E+00  3.6025E+00  1.7110E-05  1.2025E+00  1.3663E+00  1.8132E+00  1.3663E+00
  1.0880E+00  3.6292E+00  1.7162E-05  1.2134E+00  1.3663E+00  1.8132E+00  1.3663E+00
  1.0960E+00  3.6559E+00  1.7214E-05  1.2244E+00  1.3663E+00  1.8132E+00  1.3663E+00
  1.1040E+00  3.6826E+00  1.7266E-05  1.2353E+00  1.3663E+00  1.8132E+00  1.3663E+00
  1.1120E+00  3.7093E+00  1.7318E-05  1.2462E+00  1.3663E+00  1.8132E+00  1.3663E+00
  1.1200E+00  3.7359E+00  1.7370E-05  1.2572E+00  1.3663E+00  1.8132E+00  1.3663E+00
  1.1280E+00  3.7626E+00  1.7422E-05  1.2681E+00  1.3663E+00  1.8132E+00  1.3663E+00
  1.1360E+00  3.7893E+00  1.7474E-05  1.2790E+00  1.3663E+00  1.8132E+00  1.3663E+00
  1.1440E+00  3.8160E+00  1.7525E-05  1.2900E+00  1.3663E+00  1.8132E+00  1.3663E+00
  1.1520E+00  3.8427E+00  1.7577E-05  1.3009E+00  1.3663E+00  1.8132E+00  1.3663E+00
  1.1600E+00  3.8694E+00  1.7629E-05  1.3118E+00  1.3663E+00  1.8132E+00  1.3663E+00
  1.1680E+00  3.8961E+00  1.7681E-05  1.3227E+00  1.3663E+00  1.8132E+00  1.3663E+00
  1.1760E+00  3.9227E+00  1.7733E-05  1.3337E+00  1.3663E+00  1.8132E+00  1.3663E+00
  1.1840E+00  3.9494E+00  1.7785E-05  1.3446E+00  1.3663E+00  1.8132E+00  1.3663E+00
  1.1920E+00  3.9761E+00  1.7837E-05  1.3555E+00  1.3663E+00  1.8132E+00  1.3663E+00
  1.2000E+00  4.0028E+00  1.7889E-05  1.3665E+00  1.3663E+00  1.8132E+00  1.3663E+00
  1.2080E+00  4.0295E+00  1.7941E-05  1.3774E+00  1.3663E+00  1.8132E+00  1.3663E+00
  1.2160E+00  4.0562E+00  1.7993E-05  1.3883E+00  1.3663E+00  1.8132E+00  1.3663E+00
  1.2240E+00  4.0829E+00  1.8045E-05  1.3993E+00  1.3663E+00  1.8132E+00  1.3663E+00
  1.2320E+00  4.1095E+00  1.8096E-05  1.4102E+00  1.3663E+00  1.8132E+00  1.3663E+00
  1.2400E+00  4.1362E+00  1.8148E-05  1.4211E+00  1.3663E+00  1.8132E+00  1.3663E+00
  1.2480E+00  4.1629E+00  1.8200E-05  1.4320E+00  1.3663E+00  1.8132E+00  1.3663E+00
  1.2560E+00  4.1896E+00  1.8252E-05  1.4430E+00  1.3663E+00  1.8132E+00  1.3663E+00
  1.2640E+00  4.2163E+00  1.8304E-05  1.4539E+00  1.3663E+00  1.8132E+00  1.3663E+00
  1.2720E+00  4.2430E+00  1.8356E-05  1.4648E+00  1.3663E+00  1.8132E+00  1.3663E+00
  1.2800E+00  4.2697E+00  1.8408E-05  1.4758E+00  1.3663E+00  1.8132E+00  1.3663E+00
  1.2880E+00  4.2963E+00  1.8460E-05  1.4867E+00  1.3663E+00  1.8132E+00  1.3663E+00
  1.2960E+00  4.3230E+00  1.8512E-05  1.4976E+00  1.3663E+00  1.8132E+00  1.3663E+00
  1.3040E+00  4.3497E+00  1.8564E-05  1.5086E+00  1.3663E+00  1.8132E+00  1.3663E+00
  1.3120E+00  4.3764E+00  1.8615E-05  1.5195E+00  1.3663E+00  1.8132E+00  1.3663E+00
  1.3200E+00  4.4031E+00  1.8667E-05  1.5304E+00  1.3663E+00  1.8132E+00  1.3663E+00
  1.3280E+00  4.4298E+00  1.8719E-05  1.5413E+00  1.3663E+00  1.8132E+00  1.3663E+00
  1.3360E+00  4.4565E+00  1.8771E-05  1.5523E+00  1.3663E+00  1.8132E+00  1.3663E+00
  1.3440E+00  4.4831E+00  1.8823E-05  1.5632E+00  1.3663E+00  1.8132E+00  1.3663E+00
  1.3520E+00  4.5098E+00  1.8875E-05  1.5741E+00  1.3663E+00  1.8132E+00  1.3663E+00
  1.3600E+00  4.5365E+00  1.8927E-05  1.5851E+00  1.3663E+00  1.8132E+00  1.3663E+00
  1.3680E+00  4.5632E+00  1.8979E-05  1.5960E+00  1.3663E+00  1.8132E+00  1.3663E+00
  1.3760E+00  4.5899E+00  1.9031E-05  1.6069E+00  1.3663E+00  1.8132E+00  1.3663E+00
  1.3840E+00  4.6166E+00  1.9083E-05  1.6179E+00  1.3663E+00  1.8132E+00  1.3663E+00
  1.3920E+00  4.6433E+00  1.9135E-05  1.6288E+00  1.3663E+00  1.8132E+00  1.3663E+00
  1.4000E+00  4.6699E+00  1.9186E-05  1.6397E+00  1.3663E+00  1.8132E+00  1.3663E+00
  1.4080E+00  4.6966E+00  1.9238E-05  1.6507E+00  1.3663E+00  1.8132E+00  1.3663E+00
  1.4160E+00  4.7233E+00  1.9290E-05  1.6616E+00  1.3663E+00  1.8132E+00  1.3663E+00
  1.4240E+00  4.7500E+00  1.9342E-05  1.6725E+00  1.3663E+00  1.8132E+00  1.3663E+00
  1.4320E+00  4.7767E+00  1.9394E-05  1.6834E+00  1.3663E+00  1.8132E+00  1.3663E+00
  1.4400E+00  4.8034E+00  1.9446E-05  1.6944E+00  1.3663E+00  1.8132E+00  1.3663E+00
  1.4480E+00  4.8300E+00  1.9498E-05  1.7053E+00  1.3663E+00  1.8132E+00  1.3663E+00
  1.4560E+00  4.8567E+00  1.9550E-05  1.7162E+00  1.3663E+00  1.8132E+00  1.3663E+00
  1.4640E+00  4.8834E+00  1.9602E-05  1.7272E+00  1.3663E+00  1.8132E+00  1.3663E+00
  1.4720E+00  4.9101E+00  1.9654E-05  1.7381E+00  1.3663E+00  1.8132E+00  1.3663E+00
  1.4800E+00  4.9368E+00  1.9706E-05  1.7490E+00  1.3663E+00  1.8132E+00  1.3663E+00
  1.4880E+00  4.9635E+00  1.9757E-05  1.7600E+00  1.3663E+00  1.8132E+00  1.3663E+00
  1.4960E+00  4.9902E+00  1.9809E-05  1.7709E+00  1.3663E+00  1.8132E+00  1.3663E+00
  1.5040E+00  5.0168E+00  1.9861E-05  1.7818E+00  1.3663E+00  1.8132E+00  1.3663E+00
  1.5120E+00  5.0435E+00  1.9913E-05  1.7927E+00  1.3663E+00  1.8132E+00  1.3663E+00
  1.5200E+00  5.0702E+00  1.9965E-05  1.8037E+00  1.3663E+00  1.8132E+00  1.3663E+00
  1.5280E+00  5.0969E+00  2.0017E-05  1.8146E+00  1.3663E+00  1.8132E+00  1.3663E+00
  1.5360E+00  5.1236E+00  2.0069E-05  1.8255E+00  1.3663E+00  1.8132E+00  1.3663E+00
  1.5440E+00  5.1503E+00  2.0121E-05  1.8365E+00  1.3663E+00  1.8132E+00  1.3663E+00
  1.5520E+00  5.1770E+00  2.0173E-05  1.8474E+00  1.3663E+00  1.8132E+00  1.3663E+00
  1.5600E+00  5.2036E+00  2.0225E-05  1.8583E+00  1.3663E+00  1.8132E+00  1.3663E+00
  1.5680E+00  5.2303E+00  2.0277E-05  1.8693E+00  1.3663E+00  1.8132E+00  1.3663E+00
  1.5760E+00  5.2570E+00  2.0328E-05  1.8802E+00  1.3663E+00  1.8132E+00  1.3663E+00
  1.5840E+00  5.2837E+00  2.0380E-05  1.8911E+00  1.3663E+00  1.8132E+00  1.3663E+00
  1.5920E+00  5.3104E+00  2.0432E-05  1.9021E+00  1.3663E+00  1.8132E+00  1.3663E+00
  1.6000E+00  5.3371E+00  2.0484E-05  1.9130E+00  1.3663E+00  1.8132E+00  1.3663E+00
  1.6080E+00  5.3638E+00  2.0536E-05  1.9239E+00  1.3663E+00  1.8132E+00  1.3663E+00
  1.6160E+00  5.3904E+00  2.0588E-05  1.9348E+00  1.3663E+00  1.8132E+00  1.3663E+00
  1.6240E+00  5.4171E+00  2.0640E-05  1.9458E+00  1.3663E+00  1.8132E+00  1.3663E+00
  1.6320E+00  5.4438E+00  2.0692E-05  1.9567E+00  1.3663E+00  1.8132E+00  1.3663E+00
  1.6400E+00  5.4705E+00  2.0744E-05  1.9676E+00  1.3663E+00  1.8132E+00  1.3663E+00
  1.6480E+00  5.4972E+00  2.0796E-05  1.9786E+00  1.3663E+00  1.8132E+00  1.3663E+00
  1.6560E+00  5.5239E+00  2.0848E-05  1.9895E+00  1.3663E+00  1.8132E+00  1.3663E+00
  1.6640E+00  5.5506E+00  2.0899E-05  2.0004E+00  1.3663E+00  1.8132E+00  1.3663E+00
  1.6720E+00  5.5772E+00  2.0951E-05  2.0114E+00  1.3663E+00  1.8132E+00  1.3663E+00
  1.6800E+00  5.6039E+00  2.1003E-05  2.0223E+00  1.3663E+00  1.8132E+00  1.3663E+00
  1.6880E+00  5.6306E+00  2.1055E-05  2.0332E+00  1.3663E+00  1.8132E+00  1.3663E+00
  1.6960E+00  5.6573E+00  2.1107E-05  2.0441E+00  1.3663E+00  1.8132E+00  1.3663E+00
  1.7040E+00  5.6840E+00  2.1159E-05  2.0551E+00  1.3663E+00  1.8132E+00  1.3663E+00
  1.7120E+00  5.7107E+00  2.1211E-05  2.0660E+00  1.3663E+00  1.8132E+00  1.3663E+00
  1.7200E+00  5.7373E+00  2.1263E-05  2.0769E+00  1.3663E+00  1.8132E+00  1.3663E+00
  1.7280E+00  5.7640E+00  2.1315E-05  2.0879E+00  1.3663E+00  1.8132E+00  1.3663E+00
  1.7360E+00  5.7907E+00  2.1367E-05  2.0988E+00  1.3663E+00  1.8132E+00  1.3663E+00
  1.7440E+00  5.8174E+00  2.1418E-05  2.1097E+00  1.3663E+00  1.8132E+00  1.3663E+00
  1.7520E+00  5.8441E+00  2.1470E-05  2.1207E+00  1.3663E+00  1.8132E+00  1.3663E+00
  1.7600E+00  5.8708E+00  2.1522E-05  2.1316E+00  1.3663E+00  1.8132E+00  1.3663E+00
  1.7680E+00  5.8975E+00  2.1574E-05  2.1425E+00  1.3663E+00  1.8132E+00  1.3663E+00
  1.7760E+00  5.9241E+00  2.1626E-05  2.1534E+00  1.3663E+00  1.8132E+00  1.3663E+00
  1.7840E+00  5.9508E+00  2.1678E-05  2.1644E+00  1.3663E+00  1.8132E+00  1.3663E+00
  1.7920E+00  5.9775E+00  2.1730E-05  2.1753E+00  1.3663E+00  1.8132E+00  1.3663E+00
  1.8000E+00  6.0042E+00  2.1782E-05  2.1862E+00  1.3663E+00  1.8132E+00  1.3663E+00
  1.8080E+00  6.0309E+00  2.1834E-05  2.1972E+00  1.3663E+00  1.8132E+00  1.3663E+00
  1.8160E+00  6.0576E+00  2.1886E-05  2.2081E+00  1.3663E+00  1.8132E+00  1.3663E+00
  1.8240E+00  6.0843E+00  2.1938E-05  2.2190E+00  1.3663E+00  1.8132E+00  1.3663E+00
  1.8320E+00  6.1109E+00  2.1989E-05  2.2300E+00  1.3663E+00  1.8132E+00  1.3663E+00
  1.8400E+00  6.1376E+00  2.2041E-05  2.2409E+00  1.3663E+00  1.8132E+00  1.3663E+00
  1.8480E+00  6.1643E+00  2.2093E-05  2.2518E+00  1.3663E+00  1.8132E+00  1.3663E+00
  1.8560E+00  6.1910E+00  2.2145E-05  2.2628E+00  1.3663E+00  1.8132E+00  1.3663E+00
  1.8640E+00  6.2177E+00  2.2197E-05  2.2737E+00  1.3663E+00  1.8132E+00  1.3663E+00
  1.8720E+00  6.2444E+00  2.2249E-05  2.2846E+00  1.3663E+00  1.8132E+00  1.3663E+00
  1.8800E+00  6.2711E+00  2.2301E-05  2.2955E+00  1.3663E+00  1.8132E+00  1.3663E+00
  1.8880E+00  6.2977E+00  2.2353E-05  2.3065E+00  1.3663E+00  1.8132E+00  1.3663E+00
  1.8960E+00  6.3244E+00  2.2405E-05  2.3174E+00  1.3663E+00  1.8132E+00  1.3663E+00
  1.9040E+00  6.3511E+00  2.2457E-05  2.3283E+00  1.3663E+00  1.8132E+00  1.3663E+00
  1.9120E+00  6.3778E+00  2.2509E-05  2.3393E+00  1.3663E+00  1.8132E+00  1.3663E+00
  1.9200E+00  6.4045E+00  2.2560E-05  2.3502E+00  1.3663E+00  1.8132E+00  1.3663E+00
  1.9280E+00  6.4312E+00  2.2612E-05  2.3611E+00  1.3663E+00  1.8132E+00  1.3663E+00
  1.9360E+00  6.4579E+00  2.2664E-05  2.3721E+00  1.3663E+00  1.8132E+00  1.3663E+00
  1.9440E+00  6.4845E+00  2.2716E-05  2.3830E+00  1.3663E+00  1.8132E+00  1.3663E+00
  1.9520E+00  6.5112E+00  2.2768E-05  2.3939E+00  1.3663E+00  1.8132E+00  1.3663E+00
  1.9600E+00  6.5379E+00  2.2820E-05  2.4048E+00  1.3663E+00  1.8132E+00  1.3663E+00
  1.9680E+00  6.5646E+00  2.2872E-05  2.4158E+00  1.3663E+00  1.8132E+00  1.3663E+00
  1.9760E+00  6.5913E+00  2.2924E-05  2.4267E+00  1.3663E+00  1.8132E+00  1.3663E+00
  1.9840E+00  6.6180E+00  2.2976E-05  2.4376E+00  1.3663E+00  1.8132E+00  1.3663E+00
  1.9920E+00  6.6446E+00  2.3028E-05  2.4486E+00  1.3663E+00  1.8132E+00  1.3663E+00
  2.0000E+00  6.6713E+00  2.3080E-05  2.4595E+00  1.3663E+00  1.8132E+00  1.3663E+00
  2.0080E+00  6.6980E+00  2.3131E-05  2.4704E+00  1.3663E+00  1.8132E+00  1.3663E+00
  2.0160E+00  6.7247E+00  2.3183E-05  2.4814E+00  1.3663E+00  1.8132E+00  1.3663E+00
  2.0240E+00  6.7514E+00  2.3235E-05  2.4923E+00  1.3663E+00  1.8132E+00  1.3663E+00
  2.0320E+00  6.7781E+00  2.3287E-05  2.5032E+00  1.3663E+00  1.8132E+00  1.3663E+00
  2.0400E+00  6.8048E+00  2.3339E-05  2.5141E+00  1.3663E+00  1.8132E+00  1.3663E+00
  2.0480E+00  6.8314E+00  2.3391E-05  2.5251E+00  1.3663E+00  1.8132E+00  1.3663E+00
  2.0560E+00  6.8581E+00  2.3443E-05  2.5360E+00  1.3663E+00  1.8132E+00  1.3663E+00
  2.0640E+00  6.8848E+00  2.3495E-05  2.5469E+00  1.3663E+00  1.8132E+00  1.3663E+00
  2.0720E+00  6.9115E+00  2.3547E-05  2.5579E+00  1.3663E+00  1.8132E+00  1.3663E+00
  2.0800E+00  6.9382E+00  2.3599E-05  2.5688E+00  1.3663E+00  1.8132E+00  1.3663E+00
  2.0880E+00  6.9649E+00  2.3650E-05  2.5797E+00  1.3663E+00  1.8132E+00  1.3663E+00
  2.0960E+00  6.9916E+00  2.3702E-05  2.5907E+00  1.3663E+00  1.8132E+00  1.3663E+00
  2.1040E+00  7.0182E+00  2.3754E-05  2.6016E+00  1.3663E+00  1.8132E+00  1.3663E+00
  2.1120E+00  7.0449E+00  2.3806E-05  2.6125E+00  1.3663E+00  1.8132E+00  1.3663E+00
  2.1200E+00  7.0716E+00  2.3858E-05  2.6235E+00  1.3663E+00  1.8132E+00  1.3663E+00
  2.1280E+00  7.0983E+00  2.3910E-05  2.6344E+00  1.3663E+00  1.8132E+00  1.3663E+00
  2.1360E+00  7.1250E+00  2.3962E-05  2.6453E+00  1.3663E+00  1.8132E+00  1.3663E+00
  2.1440E+00  7.1517E+00  2.4014E-05  2.6562E+00  1.3663E+00  1.8132E+00  1.3663E+00
  2.1520E+00  7.1784E+00  2.4066E-05  2.6672E+00  1.3663E+00  1.8132E+00  1.3663E+00
  2.1600E+00  7.2050E+00  2.4118E-05  2.6781E+00  1.3663E+00  1.8132E+00  1.3663E+00
  2.1680E+00  7.2317E+00  2.4170E-05  2.6890E+00  1.3663E+00  1.8132E+00  1.3663E+00
  2.1760E+00  7.2584E+00  2.4221E-05  2.7000E+00  1.3663E+00  1.8132E+00  1.3663E+00
  2.1840E+00  7.2851E+00  2.4273E-05  2.7109E+00  1.3663E+00  1.8132E+00  1.3663E+00
  2.1920E+00  7.3118E+00  2.4325E-05  2.7218E+00  1.3663E+00  1.8132E+00  1.3663E+00
  2.2000E+00  7.3385E+00  2.4377E-05  2.7328E+00  1.3663E+00  1.8132E+00  1.3663E+00
  2.2080E+00  7.3652E+00  2.4429E-05  2.7437E+00  1.3663E+00  1.8132E+00  1.3663E+00
  2.2160E+00  7.3918E+00  2.4481E-05  2.7546E+00  1.3663E+00  1.8132E+00  1.3663E+00
  2.2240E+00  7.4185E+00  2.4533E-05  2.7655E+00  1.3663E+00  1.8132E+00  1.3663E+00
  2.2320E+00  7.4452E+00  2.4585E-05  2.7765E+00  1.3663E+00  1.8132E+00  1.3663E+00
  2.2400E+00  7.4719E+00  2.4637E-05  2.7874E+00  1.3663E+00  1.8132E+00  1.3663E+00
  2.2480E+00  7.4986E+00  2.4689E-05  2.7983E+00  1.3663E+00  1.8132E+00  1.3663E+00
  2.2560E+00  7.5253E+00  2.4741E-05  2.8093E+00  1.3663E+00  1.8132E+00  1.3663E+00
  2.2640E+00  7.5519E+00  2.4792E-05  2.8202E+00  1.3663E+00  1.8132E+00  1.3663E+00
  2.2720E+00  7.5786E+00  2.4844E-05  2.8311E+00  1.3663E+00  1.8132E+00  1.3663E+00
  2.2800E+00  7.6053E+00  2.4896E-05  2.8421E+00  1.3663E+00  1.8132E+00  1.3663E+00
  2.2880E+00  7.6320E+00  2.4948E-05  2.8530E+00  1.3663E+00  1.8132E+00  1.3663E+00
  2.2960E+00  7.6587E+00  2.5000E-05  2.8639E+00  1.3663E+00  1.8132E+00  1.3663E+00
  2.3040E+00  7.6854E+00  2.5052E-05  2.8749E+00  1.3663E+00  1.8132E+00  1.3663E+00
  2.3120E+00  7.7121E+00  2.5104E-05  2.8858E+00  1.3663E+00  1.8132E+00  1.3663E+00
  2.3200E+00  7.7387E+00  2.5156E-05  2.8967E+00  1.3663E+00  1.8132E+00  1.3663E+00
  2.3280E+00  7.7654E+00  2.5208E-05  2.9076E+00  1.3663E+00  1.8132E+00  1.3663E+00
  2.3360E+00  7.7921E+00  2.5260E-05  2.9186E+00  1.3663E+00  1.8132E+00  1.3663E+00
  2.3440E+00  7.8188E+00  2.5312E-05  2.9295E+00  1.3663E+00  1.8132E+00  1.3663E+00
  2.3520E+00  7.8455E+00  2.5363E-05  2.9404E+00  1.3663E+00  1.8132E+00  1.3663E+00
  2.3600E+00  7.8722E+00  2.5415E-05  2.9514E+00  1.3663E+00  1.8132E+00  1.3663E+00
  2.3680E+00  7.8989E+00  2.5467E-05  2.9623E+00  1.3663E+00  1.8132E+00  1.3663E+00
  2.3760E+00  7.9255E+00  2.5519E-05  2.9732E+00  1.3663E+00  1.8132E+00  1.3663E+00
  2.3840E+00  7.9522E+00  2.5571E-05  2.9842E+00  1.3663E+00  1.8132E+00  1.3663E+00
  2.3920E+00  7.9789E+00  2.5623E-05  2.9951E+00  1.3663E+00  1.8132E+00  1.3663E+00
  2.4000E+00  8.0056E+00  2.5675E-05  3.0060E+00  1.3663E+00  1.8132E+00  1.3663E+00
  2.4080E+00  8.0323E+00  2.5727E-05  3.0169E+00  1.3663E+00  1.8132E+00  1.3663E+00
  2.4160E+00  8.0590E+00  2.5779E-05  3.0279E+00  1.3663E+00  1.8132E+00  1.3663E+00
  2.4240E+00  8.0857E+00  2.5831E-05  3.0388E+00  1.3663E+00  1.8132E+00  1.3663E+00
  2.4320E+00  8.1123E+00  2.5883E-05  3.0497E+00  1.3663E+00  1.8132E+00  1.3663E+00
  2.4400E+00  8.1390E+00  2.5934E-05  3.0607E+00  1.3663E+00  1.8132E+00  1.3663E+00
  2.4480E+00  8.1657E+00  2.5986E-05  3.0716E+00  1.3663E+00  1.8132E+00  1.3663E+00
  2.4560E+00  8.1924E+00  2.6038E-05  3.0825E+00  1.3663E+00  1.8132E+00  1.3663E+00
  2.4640E+00  8.2191E+00  2.6090E-05  3.0935E+00  1.3663E+00  1.8132E+00  1.3663E+00
  2.4720E+00  8.2458E+00  2.6142E-05  3.1044E+00  1.3663E+00  1.8132E+00  1.3663E+00
  2.4800E+00  8.2725E+00  2.6194E-05  3.1153E+00  1.3663E+00  1.8132E+00  1.3663E+00
  2.4880E+00  8.2991E+00  2.6246E-05  3.1262E+00  1.3663E+00  1.8132E+00  1.3663E+00
  2.4960E+00  8.3258E+00  2.6298E-05  3.1372E+00  1.3663E+00  1.8132E+00  1.3663E+00
  2.5040E+00  8.3525E+00  2.6350E-05  3.1481E+00  1.3663E+00  1.8132E+00  1.3663E+00
  2.5120E+00  8.3792E+00  2.6402E-05  3.1590E+00  1.3663E+00  1.8132E+00  1.3663E+00
  2.5200E+00  8.4059E+00  2.6453E-05  3.1700E+00  1.3663E+00  1.8132E+00  1.3663E+00
  2.5280E+00  8.4326E+00  2.6505E-05  3.1809E+00  1.3663E+00  1.8132E+00  1.3663E+00
  2.5360E+00  8.4593E+00  2.6557E-05  3.1918E+00  1.3663E+00  1.8132E+00  1.3663E+00
  2.5440E+00  8.4859E+00  2.6609E-05  3.2028E+00  1.3663E+00  1.8132E+00  1.3663E+00
  2.5520E+00  8.5126E+00  2.6661E-05  3.2137E+00  1.3663E+00  1.8132E+00  1.3663E+00
  2.5600E+00  8.5393E+00  2.6713E-05  3.2246E+00  1.3663E+00  1.8132E+00  1.3663E+00
  2.5680E+00  8.5660E+00  2.6765E-05  3.2356E+00  1.3663E+00  1.8132E+00  1.3663E+00
  2.5760E+00  8.5927E+00  2.6817E-05  3.2465E+00  1.3663E+00  1.8132E+00  1.3663E+00
  2.5840E+00  8.6194E+00  2.6869E-05  3.2574E+00  1.3663E+00  1.8132E+00  1.3663E+00
  2.5920E+00  8.6460E+00  2.6921E-05  3.2683E+00  1.3663E+00  1.8132E+00  1.3663E+00
  2.6000E+00  8.6727E+00  2.6973E-05  3.2793E+00  1.3663E+00  1.8132E+00  1.3663E+00
  2.6080E+00  8.6994E+00  2.7024E-05  3.2902E+00  1.3663E+00  1.8132E+00  1.3663E+00
  2.6160E+00  8.7261E+00  2.7076E-05  3.3011E+00  1.3663E+00  1.8132E+00  1.3663E+00
  2.6240E+00  8.7528E+00  2.7128E-05  3.3121E+00  1.3663E+00  1.8132E+00  1.3663E+00
  2.6320E+00  8.7795E+00  2.7180E-05  3.3230E+00  1.3663E+00  1.8132E+00  1.3663E+00
  2.6400E+00  8.8062E+00  2.7232E-05  3.3339E+00  1.3663E+00  1.8132E+00  1.3663E+00
  2.6480E+00  8.8328E+00  2.7284E-05  3.3449E+00  1.3663E+00  1.8132E+00  1.3663E+00
  2.6560E+00  8.8595E+00  2.7336E-05  3.3558E+00  1.3663E+00  1.8132E+00  1.3663E+00
  2.6640E+00  8.8862E+00  2.7388E-05  3.3667E+00  1.3663E+00  1.8132E+00  1.3663E+00
  2.6720E+00  8.9129E+00  2.7440E-05  3.3776E+00  1.3663E+00  1.8132E+00  1.3663E+00
  2.6800E+00  8.9396E+00  2.7492E-05  3.3886E+00  1.3663E+00  1.8132E+00  1.3663E+00
  2.6880E+00  8.9663E+00  2.7544E-05  3.3995E+00  1.3663E+00  1.8132E+00  1.3663E+00
  2.6960E+00  8.9930E+00  2.7595E-05  3.4104E+00  1.3663E+00  1.8132E+00  1.3663E+00
  2.7040E+00  9.0196E+00  2.7647E-05  3.4214E+00  1.3663E+00  1.8132E+00  1.3663E+00
  2.7120E+00  9.0463E+00  2.7699E-05  3.4323E+00  1.3663E+00  1.8132E+00  1.3663E+00
  2.7200E+00  9.0730E+00  2.7751E-05  3.4432E+00  1.3663E+00  1.8132E+00  1.3663E+00
  2.7280E+00  9.0997E+00  2.7803E-05  3.4542E+00  1.3663E+00  1.8132E+00  1.3663E+00
  2.7360E+00  9.1264E+00  2.7855E-05  3.4651E+00  1.3663E+00  1.8132E+00  1.3663E+00
  2.7440E+00  9.1531E+00  2.7907E-05  3.4760E+00  1.3663E+00  1.8132E+00  1.3663E+00
  2.7520E+00  9.1798E+00  2.7959E-05  3.4869E+00  1.3663E+00  1.8132E+00  1.3663E+00
  2.7600E+00  9.2064E+00  2.8011E-05  3.4979E+00  1.3663E+00  1.8132E+00  1.3663E+00
  2.7680E+00  9.2331E+00  2.8063E-05  3.5088E+00  1.3663E+00  1.8132E+00  1.3663E+00
  2.7760E+00  9.2598E+00  2.8115E-05  3.5197E+00  1.3663E+00  1.8132E+00  1.3663E+00
  2.7840E+00  9.2865E+00  2.8166E-05  3.5307E+00  1.3663E+00  1.8132E+00  1.3663E+00
  2.7920E+00  9.3132E+00  2.8218E-05  3.5416E+00  1.3663E+00  1.8132E+00  1.3663E+00
  2.8000E+00  9.3399E+00  2.8270E-05  3.5525E+00  1.3663E+00  1.8132E+00  1.3663E+00
  2.8080E+00  9.3666E+00  2.8322E-05  3.5635E+00  1.3663E+00  1.8132E+00  1.3663E+00
  2.8160E+00  9.3932E+00  2.8374E-05  3.5744E+00  1.3663E+00  1.8132E+00  1.3663E+00
  2.8240E+00  9.4199E+00  2.8426E-05  3.5853E+00  1.3663E+00  1.8132E+00  1.3663E+00
  2.8320E+00  9.4466E+00  2.8478E-05  3.5963E+00  1.3663E+00  1.8132E+00  1.3663E+00
  2.8400E+00  9.4733E+00  2.8530E-05  3.6072E+00  1.3663E+00  1.8132E+00  1.3663E+00
  2.8480E+00  9.5000E+00  2.8582E-05  3.6181E+00  1.3663E+00  1.8132E+00  1.3663E+00
  2.8560E+00  9.5267E+00  2.8634E-05  3.6290E+00  1.3663E+00  1.8132E+00  1.3663E+00
  2.8640E+00  9.5533E+00  2.8686E-05  3.6400E+00  1.3663E+00  1.8132E+00  1.3663E+00
  2.8720E+00  9.5800E+00  2.8737E-05  3.6509E+00  1.3663E+00  1.8132E+00  1.3663E+00
  2.8800E+00  9.6067E+00  2.8789E-05  3.6618E+00  1.3663E+00  1.8132E+00  1.3663E+00
  2.8880E+00  9.6334E+00  2.8841E-05  3.6728E+00  1.3663E+00  1.8132E+00  1.3663E+00
  2.8960E+00  9.6601E+00  2.8893E-05  3.6837E+00  1.3663E+00  1.8132E+00  1.3663E+00
  2.9040E+00  9.6868E+00  2.8945E-05  3.6946E+00  1.3663E+00  1.8132E+00  1.3663E+00
  2.9120E+00  9.7135E+00  2.8997E-05  3.7056E+00  1.3663E+00  1.8132E+00  1.3663E+00
  2.9200E+00  9.7401E+00  2.9049E-05  3.7165E+00  1.3663E+00  1.8132E+00  1.3663E+00
  2.9280E+00  9.7668E+00  2.9101E-05  3.7274E+00  1.3663E+00  1.8132E+00  1.3663E+00
  2.9360E+00  9.7935E+00  2.9153E-05  3.7383E+00  1.3663E+00  1.8132E+00  1.3663E+00
  2.9440E+00  9.8202E+00  2.9205E-05  3.7493E+00  1.3663E+00  1.8132E+00  1.3663E+00
  2.9520E+00  9.8469E+00  2.9256E-05  3.7602E+00  1.3663E+00  1.8132E+00  1.3663E+00
  2.9600E+00  9.8736E+00  2.9308E-05  3.7711E+00  1.3663E+00  1.8132E+00  1.3663E+00
  2.9680E+00  9.9003E+00  2.9360E-05  3.7821E+00  1.3663E+00  1.8132E+00  1.3663E+00
  2.9760E+00  9.9269E+00  2.9412E-05  3.7930E+00  1.3663E+00  1.8132E+00  1.3663E+00
  2.9840E+00  9.9536E+00  2.9464E-05  3.8039E+00  1.3663E+00  1.8132E+00  1.3663E+00
  2.9920E+00  9.9803E+00  2.9516E-05  3.8149E+00  1.3663E+00  1.8132E+00  1.3663E+00
  3.0000E+00  1.0007E+01  2.9568E-05  3.8258E+00  1.3663E+00  1.8132E+00  1.3663E+00
  3.0080E+00  1.0034E+01  2.9620E-05  3.8367E+00  1.3663E+00  1.8132E+00  1.3663E+00
  3.0160E+00  1.0060E+01  2.9672E-05  3.8477E+00  1.3663E+00  1.8132E+00  1.3663E+00
  3.0240E+00  1.0087E+01  2.9724E-05  3.8586E+00  1.3663E+00  1.8132E+00  1.3663E+00
  3.0320E+00  1.0114E+01  2.9776E-05  3.8695E+00  1.3663E+00  1.8132E+00  1.3663E+00
  3.0400E+00  1.0140E+01  2.9827E-05  3.8804E+00  1.3663E+00  1.8132E+00  1.3663E+00
  3.0480E+00  1.0167E+01  2.9879E-05  3.8914E+00  1.3663E+00  1.8132E+00  1.3663E+00
  3.0560E+00  1.0194E+01  2.9931E-05  3.9023E+00  1.3663E+00  1.8132E+00  1.3663E+00
  3.0640E+00  1.0220E+01  2.9983E-05  3.9132E+00  1.3663E+00  1.8132E+00  1.3663E+00
  3.0720E+00  1.0247E+01  3.0035E-05  3.9242E+00  1.3663E+00  1.8132E+00  1.3663E+00
  3.0800E+00  1.0274E+01  3.0087E-05  3.9351E+00  1.3663E+00  1.8132E+00  1.3663E+00
  3.0880E+00  1.0301E+01  3.0139E-05  3.9460E+00  1.3663E+00  1.8132E+00  1.3663E+00
  3.0960E+00  1.0327E+01  3.0191E-05  3.9570E+00  1.3663E+00  1.8132E+00  1.3663E+00
  3.1040E+00  1.0354E+01  3.0243E-05  3.9679E+00  1.3663E+00  1.8132E+00  1.3663E+00
  3.1120E+00  1.0381E+01  3.0295E-05  3.9788E+00  1.3663E+00  1.8132E+00  1.3663E+00
  3.1200E+00  1.0407E+01  3.0347E-05  3.9897E+00  1.3663E+00  1.8132E+00  1.3663E+00
  3.1280E+00  1.0434E+01  3.0398E-05  4.0007E+00  1.3663E+00  1.8132E+00  1.3663E+00
  3.1360E+00  1.0461E+01  3.0450E-05  4.0116E+00  1.3663E+00  1.8132E+00  1.3663E+00
  3.1440E+00  1.0487E+01  3.0502E-05  4.0225E+00  1.3663E+00  1.8132E+00  1.3663E+00
  3.1520E+00  1.0514E+01  3.0554E-05  4.0335E+00  1.3663E+00  1.8132E+00  1.3663E+00
  3.1600E+00  1.0541E+01  3.0606E-05  4.0444E+00  1.3663E+00  1.8132E+00  1.3663E+00
  3.1680E+00  1.0567E+01  3.0658E-05  4.0553E+00  1.3663E+00  1.8132E+00  1.3663E+00
  3.1760E+00  1.0594E+01  3.0710E-05  4.0663E+00  1.3663E+00  1.8132E+00  1.3663E+00
  3.1840E+00  1.0621E+01  3.0762E-05  4.0772E+00  1.3663E+00  1.8132E+00  1.3663E+00
  3.1920E+00  1.0647E+01  3.0814E-05  4.0881E+00  1.3663E+00  1.8132E+00  1.3663E+00
  3.2000E+00  1.0674E+01  3.0866E-05  4.0990E+00  1.3663E+00  1.8132E+00  1.3663E+00
  3.2080E+00  1.0701E+01  3.0918E-05  4.1100E+00  1.3663E+00  1.8132E+00  1.3663E+00
  3.2160E+00  1.0728E+01  3.0969E-05  4.1209E+00  1.3663E+00  1.8132E+00  1.3663E+00
  3.2240E+00  1.0754E+01  3.1021E-05  4.1318E+00  1.3663E+00  1.8132E+00  1.3663E+00
  3.2320E+00  1.0781E+01  3.1073E-05  4.1428E+00  1.3663E+00  1.8132E+00  1.3663E+00
  3.2400E+00  1.0808E+01  3.1125E-05  4.1537E+00  1.3663E+00  1.8132E+00  1.3663E+00
  3.2480E+00  1.0834E+01  3.1177E-05  4.1646E+00  1.3663E+00  1.8132E+00  1.3663E+00
  3.2560E+00  1.0861E+01  3.1229E-05  4.1756E+00  1.3663E+00  1.8132E+00  1.3663E+00
  3.2640E+00  1.0888E+01  3.1281E-05  4.1865E+00  1.3663E+00  1.8132E+00  1.3663E+00
  3.2720E+00  1.0914E+01  3.1333E-05  4.1974E+00  1.3663E+00  1.8132E+00  1.3663E+00
  3.2800E+00  1.0941E+01  3.1385E-05  4.2084E+00  1.3663E+00  1.8132E+00  1.3663E+00
  3.2880E+00  1.0968E+01  3.1437E-05  4.2193E+00  1.3663E+00  1.8132E+00  1.3663E+00
  3.2960E+00  1.0994E+01  3.1489E-05  4.2302E+00  1.3663E+00  1.8132E+00  1.3663E+00
  3.3040E+00  1.1021E+01  3.1540E-05  4.2411E+00  1.3663E+00  1.8132E+00  1.3663E+00
  3.3120E+00  1.1048E+01  3.1592E-05  4.2521E+00  1.3663E+00  1.8132E+00  1.3663E+00
  3.3200E+00  1.1074E+01  3.1644E-05  4.2630E+00  1.3663E+00  1.8132E+00  1.3663E+00
  3.3280E+00  1.1101E+01  3.1696E-05  4.2739E+00  1.3663E+00  1.8132E+00  1.3663E+00
  3.3360E+00  1.1128E+01  3.1748E-05  4.2849E+00  1.3663E+00  1.8132E+00  1.3663E+00
  3.3440E+00  1.1154E+01  3.1800E-05  4.2958E+00  1.3663E+00  1.8132E+00  1.3663E+00
  3.3520E+00  1.1181E+01  3.1852E-05  4.3067E+00  1.3663E+00  1.8132E+00  1.3663E+00
  3.3600E+00  1.1208E+01  3.1904E-05  4.3177E+00  1.3663E+00  1.8132E+00  1.3663E+00
  3.3680E+00  1.1235E+01  3.1956E-05  4.3286E+00  1.3663E+00  1.8132E+00  1.3663E+00
  3.3760E+00  1.1261E+01  3.2008E-05  4.3395E+00  1.3663E+00  1.8132E+00  1.3663E+00
  3.3840E+00  1.1288E+01  3.2059E-05  4.3504E+00  1.3663E+00  1.8132E+00  1.3663E+00
  3.3920E+00  1.1315E+01  3.2111E-05  4.3614E+00  1.3663E+00  1.8132E+00  1.3663E+00
  3.4000E+00  1.1341E+01  3.2163E-05  4.3723E+00  1.3663E+00  1.8132E+00  1.3663E+00
  3.4080E+00  1.1368E+01  3.2215E-05  4.3832E+00  1.3663E+00  1.8132E+00  1.3663E+00
  3.4160E+00  1.1395E+01  3.2267E-05  4.3942E+00  1.3663E+00  1.8132E+00  1.3663E+00
  3.4240E+00  1.1421E+01  3.2319E-05  4.4051E+00  1.3663E+00  1.8132E+00  1.3663E+00
  3.4320E+00  1.1448E+01  3.2371E-05  4.4160E+00  1.3663E+00  1.8132E+00  1.3663E+00
  3.4400E+00  1.1475E+01  3.2423E-05  4.4270E+00  1.3663E+00  1.8132E+00  1.3663E+00
  3.4480E+00  1.1501E+01  3.2475E-05  4.4379E+00  1.3663E+00  1.8132E+00  1.3663E+00
  3.4560E+00  1.1528E+01  3.2527E-05  4.4488E+00  1.3663E+00  1.8132E+00  1.3663E+00
  3.4640E+00  1.1555E+01  3.2579E-05  4.4598E+00  1.3663E+00  1.8132E+00  1.3663E+00
  3.4720E+00  1.1581E+01  3.2630E-05  4.4707E+00  1.3663E+00  1.8132E+00  1.3663E+00
  3.4800E+00  1.1608E+01  3.2682E-05  4.4816E+00  1.3663E+00  1.8132E+00  1.3663E+00
  3.4880E+00  1.1635E+01  3.2734E-05  4.4925E+00  1.3663E+00  1.8132E+00  1.3663E+00
  3.4960E+00  1.1661E+01  3.2786E-05  4.5035E+00  1.3663E+00  1.8132E+00  1.3663E+00
  3.5040E+00  1.1688E+01  3.2838E-05  4.5144E+00  1.3663E+00  1.8132E+00  1.3663E+00
  3.5120E+00  1.1715E+01  3.2890E-05  4.5253E+00  1.3663E+00  1.8132E+00  1.3663E+00
  3.5200E+00  1.1742E+01  3.2942E-05  4.5363E+00  1.3663E+00  1.8132E+00  1.3663E+00
  3.5280E+00  1.1768E+01  3.2994E-05  4.5472E+00  1.3663E+00  1.8132E+00  1.3663E+00
  3.5360E+00  1.1795E+01  3.3046E-05  4.5581E+00  1.3663E+00  1.8132E+00  1.3663E+00
  3.5440E+00  1.1822E+01  3.3098E-05  4.5691E+00  1.3663E+00  1.8132E+00  1.3663E+00
  3.5520E+00  1.1848E+01  3.3150E-05  4.5800E+00  1.3663E+00  1.8132E+00  1.3663E+00
  3.5600E+00  1.1875E+01  3.3201E-05  4.5909E+00  1.3663E+00  1.8132E+00  1.3663E+00
  3.5680E+00  1.1902E+01  3.3253E-05  4.6018E+00  1.3663E+00  1.8132E+00  1.3663E+00
  3.5760E+00  1.1928E+01  3.3305E-05  4.6128E+00  1.3663E+00  1.8132E+00  1.3663E+00
  3.5840E+00  1.1955E+01  3.3357E-05  4.6237E+00  1.3663E+00  1.8132E+00  1.3663E+00
  3.5920E+00  1.1982E+01  3.3409E-05  4.6346E+00  1.3663E+00  1.8132E+00  1.3663E+00
  3.6000E+00  1.2008E+01  3.3461E-05  4.6456E+00  1.3663E+00  1.8132E+00  1.3663E+00
  3.6080E+00  1.2035E+01  3.3513E-05  4.6565E+00  1.3663E+00  1.8132E+00  1.3663E+00
  3.6160E+00  1.2062E+01  3.3565E-05  4.6674E+00  1.3663E+00  1.8132E+00  1.3663E+00
  3.6240E+00  1.2088E+01  3.3617E-05  4.6784E+00  1.3663E+00  1.8132E+00  1.3663E+00
  3.6320E+00  1.2115E+01  3.3669E-05  4.6893E+00  1.3663E+00  1.8132E+00  1.3663E+00
  3.6400E+00  1.2142E+01  3.3721E-05  4.7002E+00  1.3663E+00  1.8132E+00  1.3663E+00
  3.6480E+00  1.2169E+01  3.3772E-05  4.7111E+00  1.3663E+00  1.8132E+00  1.3663E+00
  3.6560E+00  1.2195E+01  3.3824E-05  4.7221E+00  1.3663E+00  1.8132E+00  1.3663E+00
  3.6640E+00  1.2222E+01  3.3876E-05  4.7330E+00  1.3663E+00  1.8132E+00  1.3663E+00
  3.6720E+00  1.2249E+01  3.3928E-05  4.7439E+00  1.3663E+00  1.8132E+00  1.3663E+00
  3.6800E+00  1.2275E+01  3.3980E-05  4.7549E+00  1.3663E+00  1.8132E+00  1.3663E+00
  3.6880E+00  1.2302E+01  3.4032E-05  4.7658E+00  1.3663E+00  1.8132E+00  1.3663E+00
  3.6960E+00  1.2329E+01  3.4084E-05  4.7767E+00  1.3663E+00  1.8132E+00  1.3663E+00
  3.7040E+00  1.2355E+01  3.4136E-05  4.7877E+00  1.3663E+00  1.8132E+00  1.3663E+00
  3.7120E+00  1.2382E+01  3.4188E-05  4.7986E+00  1.3663E+00  1.8132E+00  1.3663E+00
  3.7200E+00  1.2409E+01  3.4240E-05  4.8095E+00  1.3663E+00  1.8132E+00  1.3663E+00
  3.7280E+00  1.2435E+01  3.4291E-05  4.8205E+00  1.3663E+00  1.8132E+00  1.3663E+00
  3.7360E+00  1.2462E+01  3.4343E-05  4.8314E+00  1.3663E+00  1.8132E+00  1.3663E+00
  3.7440E+00  1.2489E+01  3.4395E-05  4.8423E+00  1.3663E+00  1.8132E+00  1.3663E+00
  3.7520E+00  1.2515E+01  3.4447E-05  4.8532E+00  1.3663E+00  1.8132E+00  1.3663E+00
  3.7600E+00  1.2542E+01  3.4499E-05  4.8642E+00  1.3663E+00  1.8132E+00  1.3663E+00
  3.7680E+00  1.2569E+01  3.4551E-05  4.8751E+00  1.3663E+00  1.8132E+00  1.3663E+00
  3.7760E+00  1.2595E+01  3.4603E-05  4.8860E+00  1.3663E+00  1.8132E+00  1.3663E+00
  3.7840E+00  1.2622E+01  3.4655E-05  4.8970E+00  1.3663E+00  1.8132E+00  1.3663E+00
  3.7920E+00  1.2649E+01  3.4707E-05  4.9079E+00  1.3663E+00  1.8132E+00  1.3663E+00
  3.8000E+00  1.2676E+01  3.4759E-05  4.9188E+00  1.3663E+00  1.8132E+00  1.3663E+00
  3.8080E+00  1.2702E+01  3.4811E-05  4.9298E+00  1.3663E+00  1.8132E+00  1.3663E+00
  3.8160E+00  1.2729E+01  3.4862E-05  4.9407E+00  1.3663E+00  1.8132E+00  1.3663E+00
  3.8240E+00  1.2756E+01  3.4914E-05  4.9516E+00  1.3663E+00  1.8132E+00  1.3663E+00
  3.8320E+00  1.2782E+01  3.4966E-05  4.9625E+00  1.3663E+00  1.8132E+00  1.3663E+00
  3.8400E+00  1.2809E+01  3.5018E-05  4.9735E+00  1.3663E+00  1.8132E+00  1.3663E+00
  3.8480E+00  1.2836E+01  3.5070E-05  4.9844E+00  1.3663E+00  1.8132E+00  1.3663E+00
  3.8560E+00  1.2862E+01  3.5122E-05  4.9953E+00  1.3663E+00  1.8132E+00  1.3663E+00
  3.8640E+00  1.2889E+01  3.5174E-05  5.0063E+00  1.3663E+00  1.8132E+00  1.3663E+00
  3.8720E+00  1.2916E+01  3.5226E-05  5.0172E+00  1.3663E+00  1.8132E+00  1.3663E+00
  3.8800E+00  1.2942E+01  3.5278E-05  5.0281E+00  1.3663E+00  1.8132E+00  1.3663E+00
  3.8880E+00  1.2969E+01  3.5330E-05  5.0391E+00  1.3663E+00  1.8132E+00  1.3663E+00
  3.8960E+00  1.2996E+01  3.5382E-05  5.0500E+00  1.3663E+00  1.8132E+00  1.3663E+00
  3.9040E+00  1.3022E+01  3.5433E-05  5.0609E+00  1.3663E+00  1.8132E+00  1.3663E+00
  3.9120E+00  1.3049E+01  3.5485E-05  5.0718E+00  1.3663E+00  1.8132E+00  1.3663E+00
  3.9200E+00  1.3076E+01  3.5537E-05  5.0828E+00  1.3663E+00  1.8132E+00  1.3663E+00
  3.9280E+00  1.3102E+01  3.5589E-05  5.0937E+00  1.3663E+00  1.8132E+00  1.3663E+00
  3.9360E+00  1.3129E+01  3.5641E-05  5.1046E+00  1.3663E+00  1.8132E+00  1.3663E+00
  3.9440E+00  1.3156E+01  3.5693E-05  5.1156E+00  1.3663E+00  1.8132E+00  1.3663E+00
  3.9520E+00  1.3183E+01  3.5745E-05  5.1265E+00  1.3663E+00  1.8132E+00  1.3663E+00
  3.9600E+00  1.3209E+01  3.5797E-05  5.1374E+00  1.3663E+00  1.8132E+00  1.3663E+00
  3.9680E+00  1.3236E+01  3.5849E-05  5.1484E+00  1.3663E+00  1.8132E+00  1.3663E+00
  3.9760E+00  1.3263E+01  3.5901E-05  5.1593E+00  1.3663E+00  1.8132E+00  1.3663E+00
  3.9840E+00  1.3289E+01  3.5953E-05  5.1702E+00  1.3663E+00  1.8132E+00  1.3663E+00
  4.0000E+00  1.3343E+01  3.6056E-05  5.1921E+00  1.3663E+00  1.8132E+00  1.3663E+00
