  0.0000E+00  0.0000E+00  1.5000E+00  0.0000E+00  0.0000E+00  4.5000E+14  5.0035E+00 -2.0000E-03   1   5
  1.7377E-06 -1.8973E-06  1.2973E-04 -1.9903E+05 -6.0825E+05  4.0835E+06  0.0000E+00 -2.0000E-03   1   5
  8.8028E-07 -1.6768E-07 -4.0719E-05  2.1468E+04 -4.7929E+05  1.2279E+06  0.0000E+00 -2.0000E-03   1   5
 -7.9121E-07  4.6385E-07 -1.7554E-04  2.0585E+05  9.1816E+04  3.4612E+05  0.0000E+00 -2.0000E-03   1   5
 -3.0476E-06 -1.7706E-06 -4.7305E-05 -5.3331E+04  1.8901E+05  6.8514E+05  0.0000E+00 -2.0000E-03   1   5
 -5.8574E-06  2.3575E-06  1.7472E-04  1.2536E+05  3.1133E+05  1.6698E+06  0.0000E+00 -2.0000E-03   1   5
 -1.1970E-06 -1.6879E-06  8.7553E-05 -4.6964E+05  7.1147E+03 -4.2296E+06  0.0000E+00 -2.0000E-03   1   5
 -3.5342E-06  3.4089E-06 -9.9945E-06 -2.6183E+04 -6.9421E+04  1.8065E+06  0.0000E+00 -2.0000E-03   1   5
 -8.4997E-07 -8.5111E-07 -5.8807E-05 -2.1046E+05  1.9859E+05  3.3404E+05  0.0000E+00 -2.0000E-03   1   5
  2.1421E-06 -8.6720E-07 -1.6807E-04  3.1948E+05 -2.3844E+05 -7.6858E+06  0.0000E+00 -2.0000E-03   1   5
  1.7326E-06  4.9146E-07  6.3026E-05  2.1166E+05  1.6990E+05 -4.9047E+06  0.0000E+00 -2.0000E-03   1   5
 -3.9953E-07 -2.8453E-06 -2.8551E-05 -4.7663E+04  3.2577E+04 -8.1113E+05  0.0000E+00 -2.0000E-03   1   5
 -1.3907E-06 -1.3967E-06  6.5799E-05 -8.5417E+05  1.7814E+05 -3.4125E+06  0.0000E+00 -2.0000E-03   1   5
 -3.6905E-06  6.4092E-07  3.9697E-05 -1.0021E+05 -5.7743E+05 -3.1365E+06  0.0000E+00 -2.0000E-03   1   5
  1.9559E-06  1.2428E-06  4.3591E-05  3.3606E+04  7.6927E+04 -2.4529E+05  0.0000E+00 -2.0000E-03   1   5
  3.9794E-06 -1.4927E-06  1.8856E-04 -1.3519E+05  5.2000E+05 -7.5729E+06  0.0000E+00 -2.0000E-03   1   5
 -3.3080E-06  1.6953E-06  6.6518E-05  1.8196E+05 -6.1383E+05 -6.3562E+05  0.0000E+00 -2.0000E-03   1   5
  2.2019E-06 -1.8992E-07 -1.3861E-04  1.2827E+05 -7.0492E+05  6.1689E+06  0.0000E+00 -2.0000E-03   1   5
  2.2766E-06  1.7209E-06  1.2841E-04 -5.1322E+05 -1.9750E+05 -1.1877E+06  0.0000E+00 -2.0000E-03   1   5
  2.1256E-07  3.0655E-06  6.4006E-05  6.9237E+05 -1.7437E+04 -4.4698E+06  0.0000E+00 -2.0000E-03   1   5
  7.6257E-07 -1.6203E-06  8.2152E-06 -8.3383E+04 -2.2065E+05 -3.1645E+06  0.0000E+00 -2.0000E-03   1   5
  8.5023E-08  2.1678E-06 -8.0979E-05  4.4896E+05  2.0407E+05 -4.9998E+06  0.0000E+00 -2.0000E-03   1   5
 -2.9249E-07  1.4586E-06 -2.3651E-04  2.0282E+05  5.6870E+05  1.5778E+06  0.0000E+00 -2.0000E-03   1   5
  1.7299E-07 -1.8661E-06 -1.5198E-04  3.8313E+05 -2.9877E+05 -3.4628E+06  0.0000E+00 -2.0000E-03   1   5
  7.7642E-06  9.8455E-07  2.4996E-05 -2.7288E+05  1.3949E+05 -2.1408E+06  0.0000E+00 -2.0000E-03   1   5
  1.6055E-06  1.2672E-06 -6.7932E-06 -9.4485E+04 -5.8021E+04 -2.0970E+06  0.0000E+00 -2.0000E-03   1   5
  4.3021E-06 -3.8421E-06 -4.9630E-05 -2.2660E+05 -2.2274E+05  4.7690E+05  0.0000E+00 -2.0000E-03   1   5
  1.9335E-06 -2.5401E-06  9.4529E-05 -2.5564E+05  8.5344E+04  5.5931E+05  0.0000E+00 -2.0000E-03   1   5
  1.9170E-06 -2.2270E-08 -1.4014E-04 -3.1490E+05 -2.8529E+05  3.4824E+06  0.0000E+00 -2.0000E-03   1   5
 -7.1884E-07 -1.7861E-06 -1.2403E-04  1.5927E+05 -4.5327E+04 -1.7837E+06  0.0000E+00 -2.0000E-03   1   5
  7.9279E-07 -2.8672E-07  1.8065E-04  3.8674E+05  1.5543E+05  3.2843E+06  0.0000E+00 -2.0000E-03   1   5
  1.6587E-07  2.2438E-06 -4.7630E-05  2.8537E+05 -3.2701E+05 -2.9311E+06  0.0000E+00 -2.0000E-03   1   5
 -7.2079E-07  7.2661E-07  1.1640E-04  3.6842E+04 -1.1081E+05  5.0712E+06  0.0000E+00 -2.0000E-03   1   5
 -5.1794E-07  1.9706E-06  1.6599E-05 -9.2433E+04 -6.2988E+05  1.9075E+06  0.0000E+00 -2.0000E-03   1   5
 -1.3834E-06  8.1975E-07 -2.2361E-04 -1.2081E+05  2.4439E+04  2.5279E+06  0.0000E+00 -2.0000E-03   1   5
 -1.5010E-06  6.9139E-07  2.2733E-05 -1.3192E+05 -1.5457E+05  2.4137E+06  0.0000E+00 -2.0000E-03   1   5
 -4.9835E-07  4.9491E-06 -2.0255E-05 -4.6029E+05  8.9582E+04  9.8556E+05  0.0000E+00 -2.0000E-03   1   5
  4.8025E-07 -1.5883E-06 -5.1894E-05  1.3994E+05 -1.6932E+05  5.1900E+06  0.0000E+00 -2.0000E-03   1   5
  1.7358E-06 -1.8547E-06 -1.8976E-05  5.4899E+05 -3.7713E+05  1.3427E+06  0.0000E+00 -2.0000E-03   1   5
 -5.9723E-07  3.7140E-06 -2.0020E-04 -2.8410E+03  4.9672E+05  3.2353E+06  0.0000E+00 -2.0000E-03   1   5
 -2.2694E-07  1.0496E-06  3.6536E-05 -4.1434E+03 -6.8492E+04 -1.1445E+05  0.0000E+00 -2.0000E-03   1   5
  1.3047E-06  3.6264E-07  2.6596E-05 -5.8208E+05 -1.8076E+05  2.5930E+06  0.0000E+00 -2.0000E-03   1   5
 -1.0517E-06  7.3394E-07  4.3894E-05 -5.0265E+03 -1.6263E+05 -4.2652E+06  0.0000E+00 -2.0000E-03   1   5
  3.9078E-06  1.2395E-06 -1.6425E-04 -5.6261E+05  1.6385E+05  1.7314E+06  0.0000E+00 -2.0000E-03   1   5
  6.2508E-07  6.6456E-07 -2.4372E-05 -5.5644E+04  5.4225E+05  3.3271E+06  0.0000E+00 -2.0000E-03   1   5
  2.2152E-06  1.7935E-06  8.2815E-05  6.0884E+04  4.7901E+05 -1.8903E+05  0.0000E+00 -2.0000E-03   1   5
  1.2724E-06  2.8288E-06  3.9858E-05 -2.7774E+05 -1.5529E+05 -2.6534E+06  0.0000E+00 -2.0000E-03   1   5
  7.7533E-07 -9.4527E-07  8.1940E-05  7.8783E+04 -2.8013E+05 -2.2108E+06  0.0000E+00 -2.0000E-03   1   5
  1.2569E-06 -1.0636E-07  1.5131E-04 -2.1435E+04  1.8803E+05  1.5740E+06  0.0000E+00 -2.0000E-03   1   5
  2.0071E-06  4.1135E-07 -5.7325E-05 -3.8300E+05  2.6032E+05  5.0519E+06  0.0000E+00 -2.0000E-03   1   5
  1.5912E-07  6.6824E-06  5.1104E-05 -9.7743E+04 -1.3952E+05 -2.3363E+06  0.0000E+00 -2.0000E-03   1   5
 -1.9487E-06 -6.2637E-07 -4.0312E-05  3.3396E+05 -2.0663E+05  1.9307E+06  0.0000E+00 -2.0000E-03   1   5
  4.2340E-07  2.9757E-06  9.8197E-05 -2.3071E+05 -3.1239E+05 -5.1920E+06  0.0000E+00 -2.0000E-03   1   5
 -8.5978E-08 -4.6706E-06  6.8214E-05  4.3023E+04 -3.2616E+05 -1.5627E+06  0.0000E+00 -2.0000E-03   1   5
  7.2400E-07 -2.2774E-06  1.8805E-04  7.3901E+05 -1.0408E+05 -7.7486E+05  0.0000E+00 -2.0000E-03   1   5
  3.1110E-06  1.1946E-06 -5.7524E-05 -3.7383E+05  2.7569E+05 -4.0695E+06  0.0000E+00 -2.0000E-03   1   5
  3.7335E-07 -1.6362E-06 -7.6113E-05  4.0690E+05 -4.1340E+05 -4.2344E+06  0.0000E+00 -2.0000E-03   1   5
  3.2385E-06 -1.5662E-06  6.2736E-05 -1.8143E+05  3.2496E+05  2.8317E+06  0.0000E+00 -2.0000E-03   1   5
  1.7590E-06  1.2860E-07 -1.0059E-04  1.3509E+05 -5.0238E+05  3.1339E+06  0.0000E+00 -2.0000E-03   1   5
  2.4136E-06 -2.2727E-06 -4.8747E-05 -2.4927E+05  4.2340E+05 -2.6317E+06  0.0000E+00 -2.0000E-03   1   5
 -5.7559E-07 -9.6924E-07 -9.5514E-05  3.0494E+05 -3.6276E+05  1.7100E+06  0.0000E+00 -2.0000E-03   1   5
 -8.6054E-07  2.4511E-06 -1.2657E-04  5.3229E+05 -8.7470E+04 -1.2545E+06  0.0000E+00 -2.0000E-03   1   5
 -1.1147E-06 -1.7284E-07  9.4349E-05  1.2952E+05 -1.8298E+05  1.6737E+06  0.0000E+00 -2.0000E-03   1   5
 -5.6894E-07 -2.2897E-06  1.0114E-04  2.8952E+05  9.2617E+04  4.1196E+06  0.0000E+00 -2.0000E-03   1   5
  2.7528E-06  3.3379E-06  1.5630E-04  3.5132E+05  2.1750E+04 -5.5140E+06  0.0000E+00 -2.0000E-03   1   5
  5.8183E-07  7.5783E-09 -2.4009E-04  6.9344E+05  4.4651E+05  2.2909E+05  0.0000E+00 -2.0000E-03   1   5
  1.1735E-06 -1.3096E-06 -1.0351E-04 -4.2999E+04 -1.6779E+05 -1.8056E+06  0.0000E+00 -2.0000E-03   1   5
  4.0823E-06  1.3356E-06 -5.3070E-05  5.8766E+05 -4.1784E+05 -2.7600E+06  0.0000E+00 -2.0000E-03   1   5
 -1.9016E-06 -4.9934E-07  1.7029E-05 -2.2214E+05 -2.0760E+05  3.6861E+04  0.0000E+00 -2.0000E-03   1   5
  1.5547E-06 -6.9726E-07  9.7406E-05  3.0053E+05  3.1652E+05  4.2390E+05  0.0000E+00 -2.0000E-03   1   5
 -4.2517E-06  7.1179E-07 -5.8299E-05  4.3633E+05 -1.7216E+05 -7.4951E+05  0.0000E+00 -2.0000E-03   1   5
 -9.2725E-08  1.8641E-06 -2.2331E-05 -4.2026E+04  9.8038E+04 -6.5776E+06  0.0000E+00 -2.0000E-03   1   5
  3.1224E-06  1.5701E-06  3.2071E-05 -3.8141E+05 -2.5332E+05  8.8850E+04  0.0000E+00 -2.0000E-03   1   5
 -7.9754E-07 -1.7327E-07  8.4890E-06 -2.4794E+05 -4.5097E+05 -2.4608E+06  0.0000E+00 -2.0000E-03   1   5
 -7.6697E-07 -3.4277E-07 -6.2138E-05 -4.3930E+04  3.2280E+05  1.6192E+06  0.0000E+00 -2.0000E-03   1   5
 -3.5254E-07  1.8734E-06  1.0311E-04  1.2042E+04  2.9135E+05  9.8546E+05  0.0000E+00 -2.0000E-03   1   5
 -4.2755E-07 -1.8317E-06  7.1294E-05  3.7897E+05 -3.2224E+05  7.8886E+04  0.0000E+00 -2.0000E-03   1   5
  6.1733E-07  9.9175E-07 -1.7230E-04 -7.3433E+05 -2.9459E+05  4.1974E+06  0.0000E+00 -2.0000E-03   1   5
 -3.1763E-07  2.3380E-07 -1.0144E-05  3.4732E+04  4.3152E+04 -1.5050E+06  0.0000E+00 -2.0000E-03   1   5
 -7.3440E-07  1.2439E-06 -1.0871E-04  8.5313E+04  3.9378E+05  1.7441E+06  0.0000E+00 -2.0000E-03   1   5
  1.9660E-06 -4.1687E-07  2.6461E-05  4.9939E+04 -3.1878E+05  1.6990E+06  0.0000E+00 -2.0000E-03   1   5
 -1.1938E-06  7.4985E-07  9.6291E-05 -3.3408E+04 -2.5778E+04 -3.0057E+06  0.0000E+00 -2.0000E-03   1   5
  3.1995E-06  1.1031E-06  1.0068E-05  3.3743E+04  1.8148E+05 -2.7710E+06  0.0000E+00 -2.0000E-03   1   5
  3.6868E-06 -1.0445E-06  6.8206E-05 -3.2135E+05  5.0189E+05  5.4273E+05  0.0000E+00 -2.0000E-03   1   5
 -2.9527E-06 -1.5725E-06 -4.7261E-05 -1.6094E+05  1.8578E+05  2.4402E+06  0.0000E+00 -2.0000E-03   1   5
 -5.1005E-07 -2.6166E-06 -1.4267E-04 -3.6875E+04  8.7036E+04  2.6004E+06  0.0000E+00 -2.0000E-03   1   5
  1.0106E-06 -3.4497E-07  5.1548E-06 -3.2352E+05  7.0146E+04 -2.9808E+06  0.0000E+00 -2.0000E-03   1   5
 -9.9870E-07 -7.4129E-07 -4.9558E-05  2.6849E+04 -5.2525E+05  6.5306E+05  0.0000E+00 -2.0000E-03   1   5
 -3.5596E-06  2.5749E-07 -5.6856E-07  1.7165E+05  9.0793E+04  2.0747E+06  0.0000E+00 -2.0000E-03   1   5
 -2.7207E-06 -3.2371E-07  1.3873E-05  2.4195E+05  4.6922E+05  6.4509E+04  0.0000E+00 -2.0000E-03   1   5
  3.4474E-06  1.8578E-06 -3.3795E-06  3.3743E+05  3.2335E+05  9.9322E+05  0.0000E+00 -2.0000E-03   1   5
  1.7185E-06  9.6144E-07 -8.3979E-05  2.2526E+05  2.6998E+05 -3.4789E+06  0.0000E+00 -2.0000E-03   1   5
 -2.5819E-07 -2.5876E-06  1.6653E-04 -4.3994E+05  1.9352E+05  1.1885E+06  0.0000E+00 -2.0000E-03   1   5
 -1.4179E-07  3.8337E-06  2.6514E-06 -2.8238E+05 -6.3774E+05 -4.2509E+06  0.0000E+00 -2.0000E-03   1   5
  4.4266E-06 -5.9127E-08  9.5801E-05 -1.8311E+05 -1.8055E+04  1.6417E+06  0.0000E+00 -2.0000E-03   1   5
  5.5689E-07  1.0974E-06 -4.1120E-07 -4.5768E+05 -4.8241E+04 -2.7329E+06  0.0000E+00 -2.0000E-03   1   5
  1.1394E-06  1.6798E-06  1.8315E-04  2.9277E+05  1.6906E+05 -2.5303E+05  0.0000E+00 -2.0000E-03   1   5
  8.2851E-07  3.0963E-06 -3.0128E-05 -3.8059E+05  1.6814E+05  6.3212E+06  0.0000E+00 -2.0000E-03   1   5
  2.0966E-06 -7.3461E-07  2.9099E-05 -3.3658E+05 -2.6422E+05 -5.1076E+06  0.0000E+00 -2.0000E-03   1   5
 -6.1276E-07 -4.3900E-07 -1.1583E-05 -1.9393E+05 -1.1947E+05 -2.6959E+06  0.0000E+00 -2.0000E-03   1   5
 -1.9309E-06  5.4727E-07  2.1455E-04 -1.9660E+05  1.6363E+05  1.0055E+04  0.0000E+00 -2.0000E-03   1   5
  5.5281E-07  1.1393E-07 -7.3122E-05  1.9371E+05  1.0163E+05  7.5437E+05  0.0000E+00 -2.0000E-03   1   5
 -1.5132E-06  4.2943E-06 -7.4520E-05 -5.3789E+04  9.4725E+04  4.5336E+06  0.0000E+00 -2.0000E-03   1   5
  1.3086E-06  7.4222E-07  1.2101E-04 -1.7930E+05 -5.1508E+05  1.7017E+06  0.0000E+00 -2.0000E-03   1   5
  4.0113E-06 -3.0261E-06 -8.4875E-05 -4.9489E+04 -4.3918E+05  2.3206E+06  0.0000E+00 -2.0000E-03   1   5
 -4.4861E-07  2.1411E-06 -1.1824E-04  1.1673E+05  7.6925E+05  1.3345E+06  0.0000E+00 -2.0000E-03   1   5
  1.4058E-06 -1.1300E-07 -1.8042E-04  3.7766E+05 -1.4984E+05  1.0446E+06  0.0000E+00 -2.0000E-03   1   5
  3.7960E-07  5.1675E-08 -1.7683E-04  2.8350E+05 -4.9034E+05  4.5828E+06  0.0000E+00 -2.0000E-03   1   5
 -1.5129E-07  9.9066E-07  9.3990E-05 -4.3007E+05  6.7703E+05 -2.8602E+06  0.0000E+00 -2.0000E-03   1   5
  3.0005E-07  1.3240E-06 -7.4535E-05  4.4419E+05  2.7962E+05  1.7039E+06  0.0000E+00 -2.0000E-03   1   5
  1.9377E-07  4.6501E-07 -1.9800E-04  2.3297E+05 -3.3809E+05 -3.9002E+06  0.0000E+00 -2.0000E-03   1   5
  5.9112E-07  7.6732E-07  8.5728E-05 -2.4257E+05  3.8429E+05 -1.4171E+06  0.0000E+00 -2.0000E-03   1   5
  3.2306E-07  3.8124E-06  4.1600E-05 -1.7754E+05  2.5228E+05  5.8751E+05  0.0000E+00 -2.0000E-03   1   5
  5.9971E-06  1.6178E-06  6.7236E-05 -1.9477E+05  1.0782E+04  1.8284E+06  0.0000E+00 -2.0000E-03   1   5
 -1.4440E-06 -2.8269E-07 -6.7029E-05  4.3345E+05 -5.0466E+05 -5.4288E+05  0.0000E+00 -2.0000E-03   1   5
 -5.8892E-07 -1.8794E-06  7.8488E-05 -3.0465E+05  6.4912E+05  2.3763E+06  0.0000E+00 -2.0000E-03   1   5
 -2.3766E-06 -4.7152E-06 -7.6504E-05  4.2987E+04 -5.7327E+05 -2.0632E+04  0.0000E+00 -2.0000E-03   1   5
  1.4060E-06  8.7950E-07  6.3160E-06 -4.2928E+05  7.1136E+04 -2.2785E+06  0.0000E+00 -2.0000E-03   1   5
 -6.7924E-07  7.8709E-07 -6.7955E-05  2.9379E+05  3.2308E+05  1.1256E+06  0.0000E+00 -2.0000E-03   1   5
  2.9045E-06 -1.3871E-06 -4.0708E-05 -4.3200E+05  1.0946E+05 -5.3374E+06  0.0000E+00 -2.0000E-03   1   5
  2.6500E-06  6.6506E-07  6.0254E-05  3.1059E+05 -2.8584E+05 -7.5086E+05  0.0000E+00 -2.0000E-03   1   5
  2.5514E-07  1.4444E-06 -3.0899E-05 -2.2134E+05  3.1048E+05 -3.3187E+06  0.0000E+00 -2.0000E-03   1   5
 -1.9844E-06 -1.8302E-06  1.1432E-04  2.6860E+05 -2.6731E+05 -2.2344E+06  0.0000E+00 -2.0000E-03   1   5
 -2.1579E-07  2.2105E-06  5.9396E-06  3.5879E+05  2.9883E+04 -2.8771E+04  0.0000E+00 -2.0000E-03   1   5
 -2.4269E-06 -5.4287E-07 -1.3445E-05 -5.9771E+05 -2.4928E+05 -1.1869E+06  0.0000E+00 -2.0000E-03   1   5
  2.5508E-06 -1.8211E-06  1.4521E-04 -8.4906E+04 -1.3187E+04  5.6787E+06  0.0000E+00 -2.0000E-03   1   5
 -1.0277E-06 -4.1777E-06  1.0233E-04 -2.9240E+05 -1.7762E+05 -5.4995E+06  0.0000E+00 -2.0000E-03   1   5
 -1.1034E-06 -1.0296E-06  2.8102E-05 -1.3744E+05  1.6175E+05 -3.0639E+06  0.0000E+00 -2.0000E-03   1   5
  2.3382E-06  1.6362E-07  2.3037E-04 -5.5401E+05  2.6485E+05 -1.5494E+06  0.0000E+00 -2.0000E-03   1   5
 -5.3356E-07  4.2154E-07  5.1300E-05 -1.4187E+05  3.9639E+04 -6.5969E+05  0.0000E+00 -2.0000E-03   1   5
 -1.7323E-06 -5.2356E-06 -7.1528E-05  3.8051E+05  1.6556E+05 -9.0888E+05  0.0000E+00 -2.0000E-03   1   5
  1.7446E-06  2.7877E-06 -1.0541E-04  3.2088E+05  5.6309E+05 -8.1106E+05  0.0000E+00 -2.0000E-03   1   5
  2.4075E-06  3.1820E-06 -3.6013E-05 -1.3603E+05  4.4572E+05 -3.9066E+06  0.0000E+00 -2.0000E-03   1   5
 -2.0298E-06  1.0343E-06 -6.6620E-05  8.8486E+04 -6.3787E+03  2.1013E+06  0.0000E+00 -2.0000E-03   1   5
  3.2684E-07  1.4752E-06 -8.5795E-05 -2.9643E+05 -2.7456E+05  2.4785E+06  0.0000E+00 -2.0000E-03   1   5
 -5.2192E-07  4.2436E-06  2.3645E-05 -2.6956E+04  7.3374E+04 -3.9776E+06  0.0000E+00 -2.0000E-03   1   5
 -2.2902E-06 -1.5172E-06  1.5849E-04 -7.4507E+04 -3.2530E+04  4.1678E+05  0.0000E+00 -2.0000E-03   1   5
 -3.7831E-07 -4.9747E-07  8.9764E-05 -3.9550E+04 -2.3318E+05  4.1771E+06  0.0000E+00 -2.0000E-03   1   5
  1.7676E-06 -4.5970E-07  8.2543E-05  3.2365E+04 -1.5719E+05  3.4549E+06  0.0000E+00 -2.0000E-03   1   5
 -5.0477E-06 -1.4647E-06 -3.8624E-05 -9.0034E+04 -4.2668E+05 -1.0418E+06  0.0000E+00 -2.0000E-03   1   5
 -1.7867E-06  6.1548E-07  9.8414E-05  1.7087E+05  2.1742E+05  3.6657E+06  0.0000E+00 -2.0000E-03   1   5
  5.7164E-07  2.0077E-06  9.6978E-05  6.8278E+04  1.4544E+04  2.9220E+06  0.0000E+00 -2.0000E-03   1   5
 -1.2391E-06 -1.5140E-06  8.3690E-05  3.6487E+05  2.1089E+04  2.9604E+06  0.0000E+00 -2.0000E-03   1   5
 -5.8336E-07  1.2110E-06  1.2372E-04  3.1724E+04  1.9361E+05  2.4986E+06  0.0000E+00 -2.0000E-03   1   5
  1.5156E-06 -4.4395E-06 -7.5278E-05  2.2777E+05 -4.0912E+05  3.9163E+06  0.0000E+00 -2.0000E-03   1   5
  4.1029E-07  1.0756E-06 -5.4506E-05  2.4907E+05  5.6420E+05  2.5512E+06  0.0000E+00 -2.0000E-03   1   5
 -1.9031E-07  2.7054E-06 -7.3887E-05 -5.3413E+05  5.1272E+05 -9.6063E+04  0.0000E+00 -2.0000E-03   1   5
 -1.2873E-06 -3.0537E-06  4.1059E-05  2.7614E+05  2.3228E+05 -3.6290E+05  0.0000E+00 -2.0000E-03   1   5
 -8.4671E-07  1.1343E-06 -1.6026E-04  4.7770E+05  3.0723E+05 -1.6795E+06  0.0000E+00 -2.0000E-03   1   5
  6.7164E-07 -5.5073E-06  5.2994E-05  2.0651E+05 -1.9588E+05 -2.5126E+06  0.0000E+00 -2.0000E-03   1   5
  3.1428E-06  1.1039E-06  4.6353E-05 -5.4233E+04  2.3900E+05 -2.2920E+06  0.0000E+00 -2.0000E-03   1   5
 -5.5568E-07 -2.0871E-06 -1.5756E-04  1.9867E+05 -3.9945E+05  6.0022E+06  0.0000E+00 -2.0000E-03   1   5
  1.7732E-06  4.1130E-08 -2.1673E-05  4.4687E+05  3.4750E+05  3.1078E+06  0.0000E+00 -2.0000E-03   1   5
  2.2189E-06 -2.7263E-06  1.3451E-05  2.0332E+05 -2.6071E+05 -1.6621E+05  0.0000E+00 -2.0000E-03   1   5
 -8.2002E-07  1.0190E-07 -5.7454E-06 -8.5113E+04 -4.9343E+05 -3.8825E+05  0.0000E+00 -2.0000E-03   1   5
  8.9276E-07  2.5446E-06  5.9259E-05 -3.1749E+05 -2.8203E+04 -2.5552E+06  0.0000E+00 -2.0000E-03   1   5
 -5.1899E-07  2.6220E-06 -1.1693E-04  6.9062E+04 -4.0774E+05 -2.6060E+06  0.0000E+00 -2.0000E-03   1   5
  8.1433E-07  1.1205E-06 -9.7367E-05 -1.2658E+05 -1.1351E+04  1.8511E+06  0.0000E+00 -2.0000E-03   1   5
 -1.8147E-06 -1.6903E-07  5.0671E-05  6.4334E+04  1.0782E+05 -3.3337E+06  0.0000E+00 -2.0000E-03   1   5
 -1.9919E-06  2.5105E-06 -8.5156E-05 -1.1487E+04  4.4190E+05  4.3307E+05  0.0000E+00 -2.0000E-03   1   5
 -2.4421E-06  1.6303E-06  6.5569E-05  1.4024E+05 -7.5069E+04 -5.4485E+06  0.0000E+00 -2.0000E-03   1   5
 -3.2916E-07  3.8316E-06  1.5889E-04 -4.4663E+04  7.8047E+05  2.0703E+05  0.0000E+00 -2.0000E-03   1   5
 -1.3163E-06  3.1316E-06 -5.2082E-05 -4.3776E+05 -1.0619E+05 -3.2925E+06  0.0000E+00 -2.0000E-03   1   5
  2.6655E-06 -3.1473E-06  1.3885E-05 -4.7467E+05 -9.7180E+04 -3.7125E+06  0.0000E+00 -2.0000E-03   1   5
  1.5603E-06 -1.0828E-06  3.7715E-05 -1.3603E+05  7.1110E+05 -3.0754E+05  0.0000E+00 -2.0000E-03   1   5
 -2.3583E-06  1.6334E-06  1.6098E-04  1.8426E+05  1.9824E+05 -1.9109E+06  0.0000E+00 -2.0000E-03   1   5
 -1.6777E-06 -5.0326E-06  1.0872E-04  8.8491E+04 -3.6408E+05  1.0713E+06  0.0000E+00 -2.0000E-03   1   5
 -1.3077E-06 -8.2404E-07 -1.5290E-04 -1.1125E+05  4.3018E+05 -1.4325E+06  0.0000E+00 -2.0000E-03   1   5
  1.8039E-06 -3.6582E-06  1.3151E-04  1.9374E+05 -1.4393E+05  1.3917E+06  0.0000E+00 -2.0000E-03   1   5
 -8.3986E-07  2.5218E-06  1.3456E-05 -4.0236E+04 -5.1714E+05  1.4834E+06  0.0000E+00 -2.0000E-03   1   5
 -1.0282E-06 -2.2147E-06  4.5641E-05  3.4979E+05  2.1853E+05 -9.4946E+05  0.0000E+00 -2.0000E-03   1   5
  4.0159E-07  9.1163E-07  4.3985E-05  2.3494E+05  1.9218E+05  1.3821E+06  0.0000E+00 -2.0000E-03   1   5
 -3.4784E-06 -1.2755E-06 -1.3472E-04 -3.3902E+04 -3.0478E+05  5.1736E+06  0.0000E+00 -2.0000E-03   1   5
 -2.4011E-07 -4.9588E-07  6.7887E-05  1.8446E+05 -1.2298E+05  2.3824E+05  0.0000E+00 -2.0000E-03   1   5
  1.9987E-06  3.6051E-07 -1.0659E-04  2.3687E+05  1.5311E+05  6.0737E+06  0.0000E+00 -2.0000E-03   1   5
  1.1724E-07  2.8286E-06  2.0669E-04  5.3253E+05  1.3926E+05 -3.1314E+06  0.0000E+00 -2.0000E-03   1   5
 -2.0210E-06  3.5153E-06  9.4549E-05  5.4209E+04  1.5971E+05  4.4054E+06  0.0000E+00 -2.0000E-03   1   5
 -1.8215E-06  3.8351E-07 -6.1214E-05 -2.4037E+04  2.4727E+04 -9.7029E+05  0.0000E+00 -2.0000E-03   1   5
  4.7448E-08  9.8544E-07  6.2904E-05 -2.4587E+05 -6.1670E+05  1.7621E+06  0.0000E+00 -2.0000E-03   1   5
  1.1005E-06  5.4596E-07 -1.0295E-04  2.5827E+05  3.3238E+04 -9.9704E+04  0.0000E+00 -2.0000E-03   1   5
 -9.9198E-07 -3.4492E-07 -2.1330E-04  2.3181E+05 -4.2145E+05  1.2699E+06  0.0000E+00 -2.0000E-03   1   5
  1.3855E-06 -1.4520E-06  1.3989E-06 -1.5836E+05  2.4369E+05  1.1516E+06  0.0000E+00 -2.0000E-03   1   5
  7.2820E-07 -1.1036E-06  5.3047E-05  4.4172E+03  1.3498E+05 -1.7521E+06  0.0000E+00 -2.0000E-03   1   5
  2.8325E-06 -1.6208E-06  4.7802E-05 -1.1179E+05  8.8033E+04 -2.3882E+05  0.0000E+00 -2.0000E-03   1   5
  1.0969E-06  7.6921E-07  1.8918E-04 -3.7370E+05 -3.0713E+05 -1.8683E+06  0.0000E+00 -2.0000E-03   1   5
  2.2796E-06 -2.0855E-06  7.0558E-06 -1.8542E+05  6.5167E+04 -5.3847E+06  0.0000E+00 -2.0000E-03   1   5
  1.7520E-06 -2.3787E-06  1.4499E-04  2.6795E+05 -4.9761E+05 -3.1611E+06  0.0000E+00 -2.0000E-03   1   5
 -1.5507E-06  2.2914E-06  2.1368E-04  4.2522E+05 -7.6378E+04  2.9871E+06  0.0000E+00 -2.0000E-03   1   5
  1.1064E-06 -1.1282E-08  8.4082E-06 -3.9103E+05  7.7586E+04  2.1326E+06  0.0000E+00 -2.0000E-03   1   5
 -2.8712E-07  1.0388E-06  8.1900E-05  3.5483E+05 -1.4058E+05 -1.1899E+06  0.0000E+00 -2.0000E-03   1   5
  1.9831E-06  9.8972E-07 -1.7587E-04  6.1361E+04 -6.5462E+05 -6.2314E+06  0.0000E+00 -2.0000E-03   1   5
 -2.7264E-07  3.7708E-07 -2.5952E-04  5.2262E+04 -2.9469E+05  1.3042E+06  0.0000E+00 -2.0000E-03   1   5
  1.3691E-06 -6.7946E-07 -5.2019E-05 -3.2363E+05  2.2217E+05 -5.7977E+05  0.0000E+00 -2.0000E-03   1   5
 -5.5584E-07  1.5771E-08  7.9310E-05  2.5890E+05 -2.5450E+05 -2.0693E+06  0.0000E+00 -2.0000E-03   1   5
  9.4470E-07 -2.3949E-07 -1.1670E-04  6.1967E+05  2.0576E+05 -5.2676E+06  0.0000E+00 -2.0000E-03   1   5
 -3.3020E-07  1.9359E-06 -2.2179E-05  6.4687E+04  1.7401E+05  1.8323E+06  0.0000E+00 -2.0000E-03   1   5
 -1.2018E-06  4.0204E-07 -2.9467E-05  1.7205E+05 -4.7462E+05  1.6526E+06  0.0000E+00 -2.0000E-03   1   5
 -1.3668E-06  5.9807E-07 -3.3868E-05 -1.0770E+05 -2.8323E+05  1.2154E+06  0.0000E+00 -2.0000E-03   1   5
 -3.1491E-08 -4.9472E-06 -3.0200E-05  3.1404E+05 -3.0869E+05 -6.0362E+05  0.0000E+00 -2.0000E-03   1   5
  2.4663E-06  1.9001E-06  7.6809E-05  1.2917E+05 -4.9633E+04 -4.3046E+06  0.0000E+00 -2.0000E-03   1   5
 -1.5912E-06  2.8207E-06  1.6409E-04 -2.6944E+05  1.6616E+05  1.9256E+06  0.0000E+00 -2.0000E-03   1   5
  1.3884E-06  3.1374E-06  1.6035E-04  1.6334E+04 -2.5526E+03  4.9899E+06  0.0000E+00 -2.0000E-03   1   5
  4.1783E-06  2.8867E-06 -2.4967E-05  2.5486E+05 -1.4709E+05 -1.1168E+06  0.0000E+00 -2.0000E-03   1   5
 -3.9165E-06  3.3975E-07 -1.0115E-04 -5.8073E+04 -3.9783E+05  2.3374E+06  0.0000E+00 -2.0000E-03   1   5
 -1.2587E-06  3.4499E-07  1.7693E-04  3.5571E+04  4.4422E+05 -2.2329E+06  0.0000E+00 -2.0000E-03   1   5
 -2.4032E-07 -1.7888E-06 -1.3376E-04  1.7427E+05  1.4965E+05  3.3073E+06  0.0000E+00 -2.0000E-03   1   5
 -1.8846E-07  9.4858E-07 -1.7241E-05  7.8045E+04 -4.5420E+04 -7.6949E+06  0.0000E+00 -2.0000E-03   1   5
  1.7189E-06 -2.5017E-06  1.7024E-05 -4.4267E+05 -2.8118E+05 -1.2161E+05  0.0000E+00 -2.0000E-03   1   5
  2.1011E-06  1.8441E-06  6.3028E-05 -6.9441E+05  2.2235E+04 -9.3677E+06  0.0000E+00 -2.0000E-03   1   5
 -4.3110E-07  4.3811E-07 -2.9849E-05 -2.1808E+05 -2.8443E+05  2.6469E+06  0.0000E+00 -2.0000E-03   1   5
  1.5293E-06  1.8778E-06 -4.2209E-05 -9.9814E+03 -3.3967E+05  6.9274E+06  0.0000E+00 -2.0000E-03   1   5
 -2.5320E-06 -5.4798E-07  8.9918E-05 -5.8724E+04 -3.7210E+05  5.7916E+06  0.0000E+00 -2.0000E-03   1   5
  3.2740E-06  3.0562E-07 -1.4458E-04  1.7852E+05 -6.0471E+04 -4.0037E+05  0.0000E+00 -2.0000E-03   1   5
 -2.2949E-06 -1.4608E-08  8.4373E-05  4.2886E+04  3.2071E+05  2.5648E+06  0.0000E+00 -2.0000E-03   1   5
 -1.4582E-06 -8.6256E-07  4.8717E-05  8.2154E+04 -1.1753E+05  1.9280E+06  0.0000E+00 -2.0000E-03   1   5
  1.6288E-06 -3.8547E-07 -9.1956E-05  2.3883E+04  1.8017E+05  4.9445E+06  0.0000E+00 -2.0000E-03   1   5
 -4.1314E-07 -1.8003E-06 -7.7890E-05 -1.8943E+05  7.2844E+03 -3.8051E+06  0.0000E+00 -2.0000E-03   1   5
  1.3593E-06  1.3906E-07  1.4279E-04 -4.4099E+04  4.4356E+05  1.5616E+06  0.0000E+00 -2.0000E-03   1   5
 -4.6864E-08  2.1933E-06  4.1847E-05 -3.9805E+05 -6.8965E+04 -2.7468E+06  0.0000E+00 -2.0000E-03   1   5
  9.1280E-07  2.6455E-06 -3.4279E-05 -4.8051E+05  3.2750E+05  4.4326E+05  0.0000E+00 -2.0000E-03   1   5
  3.9861E-07  4.2530E-07  1.6059E-04  7.5346E+05 -1.2863E+05  1.4231E+06  0.0000E+00 -2.0000E-03   1   5
 -2.5532E-06  3.8660E-07  9.5075E-05 -3.4308E+05  5.6767E+05  1.3297E+06  0.0000E+00 -2.0000E-03   1   5
  1.1681E-06 -1.3726E-06 -4.4631E-05  6.9785E+05 -1.9528E+04 -4.4234E+06  0.0000E+00 -2.0000E-03   1   5
 -1.2659E-06  2.9820E-06  3.2266E-05  1.2765E+05  1.8419E+05  3.1328E+06  0.0000E+00 -2.0000E-03   1   5
  3.3731E-06 -4.1597E-07 -8.4623E-05  5.3647E+04 -5.1735E+05 -5.9697E+05  0.0000E+00 -2.0000E-03   1   5
 -5.0814E-07 -7.9492E-07  1.6287E-04 -5.3843E+05 -6.0992E+04 -1.8159E+06  0.0000E+00 -2.0000E-03   1   5
  1.5421E-06 -2.3485E-06  8.7331E-05 -3.7422E+05  1.5915E+05  2.3690E+06  0.0000E+00 -2.0000E-03   1   5
  6.8324E-07  8.5609E-07  4.0422E-05  2.6680E+05 -2.2316E+04  1.3123E+06  0.0000E+00 -2.0000E-03   1   5
  2.4087E-06  3.1924E-06 -9.1374E-05  4.0075E+05  1.9827E+05  2.3645E+06  0.0000E+00 -2.0000E-03   1   5
 -2.7439E-06 -2.1904E-06 -1.0464E-05 -1.8781E+04  3.3256E+05  6.4264E+06  0.0000E+00 -2.0000E-03   1   5
 -3.3455E-06 -2.7982E-06 -4.1666E-05  1.9860E+05 -2.6003E+05 -8.5318E+05  0.0000E+00 -2.0000E-03   1   5
  2.5282E-07  1.3019E-06 -1.9612E-04 -5.4794E+04  1.5374E+05 -3.3699E+06  0.0000E+00 -2.0000E-03   1   5
 -2.6256E-06  7.0270E-07  1.1981E-04  4.0655E+04 -9.6503E+04 -1.2989E+06  0.0000E+00 -2.0000E-03   1   5
  1.4183E-06 -3.4168E-06 -5.6485E-05 -1.8969E+05  2.5490E+05 -2.6219E+06  0.0000E+00 -2.0000E-03   1   5
 -2.4445E-07 -1.7903E-07  7.4946E-05 -5.4635E+04  6.8239E+03 -2.0531E+06  0.0000E+00 -2.0000E-03   1   5
  4.9913E-06 -3.0320E-06 -5.4966E-05 -7.4651E+04 -1.6256E+05 -5.4298E+06  0.0000E+00 -2.0000E-03   1   5
 -1.1993E-07 -5.4882E-07  1.6809E-05 -1.4828E+05  4.0402E+05 -1.0131E+06  0.0000E+00 -2.0000E-03   1   5
  4.5203E-07  8.8715E-07 -6.3961E-05  1.8921E+05 -1.7051E+05 -2.7369E+06  0.0000E+00 -2.0000E-03   1   5
 -3.3669E-07  3.2079E-07  1.4974E-04 -5.3782E+04 -4.5682E+05  4.1973E+06  0.0000E+00 -2.0000E-03   1   5
 -4.4638E-07  2.8663E-06  1.7608E-04  3.0975E+04  9.1769E+03 -2.4934E+06  0.0000E+00 -2.0000E-03   1   5
 -9.2455E-07 -9.5361E-07  8.2100E-05 -3.2845E+05  3.5835E+05 -3.4994E+06  0.0000E+00 -2.0000E-03   1   5
 -8.0256E-07 -1.5942E-06 -4.3530E-05 -3.2723E+05  1.4978E+05 -3.4652E+06  0.0000E+00 -2.0000E-03   1   5
  1.4150E-07  1.4439E-06  6.7564E-05 -2.1727E+04  1.8236E+05 -2.1522E+06  0.0000E+00 -2.0000E-03   1   5
 -3.5921E-06 -1.3359E-06  1.9802E-05  1.5460E+05  4.8515E+05  3.1766E+06  0.0000E+00 -2.0000E-03   1   5
 -3.0953E-07 -1.0778E-06 -5.6724E-05  1.7123E+05 -1.9338E+05  1.8010E+05  0.0000E+00 -2.0000E-03   1   5
  7.0130E-07 -1.1398E-06 -1.7558E-05 -3.6455E+05 -2.5540E+05  2.1163E+06  0.0000E+00 -2.0000E-03   1   5
  2.5625E-07 -1.0233E-06 -2.0887E-05 -8.5701E+03  1.3750E+05 -1.2747E+06  0.0000E+00 -2.0000E-03   1   5
  4.8017E-06 -1.6024E-06 -1.4379E-04  1.1095E+05  9.9196E+04  3.1472E+06  0.0000E+00 -2.0000E-03   1   5
 -4.7155E-07  4.7064E-07  8.7309E-05  1.9668E+05 -2.6305E+05  2.6005E+06  0.0000E+00 -2.0000E-03   1   5
 -1.5119E-07 -5.2687E-07  9.8297E-05  4.1115E+05  5.9727E+05  3.5501E+05  0.0000E+00 -2.0000E-03   1   5
 -1.6835E-06 -1.7650E-06  7.6135E-05  2.8244E+05  2.2180E+05 -3.9697E+06  0.0000E+00 -2.0000E-03   1   5
  9.3392E-08  5.3073E-07  5.8759E-05 -2.4456E+05 -2.2885E+05  3.5786E+06  0.0000E+00 -2.0000E-03   1   5
  6.6360E-07 -1.3538E-06 -2.4871E-04  2.1590E+03  1.1804E+05  2.1313E+06  0.0000E+00 -2.0000E-03   1   5
  3.2569E-06 -2.2145E-06  7.3999E-05 -6.7478E+05 -6.4964E+03  3.5617E+06  0.0000E+00 -2.0000E-03   1   5
 -2.6804E-06 -2.0831E-06 -1.0699E-05 -4.4055E+05 -1.5280E+05 -3.5025E+06  0.0000E+00 -2.0000E-03   1   5
  1.3665E-06 -1.8675E-06 -3.0091E-05 -2.1057E+05 -1.9128E+05  1.4648E+06  0.0000E+00 -2.0000E-03   1   5
 -4.2660E-07  1.9512E-06 -7.3959E-05  3.5694E+05  1.5014E+05 -1.7705E+06  0.0000E+00 -2.0000E-03   1   5
 -9.3693E-07 -2.6334E-06 -1.7006E-04 -2.3328E+04 -1.0562E+04  2.6117E+06  0.0000E+00 -2.0000E-03   1   5
 -3.8710E-06  8.8785E-07  4.9165E-05  2.3059E+05 -1.2656E+05 -6.0627E+05  0.0000E+00 -2.0000E-03   1   5
  2.4300E-06 -1.4530E-06  7.7453E-05 -2.9909E+05  2.9099E+05  6.0828E+05  0.0000E+00 -2.0000E-03   1   5
  1.6689E-06  2.7563E-06 -3.2562E-06 -1.4818E+05 -5.0957E+05 -3.7187E+06  0.0000E+00 -2.0000E-03   1   5
 -6.6350E-07 -2.5257E-06 -3.3878E-05  1.1673E+05 -3.2630E+05 -2.8091E+06  0.0000E+00 -2.0000E-03   1   5
  2.8394E-06 -3.5913E-06 -3.5856E-05 -6.1634E+05 -1.0609E+05  1.3901E+06  0.0000E+00 -2.0000E-03   1   5
 -1.9151E-06  2.6535E-06 -3.5036E-05 -1.4628E+05  4.8910E+05  9.4937E+05  0.0000E+00 -2.0000E-03   1   5
 -1.3560E-06  2.4730E-06 -1.3267E-04 -4.1469E+05  2.4798E+05 -3.8229E+05  0.0000E+00 -2.0000E-03   1   5
  2.4744E-06  1.1999E-07 -2.7425E-05 -1.1241E+05  1.2218E+05  1.1045E+06  0.0000E+00 -2.0000E-03   1   5
 -1.1731E-06 -3.5557E-06 -1.6903E-05 -3.5976E+05 -1.8171E+05  4.8507E+05  0.0000E+00 -2.0000E-03   1   5
 -6.8572E-08 -4.1674E-06  1.3734E-05  2.0353E+05 -1.8063E+04  2.9987E+06  0.0000E+00 -2.0000E-03   1   5
 -4.4812E-06  4.7073E-07 -3.2159E-06 -3.1362E+04  2.1701E+05  1.5799E+06  0.0000E+00 -2.0000E-03   1   5
 -5.8955E-07  1.1413E-06  5.0582E-05 -1.7749E+04 -1.4168E+05 -1.0297E+06  0.0000E+00 -2.0000E-03   1   5
  9.2339E-07  2.3493E-07  8.6507E-06  2.8420E+05  1.8943E+05 -5.3059E+06  0.0000E+00 -2.0000E-03   1   5
 -1.5388E-07 -1.1585E-07  1.2159E-04  2.5479E+05 -9.9344E+04  2.4620E+06  0.0000E+00 -2.0000E-03   1   5
  3.4191E-06  4.9797E-07 -1.1069E-05 -9.1556E+04  1.5319E+05  2.7620E+06  0.0000E+00 -2.0000E-03   1   5
 -4.4374E-07 -1.3406E-06  9.0912E-05  1.1049E+05  3.1775E+05  8.1460E+05  0.0000E+00 -2.0000E-03   1   5
 -5.0178E-07 -3.8859E-06  3.8058E-05  2.5893E+05 -6.2616E+05 -1.2607E+06  0.0000E+00 -2.0000E-03   1   5
  5.6854E-07 -2.1533E-06 -8.9162E-05 -1.6583E+04  9.0656E+04  8.7308E+05  0.0000E+00 -2.0000E-03   1   5
 -2.0183E-06  7.4416E-07  1.1951E-04  3.3214E+04  7.7325E+03  6.8824E+05  0.0000E+00 -2.0000E-03   1   5
  2.3209E-06 -6.4661E-07  2.7958E-05  2.8522E+05  2.4280E+05  2.2377E+06  0.0000E+00 -2.0000E-03   1   5
 -1.5919E-06  8.6500E-07  3.4487E-05 -1.2560E+05  2.5860E+05  1.1326E+06  0.0000E+00 -2.0000E-03   1   5
  2.0193E-06  5.4694E-07  4.0567E-05  5.9310E+05  5.4740E+04 -1.0318E+06  0.0000E+00 -2.0000E-03   1   5
  1.4074E-06  2.2661E-06 -1.1049E-05 -2.8972E+05 -1.5965E+05 -3.2716E+06  0.0000E+00 -2.0000E-03   1   5
 -2.8767E-06  3.4913E-07 -3.7370E-05  2.4534E+04 -2.4287E+05 -3.1430E+06  0.0000E+00 -2.0000E-03   1   5
 -1.0576E-06 -6.6942E-06  6.5241E-05 -2.8363E+05 -2.9912E+05 -2.0403E+06  0.0000E+00 -2.0000E-03   1   5
 -2.3295E-06 -3.0621E-06 -1.9424E-04  4.6847E+05  3.0662E+05  2.1880E+06  0.0000E+00 -2.0000E-03   1   5
  1.1588E-06 -1.3888E-06  5.3864E-06  2.5951E+05 -1.5321E+05  2.0636E+06  0.0000E+00 -2.0000E-03   1   5
 -4.3055E-06  9.1399E-08  1.5824E-04  1.9074E+05 -5.3380E+05 -1.1769E+06  0.0000E+00 -2.0000E-03   1   5
  3.3520E-06  1.0534E-06 -1.7227E-04 -4.1734E+05 -7.1919E+05  5.6461E+05  0.0000E+00 -2.0000E-03   1   5
 -3.9874E-06  5.2074E-07 -4.8358E-05  2.0927E+05 -7.9889E+04 -2.3146E+06  0.0000E+00 -2.0000E-03   1   5
  2.6573E-07 -2.6853E-07 -1.5600E-04 -4.4517E+04 -7.6262E+04  1.9244E+06  0.0000E+00 -2.0000E-03   1   5
  5.2026E-07  7.5635E-07  1.5304E-04 -3.3561E+05 -1.8155E+05 -2.6012E+06  0.0000E+00 -2.0000E-03   1   5
 -1.0953E-06 -4.0879E-06 -1.8792E-04  3.8851E+05  2.6656E+05  6.7717E+06  0.0000E+00 -2.0000E-03   1   5
  2.0862E-06  1.2864E-06  1.0591E-04  9.8427E+05 -8.3603E+05 -6.7682E+06  0.0000E+00 -2.0000E-03   1   5
  1.5898E-06  9.9144E-07  4.7628E-05 -1.8279E+05 -3.5345E+05 -3.6673E+06  0.0000E+00 -2.0000E-03   1   5
 -1.2426E-06  3.7382E-06 -1.9282E-05  2.4734E+05 -1.3316E+04 -4.7478E+06  0.0000E+00 -2.0000E-03   1   5
  2.8333E-06  1.2752E-06  6.8620E-05 -2.5714E+05 -1.2463E+05  2.5379E+06  0.0000E+00 -2.0000E-03   1   5
 -2.8574E-06 -8.1517E-07 -1.7704E-05  1.5156E+05 -2.8589E+05  7.6674E+05  0.0000E+00 -2.0000E-03   1   5
 -5.9833E-07  5.4772E-07 -4.8272E-05 -1.3182E+03  5.5757E+05  5.9018E+06  0.0000E+00 -2.0000E-03   1   5
 -3.3585E-06 -6.5012E-07 -7.2374E-05 -3.6630E+05 -3.0586E+04 -5.7580E+06  0.0000E+00 -2.0000E-03   1   5
  2.5736E-06  1.6382E-06  7.8208E-05 -8.9645E+04 -1.2427E+04 -1.0361E+06  0.0000E+00 -2.0000E-03   1   5
 -1.3472E-06  2.5582E-06  1.4718E-04 -3.4567E+05 -1.7391E+04 -3.3435E+06  0.0000E+00 -2.0000E-03   1   5
 -9.5902E-07  2.4858E-06  1.5752E-04  3.2967E+05  4.1386E+05  4.9434E+06  0.0000E+00 -2.0000E-03   1   5
 -9.7447E-07  8.9905E-07 -5.5209E-05 -1.0992E+05 -6.2423E+04  2.1124E+06  0.0000E+00 -2.0000E-03   1   5
 -4.5557E-07 -6.1082E-07  4.2581E-05 -5.6424E+05 -8.2101E+04 -1.4349E+06  0.0000E+00 -2.0000E-03   1   5
 -3.9972E-06  7.9229E-07 -5.2268E-06  3.0939E+05 -1.5033E+05  7.5925E+05  0.0000E+00 -2.0000E-03   1   5
  3.4386E-06  2.9243E-06 -4.1846E-05 -1.9609E+05  1.7876E+05  2.7885E+06  0.0000E+00 -2.0000E-03   1   5
 -1.9070E-06 -6.8476E-07  2.1670E-05 -6.1984E+05 -6.2092E+05 -1.5236E+06  0.0000E+00 -2.0000E-03   1   5
  1.4517E-06  1.3574E-06  8.3749E-05 -2.9687E+05  3.1352E+05  1.7551E+06  0.0000E+00 -2.0000E-03   1   5
  4.0251E-07 -6.1897E-08 -6.2582E-05 -1.3438E+05 -1.8379E+05 -8.8644E+05  0.0000E+00 -2.0000E-03   1   5
  9.9784E-07  2.0882E-07  3.8746E-05  1.0659E+05 -1.4468E+05 -9.1653E+05  0.0000E+00 -2.0000E-03   1   5
  1.3578E-06  6.0140E-07 -5.5756E-06  1.7619E+05  2.8922E+05  2.4948E+06  0.0000E+00 -2.0000E-03   1   5
 -3.5920E-06 -1.3220E-06  1.3378E-05 -5.1106E+04 -6.3381E+03  3.9357E+06  0.0000E+00 -2.0000E-03   1   5
  3.1848E-06  2.0417E-06  1.8420E-05 -6.3348E+04  3.0349E+05 -3.1392E+06  0.0000E+00 -2.0000E-03   1   5
 -1.2804E-06  2.0412E-06 -1.6668E-04 -2.0527E+05 -3.0224E+05 -1.5924E+05  0.0000E+00 -2.0000E-03   1   5
 -2.4587E-06 -1.8897E-06 -1.5135E-05  6.7632E+04  1.6459E+05  3.6150E+06  0.0000E+00 -2.0000E-03   1   5
  4.0638E-06  1.2560E-06  1.2075E-05 -1.3092E+04  4.1640E+04  9.4455E+05  0.0000E+00 -2.0000E-03   1   5
 -1.1228E-06  2.7099E-06 -3.4447E-05  1.5055E+05  1.2516E+05 -3.8594E+06  0.0000E+00 -2.0000E-03   1   5
 -7.8929E-07 -3.5965E-06 -9.9950E-05 -1.8583E+05 -1.7473E+04 -6.2596E+06  0.0000E+00 -2.0000E-03   1   5
  1.9696E-06 -1.1914E-06  4.6509E-05  2.1034E+05  4.6907E+05 -1.4192E+06  0.0000E+00 -2.0000E-03   1   5
 -2.7396E-06  3.7598E-06  1.8812E-04 -3.5680E+04 -2.4699E+05  9.9263E+05  0.0000E+00 -2.0000E-03   1   5
 -5.7077E-07 -4.6843E-07  1.5462E-04  2.7535E+05 -1.2144E+05  3.9325E+05  0.0000E+00 -2.0000E-03   1   5
  1.4248E-07  1.8437E-06  8.3482E-05 -8.7856E+04  4.0948E+05  2.2028E+06  0.0000E+00 -2.0000E-03   1   5
  2.8762E-07 -3.2519E-07 -7.2608E-05  2.8819E+05 -1.4684E+04 -2.3713E+06  0.0000E+00 -2.0000E-03   1   5
 -1.3208E-07 -3.7351E-06 -5.1183E-05 -4.6543E+05 -3.5553E+05 -5.2944E+06  0.0000E+00 -2.0000E-03   1   5
  4.6498E-07 -1.1956E-06 -2.9056E-05  4.0758E+04 -2.9745E+05  4.2931E+06  0.0000E+00 -2.0000E-03   1   5
 -2.4614E-06 -2.2174E-06  9.7375E-05  2.7762E+05 -1.6212E+05 -2.0755E+06  0.0000E+00 -2.0000E-03   1   5
 -3.6626E-06 -1.9999E-06 -3.7471E-05 -1.0649E+05  2.4387E+05  3.3831E+06  0.0000E+00 -2.0000E-03   1   5
  1.0890E-06  3.0298E-06  1.4779E-05 -3.6573E+05  3.8225E+05 -1.7742E+06  0.0000E+00 -2.0000E-03   1   5
  3.9168E-06 -8.4379E-07 -6.8734E-05 -4.9014E+05 -4.9515E+05 -2.0667E+06  0.0000E+00 -2.0000E-03   1   5
  9.6328E-07  1.5090E-06 -3.1235E-05 -3.1925E+05 -3.5113E+05 -1.5012E+06  0.0000E+00 -2.0000E-03   1   5
  6.1880E-08 -3.0455E-06  7.4562E-05  2.5570E+05  6.4852E+05 -1.8776E+06  0.0000E+00 -2.0000E-03   1   5
  5.7407E-07 -7.5252E-07 -1.3401E-04  1.9778E+05 -1.2436E+05  1.1494E+06  0.0000E+00 -2.0000E-03   1   5
 -2.7954E-06  1.3584E-06  1.9645E-04 -1.2401E+05 -6.2865E+04 -2.2769E+06  0.0000E+00 -2.0000E-03   1   5
  1.2551E-06 -3.2130E-06 -6.6126E-05  2.6442E+02 -6.0063E+05  1.8287E+05  0.0000E+00 -2.0000E-03   1   5
 -1.0066E-06 -1.4415E-06 -1.8951E-04  1.3862E+04  1.9101E+05  6.0425E+05  0.0000E+00 -2.0000E-03   1   5
  1.1222E-06 -1.5370E-07  7.5135E-05 -5.3581E+05 -3.5619E+05 -4.5761E+05  0.0000E+00 -2.0000E-03   1   5
 -2.2343E-06 -2.9659E-06  5.2108E-05  5.0057E+05 -2.1753E+05 -5.3813E+06  0.0000E+00 -2.0000E-03   1   5
 -1.5703E-06  1.2331E-06  8.8228E-05 -2.6769E+05  2.0210E+05  1.8410E+06  0.0000E+00 -2.0000E-03   1   5
 -2.1552E-06  3.7339E-07  5.7964E-05 -1.9805E+05 -6.1784E+04 -1.0599E+06  0.0000E+00 -2.0000E-03   1   5
 -2.2911E-06 -4.1178E-07 -5.8134E-05  7.7062E+05  4.3234E+05  2.9777E+06  0.0000E+00 -2.0000E-03   1   5
 -2.1672E-06  8.9846E-07 -1.0904E-04  2.9564E+04 -2.1820E+04 -7.9434E+05  0.0000E+00 -2.0000E-03   1   5
 -2.1485E-06 -2.0629E-06  4.9529E-05  2.3463E+05  6.4616E+04 -5.1206E+06  0.0000E+00 -2.0000E-03   1   5
  7.3122E-07  2.8954E-06 -9.9060E-05  3.0019E+05 -3.5844E+05 -1.6316E+05  0.0000E+00 -2.0000E-03   1   5
  1.7250E-06 -4.7977E-07  1.0143E-04  4.2656E+04  5.8009E+05 -2.8970E+06  0.0000E+00 -2.0000E-03   1   5
  1.9965E-07 -4.3659E-07  1.4413E-04  3.9301E+04  5.5747E+04  3.4154E+06  0.0000E+00 -2.0000E-03   1   5
 -4.6739E-07  1.9614E-06 -4.1010E-05  3.0133E+04 -8.4880E+04  1.0301E+06  0.0000E+00 -2.0000E-03   1   5
 -7.6522E-07 -1.3320E-06  4.7143E-05  2.6940E+05 -3.5355E+05  3.0860E+06  0.0000E+00 -2.0000E-03   1   5
 -6.5057E-07 -7.4376E-07  1.3078E-04 -4.9673E+04  3.7224E+05 -2.5678E+06  0.0000E+00 -2.0000E-03   1   5
  5.5485E-07  2.6368E-06  4.2698E-05  3.9396E+05  1.9300E+05  1.9539E+06  0.0000E+00 -2.0000E-03   1   5
  5.1931E-06  1.7009E-06 -1.3690E-05 -5.2645E+05  4.7276E+05  2.2521E+06  0.0000E+00 -2.0000E-03   1   5
 -1.1444E-06 -1.0983E-06  1.6365E-05  1.2399E+05  3.0185E+05  2.7882E+06  0.0000E+00 -2.0000E-03   1   5
 -4.2567E-06  1.4327E-06 -2.8096E-06 -9.6673E+04 -1.3767E+05  2.1343E+06  0.0000E+00 -2.0000E-03   1   5
  1.5175E-06  1.4967E-06  8.1913E-05 -1.7751E+05  2.2033E+05  1.0501E+06  0.0000E+00 -2.0000E-03   1   5
  2.9515E-06 -1.1518E-06 -1.9647E-04 -1.0366E+05  9.7696E+04  3.6905E+05  0.0000E+00 -2.0000E-03   1   5
  1.2041E-06 -1.4584E-06 -1.1128E-04 -3.1229E+05  2.1143E+05 -2.1474E+06  0.0000E+00 -2.0000E-03   1   5
 -2.1593E-07 -4.1129E-06  1.2447E-04 -2.7923E+05  5.1596E+05 -9.2324E+05  0.0000E+00 -2.0000E-03   1   5
  2.0173E-06  5.4711E-06  1.1205E-04 -3.8915E+05  2.6373E+05  5.6182E+05  0.0000E+00 -2.0000E-03   1   5
 -3.3376E-06  1.3143E-06 -1.2300E-04  1.0127E+05 -2.2104E+05 -8.8113E+05  0.0000E+00 -2.0000E-03   1   5
  9.9637E-07  7.9577E-07 -1.1955E-04  1.4292E+05 -1.3486E+05  4.0174E+06  0.0000E+00 -2.0000E-03   1   5
 -3.2243E-06  1.4527E-06  7.0212E-05  1.9617E+05  5.1117E+04 -2.1931E+06  0.0000E+00 -2.0000E-03   1   5
  7.5762E-07 -2.7986E-06  1.1531E-04 -2.7965E+04 -5.1507E+05 -1.5725E+06  0.0000E+00 -2.0000E-03   1   5
 -1.5851E-06 -3.1784E-07 -9.4070E-05 -4.8357E+05 -1.1140E+05 -3.8481E+06  0.0000E+00 -2.0000E-03   1   5
 -5.6879E-07 -1.8702E-06  6.9684E-05  3.0453E+04  1.9290E+05  3.3798E+05  0.0000E+00 -2.0000E-03   1   5
  4.7783E-07 -1.4203E-06 -8.2601E-05  2.3897E+05  3.2015E+05 -5.0831E+04  0.0000E+00 -2.0000E-03   1   5
  1.9680E-06 -1.0908E-06  4.4930E-05  4.8226E+05  1.8153E+05  2.2915E+06  0.0000E+00 -2.0000E-03   1   5
 -4.5842E-07 -2.9665E-06  3.7358E-05  4.2558E+05 -3.3954E+05 -1.0587E+06  0.0000E+00 -2.0000E-03   1   5
  1.1260E-06 -5.1689E-07 -8.9437E-05  4.7850E+05 -2.8230E+05  4.9201E+05  0.0000E+00 -2.0000E-03   1   5
 -2.6645E-06  2.9544E-06 -9.3096E-05  2.2943E+04  1.8914E+05  4.1909E+05  0.0000E+00 -2.0000E-03   1   5
 -2.0423E-06  1.4666E-06  7.9533E-05  2.9293E+05 -1.9164E+03  4.3573E+06  0.0000E+00 -2.0000E-03   1   5
 -7.9237E-07  5.8392E-07  4.2590E-05  7.9414E+03 -2.3067E+05  2.5792E+06  0.0000E+00 -2.0000E-03   1   5
  1.1759E-06  5.8854E-07 -1.1535E-04  7.6552E+04 -4.4274E+05  5.5962E+05  0.0000E+00 -2.0000E-03   1   5
 -1.6993E-06 -3.9462E-06  1.3619E-04 -6.1661E+05  5.1158E+05  4.3134E+06  0.0000E+00 -2.0000E-03   1   5
  1.1770E-07 -1.1719E-06  8.0930E-05  4.0013E+05  1.6479E+05 -1.6058E+06  0.0000E+00 -2.0000E-03   1   5
 -2.1900E-06 -1.6053E-06 -2.8684E-05  1.0845E+05 -1.3209E+04 -1.9918E+06  0.0000E+00 -2.0000E-03   1   5
 -1.8644E-06  1.1981E-08 -4.9686E-05  3.8907E+04 -5.3899E+05  1.9639E+06  0.0000E+00 -2.0000E-03   1   5
  3.4458E-06  1.5237E-06  6.1398E-06 -6.4344E+04  5.5692E+05 -4.4557E+06  0.0000E+00 -2.0000E-03   1   5
 -1.8258E-06 -4.2352E-08  3.3539E-05  7.3659E+04 -1.3724E+04 -2.2672E+04  0.0000E+00 -2.0000E-03   1   5
 -1.8395E-06 -9.3133E-07 -1.0492E-05 -4.5236E+05  1.3586E+05 -3.4171E+06  0.0000E+00 -2.0000E-03   1   5
 -6.0870E-07 -2.3293E-06 -6.6483E-06  8.1488E+03  7.3303E+05  2.6097E+06  0.0000E+00 -2.0000E-03   1   5
  3.0149E-08  1.3333E-06 -2.3948E-05 -4.8146E+04  3.8221E+02  1.3877E+06  0.0000E+00 -2.0000E-03   1   5
 -2.5467E-06 -1.7521E-06  8.9986E-05  4.7547E+05  2.5132E+05  6.3687E+06  0.0000E+00 -2.0000E-03   1   5
 -1.0134E-06  2.3417E-06 -3.1760E-05  5.2424E+04  2.1798E+05  1.6120E+05  0.0000E+00 -2.0000E-03   1   5
 -1.4836E-06 -2.7532E-08  4.3390E-05 -2.5437E+05 -1.7498E+05  5.0838E+06  0.0000E+00 -2.0000E-03   1   5
 -2.4595E-06 -8.8306E-07  1.0455E-04 -7.0536E+04  2.1139E+05 -2.3908E+06  0.0000E+00 -2.0000E-03   1   5
  9.7602E-08 -1.1716E-06 -6.3182E-05  1.1792E+05 -2.1156E+05  5.1902E+06  0.0000E+00 -2.0000E-03   1   5
 -1.3103E-06  8.5657E-07  9.9101E-05 -3.6391E+05  6.9791E+04 -2.4030E+06  0.0000E+00 -2.0000E-03   1   5
 -9.1949E-07 -1.3791E-06 -1.0716E-04 -3.3980E+05  4.2908E+05  1.0208E+05  0.0000E+00 -2.0000E-03   1   5
  1.5323E-06 -1.5989E-06  3.7022E-05  1.0557E+05  5.4837E+04  5.9013E+05  0.0000E+00 -2.0000E-03   1   5
  1.0197E-06 -3.5225E-06  1.5020E-05  1.1889E+05  2.1095E+05 -1.4630E+06  0.0000E+00 -2.0000E-03   1   5
  2.1835E-08  9.9945E-07  9.8202E-05  2.5248E+05 -1.9358E+05 -1.6333E+06  0.0000E+00 -2.0000E-03   1   5
 -2.0918E-06 -8.8155E-07  4.8404E-05 -1.5573E+05  5.5300E+05 -4.1388E+06  0.0000E+00 -2.0000E-03   1   5
 -3.5695E-06  2.1181E-06 -2.7057E-04  2.5194E+05  5.8797E+04 -4.7645E+06  0.0000E+00 -2.0000E-03   1   5
  2.4014E-06  8.5735E-07  4.1646E-05  5.1203E+04 -7.0769E+04 -5.4598E+06  0.0000E+00 -2.0000E-03   1   5
  1.5258E-06  1.1243E-06 -1.2151E-05  4.9337E+05 -1.0464E+05  1.2433E+06  0.0000E+00 -2.0000E-03   1   5
 -1.8424E-06  7.8308E-07 -7.0005E-05 -1.2345E+04  1.1976E+05 -5.0876E+06  0.0000E+00 -2.0000E-03   1   5
 -3.5328E-06 -4.8425E-07  1.4228E-05 -1.3779E+05  3.2136E+05 -2.4959E+06  0.0000E+00 -2.0000E-03   1   5
 -2.8055E-07  2.3654E-06  5.5967E-05  5.0105E+05 -5.0206E+04  4.6740E+06  0.0000E+00 -2.0000E-03   1   5
  2.0219E-06 -8.1232E-07 -1.3305E-04  4.0256E+05 -1.8892E+05  1.1395E+06  0.0000E+00 -2.0000E-03   1   5
 -7.1644E-07 -1.0497E-06  1.0157E-04 -7.4596E+05 -3.6573E+05 -4.4659E+06  0.0000E+00 -2.0000E-03   1   5
 -9.2976E-07 -1.9432E-06  7.1284E-06 -3.1065E+05 -2.9632E+05  8.1354E+05  0.0000E+00 -2.0000E-03   1   5
 -3.4075E-06 -1.5489E-06 -4.3536E-05 -3.7373E+04  9.6930E+04  1.3519E+06  0.0000E+00 -2.0000E-03   1   5
 -2.8631E-06 -1.9386E-06  1.8597E-04 -8.3171E+04 -8.2192E+04 -4.6824E+06  0.0000E+00 -2.0000E-03   1   5
  6.7792E-07  3.5967E-06 -1.6760E-04 -6.9495E+05  3.9868E+05  3.9982E+06  0.0000E+00 -2.0000E-03   1   5
 -9.3811E-07 -2.1149E-06 -1.5456E-05 -2.7159E+05 -4.8836E+05  8.9768E+05  0.0000E+00 -2.0000E-03   1   5
  2.2076E-06  1.6105E-06  2.4793E-05  3.0910E+05  4.0223E+04  5.0936E+06  0.0000E+00 -2.0000E-03   1   5
 -7.5465E-07 -1.5656E-06  1.0680E-04  3.5555E+05 -6.4178E+05  8.4212E+05  0.0000E+00 -2.0000E-03   1   5
 -2.7097E-06 -2.3697E-06 -3.4306E-05  6.0866E+04 -1.8820E+05  6.5624E+05  0.0000E+00 -2.0000E-03   1   5
  2.9863E-06  4.4093E-07  1.3945E-04  2.1604E+05  3.2056E+05 -1.3160E+06  0.0000E+00 -2.0000E-03   1   5
 -2.6577E-06  1.3858E-07 -2.4711E-04 -4.1755E+05 -2.4665E+05 -3.3466E+06  0.0000E+00 -2.0000E-03   1   5
  1.2347E-06 -2.7593E-06 -7.4768E-05  9.1049E+04  1.5384E+05 -2.8570E+06  0.0000E+00 -2.0000E-03   1   5
 -3.0700E-06 -1.6213E-06  6.1236E-07  1.6482E+05  6.6245E+04  1.0050E+06  0.0000E+00 -2.0000E-03   1   5
 -1.1302E-06  1.2831E-06  1.5554E-04  2.0839E+05  3.6464E+05  1.4285E+05  0.0000E+00 -2.0000E-03   1   5
 -2.7448E-06 -1.1581E-06 -5.5751E-05 -4.2512E+05 -3.3178E+04 -4.7676E+06  0.0000E+00 -2.0000E-03   1   5
 -1.2253E-06 -1.0354E-06 -6.6578E-05  2.8684E+04 -2.2199E+05 -1.0404E+06  0.0000E+00 -2.0000E-03   1   5
 -2.2954E-07  6.2054E-06  1.0788E-04 -7.4258E+05 -1.6547E+05 -3.2932E+06  0.0000E+00 -2.0000E-03   1   5
  5.0976E-07  1.2988E-06 -2.0213E-04 -6.6006E+03  1.3112E+05 -4.8276E+06  0.0000E+00 -2.0000E-03   1   5
 -3.2191E-06 -1.5417E-06 -4.7131E-05 -3.1183E+05  2.5239E+05  3.1584E+06  0.0000E+00 -2.0000E-03   1   5
  4.3830E-07 -3.9101E-06  1.8256E-05  2.3991E+05  1.4504E+05 -2.1437E+05  0.0000E+00 -2.0000E-03   1   5
  1.5445E-07 -4.6492E-06 -4.9865E-05  3.2148E+05 -2.4040E+04  5.8481E+05  0.0000E+00 -2.0000E-03   1   5
 -1.5549E-06 -4.0177E-06 -3.6234E-05 -6.2463E+05  2.1591E+05  7.3119E+06  0.0000E+00 -2.0000E-03   1   5
  3.6591E-06  2.0253E-06 -2.6310E-04 -2.8470E+05  2.1351E+05  2.1950E+06  0.0000E+00 -2.0000E-03   1   5
  5.9921E-07  2.3162E-06 -2.3184E-05  2.7927E+05  5.0617E+04  2.9327E+06  0.0000E+00 -2.0000E-03   1   5
 -6.0259E-07  9.0952E-07  8.1349E-05 -1.3559E+05  4.6020E+04  4.3778E+04  0.0000E+00 -2.0000E-03   1   5
  8.4489E-07  1.4802E-06  1.4030E-04  3.6834E+04  5.9419E+05  1.7063E+06  0.0000E+00 -2.0000E-03   1   5
  5.0616E-08  2.2090E-07 -9.0761E-05  3.4616E+05 -6.4396E+03  2.9861E+06  0.0000E+00 -2.0000E-03   1   5
 -4.0517E-08 -1.3850E-06  1.1781E-04  1.9336E+04  1.3943E+04  1.7170E+06  0.0000E+00 -2.0000E-03   1   5
 -8.4339E-07 -1.2945E-06  9.7764E-05  4.6787E+04  5.7954E+05 -3.2739E+06  0.0000E+00 -2.0000E-03   1   5
  8.8601E-07  2.9518E-06  1.5821E-04 -2.0517E+05  5.0780E+04  7.4582E+05  0.0000E+00 -2.0000E-03   1   5
 -6.5458E-08  1.0034E-06 -1.6778E-05 -6.6558E+04  2.6849E+05 -3.8955E+06  0.0000E+00 -2.0000E-03   1   5
  1.0466E-06  1.7460E-06  2.0500E-04  2.7377E+04 -9.1226E+04  4.1649E+06  0.0000E+00 -2.0000E-03   1   5
 -8.1182E-07  4.6862E-07  7.2960E-05 -6.5511E+04 -1.8816E+05  3.1228E+05  0.0000E+00 -2.0000E-03   1   5
 -1.6000E-06 -2.0806E-06  9.6910E-05 -2.7005E+05 -8.3870E+05  6.0053E+06  0.0000E+00 -2.0000E-03   1   5
 -9.8695E-07  1.3024E-06 -7.3660E-05  1.4458E+05  2.3559E+04  6.0138E+06  0.0000E+00 -2.0000E-03   1   5
  2.2596E-06 -2.3255E-06 -1.7219E-04 -7.6048E+04  6.8373E+05  1.1262E+06  0.0000E+00 -2.0000E-03   1   5
 -2.4239E-06 -9.1482E-07 -3.7999E-05  1.4930E+05 -1.0924E+05 -6.4822E+05  0.0000E+00 -2.0000E-03   1   5
  3.0458E-06 -1.2015E-06  1.5742E-04 -7.1610E+05 -2.8290E+05  5.6106E+05  0.0000E+00 -2.0000E-03   1   5
  1.4168E-06  6.5517E-06 -1.2346E-05  1.2243E+05  1.8306E+05  4.0794E+06  0.0000E+00 -2.0000E-03   1   5
 -1.1258E-06 -6.8301E-07 -3.6973E-05  2.1587E+05  1.8449E+04 -2.5551E+06  0.0000E+00 -2.0000E-03   1   5
  1.1863E-06 -1.9990E-06  5.8026E-06 -2.5823E+05  2.8332E+05  3.0061E+06  0.0000E+00 -2.0000E-03   1   5
 -4.4915E-06 -1.2072E-06 -2.4004E-04 -4.3801E+05 -6.8473E+03  7.0857E+05  0.0000E+00 -2.0000E-03   1   5
 -2.9611E-06  4.2123E-08  8.8936E-05  3.5210E+04 -1.6676E+05  5.4638E+06  0.0000E+00 -2.0000E-03   1   5
  2.0955E-06  9.0276E-07  1.0358E-04  3.1794E+05  4.7770E+05  1.6466E+06  0.0000E+00 -2.0000E-03   1   5
  2.1354E-06  5.3108E-06 -1.6501E-05  7.5329E+05 -3.6227E+05  3.1004E+06  0.0000E+00 -2.0000E-03   1   5
 -7.7284E-07  1.1917E-06 -1.6681E-05 -4.3927E+05  6.6828E+05 -6.2986E+06  0.0000E+00 -2.0000E-03   1   5
  1.4425E-07  2.4628E-06  6.0194E-05  1.0413E+05 -7.8006E+04  4.0928E+06  0.0000E+00 -2.0000E-03   1   5
 -1.1800E-06 -9.4851E-07  9.9265E-05  6.4981E+04  2.8203E+05 -1.7702E+05  0.0000E+00 -2.0000E-03   1   5
  2.5993E-06  1.0965E-06 -9.2702E-05  5.8645E+04 -6.7887E+04 -2.4883E+06  0.0000E+00 -2.0000E-03   1   5
  7.9122E-08  7.0170E-07  1.2531E-04 -8.0700E+04  1.5062E+05 -1.6163E+05  0.0000E+00 -2.0000E-03   1   5
 -4.7869E-06  6.4045E-07 -5.3178E-05 -1.4869E+05 -1.3675E+04 -2.0677E+06  0.0000E+00 -2.0000E-03   1   5
  1.0154E-06  1.3551E-06 -1.5980E-04 -2.8799E+05  3.3608E+05 -5.2832E+06  0.0000E+00 -2.0000E-03   1   5
 -1.6332E-06  8.5606E-08 -5.4808E-05  8.2572E+04 -1.3286E+05 -4.0715E+05  0.0000E+00 -2.0000E-03   1   5
  1.9077E-06 -5.1992E-07  4.0993E-05  5.8825E+04 -4.8334E+05 -3.2717E+06  0.0000E+00 -2.0000E-03   1   5
 -1.1114E-06 -2.4532E-06  1.2915E-04 -3.6765E+05 -1.2393E+05  8.3668E+03  0.0000E+00 -2.0000E-03   1   5
 -1.1480E-07 -5.0331E-07 -4.3233E-07  2.1296E+04  3.7098E+04 -1.8240E+06  0.0000E+00 -2.0000E-03   1   5
  1.3511E-06 -1.1676E-06  5.5230E-05  2.0052E+05  2.9249E+04  5.4006E+06  0.0000E+00 -2.0000E-03   1   5
 -5.0610E-06  6.7987E-07  8.6774E-05  8.3872E+05 -1.9784E+05 -4.2784E+06  0.0000E+00 -2.0000E-03   1   5
  2.2162E-06 -7.2337E-07  2.0407E-04  9.3194E+04  5.9493E+05 -8.6423E+05  0.0000E+00 -2.0000E-03   1   5
 -8.4102E-07 -3.9350E-06 -6.3749E-05  6.5008E+04  5.3900E+04  3.6563E+06  0.0000E+00 -2.0000E-03   1   5
  2.1958E-06 -5.8945E-08  1.2567E-04 -3.1263E+05 -1.3468E+04  1.6681E+06  0.0000E+00 -2.0000E-03   1   5
  3.6755E-07  3.4793E-06 -6.9960E-05  3.0656E+05 -6.9244E+04  1.2048E+06  0.0000E+00 -2.0000E-03   1   5
  1.9500E-06 -1.6177E-06 -8.5123E-05  3.6463E+05  5.5094E+05  2.0967E+06  0.0000E+00 -2.0000E-03   1   5
 -2.0640E-07  2.6796E-06  1.4292E-04  6.8920E+05  3.0244E+05 -4.1513E+06  0.0000E+00 -2.0000E-03   1   5
 -1.6342E-06 -2.8749E-06 -6.5472E-05  8.6908E+05  1.2941E+05  3.6649E+06  0.0000E+00 -2.0000E-03   1   5
  7.2747E-07 -6.3180E-07 -1.6189E-05  9.4941E+04 -2.3848E+05 -5.6013E+06  0.0000E+00 -2.0000E-03   1   5
  1.2296E-06  3.1282E-07 -1.2269E-04  3.1966E+05 -1.6972E+05 -2.0146E+05  0.0000E+00 -2.0000E-03   1   5
  2.1559E-06  3.3548E-06 -4.0362E-05 -2.4944E+05  1.1834E+04 -1.9465E+05  0.0000E+00 -2.0000E-03   1   5
 -2.5920E-06  5.4943E-07 -3.4565E-06 -1.5039E+05 -4.1706E+05 -5.8024E+06  0.0000E+00 -2.0000E-03   1   5
  2.7195E-07 -4.9489E-07 -4.8249E-05  1.7610E+05  5.7280E+04  5.8573E+05  0.0000E+00 -2.0000E-03   1   5
  3.7401E-06 -2.6924E-06  4.1232E-06 -2.6202E+05  1.2016E+05  1.4084E+06  0.0000E+00 -2.0000E-03   1   5
 -2.4795E-06  1.6534E-06 -1.2322E-04  2.1913E+05 -8.8668E+04  8.9832E+05  0.0000E+00 -2.0000E-03   1   5
 -4.8219E-07  6.9027E-07 -8.9451E-05  7.3542E+04 -4.5381E+05 -6.4239E+05  0.0000E+00 -2.0000E-03   1   5
  1.5906E-06  3.2187E-06  7.2557E-05 -1.3203E+05 -4.7690E+05  1.1944E+05  0.0000E+00 -2.0000E-03   1   5
  6.1454E-07 -1.1160E-06 -1.8322E-04 -8.4675E+04 -1.5520E+05  3.5820E+06  0.0000E+00 -2.0000E-03   1   5
 -5.9360E-06 -1.8386E-06 -2.7144E-04 -1.0223E+05  2.2083E+05  1.4371E+06  0.0000E+00 -2.0000E-03   1   5
  2.3400E-06 -9.8736E-07 -5.2913E-06 -2.5248E+05  1.6358E+05  5.4450E+06  0.0000E+00 -2.0000E-03   1   5
  5.3486E-07  6.2803E-07  8.8134E-05 -3.1070E+05 -3.7021E+05 -1.3565E+06  0.0000E+00 -2.0000E-03   1   5
  9.3030E-07  8.7076E-07 -1.9633E-05 -3.8298E+04 -2.3521E+05  1.9822E+06  0.0000E+00 -2.0000E-03   1   5
 -1.8949E-06 -1.0868E-06 -2.2133E-04 -7.7051E+05  3.6534E+05  2.8073E+05  0.0000E+00 -2.0000E-03   1   5
  5.0208E-06 -1.5922E-06 -9.1471E-05  6.0454E+04 -4.8446E+04 -3.8536E+06  0.0000E+00 -2.0000E-03   1   5
 -2.4516E-06 -1.5616E-06 -3.1365E-04 -1.9902E+04 -1.8024E+05  2.2128E+06  0.0000E+00 -2.0000E-03   1   5
 -2.5629E-06  1.3804E-06  1.4694E-05 -1.0013E+05 -6.8266E+02 -1.2136E+06  0.0000E+00 -2.0000E-03   1   5
  1.9012E-06  3.5220E-08  4.3524E-05  1.6136E+05  3.3236E+05 -3.6469E+06  0.0000E+00 -2.0000E-03   1   5
 -2.6256E-06  5.3460E-07  9.9116E-05  2.3474E+05  1.3266E+05  1.7486E+06  0.0000E+00 -2.0000E-03   1   5
 -1.1662E-06 -3.9513E-06 -5.0868E-05  3.4481E+05  1.1632E+05 -2.4478E+06  0.0000E+00 -2.0000E-03   1   5
  7.9981E-07  2.3904E-06 -5.6827E-05 -2.7902E+05  1.4453E+05  2.3892E+06  0.0000E+00 -2.0000E-03   1   5
  1.5093E-06 -2.4273E-08  4.6484E-05 -2.1535E+05 -2.8666E+05  3.1032E+06  0.0000E+00 -2.0000E-03   1   5
  8.5052E-08 -3.9287E-07  1.0476E-05  3.2333E+05 -2.3927E+04 -3.5447E+06  0.0000E+00 -2.0000E-03   1   5
 -9.3440E-08 -5.5036E-07 -2.2341E-04 -9.7141E+04  1.7338E+05 -1.6781E+06  0.0000E+00 -2.0000E-03   1   5
 -1.2562E-08  7.4726E-07  2.4241E-05  2.5022E+05  4.1052E+04 -2.0784E+06  0.0000E+00 -2.0000E-03   1   5
  3.2575E-06 -3.1764E-06 -2.0625E-05 -8.4739E+05  1.3924E+05 -2.5033E+06  0.0000E+00 -2.0000E-03   1   5
  5.1676E-07  1.3772E-06 -7.5240E-05  5.4025E+05 -2.4641E+05 -1.8023E+06  0.0000E+00 -2.0000E-03   1   5
  5.4979E-07  6.6421E-07 -6.4073E-05  2.8300E+04  1.7752E+05  1.6457E+06  0.0000E+00 -2.0000E-03   1   5
  3.6302E-07 -1.0501E-07  4.6310E-05 -5.3697E+05  3.6736E+04 -4.7725E+06  0.0000E+00 -2.0000E-03   1   5
  1.0407E-06  7.4524E-08 -1.3294E-04 -1.2632E+05 -3.1144E+05 -3.3897E+06  0.0000E+00 -2.0000E-03   1   5
  1.4678E-06 -1.4919E-07 -9.6808E-05  1.6763E+05 -4.3736E+05 -4.0576E+06  0.0000E+00 -2.0000E-03   1   5
 -3.1336E-06  4.3137E-07 -4.3573E-05  3.4018E+05 -7.8165E+05  3.7239E+06  0.0000E+00 -2.0000E-03   1   5
  1.9007E-06 -2.1529E-06  4.2074E-05  2.7040E+05  7.4728E+04  1.3170E+06  0.0000E+00 -2.0000E-03   1   5
  1.0909E-07 -1.4911E-07  4.7269E-05 -3.1119E+05 -8.9301E+04 -4.2527E+05  0.0000E+00 -2.0000E-03   1   5
 -1.7053E-06 -2.2285E-06  3.1669E-05  5.3177E+04 -2.9226E+05  3.0354E+06  0.0000E+00 -2.0000E-03   1   5
  1.5039E-06  2.6435E-06 -7.4533E-05 -1.0662E+05  1.6344E+05  3.0206E+06  0.0000E+00 -2.0000E-03   1   5
  1.7315E-06  2.2525E-06 -1.3328E-04  5.9800E+05  3.0375E+05 -1.6596E+06  0.0000E+00 -2.0000E-03   1   5
