  1.1694E-10  0.0000E+00  6.7856E-08  2.0000E-03  6.6667E-07  1.1742E+00  7.5486E-13
  2.9080E-03  9.7000E-03  6.7856E-08  2.0000E-03  6.6667E-07  1.1742E+00  1.4011E-12
  5.9059E-03  1.9700E-02  6.7855E-08  2.0000E-03  6.6667E-07  1.1742E+00  2.0673E-12
  8.9038E-03  2.9700E-02  6.7855E-08  2.0000E-03  6.6667E-07  1.1742E+00  2.7335E-12
  1.1902E-02  3.9700E-02  6.7854E-08  2.0000E-03  6.6667E-07  1.1742E+00  3.3997E-12
  1.4930E-02  4.9800E-02  6.7854E-08  2.0000E-03  6.6667E-07  1.1742E+00  4.0726E-12
  1.7928E-02  5.9800E-02  6.7853E-08  2.0000E-03  6.6667E-07  1.1742E+00  4.7388E-12
  2.0926E-02  6.9800E-02  6.7853E-08  2.0000E-03  6.6667E-07  1.1742E+00  5.4050E-12
  2.3923E-02  7.9800E-02  6.7852E-08  2.0000E-03  6.6667E-07  1.1742E+00  6.0712E-12
  2.6921E-02  8.9800E-02  6.7852E-08  2.0000E-03  6.6667E-07  1.1742E+00  6.7374E-12
  2.9919E-02  9.9800E-02  6.7851E-08  2.0000E-03  6.6667E-07  1.1742E+00  7.4036E-12
  3.2917E-02  1.0980E-01  6.7851E-08  2.0000E-03  6.6667E-07  1.1742E+00  8.0698E-12
  3.5915E-02  1.1980E-01  6.7850E-08  2.0000E-03  6.6667E-07  1.1742E+00  8.7360E-12
  3.8913E-02  1.2980E-01  6.7850E-08  2.0000E-03  6.6667E-07  1.1742E+00  9.4022E-12
  4.1911E-02  1.3980E-01  6.7850E-08  2.0000E-03  6.6667E-07  1.1742E+00  1.0068E-11
  4.4909E-02  1.4980E-01  6.7849E-08  2.0000E-03  6.6667E-07  1.1742E+00  1.0735E-11
  4.7907E-02  1.5980E-01  6.7849E-08  2.0000E-03  6.6667E-07  1.1742E+00  1.1401E-11
  5.0905E-02  1.6980E-01  6.7848E-08  2.0000E-03  6.6667E-07  1.1742E+00  1.2067E-11
  5.3903E-02  1.7980E-01  6.7848E-08  2.0000E-03  6.6667E-07  1.1742E+00  1.2733E-11
  5.6901E-02  1.8980E-01  6.7847E-08  2.0000E-03  6.6667E-07  1.1742E+00  1.3399E-11
  5.9929E-02  1.9990E-01  6.7847E-08  2.0000E-03  6.6667E-07  1.1742E+00  1.4072E-11
  6.2926E-02  2.0990E-01  6.7846E-08  2.0000E-03  6.6667E-07  1.1742E+00  1.4739E-11
  6.5924E-02  2.1990E-01  6.7846E-08  2.0000E-03  6.6667E-07  1.1742E+00  1.5405E-11
  6.8922E-02  2.2990E-01  6.7845E-08  2.0000E-03  6.6667E-07  1.1742E+00  1.6071E-11
  7.1920E-02  2.3990E-01  6.7845E-08  2.0000E-03  6.6667E-07  1.1742E+00  1.6737E-11
  7.4918E-02  2.4990E-01  6.7844E-08  2.0000E-03  6.6667E-07  1.1742E+00  1.7403E-11
  7.7916E-02  2.5990E-01  6.7844E-08  2.0000E-03  6.6667E-07  1.1742E+00  1.8070E-11
  8.0914E-02  2.6990E-01  6.7844E-08  2.0000E-03  6.6667E-07  1.1742E+00  1.8736E-11
  8.3912E-02  2.7990E-01  6.7843E-08  2.0000E-03  6.6667E-07  1.1742E+00  1.9402E-11
  8.6910E-02  2.8990E-01  6.7843E-08  2.0000E-03  6.6667E-07  1.1742E+00  2.0068E-11
  8.9908E-02  2.9990E-01  6.7842E-08  2.0000E-03  6.6667E-07  1.1742E+00  2.0734E-11
  9.2906E-02  3.0990E-01  6.7842E-08  2.0000E-03  6.6667E-07  1.1742E+00  2.1401E-11
  9.5904E-02  3.1990E-01  6.7841E-08  2.0000E-03  6.6667E-07  1.1742E+00  2.2067E-11
  9.8902E-02  3.2990E-01  6.7841E-08  2.0000E-03  6.6667E-07  1.1742E+00  2.2733E-11
  1.0193E-01  3.4000E-01  6.7840E-08  2.0000E-03  6.6667E-07  1.1742E+00  5.9632E-10
  1.0493E-01  3.5000E-01  6.7840E-08  2.0000E-03  6.6667E-07  1.1742E+00  1.4838E-09
  1.0793E-01  3.6000E-01  6.7839E-08  2.0000E-03  6.6667E-07  1.1742E+00  2.3712E-09
  1.1092E-01  3.7000E-01  6.7839E-08  2.0000E-03  6.6667E-07  1.1742E+00  3.2586E-09
  1.1392E-01  3.8000E-01  6.7838E-08  2.0000E-03  6.6668E-07  1.1742E+00  4.1461E-09
  1.1692E-01  3.9000E-01  6.7838E-08  2.0000E-03  6.6669E-07  1.1742E+00  5.0335E-09
  1.1992E-01  4.0000E-01  6.7838E-08  2.0000E-03  6.6669E-07  1.1742E+00  5.9210E-09
  1.2291E-01  4.1000E-01  6.7837E-08  2.0000E-03  6.6670E-07  1.1742E+00  6.8084E-09
  1.2591E-01  4.2000E-01  6.7837E-08  2.0000E-03  6.6671E-07  1.1742E+00  7.6958E-09
  1.2891E-01  4.3000E-01  6.7836E-08  2.0000E-03  6.6672E-07  1.1742E+00  8.5833E-09
  1.3191E-01  4.4000E-01  6.7836E-08  2.0000E-03  6.6673E-07  1.1742E+00  9.4707E-09
  1.3491E-01  4.5000E-01  6.7835E-08  2.0000E-03  6.6675E-07  1.1742E+00  1.0358E-08
  1.3790E-01  4.6000E-01  6.7835E-08  2.0000E-03  6.6676E-07  1.1742E+00  1.1246E-08
  1.4090E-01  4.7000E-01  6.7834E-08  2.0000E-03  6.6678E-07  1.1742E+00  1.2133E-08
  1.4390E-01  4.8000E-01  6.7834E-08  2.0000E-03  6.6679E-07  1.1742E+00  1.3020E-08
  1.4693E-01  4.9010E-01  6.7833E-08  2.0000E-03  6.6681E-07  1.1742E+00  1.3917E-08
  1.4993E-01  5.0010E-01  6.7833E-08  2.0000E-03  6.6683E-07  1.1742E+00  1.4804E-08
  1.5292E-01  5.1010E-01  6.7833E-08  2.0000E-03  6.6685E-07  1.1742E+00  1.5692E-08
  1.5592E-01  5.2010E-01  6.7832E-08  2.0000E-03  6.6687E-07  1.1742E+00  1.6579E-08
  1.5892E-01  5.3010E-01  6.7832E-08  2.0000E-03  6.6690E-07  1.1742E+00  1.7467E-08
  1.6192E-01  5.4010E-01  6.7831E-08  2.0000E-03  6.6692E-07  1.1742E+00  1.8354E-08
  1.6492E-01  5.5010E-01  6.7831E-08  2.0000E-03  6.6694E-07  1.1742E+00  1.9241E-08
  1.6791E-01  5.6010E-01  6.7830E-08  2.0000E-03  6.6697E-07  1.1742E+00  2.0129E-08
  1.7091E-01  5.7010E-01  6.7830E-08  2.0000E-03  6.6700E-07  1.1742E+00  2.1016E-08
  1.7391E-01  5.8010E-01  6.7829E-08  2.0000E-03  6.6703E-07  1.1742E+00  2.1904E-08
  1.7691E-01  5.9010E-01  6.7829E-08  2.0000E-03  6.6706E-07  1.1742E+00  2.2791E-08
  1.7991E-01  6.0010E-01  6.7828E-08  2.0000E-03  6.6709E-07  1.1742E+00  2.3679E-08
  1.8290E-01  6.1010E-01  6.7828E-08  2.0000E-03  6.6712E-07  1.1742E+00  2.4566E-08
  1.8590E-01  6.2010E-01  6.7827E-08  2.0000E-03  6.6715E-07  1.1742E+00  2.5453E-08
  1.8893E-01  6.3020E-01  6.7827E-08  2.0000E-03  6.6719E-07  1.1742E+00  2.6350E-08
  1.9193E-01  6.4020E-01  6.7827E-08  2.0000E-03  6.6722E-07  1.1742E+00  2.7237E-08
  1.9493E-01  6.5020E-01  6.7826E-08  2.0000E-03  6.6726E-07  1.1742E+00  2.8125E-08
  1.9792E-01  6.6020E-01  6.7826E-08  2.0000E-03  6.6730E-07  1.1742E+00  2.9012E-08
  2.0092E-01  6.7020E-01  6.7825E-08  2.0000E-03  6.6734E-07  1.1742E+00  2.9900E-08
  2.0392E-01  6.8020E-01  6.7825E-08  2.0000E-03  6.6738E-07  1.1742E+00  3.0787E-08
  2.0692E-01  6.9020E-01  6.7824E-08  2.0000E-03  6.6742E-07  1.1742E+00  3.1674E-08
  2.0991E-01  7.0020E-01  6.7824E-08  2.0000E-03  6.6746E-07  1.1742E+00  3.2562E-08
  2.1291E-01  7.1020E-01  6.7823E-08  2.0000E-03  6.6750E-07  1.1742E+00  3.3449E-08
  2.1591E-01  7.2020E-01  6.7823E-08  2.0000E-03  6.6755E-07  1.1742E+00  3.4337E-08
  2.1891E-01  7.3020E-01  6.7822E-08  2.0000E-03  6.6760E-07  1.1742E+00  3.5224E-08
  2.2191E-01  7.4020E-01  6.7822E-08  2.0000E-03  6.6764E-07  1.1742E+00  3.6112E-08
  2.2490E-01  7.5020E-01  6.7822E-08  2.0000E-03  6.6769E-07  1.1742E+00  3.6999E-08
  2.2790E-01  7.6020E-01  6.7821E-08  2.0000E-03  6.6774E-07  1.1742E+00  3.7887E-08
  2.3090E-01  7.7020E-01  6.7821E-08  2.0000E-03  6.6779E-07  1.1742E+00  3.8774E-08
  2.3393E-01  7.8030E-01  6.7820E-08  2.0000E-03  6.6784E-07  1.1742E+00  3.9670E-08
  2.3693E-01  7.9030E-01  6.7820E-08  2.0000E-03  6.6790E-07  1.1742E+00  4.0558E-08
  2.3992E-01  8.0030E-01  6.7819E-08  2.0000E-03  6.6795E-07  1.1742E+00  4.1445E-08
  2.4292E-01  8.1030E-01  6.7819E-08  2.0000E-03  6.6801E-07  1.1742E+00  4.2333E-08
  2.4592E-01  8.2030E-01  6.7818E-08  2.0000E-03  6.6806E-07  1.1742E+00  4.3220E-08
  2.4892E-01  8.3030E-01  6.7818E-08  2.0000E-03  6.6812E-07  1.1742E+00  4.4107E-08
  2.5192E-01  8.4030E-01  6.7817E-08  2.0000E-03  6.6818E-07  1.1742E+00  4.4995E-08
  2.5491E-01  8.5030E-01  6.7817E-08  2.0000E-03  6.6824E-07  1.1742E+00  4.5882E-08
  2.5791E-01  8.6030E-01  6.7817E-08  2.0000E-03  6.6830E-07  1.1742E+00  4.6770E-08
  2.6091E-01  8.7030E-01  6.7816E-08  2.0000E-03  6.6837E-07  1.1742E+00  4.7657E-08
  2.6391E-01  8.8030E-01  6.7816E-08  2.0000E-03  6.6843E-07  1.1742E+00  4.8545E-08
  2.6691E-01  8.9030E-01  6.7815E-08  2.0000E-03  6.6850E-07  1.1742E+00  4.9432E-08
  2.6990E-01  9.0030E-01  6.7815E-08  2.0000E-03  6.6856E-07  1.1742E+00  5.0320E-08
  2.7290E-01  9.1030E-01  6.7814E-08  2.0000E-03  6.6863E-07  1.1742E+00  5.1207E-08
  2.7593E-01  9.2040E-01  6.7814E-08  2.0000E-03  6.6870E-07  1.1742E+00  5.2103E-08
  2.7893E-01  9.3040E-01  6.7813E-08  2.0000E-03  6.6877E-07  1.1742E+00  5.2991E-08
  2.8192E-01  9.4040E-01  6.7813E-08  2.0000E-03  6.6884E-07  1.1742E+00  5.3878E-08
  2.8492E-01  9.5040E-01  6.7813E-08  2.0000E-03  6.6891E-07  1.1742E+00  5.4766E-08
  2.8792E-01  9.6040E-01  6.7812E-08  2.0000E-03  6.6898E-07  1.1742E+00  5.5653E-08
  2.9092E-01  9.7040E-01  6.7812E-08  2.0000E-03  6.6906E-07  1.1742E+00  5.6540E-08
  2.9392E-01  9.8040E-01  6.7811E-08  2.0000E-03  6.6913E-07  1.1742E+00  5.7428E-08
  2.9691E-01  9.9040E-01  6.7811E-08  2.0000E-03  6.6921E-07  1.1742E+00  5.8315E-08
  2.9991E-01  1.0004E+00  6.7810E-08  2.0000E-03  6.6929E-07  1.1742E+00  5.9200E-08
  3.0291E-01  1.0104E+00  6.7810E-08  2.0000E-03  6.6929E-07  1.1742E+00  5.9227E-08
  3.0591E-01  1.0204E+00  6.7809E-08  2.0000E-03  6.6929E-07  1.1742E+00  5.9228E-08
  3.0891E-01  1.0304E+00  6.7809E-08  2.0000E-03  6.6929E-07  1.1742E+00  5.9229E-08
  3.1190E-01  1.0404E+00  6.7808E-08  2.0000E-03  6.6929E-07  1.1742E+00  5.9229E-08
  3.1490E-01  1.0504E+00  6.7808E-08  2.0000E-03  6.6929E-07  1.1742E+00  5.9230E-08
  3.1793E-01  1.0605E+00  6.7807E-08  2.0000E-03  6.6929E-07  1.1742E+00  5.9231E-08
  3.2093E-01  1.0705E+00  6.7807E-08  2.0000E-03  6.6929E-07  1.1742E+00  5.9231E-08
  3.2393E-01  1.0805E+00  6.7807E-08  2.0000E-03  6.6929E-07  1.1742E+00  5.9232E-08
  3.2692E-01  1.0905E+00  6.7806E-08  2.0000E-03  6.6929E-07  1.1742E+00  5.9233E-08
  3.2992E-01  1.1005E+00  6.7806E-08  2.0000E-03  6.6929E-07  1.1742E+00  5.9233E-08
  3.3292E-01  1.1105E+00  6.7805E-08  2.0000E-03  6.6929E-07  1.1742E+00  5.9234E-08
  3.3592E-01  1.1205E+00  6.7805E-08  2.0000E-03  6.6929E-07  1.1742E+00  5.9235E-08
  3.3892E-01  1.1305E+00  6.7804E-08  2.0000E-03  6.6929E-07  1.1742E+00  5.9235E-08
  3.4191E-01  1.1405E+00  6.7804E-08  2.0000E-03  6.6929E-07  1.1742E+00  5.9236E-08
  3.4491E-01  1.1505E+00  6.7803E-08  2.0000E-03  6.6929E-07  1.1742E+00  5.9237E-08
  3.4791E-01  1.1605E+00  6.7803E-08  2.0000E-03  6.6929E-07  1.1742E+00  5.9237E-08
  3.5091E-01  1.1705E+00  6.7802E-08  2.0000E-03  6.6929E-07  1.1742E+00  5.9238E-08
  3.5390E-01  1.1805E+00  6.7802E-08  2.0000E-03  6.6929E-07  1.1742E+00  5.9239E-08
  3.5690E-01  1.1905E+00  6.7802E-08  2.0000E-03  6.6929E-07  1.1742E+00  5.9239E-08
  3.5990E-01  1.2005E+00  6.7801E-08  2.0000E-03  6.6929E-07  1.1742E+00  5.9240E-08
  3.6293E-01  1.2106E+00  6.7801E-08  2.0000E-03  6.6929E-07  1.1742E+00  5.9241E-08
  3.6593E-01  1.2206E+00  6.7800E-08  2.0000E-03  6.6929E-07  1.1742E+00  5.9241E-08
  3.6892E-01  1.2306E+00  6.7800E-08  2.0000E-03  6.6929E-07  1.1742E+00  5.9242E-08
  3.7192E-01  1.2406E+00  6.7799E-08  2.0000E-03  6.6929E-07  1.1742E+00  5.9243E-08
  3.7492E-01  1.2506E+00  6.7799E-08  2.0000E-03  6.6929E-07  1.1742E+00  5.9243E-08
  3.7792E-01  1.2606E+00  6.7798E-08  2.0000E-03  6.6929E-07  1.1742E+00  5.9244E-08
  3.8092E-01  1.2706E+00  6.7798E-08  2.0000E-03  6.6929E-07  1.1742E+00  5.9245E-08
  3.8391E-01  1.2806E+00  6.7797E-08  2.0000E-03  6.6929E-07  1.1742E+00  5.9245E-08
  3.8691E-01  1.2906E+00  6.7797E-08  2.0000E-03  6.6929E-07  1.1742E+00  5.9246E-08
  3.8991E-01  1.3006E+00  6.7797E-08  2.0000E-03  6.6929E-07  1.1742E+00  5.9247E-08
  3.9291E-01  1.3106E+00  6.7796E-08  2.0000E-03  6.6929E-07  1.1742E+00  5.9247E-08
  3.9591E-01  1.3206E+00  6.7796E-08  2.0000E-03  6.6929E-07  1.1742E+00  5.9248E-08
  3.9890E-01  1.3306E+00  6.7795E-08  2.0000E-03  6.6929E-07  1.1742E+00  5.9249E-08
  4.0190E-01  1.3406E+00  6.7795E-08  2.0000E-03  6.6929E-07  1.1742E+00  5.9249E-08
  4.0493E-01  1.3507E+00  6.7794E-08  2.0000E-03  6.6929E-07  1.1742E+00  5.9250E-08
  4.0793E-01  1.3607E+00  6.7794E-08  2.0000E-03  6.6929E-07  1.1742E+00  5.9251E-08
  4.1093E-01  1.3707E+00  6.7793E-08  2.0000E-03  6.6929E-07  1.1742E+00  5.9251E-08
  4.1392E-01  1.3807E+00  6.7793E-08  2.0000E-03  6.6929E-07  1.1742E+00  5.9252E-08
  4.1692E-01  1.3907E+00  6.7792E-08  2.0000E-03  6.6929E-07  1.1742E+00  5.9253E-08
  4.1992E-01  1.4007E+00  6.7792E-08  2.0000E-03  6.6929E-07  1.1742E+00  5.9253E-08
  4.2292E-01  1.4107E+00  6.7792E-08  2.0000E-03  6.6929E-07  1.1742E+00  5.9254E-08
  4.2592E-01  1.4207E+00  6.7791E-08  2.0000E-03  6.6929E-07  1.1742E+00  5.9255E-08
  4.2891E-01  1.4307E+00  6.7791E-08  2.0000E-03  6.6929E-07  1.1742E+00  5.9255E-08
  4.3191E-01  1.4407E+00  6.7790E-08  2.0000E-03  6.6929E-07  1.1742E+00  5.9256E-08
  4.3491E-01  1.4507E+00  6.7790E-08  2.0000E-03  6.6929E-07  1.1742E+00  5.9257E-08
  4.3791E-01  1.4607E+00  6.7789E-08  2.0000E-03  6.6929E-07  1.1742E+00  5.9257E-08
  4.4090E-01  1.4707E+00  6.7789E-08  2.0000E-03  6.6929E-07  1.1742E+00  5.9258E-08
  4.4390E-01  1.4807E+00  6.7788E-08  2.0000E-03  6.6929E-07  1.1742E+00  5.9259E-08
  4.4690E-01  1.4907E+00  6.7788E-08  2.0000E-03  6.6929E-07  1.1742E+00  5.9259E-08
  4.4993E-01  1.5008E+00  6.7787E-08  2.0000E-03  6.6929E-07  1.1742E+00  5.9260E-08
  4.5293E-01  1.5108E+00  6.7787E-08  2.0000E-03  6.6929E-07  1.1742E+00  5.9261E-08
  4.5592E-01  1.5208E+00  6.7786E-08  2.0000E-03  6.6929E-07  1.1742E+00  5.9261E-08
  4.5892E-01  1.5308E+00  6.7786E-08  2.0000E-03  6.6929E-07  1.1742E+00  5.9262E-08
  4.6192E-01  1.5408E+00  6.7786E-08  2.0000E-03  6.6929E-07  1.1742E+00  5.9263E-08
  4.6492E-01  1.5508E+00  6.7785E-08  2.0000E-03  6.6929E-07  1.1742E+00  5.9263E-08
  4.6792E-01  1.5608E+00  6.7785E-08  2.0000E-03  6.6929E-07  1.1742E+00  5.9264E-08
  4.7091E-01  1.5708E+00  6.7784E-08  2.0000E-03  6.6929E-07  1.1742E+00  5.9265E-08
  4.7391E-01  1.5808E+00  6.7784E-08  2.0000E-03  6.6929E-07  1.1742E+00  5.9265E-08
  4.7691E-01  1.5908E+00  6.7783E-08  2.0000E-03  6.6929E-07  1.1742E+00  5.9266E-08
  4.7991E-01  1.6008E+00  6.7783E-08  2.0000E-03  6.6929E-07  1.1742E+00  5.9267E-08
  4.8291E-01  1.6108E+00  6.7782E-08  2.0000E-03  6.6929E-07  1.1742E+00  5.9267E-08
  4.8590E-01  1.6208E+00  6.7782E-08  2.0000E-03  6.6929E-07  1.1742E+00  5.9268E-08
  4.8890E-01  1.6308E+00  6.7781E-08  2.0000E-03  6.6929E-07  1.1742E+00  5.9269E-08
  4.9193E-01  1.6409E+00  6.7781E-08  2.0000E-03  6.6929E-07  1.1742E+00  5.9269E-08
  4.9493E-01  1.6509E+00  6.7781E-08  2.0000E-03  6.6929E-07  1.1742E+00  5.9270E-08
  4.9793E-01  1.6609E+00  6.7780E-08  2.0000E-03  6.6929E-07  1.1742E+00  5.9271E-08
  5.0092E-01  1.6709E+00  6.7780E-08  2.0000E-03  6.6929E-07  1.1742E+00  5.9271E-08
  5.0392E-01  1.6809E+00  6.7779E-08  2.0000E-03  6.6929E-07  1.1742E+00  5.9272E-08
  5.0692E-01  1.6909E+00  6.7779E-08  2.0000E-03  6.6929E-07  1.1742E+00  5.9273E-08
  5.0992E-01  1.7009E+00  6.7778E-08  2.0000E-03  6.6929E-07  1.1742E+00  5.9273E-08
  5.1291E-01  1.7109E+00  6.7778E-08  2.0000E-03  6.6929E-07  1.1742E+00  5.9274E-08
  5.1591E-01  1.7209E+00  6.7777E-08  2.0000E-03  6.6929E-07  1.1742E+00  5.9275E-08
  5.1891E-01  1.7309E+00  6.7777E-08  2.0000E-03  6.6929E-07  1.1742E+00  5.9275E-08
  5.2191E-01  1.7409E+00  6.7776E-08  2.0000E-03  6.6929E-07  1.1742E+00  5.9276E-08
  5.2491E-01  1.7509E+00  6.7776E-08  2.0000E-03  6.6929E-07  1.1742E+00  5.9277E-08
  5.2790E-01  1.7609E+00  6.7776E-08  2.0000E-03  6.6929E-07  1.1742E+00  5.9277E-08
  5.3090E-01  1.7709E+00  6.7775E-08  2.0000E-03  6.6929E-07  1.1742E+00  5.9278E-08
  5.3390E-01  1.7809E+00  6.7775E-08  2.0000E-03  6.6929E-07  1.1742E+00  5.9279E-08
  5.3693E-01  1.7910E+00  6.7774E-08  2.0000E-03  6.6929E-07  1.1742E+00  5.9279E-08
  5.3993E-01  1.8010E+00  6.7774E-08  2.0000E-03  6.6929E-07  1.1742E+00  5.9280E-08
  5.4292E-01  1.8110E+00  6.7773E-08  2.0000E-03  6.6929E-07  1.1742E+00  5.9281E-08
  5.4592E-01  1.8210E+00  6.7773E-08  2.0000E-03  6.6929E-07  1.1742E+00  5.9281E-08
  5.4892E-01  1.8310E+00  6.7772E-08  2.0000E-03  6.6929E-07  1.1742E+00  5.9282E-08
  5.5192E-01  1.8410E+00  6.7772E-08  2.0000E-03  6.6929E-07  1.1742E+00  5.9283E-08
  5.5492E-01  1.8510E+00  6.7771E-08  2.0000E-03  6.6929E-07  1.1742E+00  5.9283E-08
  5.5791E-01  1.8610E+00  6.7771E-08  2.0000E-03  6.6929E-07  1.1742E+00  5.9284E-08
  5.6091E-01  1.8710E+00  6.7771E-08  2.0000E-03  6.6929E-07  1.1742E+00  5.9285E-08
  5.6391E-01  1.8810E+00  6.7770E-08  2.0000E-03  6.6929E-07  1.1742E+00  5.9285E-08
  5.6691E-01  1.8910E+00  6.7770E-08  2.0000E-03  6.6929E-07  1.1742E+00  5.9286E-08
  5.6991E-01  1.9010E+00  6.7769E-08  2.0000E-03  6.6929E-07  1.1742E+00  5.9287E-08
  5.7290E-01  1.9110E+00  6.7769E-08  2.0000E-03  6.6929E-07  1.1742E+00  5.9287E-08
  5.7590E-01  1.9210E+00  6.7768E-08  2.0000E-03  6.6929E-07  1.1742E+00  5.9288E-08
  5.7893E-01  1.9311E+00  6.7768E-08  2.0000E-03  6.6929E-07  1.1742E+00  5.9289E-08
  5.8193E-01  1.9411E+00  6.7767E-08  2.0000E-03  6.6929E-07  1.1742E+00  5.9289E-08
  5.8493E-01  1.9511E+00  6.7767E-08  2.0000E-03  6.6929E-07  1.1742E+00  5.9290E-08
  5.8792E-01  1.9611E+00  6.7766E-08  2.0000E-03  6.6929E-07  1.1742E+00  5.9291E-08
  5.9092E-01  1.9711E+00  6.7766E-08  2.0000E-03  6.6929E-07  1.1742E+00  5.9291E-08
  5.9392E-01  1.9811E+00  6.7766E-08  2.0000E-03  6.6929E-07  1.1742E+00  5.9292E-08
  5.9692E-01  1.9911E+00  6.7765E-08  2.0000E-03  6.6929E-07  1.1742E+00  5.9293E-08
  5.9991E-01  2.0011E+00  6.7765E-08  2.0000E-03  6.6929E-07  1.1742E+00  5.9293E-08
  6.0291E-01  2.0111E+00  6.7764E-08  2.0000E-03  6.6929E-07  1.1742E+00  5.9294E-08
  6.0591E-01  2.0211E+00  6.7764E-08  2.0000E-03  6.6929E-07  1.1742E+00  5.9295E-08
  6.0891E-01  2.0311E+00  6.7763E-08  2.0000E-03  6.6929E-07  1.1742E+00  5.9295E-08
  6.1191E-01  2.0411E+00  6.7763E-08  2.0000E-03  6.6929E-07  1.1742E+00  5.9296E-08
  6.1490E-01  2.0511E+00  6.7762E-08  2.0000E-03  6.6929E-07  1.1742E+00  5.9297E-08
  6.1790E-01  2.0611E+00  6.7762E-08  2.0000E-03  6.6929E-07  1.1742E+00  5.9297E-08
  6.2090E-01  2.0711E+00  6.7761E-08  2.0000E-03  6.6929E-07  1.1742E+00  5.9298E-08
  6.2393E-01  2.0812E+00  6.7761E-08  2.0000E-03  6.6929E-07  1.1742E+00  5.9299E-08
  6.2693E-01  2.0912E+00  6.7760E-08  2.0000E-03  6.6929E-07  1.1742E+00  5.9299E-08
  6.2992E-01  2.1012E+00  6.7760E-08  2.0000E-03  6.6929E-07  1.1742E+00  5.9300E-08
  6.3292E-01  2.1112E+00  6.7760E-08  2.0000E-03  6.6929E-07  1.1742E+00  5.9301E-08
  6.3592E-01  2.1212E+00  6.7759E-08  2.0000E-03  6.6929E-07  1.1742E+00  5.9301E-08
  6.3892E-01  2.1312E+00  6.7759E-08  2.0000E-03  6.6929E-07  1.1742E+00  5.9302E-08
  6.4192E-01  2.1412E+00  6.7758E-08  2.0000E-03  6.6929E-07  1.1742E+00  5.9303E-08
  6.4491E-01  2.1512E+00  6.7758E-08  2.0000E-03  6.6929E-07  1.1742E+00  5.9303E-08
  6.4791E-01  2.1612E+00  6.7757E-08  2.0000E-03  6.6929E-07  1.1742E+00  5.9304E-08
  6.5091E-01  2.1712E+00  6.7757E-08  2.0000E-03  6.6929E-07  1.1742E+00  5.9305E-08
  6.5391E-01  2.1812E+00  6.7756E-08  2.0000E-03  6.6929E-07  1.1742E+00  5.9305E-08
  6.5691E-01  2.1912E+00  6.7756E-08  2.0000E-03  6.6929E-07  1.1742E+00  5.9306E-08
  6.5990E-01  2.2012E+00  6.7755E-08  2.0000E-03  6.6929E-07  1.1742E+00  5.9307E-08
  6.6290E-01  2.2112E+00  6.7755E-08  2.0000E-03  6.6929E-07  1.1742E+00  5.9307E-08
  6.6593E-01  2.2213E+00  6.7755E-08  2.0000E-03  6.6929E-07  1.1742E+00  5.9308E-08
  6.6893E-01  2.2313E+00  6.7754E-08  2.0000E-03  6.6929E-07  1.1742E+00  5.9309E-08
  6.7192E-01  2.2413E+00  6.7754E-08  2.0000E-03  6.6929E-07  1.1742E+00  5.9309E-08
  6.7492E-01  2.2513E+00  6.7753E-08  2.0000E-03  6.6929E-07  1.1742E+00  5.9310E-08
  6.7792E-01  2.2613E+00  6.7753E-08  2.0000E-03  6.6929E-07  1.1742E+00  5.9311E-08
  6.8092E-01  2.2713E+00  6.7752E-08  2.0000E-03  6.6929E-07  1.1742E+00  5.9311E-08
  6.8392E-01  2.2813E+00  6.7752E-08  2.0000E-03  6.6929E-07  1.1742E+00  5.9312E-08
  6.8691E-01  2.2913E+00  6.7751E-08  2.0000E-03  6.6929E-07  1.1742E+00  5.9313E-08
  6.8991E-01  2.3013E+00  6.7751E-08  2.0000E-03  6.6929E-07  1.1742E+00  5.9313E-08
  6.9291E-01  2.3113E+00  6.7750E-08  2.0000E-03  6.6929E-07  1.1742E+00  5.9314E-08
  6.9591E-01  2.3213E+00  6.7750E-08  2.0000E-03  6.6929E-07  1.1742E+00  5.9315E-08
  6.9891E-01  2.3313E+00  6.7750E-08  2.0000E-03  6.6929E-07  1.1742E+00  5.9315E-08
  7.0190E-01  2.3413E+00  6.7749E-08  2.0000E-03  6.6929E-07  1.1742E+00  5.9316E-08
  7.0490E-01  2.3513E+00  6.7749E-08  2.0000E-03  6.6929E-07  1.1742E+00  5.9317E-08
  7.0793E-01  2.3614E+00  6.7748E-08  2.0000E-03  6.6929E-07  1.1742E+00  5.9317E-08
  7.1093E-01  2.3714E+00  6.7748E-08  2.0000E-03  6.6929E-07  1.1742E+00  5.9318E-08
  7.1393E-01  2.3814E+00  6.7747E-08  2.0000E-03  6.6929E-07  1.1742E+00  5.9319E-08
  7.1692E-01  2.3914E+00  6.7747E-08  2.0000E-03  6.6929E-07  1.1742E+00  5.9319E-08
  7.1992E-01  2.4014E+00  6.7746E-08  2.0000E-03  6.6929E-07  1.1742E+00  5.9320E-08
  7.2292E-01  2.4114E+00  6.7746E-08  2.0000E-03  6.6929E-07  1.1742E+00  5.9321E-08
  7.2592E-01  2.4214E+00  6.7745E-08  2.0000E-03  6.6929E-07  1.1742E+00  5.9321E-08
  7.2892E-01  2.4314E+00  6.7745E-08  2.0000E-03  6.6929E-07  1.1742E+00  5.9322E-08
  7.3191E-01  2.4414E+00  6.7745E-08  2.0000E-03  6.6929E-07  1.1742E+00  5.9323E-08
  7.3491E-01  2.4514E+00  6.7744E-08  2.0000E-03  6.6929E-07  1.1742E+00  5.9323E-08
  7.3791E-01  2.4614E+00  6.7744E-08  2.0000E-03  6.6929E-07  1.1742E+00  5.9324E-08
  7.4091E-01  2.4714E+00  6.7743E-08  2.0000E-03  6.6929E-07  1.1742E+00  5.9325E-08
  7.4391E-01  2.4814E+00  6.7743E-08  2.0000E-03  6.6929E-07  1.1742E+00  5.9325E-08
  7.4690E-01  2.4914E+00  6.7742E-08  2.0000E-03  6.6929E-07  1.1742E+00  5.9326E-08
  7.4990E-01  2.5014E+00  6.7742E-08  2.0000E-03  6.6929E-07  1.1742E+00  5.9327E-08
  7.5293E-01  2.5115E+00  6.7741E-08  2.0000E-03  6.6929E-07  1.1742E+00  5.9327E-08
  7.5593E-01  2.5215E+00  6.7741E-08  2.0000E-03  6.6929E-07  1.1742E+00  5.9328E-08
  7.5892E-01  2.5315E+00  6.7740E-08  2.0000E-03  6.6929E-07  1.1742E+00  5.9329E-08
  7.6192E-01  2.5415E+00  6.7740E-08  2.0000E-03  6.6929E-07  1.1742E+00  5.9329E-08
  7.6492E-01  2.5515E+00  6.7739E-08  2.0000E-03  6.6929E-07  1.1742E+00  5.9330E-08
  7.6792E-01  2.5615E+00  6.7739E-08  2.0000E-03  6.6929E-07  1.1742E+00  5.9331E-08
  7.7092E-01  2.5715E+00  6.7739E-08  2.0000E-03  6.6929E-07  1.1742E+00  5.9331E-08
  7.7391E-01  2.5815E+00  6.7738E-08  2.0000E-03  6.6929E-07  1.1742E+00  5.9332E-08
  7.7691E-01  2.5915E+00  6.7738E-08  2.0000E-03  6.6929E-07  1.1742E+00  5.9333E-08
  7.7991E-01  2.6015E+00  6.7737E-08  2.0000E-03  6.6929E-07  1.1742E+00  5.9333E-08
  7.8291E-01  2.6115E+00  6.7737E-08  2.0000E-03  6.6929E-07  1.1742E+00  5.9334E-08
  7.8591E-01  2.6215E+00  6.7736E-08  2.0000E-03  6.6929E-07  1.1742E+00  5.9335E-08
  7.8890E-01  2.6315E+00  6.7736E-08  2.0000E-03  6.6929E-07  1.1742E+00  5.9335E-08
  7.9190E-01  2.6415E+00  6.7735E-08  2.0000E-03  6.6929E-07  1.1742E+00  5.9336E-08
  7.9493E-01  2.6516E+00  6.7735E-08  2.0000E-03  6.6929E-07  1.1742E+00  5.9337E-08
  7.9793E-01  2.6616E+00  6.7734E-08  2.0000E-03  6.6929E-07  1.1742E+00  5.9337E-08
  8.0093E-01  2.6716E+00  6.7734E-08  2.0000E-03  6.6929E-07  1.1742E+00  5.9338E-08
  8.0392E-01  2.6816E+00  6.7734E-08  2.0000E-03  6.6929E-07  1.1742E+00  5.9339E-08
  8.0692E-01  2.6916E+00  6.7733E-08  2.0000E-03  6.6929E-07  1.1742E+00  5.9339E-08
  8.0992E-01  2.7016E+00  6.7733E-08  2.0000E-03  6.6929E-07  1.1742E+00  5.9340E-08
  8.1292E-01  2.7116E+00  6.7732E-08  2.0000E-03  6.6929E-07  1.1742E+00  5.9341E-08
  8.1592E-01  2.7216E+00  6.7732E-08  2.0000E-03  6.6929E-07  1.1742E+00  5.9341E-08
  8.1891E-01  2.7316E+00  6.7731E-08  2.0000E-03  6.6929E-07  1.1742E+00  5.9342E-08
  8.2191E-01  2.7416E+00  6.7731E-08  2.0000E-03  6.6929E-07  1.1742E+00  5.9343E-08
  8.2491E-01  2.7516E+00  6.7730E-08  2.0000E-03  6.6929E-07  1.1742E+00  5.9343E-08
  8.2791E-01  2.7616E+00  6.7730E-08  2.0000E-03  6.6929E-07  1.1742E+00  5.9344E-08
  8.3090E-01  2.7716E+00  6.7729E-08  2.0000E-03  6.6929E-07  1.1742E+00  5.9345E-08
  8.3390E-01  2.7816E+00  6.7729E-08  2.0000E-03  6.6929E-07  1.1742E+00  5.9345E-08
  8.3690E-01  2.7916E+00  6.7729E-08  2.0000E-03  6.6929E-07  1.1742E+00  5.9346E-08
  8.3993E-01  2.8017E+00  6.7728E-08  2.0000E-03  6.6929E-07  1.1742E+00  5.9347E-08
  8.4293E-01  2.8117E+00  6.7728E-08  2.0000E-03  6.6929E-07  1.1742E+00  5.9347E-08
  8.4592E-01  2.8217E+00  6.7727E-08  2.0000E-03  6.6929E-07  1.1742E+00  5.9348E-08
  8.4892E-01  2.8317E+00  6.7727E-08  2.0000E-03  6.6929E-07  1.1742E+00  5.9349E-08
  8.5192E-01  2.8417E+00  6.7726E-08  2.0000E-03  6.6929E-07  1.1742E+00  5.9349E-08
  8.5492E-01  2.8517E+00  6.7726E-08  2.0000E-03  6.6929E-07  1.1742E+00  5.9350E-08
  8.5792E-01  2.8617E+00  6.7725E-08  2.0000E-03  6.6929E-07  1.1742E+00  5.9351E-08
  8.6091E-01  2.8717E+00  6.7725E-08  2.0000E-03  6.6929E-07  1.1742E+00  5.9351E-08
  8.6391E-01  2.8817E+00  6.7724E-08  2.0000E-03  6.6929E-07  1.1742E+00  5.9352E-08
  8.6691E-01  2.8917E+00  6.7724E-08  2.0000E-03  6.6929E-07  1.1742E+00  5.9353E-08
  8.6991E-01  2.9017E+00  6.7724E-08  2.0000E-03  6.6929E-07  1.1742E+00  5.9353E-08
  8.7291E-01  2.9117E+00  6.7723E-08  2.0000E-03  6.6929E-07  1.1742E+00  5.9354E-08
  8.7590E-01  2.9217E+00  6.7723E-08  2.0000E-03  6.6929E-07  1.1742E+00  5.9355E-08
  8.7890E-01  2.9317E+00  6.7722E-08  2.0000E-03  6.6929E-07  1.1742E+00  5.9355E-08
  8.8193E-01  2.9418E+00  6.7722E-08  2.0000E-03  6.6929E-07  1.1742E+00  5.9356E-08
  8.8493E-01  2.9518E+00  6.7721E-08  2.0000E-03  6.6929E-07  1.1742E+00  5.9357E-08
  8.8793E-01  2.9618E+00  6.7721E-08  2.0000E-03  6.6929E-07  1.1742E+00  5.9357E-08
  8.9092E-01  2.9718E+00  6.7720E-08  2.0000E-03  6.6929E-07  1.1742E+00  5.9358E-08
  8.9392E-01  2.9818E+00  6.7720E-08  2.0000E-03  6.6929E-07  1.1742E+00  5.9359E-08
  8.9692E-01  2.9918E+00  6.7719E-08  2.0000E-03  6.6929E-07  1.1742E+00  5.9359E-08
  8.9992E-01  3.0018E+00  6.7719E-08  2.0000E-03  6.6929E-07  1.1742E+00  5.9360E-08
  9.0291E-01  3.0118E+00  6.7718E-08  2.0000E-03  6.6929E-07  1.1742E+00  5.9361E-08
  9.0591E-01  3.0218E+00  6.7718E-08  2.0000E-03  6.6929E-07  1.1742E+00  5.9361E-08
  9.0891E-01  3.0318E+00  6.7718E-08  2.0000E-03  6.6929E-07  1.1742E+00  5.9362E-08
  9.1191E-01  3.0418E+00  6.7717E-08  2.0000E-03  6.6929E-07  1.1742E+00  5.9363E-08
  9.1491E-01  3.0518E+00  6.7717E-08  2.0000E-03  6.6929E-07  1.1742E+00  5.9363E-08
  9.1790E-01  3.0618E+00  6.7716E-08  2.0000E-03  6.6929E-07  1.1742E+00  5.9364E-08
  9.2090E-01  3.0718E+00  6.7716E-08  2.0000E-03  6.6929E-07  1.1742E+00  5.9365E-08
  9.2390E-01  3.0818E+00  6.7715E-08  2.0000E-03  6.6929E-07  1.1742E+00  5.9365E-08
  9.2693E-01  3.0919E+00  6.7715E-08  2.0000E-03  6.6929E-07  1.1742E+00  5.9366E-08
  9.2993E-01  3.1019E+00  6.7714E-08  2.0000E-03  6.6929E-07  1.1742E+00  5.9367E-08
  9.3292E-01  3.1119E+00  6.7714E-08  2.0000E-03  6.6929E-07  1.1742E+00  5.9367E-08
  9.3592E-01  3.1219E+00  6.7713E-08  2.0000E-03  6.6929E-07  1.1742E+00  5.9368E-08
  9.3892E-01  3.1319E+00  6.7713E-08  2.0000E-03  6.6929E-07  1.1742E+00  5.9369E-08
  9.4192E-01  3.1419E+00  6.7713E-08  2.0000E-03  6.6929E-07  1.1742E+00  5.9369E-08
  9.4492E-01  3.1519E+00  6.7712E-08  2.0000E-03  6.6929E-07  1.1742E+00  5.9370E-08
  9.4791E-01  3.1619E+00  6.7712E-08  2.0000E-03  6.6929E-07  1.1742E+00  5.9371E-08
  9.5091E-01  3.1719E+00  6.7711E-08  2.0000E-03  6.6929E-07  1.1742E+00  5.9371E-08
  9.5391E-01  3.1819E+00  6.7711E-08  2.0000E-03  6.6929E-07  1.1742E+00  5.9372E-08
  9.5691E-01  3.1919E+00  6.7710E-08  2.0000E-03  6.6929E-07  1.1742E+00  5.9373E-08
  9.5991E-01  3.2019E+00  6.7710E-08  2.0000E-03  6.6929E-07  1.1742E+00  5.9373E-08
  9.6290E-01  3.2119E+00  6.7709E-08  2.0000E-03  6.6929E-07  1.1742E+00  5.9374E-08
  9.6590E-01  3.2219E+00  6.7709E-08  2.0000E-03  6.6929E-07  1.1742E+00  5.9375E-08
  9.6893E-01  3.2320E+00  6.7708E-08  2.0000E-03  6.6929E-07  1.1742E+00  5.9375E-08
  9.7193E-01  3.2420E+00  6.7708E-08  2.0000E-03  6.6929E-07  1.1742E+00  5.9376E-08
  9.7493E-01  3.2520E+00  6.7708E-08  2.0000E-03  6.6929E-07  1.1742E+00  5.9377E-08
  9.7792E-01  3.2620E+00  6.7707E-08  2.0000E-03  6.6929E-07  1.1742E+00  5.9377E-08
  9.8092E-01  3.2720E+00  6.7707E-08  2.0000E-03  6.6929E-07  1.1742E+00  5.9378E-08
  9.8392E-01  3.2820E+00  6.7706E-08  2.0000E-03  6.6929E-07  1.1742E+00  5.9379E-08
  9.8692E-01  3.2920E+00  6.7706E-08  2.0000E-03  6.6929E-07  1.1742E+00  5.9379E-08
  9.8991E-01  3.3020E+00  6.7705E-08  2.0000E-03  6.6929E-07  1.1742E+00  5.9380E-08
  9.9291E-01  3.3120E+00  6.7705E-08  2.0000E-03  6.6929E-07  1.1742E+00  5.9381E-08
  9.9591E-01  3.3220E+00  6.7704E-08  2.0000E-03  6.6929E-07  1.1742E+00  5.9381E-08
  9.9891E-01  3.3320E+00  6.7704E-08  2.0000E-03  6.6929E-07  1.1742E+00  5.9382E-08
  1.0019E+00  3.3420E+00  6.7703E-08  2.0000E-03  6.6929E-07  1.1742E+00  5.9383E-08
  1.0049E+00  3.3520E+00  6.7703E-08  2.0000E-03  6.6929E-07  1.1742E+00  5.9383E-08
  1.0079E+00  3.3620E+00  6.7703E-08  2.0000E-03  6.6929E-07  1.1742E+00  5.9384E-08
  1.0109E+00  3.3720E+00  6.7702E-08  2.0000E-03  6.6929E-07  1.1742E+00  5.9385E-08
  1.0139E+00  3.3821E+00  6.7702E-08  2.0000E-03  6.6929E-07  1.1742E+00  5.9385E-08
  1.0169E+00  3.3921E+00  6.7701E-08  2.0000E-03  6.6929E-07  1.1742E+00  5.9386E-08
  1.0199E+00  3.4021E+00  6.7701E-08  2.0000E-03  6.6929E-07  1.1742E+00  5.9387E-08
  1.0229E+00  3.4121E+00  6.7700E-08  2.0001E-03  6.6929E-07  1.1742E+00  5.9387E-08
  1.0259E+00  3.4221E+00  6.7700E-08  2.0001E-03  6.6929E-07  1.1742E+00  5.9388E-08
  1.0289E+00  3.4321E+00  6.7699E-08  2.0001E-03  6.6929E-07  1.1742E+00  5.9389E-08
  1.0319E+00  3.4421E+00  6.7699E-08  2.0001E-03  6.6929E-07  1.1742E+00  5.9389E-08
  1.0349E+00  3.4521E+00  6.7698E-08  2.0001E-03  6.6929E-07  1.1742E+00  5.9390E-08
  1.0379E+00  3.4621E+00  6.7698E-08  2.0001E-03  6.6929E-07  1.1742E+00  5.9391E-08
  1.0409E+00  3.4721E+00  6.7697E-08  2.0001E-03  6.6929E-07  1.1742E+00  5.9391E-08
  1.0439E+00  3.4821E+00  6.7697E-08  2.0001E-03  6.6929E-07  1.1742E+00  5.9392E-08
  1.0469E+00  3.4921E+00  6.7697E-08  2.0001E-03  6.6929E-07  1.1742E+00  5.9393E-08
  1.0499E+00  3.5021E+00  6.7696E-08  2.0001E-03  6.6929E-07  1.1742E+00  5.9393E-08
  1.0529E+00  3.5121E+00  6.7696E-08  2.0001E-03  6.6929E-07  1.1742E+00  5.9394E-08
  1.0559E+00  3.5222E+00  6.7695E-08  2.0001E-03  6.6929E-07  1.1742E+00  5.9395E-08
  1.0589E+00  3.5322E+00  6.7695E-08  2.0001E-03  6.6929E-07  1.1742E+00  5.9395E-08
  1.0619E+00  3.5422E+00  6.7694E-08  2.0001E-03  6.6929E-07  1.1742E+00  5.9396E-08
  1.0649E+00  3.5522E+00  6.7694E-08  2.0001E-03  6.6929E-07  1.1742E+00  5.9397E-08
  1.0679E+00  3.5622E+00  6.7693E-08  2.0001E-03  6.6929E-07  1.1742E+00  5.9397E-08
  1.0709E+00  3.5722E+00  6.7693E-08  2.0001E-03  6.6929E-07  1.1742E+00  5.9398E-08
  1.0739E+00  3.5822E+00  6.7692E-08  2.0001E-03  6.6929E-07  1.1742E+00  5.9399E-08
  1.0769E+00  3.5922E+00  6.7692E-08  2.0001E-03  6.6929E-07  1.1742E+00  5.9399E-08
  1.0799E+00  3.6022E+00  6.7692E-08  2.0001E-03  6.6929E-07  1.1742E+00  5.9400E-08
  1.0829E+00  3.6122E+00  6.7691E-08  2.0001E-03  6.6929E-07  1.1742E+00  5.9401E-08
  1.0859E+00  3.6222E+00  6.7691E-08  2.0001E-03  6.6929E-07  1.1742E+00  5.9401E-08
  1.0889E+00  3.6322E+00  6.7690E-08  2.0001E-03  6.6929E-07  1.1742E+00  5.9402E-08
  1.0919E+00  3.6422E+00  6.7690E-08  2.0001E-03  6.6929E-07  1.1742E+00  5.9403E-08
  1.0949E+00  3.6522E+00  6.7689E-08  2.0001E-03  6.6929E-07  1.1742E+00  5.9403E-08
  1.0979E+00  3.6623E+00  6.7689E-08  2.0001E-03  6.6929E-07  1.1742E+00  5.9404E-08
  1.1009E+00  3.6723E+00  6.7688E-08  2.0001E-03  6.6929E-07  1.1742E+00  5.9405E-08
  1.1039E+00  3.6823E+00  6.7688E-08  2.0001E-03  6.6929E-07  1.1742E+00  5.9405E-08
  1.1069E+00  3.6923E+00  6.7687E-08  2.0001E-03  6.6929E-07  1.1742E+00  5.9406E-08
  1.1099E+00  3.7023E+00  6.7687E-08  2.0001E-03  6.6929E-07  1.1742E+00  5.9407E-08
  1.1129E+00  3.7123E+00  6.7687E-08  2.0001E-03  6.6929E-07  1.1742E+00  5.9407E-08
  1.1159E+00  3.7223E+00  6.7686E-08  2.0001E-03  6.6929E-07  1.1742E+00  5.9408E-08
  1.1189E+00  3.7323E+00  6.7686E-08  2.0001E-03  6.6929E-07  1.1742E+00  5.9409E-08
  1.1219E+00  3.7423E+00  6.7685E-08  2.0001E-03  6.6929E-07  1.1742E+00  5.9409E-08
  1.1249E+00  3.7523E+00  6.7685E-08  2.0001E-03  6.6929E-07  1.1742E+00  5.9410E-08
  1.1279E+00  3.7623E+00  6.7684E-08  2.0001E-03  6.6929E-07  1.1742E+00  5.9411E-08
  1.1309E+00  3.7723E+00  6.7684E-08  2.0001E-03  6.6929E-07  1.1742E+00  5.9411E-08
  1.1339E+00  3.7823E+00  6.7683E-08  2.0001E-03  6.6929E-07  1.1742E+00  5.9412E-08
  1.1369E+00  3.7923E+00  6.7683E-08  2.0001E-03  6.6929E-07  1.1742E+00  5.9413E-08
  1.1399E+00  3.8023E+00  6.7682E-08  2.0001E-03  6.6929E-07  1.1742E+00  5.9413E-08
  1.1429E+00  3.8124E+00  6.7682E-08  2.0001E-03  6.6929E-07  1.1742E+00  5.9414E-08
  1.1459E+00  3.8224E+00  6.7682E-08  2.0001E-03  6.6929E-07  1.1742E+00  5.9415E-08
  1.1489E+00  3.8324E+00  6.7681E-08  2.0001E-03  6.6929E-07  1.1742E+00  5.9415E-08
  1.1519E+00  3.8424E+00  6.7681E-08  2.0001E-03  6.6929E-07  1.1742E+00  5.9416E-08
  1.1549E+00  3.8524E+00  6.7680E-08  2.0001E-03  6.6929E-07  1.1742E+00  5.9417E-08
  1.1579E+00  3.8624E+00  6.7680E-08  2.0001E-03  6.6929E-07  1.1742E+00  5.9417E-08
  1.1609E+00  3.8724E+00  6.7679E-08  2.0001E-03  6.6929E-07  1.1742E+00  5.9418E-08
  1.1639E+00  3.8824E+00  6.7679E-08  2.0001E-03  6.6929E-07  1.1742E+00  5.9419E-08
  1.1669E+00  3.8924E+00  6.7678E-08  2.0001E-03  6.6929E-07  1.1742E+00  5.9419E-08
  1.1699E+00  3.9024E+00  6.7678E-08  2.0001E-03  6.6929E-07  1.1742E+00  5.9420E-08
  1.1729E+00  3.9124E+00  6.7677E-08  2.0001E-03  6.6929E-07  1.1742E+00  5.9421E-08
  1.1759E+00  3.9224E+00  6.7677E-08  2.0001E-03  6.6929E-07  1.1742E+00  5.9421E-08
  1.1789E+00  3.9324E+00  6.7676E-08  2.0001E-03  6.6929E-07  1.1742E+00  5.9422E-08
  1.1819E+00  3.9424E+00  6.7676E-08  2.0001E-03  6.6929E-07  1.1742E+00  5.9423E-08
  1.1849E+00  3.9525E+00  6.7676E-08  2.0001E-03  6.6929E-07  1.1742E+00  5.9423E-08
  1.1879E+00  3.9625E+00  6.7675E-08  2.0001E-03  6.6929E-07  1.1742E+00  5.9424E-08
  1.1909E+00  3.9725E+00  6.7675E-08  2.0001E-03  6.6929E-07  1.1742E+00  5.9425E-08
  1.1939E+00  3.9825E+00  6.7674E-08  2.0001E-03  6.6929E-07  1.1742E+00  5.9425E-08
  1.1969E+00  3.9925E+00  6.7674E-08  2.0001E-03  6.6929E-07  1.1742E+00  5.9426E-08
  1.1999E+00  4.0025E+00  6.7673E-08  2.0001E-03  6.6929E-07  1.1742E+00  5.9427E-08
  1.2029E+00  4.0125E+00  6.7673E-08  2.0001E-03  6.6929E-07  1.1742E+00  5.9427E-08
  1.2059E+00  4.0225E+00  6.7672E-08  2.0001E-03  6.6929E-07  1.1742E+00  5.9428E-08
  1.2089E+00  4.0325E+00  6.7672E-08  2.0001E-03  6.6929E-07  1.1742E+00  5.9429E-08
  1.2119E+00  4.0425E+00  6.7671E-08  2.0001E-03  6.6929E-07  1.1742E+00  5.9429E-08
  1.2149E+00  4.0525E+00  6.7671E-08  2.0001E-03  6.6929E-07  1.1742E+00  5.9430E-08
  1.2179E+00  4.0625E+00  6.7671E-08  2.0001E-03  6.6929E-07  1.1742E+00  5.9431E-08
  1.2209E+00  4.0725E+00  6.7670E-08  2.0001E-03  6.6929E-07  1.1742E+00  5.9431E-08
  1.2239E+00  4.0825E+00  6.7670E-08  2.0001E-03  6.6929E-07  1.1742E+00  5.9432E-08
  1.2269E+00  4.0925E+00  6.7669E-08  2.0001E-03  6.6929E-07  1.1742E+00  5.9433E-08
  1.2299E+00  4.1026E+00  6.7669E-08  2.0001E-03  6.6929E-07  1.1742E+00  5.9433E-08
  1.2329E+00  4.1126E+00  6.7668E-08  2.0001E-03  6.6929E-07  1.1742E+00  5.9434E-08
  1.2359E+00  4.1226E+00  6.7668E-08  2.0001E-03  6.6929E-07  1.1742E+00  5.9435E-08
  1.2389E+00  4.1326E+00  6.7667E-08  2.0001E-03  6.6929E-07  1.1742E+00  5.9435E-08
  1.2419E+00  4.1426E+00  6.7667E-08  2.0001E-03  6.6929E-07  1.1742E+00  5.9436E-08
  1.2449E+00  4.1526E+00  6.7666E-08  2.0001E-03  6.6929E-07  1.1742E+00  5.9437E-08
  1.2479E+00  4.1626E+00  6.7666E-08  2.0001E-03  6.6929E-07  1.1742E+00  5.9437E-08
  1.2509E+00  4.1726E+00  6.7666E-08  2.0001E-03  6.6929E-07  1.1742E+00  5.9438E-08
  1.2539E+00  4.1826E+00  6.7665E-08  2.0001E-03  6.6929E-07  1.1742E+00  5.9439E-08
  1.2569E+00  4.1926E+00  6.7665E-08  2.0001E-03  6.6929E-07  1.1742E+00  5.9439E-08
  1.2599E+00  4.2026E+00  6.7664E-08  2.0001E-03  6.6929E-07  1.1742E+00  5.9440E-08
  1.2629E+00  4.2126E+00  6.7664E-08  2.0001E-03  6.6929E-07  1.1742E+00  5.9441E-08
  1.2659E+00  4.2226E+00  6.7663E-08  2.0001E-03  6.6929E-07  1.1742E+00  5.9441E-08
  1.2689E+00  4.2326E+00  6.7663E-08  2.0001E-03  6.6929E-07  1.1742E+00  5.9442E-08
  1.2719E+00  4.2427E+00  6.7662E-08  2.0001E-03  6.6929E-07  1.1742E+00  5.9443E-08
  1.2749E+00  4.2527E+00  6.7662E-08  2.0001E-03  6.6929E-07  1.1742E+00  5.9443E-08
  1.2779E+00  4.2627E+00  6.7661E-08  2.0001E-03  6.6929E-07  1.1742E+00  5.9444E-08
  1.2809E+00  4.2727E+00  6.7661E-08  2.0001E-03  6.6929E-07  1.1742E+00  5.9445E-08
  1.2839E+00  4.2827E+00  6.7661E-08  2.0001E-03  6.6929E-07  1.1742E+00  5.9445E-08
  1.2869E+00  4.2927E+00  6.7660E-08  2.0001E-03  6.6929E-07  1.1742E+00  5.9446E-08
  1.2899E+00  4.3027E+00  6.7660E-08  2.0001E-03  6.6929E-07  1.1742E+00  5.9447E-08
  1.2929E+00  4.3127E+00  6.7659E-08  2.0001E-03  6.6929E-07  1.1742E+00  5.9447E-08
  1.2959E+00  4.3227E+00  6.7659E-08  2.0001E-03  6.6929E-07  1.1742E+00  5.9448E-08
  1.2989E+00  4.3327E+00  6.7658E-08  2.0001E-03  6.6929E-07  1.1742E+00  5.9449E-08
  1.3019E+00  4.3427E+00  6.7658E-08  2.0001E-03  6.6929E-07  1.1742E+00  5.9449E-08
  1.3049E+00  4.3527E+00  6.7657E-08  2.0001E-03  6.6929E-07  1.1742E+00  5.9450E-08
  1.3079E+00  4.3627E+00  6.7657E-08  2.0001E-03  6.6929E-07  1.1742E+00  5.9451E-08
  1.3109E+00  4.3727E+00  6.7656E-08  2.0001E-03  6.6929E-07  1.1742E+00  5.9451E-08
  1.3139E+00  4.3827E+00  6.7656E-08  2.0001E-03  6.6929E-07  1.1742E+00  5.9452E-08
  1.3169E+00  4.3928E+00  6.7655E-08  2.0001E-03  6.6929E-07  1.1742E+00  5.9453E-08
  1.3199E+00  4.4028E+00  6.7655E-08  2.0001E-03  6.6929E-07  1.1742E+00  5.9453E-08
  1.3229E+00  4.4128E+00  6.7655E-08  2.0001E-03  6.6929E-07  1.1742E+00  5.9454E-08
  1.3259E+00  4.4228E+00  6.7654E-08  2.0001E-03  6.6929E-07  1.1742E+00  5.9455E-08
  1.3289E+00  4.4328E+00  6.7654E-08  2.0001E-03  6.6929E-07  1.1742E+00  5.9455E-08
  1.3319E+00  4.4428E+00  6.7653E-08  2.0001E-03  6.6929E-07  1.1742E+00  5.9456E-08
  1.3349E+00  4.4528E+00  6.7653E-08  2.0001E-03  6.6929E-07  1.1742E+00  5.9457E-08
  1.3379E+00  4.4628E+00  6.7652E-08  2.0001E-03  6.6929E-07  1.1742E+00  5.9457E-08
  1.3409E+00  4.4728E+00  6.7652E-08  2.0001E-03  6.6929E-07  1.1742E+00  5.9458E-08
  1.3439E+00  4.4828E+00  6.7651E-08  2.0001E-03  6.6929E-07  1.1742E+00  5.9459E-08
  1.3469E+00  4.4928E+00  6.7651E-08  2.0001E-03  6.6929E-07  1.1742E+00  5.9459E-08
  1.3499E+00  4.5028E+00  6.7650E-08  2.0001E-03  6.6929E-07  1.1742E+00  5.9460E-08
  1.3529E+00  4.5128E+00  6.7650E-08  2.0001E-03  6.6929E-07  1.1742E+00  5.9461E-08
  1.3559E+00  4.5228E+00  6.7650E-08  2.0001E-03  6.6929E-07  1.1742E+00  5.9461E-08
  1.3589E+00  4.5329E+00  6.7649E-08  2.0001E-03  6.6929E-07  1.1742E+00  5.9462E-08
  1.3619E+00  4.5429E+00  6.7649E-08  2.0001E-03  6.6929E-07  1.1742E+00  5.9463E-08
  1.3649E+00  4.5529E+00  6.7648E-08  2.0001E-03  6.6929E-07  1.1742E+00  5.9463E-08
  1.3679E+00  4.5629E+00  6.7648E-08  2.0001E-03  6.6929E-07  1.1742E+00  5.9464E-08
  1.3709E+00  4.5729E+00  6.7647E-08  2.0001E-03  6.6929E-07  1.1742E+00  5.9465E-08
  1.3739E+00  4.5829E+00  6.7647E-08  2.0001E-03  6.6929E-07  1.1742E+00  5.9465E-08
  1.3769E+00  4.5929E+00  6.7646E-08  2.0001E-03  6.6929E-07  1.1742E+00  5.9466E-08
  1.3799E+00  4.6029E+00  6.7646E-08  2.0001E-03  6.6929E-07  1.1742E+00  5.9467E-08
  1.3829E+00  4.6129E+00  6.7645E-08  2.0001E-03  6.6929E-07  1.1742E+00  5.9467E-08
  1.3859E+00  4.6229E+00  6.7645E-08  2.0001E-03  6.6929E-07  1.1742E+00  5.9468E-08
  1.3889E+00  4.6329E+00  6.7645E-08  2.0001E-03  6.6929E-07  1.1742E+00  5.9469E-08
  1.3919E+00  4.6429E+00  6.7644E-08  2.0001E-03  6.6929E-07  1.1742E+00  5.9469E-08
  1.3949E+00  4.6529E+00  6.7644E-08  2.0001E-03  6.6929E-07  1.1742E+00  5.9470E-08
  1.3979E+00  4.6629E+00  6.7643E-08  2.0001E-03  6.6929E-07  1.1742E+00  5.9471E-08
  1.4009E+00  4.6729E+00  6.7643E-08  2.0001E-03  6.6929E-07  1.1742E+00  5.9471E-08
  1.4039E+00  4.6830E+00  6.7642E-08  2.0001E-03  6.6929E-07  1.1742E+00  5.9472E-08
  1.4069E+00  4.6930E+00  6.7642E-08  2.0001E-03  6.6929E-07  1.1742E+00  5.9473E-08
  1.4099E+00  4.7030E+00  6.7641E-08  2.0001E-03  6.6929E-07  1.1742E+00  5.9473E-08
  1.4129E+00  4.7130E+00  6.7641E-08  2.0001E-03  6.6929E-07  1.1742E+00  5.9474E-08
  1.4159E+00  4.7230E+00  6.7640E-08  2.0001E-03  6.6929E-07  1.1742E+00  5.9475E-08
  1.4189E+00  4.7330E+00  6.7640E-08  2.0001E-03  6.6929E-07  1.1742E+00  5.9475E-08
  1.4219E+00  4.7430E+00  6.7640E-08  2.0001E-03  6.6929E-07  1.1742E+00  5.9476E-08
  1.4249E+00  4.7530E+00  6.7639E-08  2.0001E-03  6.6929E-07  1.1742E+00  5.9477E-08
  1.4279E+00  4.7630E+00  6.7639E-08  2.0001E-03  6.6929E-07  1.1742E+00  5.9477E-08
  1.4309E+00  4.7730E+00  6.7638E-08  2.0001E-03  6.6929E-07  1.1742E+00  5.9478E-08
  1.4339E+00  4.7830E+00  6.7638E-08  2.0001E-03  6.6929E-07  1.1742E+00  5.9479E-08
  1.4369E+00  4.7930E+00  6.7637E-08  2.0001E-03  6.6929E-07  1.1742E+00  5.9479E-08
  1.4399E+00  4.8030E+00  6.7637E-08  2.0001E-03  6.6929E-07  1.1742E+00  5.9480E-08
  1.4429E+00  4.8130E+00  6.7636E-08  2.0001E-03  6.6929E-07  1.1742E+00  5.9481E-08
  1.4459E+00  4.8231E+00  6.7636E-08  2.0001E-03  6.6929E-07  1.1742E+00  5.9481E-08
  1.4489E+00  4.8331E+00  6.7635E-08  2.0001E-03  6.6929E-07  1.1742E+00  5.9482E-08
  1.4519E+00  4.8431E+00  6.7635E-08  2.0001E-03  6.6929E-07  1.1742E+00  5.9483E-08
  1.4549E+00  4.8531E+00  6.7634E-08  2.0001E-03  6.6929E-07  1.1742E+00  5.9483E-08
  1.4579E+00  4.8631E+00  6.7634E-08  2.0001E-03  6.6929E-07  1.1742E+00  5.9484E-08
  1.4609E+00  4.8731E+00  6.7634E-08  2.0001E-03  6.6929E-07  1.1742E+00  5.9485E-08
  1.4639E+00  4.8831E+00  6.7633E-08  2.0001E-03  6.6929E-07  1.1742E+00  5.9485E-08
  1.4669E+00  4.8931E+00  6.7633E-08  2.0001E-03  6.6929E-07  1.1742E+00  5.9486E-08
  1.4699E+00  4.9031E+00  6.7632E-08  2.0001E-03  6.6929E-07  1.1742E+00  5.9487E-08
  1.4729E+00  4.9131E+00  6.7632E-08  2.0001E-03  6.6929E-07  1.1742E+00  5.9487E-08
  1.4759E+00  4.9231E+00  6.7631E-08  2.0001E-03  6.6929E-07  1.1742E+00  5.9488E-08
  1.4789E+00  4.9331E+00  6.7631E-08  2.0001E-03  6.6929E-07  1.1742E+00  5.9489E-08
  1.4819E+00  4.9431E+00  6.7630E-08  2.0001E-03  6.6929E-07  1.1742E+00  5.9489E-08
  1.4849E+00  4.9531E+00  6.7630E-08  2.0001E-03  6.6929E-07  1.1742E+00  5.9490E-08
  1.4879E+00  4.9632E+00  6.7629E-08  2.0001E-03  6.6929E-07  1.1742E+00  5.9491E-08
  1.4909E+00  4.9732E+00  6.7629E-08  2.0001E-03  6.6929E-07  1.1742E+00  5.9491E-08
  1.4939E+00  4.9832E+00  6.7629E-08  2.0001E-03  6.6929E-07  1.1742E+00  5.9492E-08
  1.5000E+00  5.0035E+00  6.7628E-08  2.0001E-03  6.6929E-07  1.1742E+00  5.9493E-08
