   3.00000000E-01   1.50000000E+00   2.62189586E-03  -2.82108096E-04   0.00000000E+00   0.00000000E+00   0.00000000E+00   0.00000000E+00   0.00000000E+00   0.00000000E+00   0.00000000E+00   0.00000000E+00
   3.08080808E-01   1.50000000E+00   4.22667878E-03  -2.91770860E-04   0.00000000E+00   0.00000000E+00   0.00000000E+00   0.00000000E+00   0.00000000E+00   0.00000000E+00   0.00000000E+00   0.00000000E+00
   3.16161616E-01   1.50000000E+00   5.89411761E-03  -3.00273154E-04   0.00000000E+00   0.00000000E+00   0.00000000E+00   0.00000000E+00   0.00000000E+00   0.00000000E+00   0.00000000E+00   0.00000000E+00
   3.24242424E-01   1.50000000E+00   7.62448656E-03  -3.07666361E-04   0.00000000E+00   0.00000000E+00   0.00000000E+00   0.00000000E+00   0.00000000E+00   0.00000000E+00   0.00000000E+00   0.00000000E+00
   3.32323232E-01   1.50000000E+00   9.41750670E-03  -3.13694264E-04   0.00000000E+00   0.00000000E+00   0.00000000E+00   0.00000000E+00   0.00000000E+00   0.00000000E+00   0.00000000E+00   0.00000000E+00
   3.40404040E-01   1.50000000E+00   1.12729175E-02  -3.18176813E-04   0.00000000E+00   0.00000000E+00   0.00000000E+00   0.00000000E+00   0.00000000E+00   0.00000000E+00   0.00000000E+00   0.00000000E+00
   3.48484848E-01   1.50000000E+00   1.31913021E-02  -3.21477808E-04   0.00000000E+00   0.00000000E+00   0.00000000E+00   0.00000000E+00   0.00000000E+00   0.00000000E+00   0.00000000E+00   0.00000000E+00
   3.56565657E-01   1.50000000E+00   1.51723794E-02  -3.23809763E-04   0.00000000E+00   0.00000000E+00   0.00000000E+00   0.00000000E+00   0.00000000E+00   0.00000000E+00   0.00000000E+00   0.00000000E+00
   3.64646465E-01   1.50000000E+00   1.72157348E-02  -3.24788624E-04   0.00000000E+00   0.00000000E+00   0.00000000E+00   0.00000000E+00   0.00000000E+00   0.00000000E+00   0.00000000E+00   0.00000000E+00
   3.72727273E-01   1.50000000E+00   1.93208177E-02  -3.24253716E-04   0.00000000E+00   0.00000000E+00   0.00000000E+00   0.00000000E+00   0.00000000E+00   0.00000000E+00   0.00000000E+00   0.00000000E+00
   3.80808081E-01   1.50000000E+00   2.14857601E-02  -3.22686567E-04   0.00000000E+00   0.00000000E+00   0.00000000E+00   0.00000000E+00   0.00000000E+00   0.00000000E+00   0.00000000E+00   0.00000000E+00
   3.88888889E-01   1.50000000E+00   2.37065784E-02  -3.20151311E-04   0.00000000E+00   0.00000000E+00   0.00000000E+00   0.00000000E+00   0.00000000E+00   0.00000000E+00   0.00000000E+00   0.00000000E+00
   3.96969697E-01   1.50000000E+00   2.59748122E-02  -3.16011582E-04   0.00000000E+00   0.00000000E+00   0.00000000E+00   0.00000000E+00   0.00000000E+00   0.00000000E+00   0.00000000E+00   0.00000000E+00
   4.05050505E-01   1.50000000E+00   2.82781792E-02  -3.11458726E-04   0.00000000E+00   0.00000000E+00   0.00000000E+00   0.00000000E+00   0.00000000E+00   0.00000000E+00   0.00000000E+00   0.00000000E+00
   4.13131313E-01   1.50000000E+00   3.05999440E-02  -3.06411569E-04   0.00000000E+00   0.00000000E+00   0.00000000E+00   0.00000000E+00   0.00000000E+00   0.00000000E+00   0.00000000E+00   0.00000000E+00
   4.21212121E-01   1.50000000E+00   3.29195326E-02  -3.01085035E-04   0.00000000E+00   0.00000000E+00   0.00000000E+00   0.00000000E+00   0.00000000E+00   0.00000000E+00   0.00000000E+00   0.00000000E+00
   4.29292929E-01   1.50000000E+00   3.52146915E-02  -2.95920132E-04   0.00000000E+00   0.00000000E+00   0.00000000E+00   0.00000000E+00   0.00000000E+00   0.00000000E+00   0.00000000E+00   0.00000000E+00
   4.37373737E-01   1.50000000E+00   3.74636156E-02  -2.91326002E-04   0.00000000E+00   0.00000000E+00   0.00000000E+00   0.00000000E+00   0.00000000E+00   0.00000000E+00   0.00000000E+00   0.00000000E+00
   4.45454545E-01   1.50000000E+00   3.96428579E-02  -2.88249976E-04   0.00000000E+00   0.00000000E+00   0.00000000E+00   0.00000000E+00   0.00000000E+00   0.00000000E+00   0.00000000E+00   0.00000000E+00
   4.53535354E-01   1.50000000E+00   4.17287666E-02  -2.86608348E-04   0.00000000E+00   0.00000000E+00   0.00000000E+00   0.00000000E+00   0.00000000E+00   0.00000000E+00   0.00000000E+00   0.00000000E+00
   4.61616162E-01   1.50000000E+00   4.36983350E-02  -2.87013405E-04   0.00000000E+00   0.00000000E+00   0.00000000E+00   0.00000000E+00   0.00000000E+00   0.00000000E+00   0.00000000E+00   0.00000000E+00
   4.69696970E-01   1.50000000E+00   4.55282453E-02  -2.90525502E-04   0.00000000E+00   0.00000000E+00   0.00000000E+00   0.00000000E+00   0.00000000E+00   0.00000000E+00   0.00000000E+00   0.00000000E+00
   4.77777778E-01   1.50000000E+00   4.71967538E-02  -2.97259519E-04   0.00000000E+00   0.00000000E+00   0.00000000E+00   0.00000000E+00   0.00000000E+00   0.00000000E+00   0.00000000E+00   0.00000000E+00
   4.85858586E-01   1.50000000E+00   4.86848942E-02  -3.07502392E-04   0.00000000E+00   0.00000000E+00   0.00000000E+00   0.00000000E+00   0.00000000E+00   0.00000000E+00   0.00000000E+00   0.00000000E+00
   4.93939394E-01   1.50000000E+00   4.99772741E-02  -3.22062820E-04   0.00000000E+00   0.00000000E+00   0.00000000E+00   0.00000000E+00   0.00000000E+00   0.00000000E+00   0.00000000E+00   0.00000000E+00
   5.02020202E-01   1.50000000E+00   5.10643751E-02  -3.41334326E-04   0.00000000E+00   0.00000000E+00   0.00000000E+00   0.00000000E+00   0.00000000E+00   0.00000000E+00   0.00000000E+00   0.00000000E+00
   5.10101010E-01   1.50000000E+00   5.19396391E-02  -3.64694120E-04   0.00000000E+00   0.00000000E+00   0.00000000E+00   0.00000000E+00   0.00000000E+00   0.00000000E+00   0.00000000E+00   0.00000000E+00
   5.18181818E-01   1.50000000E+00   5.26019563E-02  -3.92722100E-04   0.00000000E+00   0.00000000E+00   0.00000000E+00   0.00000000E+00   0.00000000E+00   0.00000000E+00   0.00000000E+00   0.00000000E+00
   5.26262626E-01   1.50000000E+00   5.30547206E-02  -4.24981567E-04   0.00000000E+00   0.00000000E+00   0.00000000E+00   0.00000000E+00   0.00000000E+00   0.00000000E+00   0.00000000E+00   0.00000000E+00
   5.34343434E-01   1.50000000E+00   5.33055841E-02  -4.61699509E-04   0.00000000E+00   0.00000000E+00   0.00000000E+00   0.00000000E+00   0.00000000E+00   0.00000000E+00   0.00000000E+00   0.00000000E+00
   5.42424242E-01   1.50000000E+00   5.33658234E-02  -5.02289327E-04   0.00000000E+00   0.00000000E+00   0.00000000E+00   0.00000000E+00   0.00000000E+00   0.00000000E+00   0.00000000E+00   0.00000000E+00
   5.50505051E-01   1.50000000E+00   5.32499020E-02  -5.45766885E-04   0.00000000E+00   0.00000000E+00   0.00000000E+00   0.00000000E+00   0.00000000E+00   0.00000000E+00   0.00000000E+00   0.00000000E+00
   5.58585859E-01   1.50000000E+00   5.29733241E-02  -5.92686077E-04   0.00000000E+00   0.00000000E+00   0.00000000E+00   0.00000000E+00   0.00000000E+00   0.00000000E+00   0.00000000E+00   0.00000000E+00
   5.66666667E-01   1.50000000E+00   5.25536880E-02  -6.42244616E-04   0.00000000E+00   0.00000000E+00   0.00000000E+00   0.00000000E+00   0.00000000E+00   0.00000000E+00   0.00000000E+00   0.00000000E+00
   5.74747475E-01   1.50000000E+00   5.20098903E-02  -6.93374224E-04   0.00000000E+00   0.00000000E+00   0.00000000E+00   0.00000000E+00   0.00000000E+00   0.00000000E+00   0.00000000E+00   0.00000000E+00
   5.82828283E-01   1.50000000E+00   5.13614482E-02  -7.46469878E-04   0.00000000E+00   0.00000000E+00   0.00000000E+00   0.00000000E+00   0.00000000E+00   0.00000000E+00   0.00000000E+00   0.00000000E+00
   5.90909091E-01   1.50000000E+00   5.06296926E-02  -8.01304260E-04   0.00000000E+00   0.00000000E+00   0.00000000E+00   0.00000000E+00   0.00000000E+00   0.00000000E+00   0.00000000E+00   0.00000000E+00
   5.98989899E-01   1.50000000E+00   4.98346909E-02  -8.56610718E-04   0.00000000E+00   0.00000000E+00   0.00000000E+00   0.00000000E+00   0.00000000E+00   0.00000000E+00   0.00000000E+00   0.00000000E+00
   6.07070707E-01   1.50000000E+00   4.89971695E-02  -9.12477965E-04   0.00000000E+00   0.00000000E+00   0.00000000E+00   0.00000000E+00   0.00000000E+00   0.00000000E+00   0.00000000E+00   0.00000000E+00
   6.15151515E-01   1.50000000E+00   4.81339333E-02  -9.68694646E-04   0.00000000E+00   0.00000000E+00   0.00000000E+00   0.00000000E+00   0.00000000E+00   0.00000000E+00   0.00000000E+00   0.00000000E+00
   6.23232323E-01   1.50000000E+00   4.72575301E-02  -1.02533876E-03   0.00000000E+00   0.00000000E+00   0.00000000E+00   0.00000000E+00   0.00000000E+00   0.00000000E+00   0.00000000E+00   0.00000000E+00
   6.31313131E-01   1.50000000E+00   4.63749757E-02  -1.08212409E-03   0.00000000E+00   0.00000000E+00   0.00000000E+00   0.00000000E+00   0.00000000E+00   0.00000000E+00   0.00000000E+00   0.00000000E+00
   6.39393939E-01   1.50000000E+00   4.54903448E-02  -1.13821225E-03   0.00000000E+00   0.00000000E+00   0.00000000E+00   0.00000000E+00   0.00000000E+00   0.00000000E+00   0.00000000E+00   0.00000000E+00
   6.47474747E-01   1.50000000E+00   4.46044813E-02  -1.19484798E-03   0.00000000E+00   0.00000000E+00   0.00000000E+00   0.00000000E+00   0.00000000E+00   0.00000000E+00   0.00000000E+00   0.00000000E+00
   6.55555556E-01   1.50000000E+00   4.37183629E-02  -1.25192079E-03   0.00000000E+00   0.00000000E+00   0.00000000E+00   0.00000000E+00   0.00000000E+00   0.00000000E+00   0.00000000E+00   0.00000000E+00
   6.63636364E-01   1.50000000E+00   4.28326098E-02  -1.30872373E-03   0.00000000E+00   0.00000000E+00   0.00000000E+00   0.00000000E+00   0.00000000E+00   0.00000000E+00   0.00000000E+00   0.00000000E+00
   6.71717172E-01   1.50000000E+00   4.19464958E-02  -1.36549211E-03   0.00000000E+00   0.00000000E+00   0.00000000E+00   0.00000000E+00   0.00000000E+00   0.00000000E+00   0.00000000E+00   0.00000000E+00
   6.79797980E-01   1.50000000E+00   4.10606798E-02  -1.42238516E-03   0.00000000E+00   0.00000000E+00   0.00000000E+00   0.00000000E+00   0.00000000E+00   0.00000000E+00   0.00000000E+00   0.00000000E+00
   6.87878788E-01   1.50000000E+00   4.01745640E-02  -1.47908715E-03   0.00000000E+00   0.00000000E+00   0.00000000E+00   0.00000000E+00   0.00000000E+00   0.00000000E+00   0.00000000E+00   0.00000000E+00
   6.95959596E-01   1.50000000E+00   3.92880794E-02  -1.53569549E-03   0.00000000E+00   0.00000000E+00   0.00000000E+00   0.00000000E+00   0.00000000E+00   0.00000000E+00   0.00000000E+00   0.00000000E+00
   7.04040404E-01   1.50000000E+00   3.84017981E-02  -1.59223530E-03   0.00000000E+00   0.00000000E+00   0.00000000E+00   0.00000000E+00   0.00000000E+00   0.00000000E+00   0.00000000E+00   0.00000000E+00
   7.12121212E-01   1.50000000E+00   3.75155568E-02  -1.64908266E-03   0.00000000E+00   0.00000000E+00   0.00000000E+00   0.00000000E+00   0.00000000E+00   0.00000000E+00   0.00000000E+00   0.00000000E+00
   7.20202020E-01   1.50000000E+00   3.66292616E-02  -1.70624169E-03   0.00000000E+00   0.00000000E+00   0.00000000E+00   0.00000000E+00   0.00000000E+00   0.00000000E+00   0.00000000E+00   0.00000000E+00
   7.28282828E-01   1.50000000E+00   3.57432101E-02  -1.76227689E-03   0.00000000E+00   0.00000000E+00   0.00000000E+00   0.00000000E+00   0.00000000E+00   0.00000000E+00   0.00000000E+00   0.00000000E+00
   7.36363636E-01   1.50000000E+00   3.48568000E-02  -1.81877473E-03   0.00000000E+00   0.00000000E+00   0.00000000E+00   0.00000000E+00   0.00000000E+00   0.00000000E+00   0.00000000E+00   0.00000000E+00
   7.44444444E-01   1.50000000E+00   3.39704281E-02  -1.87620389E-03   0.00000000E+00   0.00000000E+00   0.00000000E+00   0.00000000E+00   0.00000000E+00   0.00000000E+00   0.00000000E+00   0.00000000E+00
   7.52525253E-01   1.50000000E+00   3.30844405E-02  -1.93278567E-03   0.00000000E+00   0.00000000E+00   0.00000000E+00   0.00000000E+00   0.00000000E+00   0.00000000E+00   0.00000000E+00   0.00000000E+00
   7.60606061E-01   1.50000000E+00   3.21982697E-02  -1.98912150E-03   0.00000000E+00   0.00000000E+00   0.00000000E+00   0.00000000E+00   0.00000000E+00   0.00000000E+00   0.00000000E+00   0.00000000E+00
   7.68686869E-01   1.50000000E+00   3.13122184E-02  -2.04593358E-03   0.00000000E+00   0.00000000E+00   0.00000000E+00   0.00000000E+00   0.00000000E+00   0.00000000E+00   0.00000000E+00   0.00000000E+00
   7.76767677E-01   1.50000000E+00   3.04258607E-02  -2.10247090E-03   0.00000000E+00   0.00000000E+00   0.00000000E+00   0.00000000E+00   0.00000000E+00   0.00000000E+00   0.00000000E+00   0.00000000E+00
   7.84848485E-01   1.50000000E+00   2.95395777E-02  -2.15921509E-03   0.00000000E+00   0.00000000E+00   0.00000000E+00   0.00000000E+00   0.00000000E+00   0.00000000E+00   0.00000000E+00   0.00000000E+00
   7.92929293E-01   1.50000000E+00   2.86531754E-02  -2.21554483E-03   0.00000000E+00   0.00000000E+00   0.00000000E+00   0.00000000E+00   0.00000000E+00   0.00000000E+00   0.00000000E+00   0.00000000E+00
   8.01010101E-01   1.50000000E+00   2.77670351E-02  -2.27245765E-03   0.00000000E+00   0.00000000E+00   0.00000000E+00   0.00000000E+00   0.00000000E+00   0.00000000E+00   0.00000000E+00   0.00000000E+00
   8.09090909E-01   1.50000000E+00   2.68807574E-02  -2.32908809E-03   0.00000000E+00   0.00000000E+00   0.00000000E+00   0.00000000E+00   0.00000000E+00   0.00000000E+00   0.00000000E+00   0.00000000E+00
   8.17171717E-01   1.50000000E+00   2.59949874E-02  -2.38502889E-03   0.00000000E+00   0.00000000E+00   0.00000000E+00   0.00000000E+00   0.00000000E+00   0.00000000E+00   0.00000000E+00   0.00000000E+00
   8.25252525E-01   1.50000000E+00   2.51086131E-02  -2.44175942E-03   0.00000000E+00   0.00000000E+00   0.00000000E+00   0.00000000E+00   0.00000000E+00   0.00000000E+00   0.00000000E+00   0.00000000E+00
   8.33333333E-01   1.50000000E+00   2.42223094E-02  -2.49879511E-03   0.00000000E+00   0.00000000E+00   0.00000000E+00   0.00000000E+00   0.00000000E+00   0.00000000E+00   0.00000000E+00   0.00000000E+00
   8.41414141E-01   1.50000000E+00   2.33366419E-02  -2.55578374E-03   0.00000000E+00   0.00000000E+00   0.00000000E+00   0.00000000E+00   0.00000000E+00   0.00000000E+00   0.00000000E+00   0.00000000E+00
   8.49494949E-01   1.50000000E+00   2.24505033E-02  -2.61248123E-03   0.00000000E+00   0.00000000E+00   0.00000000E+00   0.00000000E+00   0.00000000E+00   0.00000000E+00   0.00000000E+00   0.00000000E+00
   8.57575758E-01   1.50000000E+00   2.15643473E-02  -2.66942849E-03   0.00000000E+00   0.00000000E+00   0.00000000E+00   0.00000000E+00   0.00000000E+00   0.00000000E+00   0.00000000E+00   0.00000000E+00
   8.65656566E-01   1.50000000E+00   2.06784054E-02  -2.72614009E-03   0.00000000E+00   0.00000000E+00   0.00000000E+00   0.00000000E+00   0.00000000E+00   0.00000000E+00   0.00000000E+00   0.00000000E+00
   8.73737374E-01   1.50000000E+00   1.97920793E-02  -2.78311847E-03   0.00000000E+00   0.00000000E+00   0.00000000E+00   0.00000000E+00   0.00000000E+00   0.00000000E+00   0.00000000E+00   0.00000000E+00
   8.81818182E-01   1.50000000E+00   1.89058257E-02  -2.83956874E-03   0.00000000E+00   0.00000000E+00   0.00000000E+00   0.00000000E+00   0.00000000E+00   0.00000000E+00   0.00000000E+00   0.00000000E+00
   8.89898990E-01   1.50000000E+00   1.80196989E-02  -2.89645167E-03   0.00000000E+00   0.00000000E+00   0.00000000E+00   0.00000000E+00   0.00000000E+00   0.00000000E+00   0.00000000E+00   0.00000000E+00
   8.97979798E-01   1.50000000E+00   1.71333770E-02  -2.95354613E-03   0.00000000E+00   0.00000000E+00   0.00000000E+00   0.00000000E+00   0.00000000E+00   0.00000000E+00   0.00000000E+00   0.00000000E+00
   9.06060606E-01   1.50000000E+00   1.62472417E-02  -3.00972787E-03   0.00000000E+00   0.00000000E+00   0.00000000E+00   0.00000000E+00   0.00000000E+00   0.00000000E+00   0.00000000E+00   0.00000000E+00
   9.14141414E-01   1.50000000E+00   1.53609928E-02  -3.06604977E-03   0.00000000E+00   0.00000000E+00   0.00000000E+00   0.00000000E+00   0.00000000E+00   0.00000000E+00   0.00000000E+00   0.00000000E+00
   9.22222222E-01   1.50000000E+00   1.44746821E-02  -3.12342061E-03   0.00000000E+00   0.00000000E+00   0.00000000E+00   0.00000000E+00   0.00000000E+00   0.00000000E+00   0.00000000E+00   0.00000000E+00
   9.30303030E-01   1.50000000E+00   1.35887041E-02  -3.18036560E-03   0.00000000E+00   0.00000000E+00   0.00000000E+00   0.00000000E+00   0.00000000E+00   0.00000000E+00   0.00000000E+00   0.00000000E+00
   9.38383838E-01   1.50000000E+00   1.27025171E-02  -3.23667299E-03   0.00000000E+00   0.00000000E+00   0.00000000E+00   0.00000000E+00   0.00000000E+00   0.00000000E+00   0.00000000E+00   0.00000000E+00
   9.46464646E-01   1.50000000E+00   1.18161550E-02  -3.29293102E-03   0.00000000E+00   0.00000000E+00   0.00000000E+00   0.00000000E+00   0.00000000E+00   0.00000000E+00   0.00000000E+00   0.00000000E+00
   9.54545455E-01   1.50000000E+00   1.09301001E-02  -3.34993767E-03   0.00000000E+00   0.00000000E+00   0.00000000E+00   0.00000000E+00   0.00000000E+00   0.00000000E+00   0.00000000E+00   0.00000000E+00
   9.62626263E-01   1.50000000E+00   1.00439268E-02  -3.40698555E-03   0.00000000E+00   0.00000000E+00   0.00000000E+00   0.00000000E+00   0.00000000E+00   0.00000000E+00   0.00000000E+00   0.00000000E+00
   9.70707071E-01   1.50000000E+00   9.15772501E-03  -3.46331248E-03   0.00000000E+00   0.00000000E+00   0.00000000E+00   0.00000000E+00   0.00000000E+00   0.00000000E+00   0.00000000E+00   0.00000000E+00
   9.78787879E-01   1.49999999E+00   8.27151859E-03  -3.51992800E-03   0.00000000E+00   0.00000000E+00   0.00000000E+00   0.00000000E+00   0.00000000E+00   0.00000000E+00   0.00000000E+00   0.00000000E+00
   9.86868687E-01   1.49999999E+00   7.38527939E-03  -3.57627710E-03   0.00000000E+00   0.00000000E+00   0.00000000E+00   0.00000000E+00   0.00000000E+00   0.00000000E+00   0.00000000E+00   0.00000000E+00
   9.94949495E-01   1.49999999E+00   6.49920029E-03  -3.63250424E-03   0.00000000E+00   0.00000000E+00   0.00000000E+00   0.00000000E+00   0.00000000E+00   0.00000000E+00   0.00000000E+00   0.00000000E+00
   1.00303030E+00   1.49999999E+00   5.61305547E-03  -3.68891729E-03   0.00000000E+00   0.00000000E+00   0.00000000E+00   0.00000000E+00   0.00000000E+00   0.00000000E+00   0.00000000E+00   0.00000000E+00
   1.01111111E+00   1.49999999E+00   4.72686281E-03  -3.74589460E-03   0.00000000E+00   0.00000000E+00   0.00000000E+00   0.00000000E+00   0.00000000E+00   0.00000000E+00   0.00000000E+00   0.00000000E+00
   1.01919192E+00   1.49999999E+00   3.84086014E-03  -3.80336922E-03   0.00000000E+00   0.00000000E+00   0.00000000E+00   0.00000000E+00   0.00000000E+00   0.00000000E+00   0.00000000E+00   0.00000000E+00
   1.02727273E+00   1.49999999E+00   2.95476377E-03  -3.85997701E-03   0.00000000E+00   0.00000000E+00   0.00000000E+00   0.00000000E+00   0.00000000E+00   0.00000000E+00   0.00000000E+00   0.00000000E+00
   1.03535354E+00   1.49999999E+00   2.06853688E-03  -3.91683731E-03   0.00000000E+00   0.00000000E+00   0.00000000E+00   0.00000000E+00   0.00000000E+00   0.00000000E+00   0.00000000E+00   0.00000000E+00
   1.04343434E+00   1.49999999E+00   1.18249619E-03  -3.97414507E-03   0.00000000E+00   0.00000000E+00   0.00000000E+00   0.00000000E+00   0.00000000E+00   0.00000000E+00   0.00000000E+00   0.00000000E+00
   1.05151515E+00   1.49999999E+00   2.96316185E-04  -4.03089105E-03   0.00000000E+00   0.00000000E+00   0.00000000E+00   0.00000000E+00   0.00000000E+00   0.00000000E+00   0.00000000E+00   0.00000000E+00
   1.05959596E+00   1.49999999E+00  -5.89855435E-04  -4.08774566E-03   0.00000000E+00   0.00000000E+00   0.00000000E+00   0.00000000E+00   0.00000000E+00   0.00000000E+00   0.00000000E+00   0.00000000E+00
   1.06767677E+00   1.49999999E+00  -1.47606903E-03  -4.14422510E-03   0.00000000E+00   0.00000000E+00   0.00000000E+00   0.00000000E+00   0.00000000E+00   0.00000000E+00   0.00000000E+00   0.00000000E+00
   1.07575758E+00   1.49999999E+00  -2.36231185E-03  -4.20117426E-03   0.00000000E+00   0.00000000E+00   0.00000000E+00   0.00000000E+00   0.00000000E+00   0.00000000E+00   0.00000000E+00   0.00000000E+00
   1.08383838E+00   1.49999999E+00  -3.24843312E-03  -4.25812199E-03   0.00000000E+00   0.00000000E+00   0.00000000E+00   0.00000000E+00   0.00000000E+00   0.00000000E+00   0.00000000E+00   0.00000000E+00
   1.09191919E+00   1.49999999E+00  -4.13466821E-03  -4.31390946E-03   0.00000000E+00   0.00000000E+00   0.00000000E+00   0.00000000E+00   0.00000000E+00   0.00000000E+00   0.00000000E+00   0.00000000E+00
   1.10000000E+00   1.49999999E+00  -5.02087229E-03  -4.37135792E-03   0.00000000E+00   0.00000000E+00   0.00000000E+00   0.00000000E+00   0.00000000E+00   0.00000000E+00   0.00000000E+00   0.00000000E+00
