  0.0000E+00  0.0000E+00 -4.9838E-12  1.0000E-04  9.9908E+00  9.7847E-01  1.8695E-06
  2.3981E-03  8.0000E-03  2.1190E-07  2.3959E-02  9.9908E+00  9.7808E-01  9.9907E+00
  4.7962E-03  1.6000E-02  4.2381E-07  4.7918E-02  9.9908E+00  9.7769E-01  9.9908E+00
  7.1943E-03  2.4000E-02  6.3572E-07  7.1877E-02  9.9908E+00  9.7730E-01  9.9908E+00
  9.5924E-03  3.2000E-02  8.4763E-07  9.5836E-02  9.9908E+00  9.7691E-01  9.9908E+00
  1.1990E-02  4.0000E-02  1.0595E-06  1.1979E-01  9.9908E+00  9.7652E-01  9.9908E+00
  1.4389E-02  4.8000E-02  1.2714E-06  1.4375E-01  9.9908E+00  9.7613E-01  9.9908E+00
  1.6787E-02  5.6000E-02  1.4834E-06  1.6771E-01  9.9908E+00  9.7575E-01  9.9908E+00
  1.9185E-02  6.4000E-02  1.6953E-06  1.9167E-01  9.9908E+00  9.7536E-01  9.9908E+00
  2.1583E-02  7.2000E-02  1.9072E-06  2.1563E-01  9.9908E+00  9.7497E-01  9.9908E+00
  2.3981E-02  8.0000E-02  2.1191E-06  2.3959E-01  9.9908E+00  9.7458E-01  9.9908E+00
  2.6379E-02  8.8000E-02  2.3310E-06  2.6355E-01  9.9908E+00  9.7420E-01  9.9908E+00
  2.8777E-02  9.6000E-02  2.5429E-06  2.8751E-01  9.9908E+00  9.7381E-01  9.9908E+00
  3.1175E-02  1.0400E-01  2.7548E-06  3.1147E-01  9.9908E+00  9.7342E-01  9.9908E+00
  3.3573E-02  1.1200E-01  2.9667E-06  3.3542E-01  9.9908E+00  9.7304E-01  9.9908E+00
  3.5971E-02  1.2000E-01  3.1786E-06  3.5938E-01  9.9908E+00  9.7265E-01  9.9908E+00
  3.8370E-02  1.2800E-01  3.3905E-06  3.8334E-01  9.9908E+00  9.7226E-01  9.9908E+00
  4.0768E-02  1.3600E-01  3.6024E-06  4.0730E-01  9.9908E+00  9.7188E-01  9.9908E+00
  4.3166E-02  1.4400E-01  3.8143E-06  4.3126E-01  9.9908E+00  9.7149E-01  9.9908E+00
  4.5564E-02  1.5200E-01  4.0263E-06  4.5522E-01  9.9908E+00  9.7111E-01  9.9908E+00
  4.7962E-02  1.6000E-01  4.2382E-06  4.7918E-01  9.9908E+00  9.7072E-01  9.9908E+00
  5.0360E-02  1.6800E-01  4.4501E-06  5.0314E-01  9.9908E+00  9.7034E-01  9.9908E+00
  5.2758E-02  1.7600E-01  4.6620E-06  5.2710E-01  9.9908E+00  9.6996E-01  9.9908E+00
  5.5156E-02  1.8400E-01  4.8739E-06  5.5106E-01  9.9908E+00  9.6957E-01  9.9908E+00
  5.7554E-02  1.9200E-01  5.0858E-06  5.7501E-01  9.9908E+00  9.6919E-01  9.9908E+00
  5.9952E-02  2.0000E-01  5.2977E-06  5.9897E-01  9.9908E+00  9.6880E-01  9.9908E+00
  6.2351E-02  2.0800E-01  5.5096E-06  6.2293E-01  9.9908E+00  9.6842E-01  9.9908E+00
  6.4749E-02  2.1600E-01  5.7215E-06  6.4689E-01  9.9908E+00  9.6804E-01  9.9908E+00
  6.7147E-02  2.2400E-01  5.9334E-06  6.7085E-01  9.9908E+00  9.6765E-01  9.9908E+00
  6.9545E-02  2.3200E-01  6.1453E-06  6.9481E-01  9.9908E+00  9.6727E-01  9.9908E+00
  7.1943E-02  2.4000E-01  6.3572E-06  7.1877E-01  9.9908E+00  9.6689E-01  9.9908E+00
  7.4341E-02  2.4800E-01  6.5692E-06  7.4273E-01  9.9908E+00  9.6651E-01  9.9908E+00
  7.6739E-02  2.5600E-01  6.7811E-06  7.6669E-01  9.9908E+00  9.6613E-01  9.9908E+00
  7.9137E-02  2.6400E-01  6.9930E-06  7.9064E-01  9.9908E+00  9.6575E-01  9.9908E+00
  8.1535E-02  2.7200E-01  7.2049E-06  8.1460E-01  9.9908E+00  9.6536E-01  9.9908E+00
  8.3933E-02  2.8000E-01  7.4168E-06  8.3856E-01  9.9908E+00  9.6498E-01  9.9908E+00
  8.6332E-02  2.8800E-01  7.6287E-06  8.6252E-01  9.9908E+00  9.6460E-01  9.9908E+00
  8.8730E-02  2.9600E-01  7.8406E-06  8.8648E-01  9.9908E+00  9.6422E-01  9.9908E+00
  9.1128E-02  3.0400E-01  8.0525E-06  9.1044E-01  9.9908E+00  9.6384E-01  9.9908E+00
  9.3526E-02  3.1200E-01  8.2644E-06  9.3440E-01  9.9908E+00  9.6346E-01  9.9908E+00
  9.5924E-02  3.2000E-01  8.4763E-06  9.5836E-01  9.9908E+00  9.6308E-01  9.9908E+00
  9.8322E-02  3.2800E-01  8.6882E-06  9.8232E-01  9.9908E+00  9.6270E-01  9.9908E+00
  1.0072E-01  3.3600E-01  8.9002E-06  1.0063E+00  9.9908E+00  9.6233E-01  9.9908E+00
  1.0312E-01  3.4400E-01  9.1121E-06  1.0302E+00  9.9908E+00  9.6195E-01  9.9908E+00
  1.0552E-01  3.5200E-01  9.3240E-06  1.0542E+00  9.9908E+00  9.6157E-01  9.9908E+00
  1.0791E-01  3.6000E-01  9.5359E-06  1.0782E+00  9.9908E+00  9.6119E-01  9.9908E+00
  1.1031E-01  3.6800E-01  9.7478E-06  1.1021E+00  9.9908E+00  9.6081E-01  9.9908E+00
  1.1271E-01  3.7600E-01  9.9597E-06  1.1261E+00  9.9908E+00  9.6043E-01  9.9908E+00
  1.1511E-01  3.8400E-01  1.0172E-05  1.1500E+00  9.9908E+00  9.6006E-01  9.9908E+00
  1.1751E-01  3.9200E-01  1.0384E-05  1.1740E+00  9.9908E+00  9.5968E-01  9.9908E+00
  1.1990E-01  4.0000E-01  1.0595E-05  1.1979E+00  9.9908E+00  9.5930E-01  9.9908E+00
  1.2230E-01  4.0800E-01  1.0807E-05  1.2219E+00  9.9908E+00  9.5893E-01  9.9908E+00
  1.2470E-01  4.1600E-01  1.1019E-05  1.2459E+00  9.9908E+00  9.5855E-01  9.9908E+00
  1.2720E-01  4.2434E-01  1.1240E-05  1.2708E+00  9.9908E+00  9.5816E-01  9.9908E+00
  1.2960E-01  4.3234E-01  1.1452E-05  1.2948E+00  9.9908E+00  9.5778E-01  9.9908E+00
  1.3200E-01  4.4034E-01  1.1664E-05  1.3187E+00  9.9908E+00  9.5741E-01  9.9908E+00
  1.3439E-01  4.4834E-01  1.1876E-05  1.3427E+00  9.9908E+00  9.5703E-01  9.9908E+00
  1.3679E-01  4.5634E-01  1.2088E-05  1.3667E+00  9.9908E+00  9.5665E-01  9.9908E+00
  1.3919E-01  4.6434E-01  1.2300E-05  1.3906E+00  9.9905E+00  9.5623E-01  9.9905E+00
  1.4159E-01  4.7234E-01  1.2511E-05  1.4146E+00  9.9894E+00  9.5591E-01  9.9894E+00
  1.4399E-01  4.8034E-01  1.2723E-05  1.4385E+00  9.9840E+00  9.6200E-01  9.9840E+00
  1.4638E-01  4.8834E-01  1.2932E-05  1.4625E+00  9.9595E+00  1.1016E+00  9.9595E+00
  1.4878E-01  4.9634E-01  1.3132E-05  1.4862E+00  9.8626E+00  2.2559E+00  9.8626E+00
  1.5118E-01  5.0434E-01  8.0554E-03  1.4500E+00  9.2169E+00  3.5354E+00  9.2169E+00
  1.5358E-01  5.1234E-01  8.1756E-03  1.4716E+00  8.7970E+00  4.7278E+00  8.7970E+00
  1.5598E-01  5.2034E-01  8.2896E-03  1.4921E+00  8.3041E+00  5.0918E+00  8.3041E+00
  1.5838E-01  5.2834E-01  8.3969E-03  1.5114E+00  7.7919E+00  5.1475E+00  7.7919E+00
  1.6077E-01  5.3634E-01  8.4973E-03  1.5295E+00  7.2761E+00  5.1218E+00  7.2761E+00
  1.6317E-01  5.4434E-01  8.7832E-03  1.5463E+00  6.7606E+00  5.0719E+00  6.7606E+00
  1.6557E-01  5.5234E-01  9.1043E-03  1.5617E+00  6.2464E+00  5.0095E+00  6.2464E+00
  1.6797E-01  5.6034E-01  9.6064E-03  1.5760E+00  5.7351E+00  4.9457E+00  5.7351E+00
  1.7037E-01  5.6834E-01  9.8918E-03  1.5891E+00  5.2271E+00  4.8789E+00  5.2271E+00
  1.7277E-01  5.7634E-01  9.5439E-03  1.6009E+00  4.7229E+00  4.8020E+00  4.7229E+00
  1.7516E-01  5.8434E-01  9.4047E-03  1.6115E+00  4.2235E+00  4.7021E+00  4.2235E+00
  1.7756E-01  5.9234E-01  9.6269E-03  1.6207E+00  3.7307E+00  4.5296E+00  3.7307E+00
  1.7996E-01  6.0034E-01  1.0155E-02  1.6287E+00  3.2516E+00  4.1505E+00  3.2516E+00
  1.8236E-01  6.0834E-01  1.0033E-02  1.6355E+00  2.8043E+00  3.1759E+00  2.8043E+00
  1.8476E-01  6.1634E-01  9.2050E-03  1.6416E+00  2.4326E+00  1.3045E+00  2.4326E+00
  1.8715E-01  6.2434E-01  8.7488E-03  1.6469E+00  2.1907E+00  2.9048E+00  2.1907E+00
  1.8955E-01  6.3234E-01  8.7759E-03  1.6520E+00  2.0771E+00  5.2673E+00  2.0771E+00
  1.9195E-01  6.4034E-01  8.8019E-03  1.6570E+00  2.0363E+00  6.3774E+00  2.0363E+00
  1.9435E-01  6.4834E-01  8.8277E-03  1.6618E+00  2.0235E+00  6.7658E+00  2.0235E+00
  1.9675E-01  6.5634E-01  8.8533E-03  1.6667E+00  2.0196E+00  6.8880E+00  2.0196E+00
  1.9914E-01  6.6434E-01  8.8789E-03  1.6715E+00  2.0185E+00  6.9245E+00  2.0185E+00
  2.0154E-01  6.7234E-01  8.9046E-03  1.6764E+00  2.0182E+00  6.9315E+00  2.0182E+00
  2.0394E-01  6.8034E-01  8.9302E-03  1.6812E+00  2.0181E+00  6.9310E+00  2.0181E+00
  2.0634E-01  6.8834E-01  8.9558E-03  1.6860E+00  2.0181E+00  6.9309E+00  2.0181E+00
  2.0873E-01  6.9634E-01  8.9814E-03  1.6909E+00  2.0181E+00  6.9308E+00  2.0181E+00
  2.1113E-01  7.0434E-01  9.0070E-03  1.6957E+00  2.0181E+00  6.9308E+00  2.0181E+00
  2.1353E-01  7.1234E-01  9.0326E-03  1.7006E+00  2.0181E+00  6.9308E+00  2.0181E+00
  2.1593E-01  7.2034E-01  9.0582E-03  1.7054E+00  2.0181E+00  6.9308E+00  2.0181E+00
  2.1833E-01  7.2834E-01  9.0838E-03  1.7102E+00  2.0181E+00  6.9308E+00  2.0181E+00
  2.2072E-01  7.3634E-01  9.1094E-03  1.7151E+00  2.0181E+00  6.9308E+00  2.0181E+00
  2.2312E-01  7.4434E-01  9.1350E-03  1.7199E+00  2.0181E+00  6.9308E+00  2.0181E+00
  2.2552E-01  7.5234E-01  9.1607E-03  1.7247E+00  2.0181E+00  6.9308E+00  2.0181E+00
  2.2792E-01  7.6034E-01  9.1863E-03  1.7296E+00  2.0181E+00  6.9308E+00  2.0181E+00
  2.3032E-01  7.6834E-01  9.2119E-03  1.7344E+00  2.0181E+00  6.9308E+00  2.0181E+00
  2.3271E-01  7.7634E-01  9.2375E-03  1.7393E+00  2.0181E+00  6.9309E+00  2.0181E+00
  2.3511E-01  7.8434E-01  9.2631E-03  1.7441E+00  2.0181E+00  6.9312E+00  2.0181E+00
  2.3751E-01  7.9234E-01  9.2887E-03  1.7489E+00  2.0181E+00  6.9318E+00  2.0181E+00
  2.3991E-01  8.0034E-01  9.3143E-03  1.7538E+00  2.0182E+00  6.9328E+00  2.0182E+00
  2.4231E-01  8.0834E-01  9.3399E-03  1.7586E+00  2.0183E+00  6.9346E+00  2.0182E+00
  2.4470E-01  8.1634E-01  9.3655E-03  1.7635E+00  2.0184E+00  6.9376E+00  2.0184E+00
  2.4710E-01  8.2434E-01  9.3912E-03  1.7683E+00  2.0186E+00  6.9429E+00  2.0186E+00
  2.4950E-01  8.3234E-01  9.4168E-03  1.7731E+00  2.0190E+00  6.9522E+00  2.0190E+00
  2.5200E-01  8.4068E-01  9.4435E-03  1.7782E+00  2.0197E+00  6.9689E+00  2.0197E+00
  2.5440E-01  8.4868E-01  9.4691E-03  1.7830E+00  2.0209E+00  6.9975E+00  2.0209E+00
  2.5680E-01  8.5668E-01  9.4948E-03  1.7879E+00  2.0229E+00  7.0464E+00  2.0229E+00
  2.5919E-01  8.6468E-01  9.5205E-03  1.7927E+00  2.0263E+00  7.1297E+00  2.0263E+00
  2.6159E-01  8.7268E-01  9.5462E-03  1.7976E+00  2.0321E+00  7.2733E+00  2.0321E+00
  2.6399E-01  8.8068E-01  9.5721E-03  1.8025E+00  2.0418E+00  7.5123E+00  2.0418E+00
  2.6639E-01  8.8868E-01  9.5981E-03  1.8074E+00  2.0579E+00  7.8998E+00  2.0579E+00
  2.6879E-01  8.9668E-01  9.6243E-03  1.8124E+00  2.0841E+00  8.5171E+00  2.0841E+00
  2.7118E-01  9.0468E-01  9.6510E-03  1.8174E+00  2.1256E+00  9.4281E+00  2.1256E+00
  2.7358E-01  9.1268E-01  9.6783E-03  1.8226E+00  2.1888E+00  1.0670E+01  2.1888E+00
  2.7598E-01  9.2068E-01  9.7066E-03  1.8279E+00  2.2799E+00  1.2204E+01  2.2799E+00
  2.7838E-01  9.2868E-01  9.7362E-03  1.8335E+00  2.4030E+00  1.3869E+01  2.4030E+00
  2.8078E-01  9.3668E-01  9.7676E-03  1.8395E+00  2.5586E+00  1.5453E+01  2.5586E+00
  2.8317E-01  9.4468E-01  9.8011E-03  1.8458E+00  2.7429E+00  1.6772E+01  2.7429E+00
  2.8557E-01  9.5268E-01  9.8372E-03  1.8527E+00  2.9499E+00  1.7762E+01  2.9499E+00
  2.8797E-01  9.6068E-01  9.8759E-03  1.8600E+00  3.1735E+00  1.8451E+01  3.1735E+00
  2.9037E-01  9.6868E-01  9.9176E-03  1.8679E+00  3.4084E+00  1.8909E+01  3.4084E+00
  2.9277E-01  9.7668E-01  9.9624E-03  1.8763E+00  3.6511E+00  1.9207E+01  3.6510E+00
  2.9516E-01  9.8468E-01  1.0010E-02  1.8854E+00  3.8989E+00  1.9400E+01  3.8989E+00
  2.9756E-01  9.9268E-01  1.0061E-02  1.8950E+00  4.1505E+00  1.9529E+01  4.1505E+00
  2.9996E-01  1.0007E+00  1.0115E-02  1.9053E+00  4.4049E+00  1.9617E+01  4.4049E+00
  3.0236E-01  1.0087E+00  1.0173E-02  1.9162E+00  4.6616E+00  1.9680E+01  4.6616E+00
  3.0476E-01  1.0167E+00  1.0234E-02  1.9277E+00  4.9204E+00  1.9727E+01  4.9204E+00
  3.0715E-01  1.0247E+00  1.0298E-02  1.9398E+00  5.1810E+00  1.9764E+01  5.1810E+00
  3.0955E-01  1.0327E+00  1.0365E-02  1.9525E+00  5.4435E+00  1.9794E+01  5.4435E+00
  3.1195E-01  1.0407E+00  1.0436E-02  1.9659E+00  5.7079E+00  1.9820E+01  5.7079E+00
  3.1435E-01  1.0487E+00  1.0510E-02  1.9799E+00  5.9742E+00  1.9841E+01  5.9742E+00
  3.1675E-01  1.0567E+00  1.0588E-02  1.9945E+00  6.2424E+00  1.9860E+01  6.2424E+00
  3.1915E-01  1.0647E+00  1.0669E-02  2.0098E+00  6.5127E+00  1.9877E+01  6.5127E+00
  3.2154E-01  1.0727E+00  1.0753E-02  2.0258E+00  6.7852E+00  1.9891E+01  6.7852E+00
  3.2394E-01  1.0807E+00  1.0841E-02  2.0424E+00  7.0598E+00  1.9903E+01  7.0598E+00
  3.2634E-01  1.0887E+00  1.0933E-02  2.0596E+00  7.3367E+00  1.9913E+01  7.3367E+00
  3.2874E-01  1.0967E+00  1.1028E-02  2.0776E+00  7.6160E+00  1.9921E+01  7.6160E+00
  3.3114E-01  1.1047E+00  1.1126E-02  2.0962E+00  7.8978E+00  1.9927E+01  7.8978E+00
  3.3353E-01  1.1127E+00  1.1228E-02  2.1155E+00  8.1821E+00  1.9932E+01  8.1821E+00
  3.3593E-01  1.1207E+00  1.1334E-02  2.1354E+00  8.4691E+00  1.9936E+01  8.4691E+00
  3.3833E-01  1.1287E+00  1.1444E-02  2.1561E+00  8.7589E+00  1.9938E+01  8.7589E+00
  3.4073E-01  1.1367E+00  1.1557E-02  2.1774E+00  9.0514E+00  1.9938E+01  9.0514E+00
  3.4313E-01  1.1447E+00  1.1674E-02  2.1995E+00  9.3469E+00  1.9938E+01  9.3469E+00
  3.4553E-01  1.1527E+00  1.1794E-02  2.2223E+00  9.6455E+00  1.9936E+01  9.6455E+00
  3.4792E-01  1.1607E+00  1.1919E-02  2.2458E+00  9.9471E+00  1.9933E+01  9.9471E+00
  3.5032E-01  1.1687E+00  1.2047E-02  2.2700E+00  1.0252E+01  1.9930E+01  1.0252E+01
  3.5272E-01  1.1767E+00  1.2180E-02  2.2949E+00  1.0560E+01  1.9926E+01  1.0560E+01
  3.5512E-01  1.1847E+00  1.2316E-02  2.3206E+00  1.0872E+01  1.9921E+01  1.0872E+01
  3.5752E-01  1.1927E+00  1.2456E-02  2.3471E+00  1.1187E+01  1.9916E+01  1.1187E+01
  3.5992E-01  1.2007E+00  1.2600E-02  2.3743E+00  1.1506E+01  1.9910E+01  1.1506E+01
  3.6231E-01  1.2087E+00  1.2749E-02  2.4023E+00  1.1828E+01  1.9904E+01  1.1828E+01
  3.6471E-01  1.2167E+00  1.2901E-02  2.4310E+00  1.2154E+01  1.9897E+01  1.2154E+01
  3.6711E-01  1.2247E+00  1.3058E-02  2.4606E+00  1.2484E+01  1.9891E+01  1.2484E+01
  3.6951E-01  1.2327E+00  1.3218E-02  2.4909E+00  1.2818E+01  1.9883E+01  1.2818E+01
  3.7191E-01  1.2407E+00  1.3384E-02  2.5221E+00  1.3156E+01  1.9876E+01  1.3156E+01
  3.7430E-01  1.2487E+00  1.3553E-02  2.5540E+00  1.3497E+01  1.9867E+01  1.3497E+01
  3.7670E-01  1.2567E+00  1.3727E-02  2.5868E+00  1.3841E+01  1.9858E+01  1.3841E+01
  3.7910E-01  1.2647E+00  1.3905E-02  2.6204E+00  1.4188E+01  1.9848E+01  1.4188E+01
  3.8160E-01  1.2730E+00  1.4096E-02  2.6563E+00  1.4550E+01  1.9841E+01  1.4550E+01
  3.8400E-01  1.2810E+00  1.4283E-02  2.6916E+00  1.4897E+01  1.9843E+01  1.4897E+01
  3.8640E-01  1.2890E+00  1.4474E-02  2.7278E+00  1.5239E+01  1.9865E+01  1.5239E+01
  3.8879E-01  1.2970E+00  1.4670E-02  2.7647E+00  1.5569E+01  1.9931E+01  1.5569E+01
  3.9119E-01  1.3050E+00  1.4870E-02  2.8024E+00  1.5881E+01  2.0074E+01  1.5881E+01
  3.9359E-01  1.3130E+00  1.5074E-02  2.8408E+00  1.6163E+01  2.0330E+01  1.6163E+01
  3.9599E-01  1.3210E+00  1.5281E-02  2.8799E+00  1.6405E+01  2.0719E+01  1.6405E+01
  3.9839E-01  1.3290E+00  1.5491E-02  2.9195E+00  1.6600E+01  2.1210E+01  1.6600E+01
  4.0078E-01  1.3370E+00  1.5703E-02  2.9595E+00  1.6746E+01  2.1728E+01  1.6746E+01
  4.0318E-01  1.3450E+00  1.5917E-02  2.9998E+00  1.6849E+01  2.2232E+01  1.6849E+01
  4.0558E-01  1.3530E+00  1.6131E-02  3.0403E+00  1.6918E+01  2.2631E+01  1.6918E+01
  4.0798E-01  1.3610E+00  1.6347E-02  3.0809E+00  1.6962E+01  2.2911E+01  1.6962E+01
  4.1038E-01  1.3690E+00  1.6563E-02  3.1216E+00  1.6990E+01  2.3118E+01  1.6990E+01
  4.1277E-01  1.3770E+00  1.6779E-02  3.1623E+00  1.7006E+01  2.3246E+01  1.7006E+01
  4.1517E-01  1.3850E+00  1.6995E-02  3.2031E+00  1.7017E+01  2.3322E+01  1.7017E+01
  4.1757E-01  1.3930E+00  1.7212E-02  3.2440E+00  1.7023E+01  2.3373E+01  1.7023E+01
  4.1997E-01  1.4010E+00  1.7428E-02  3.2848E+00  1.7026E+01  2.3402E+01  1.7026E+01
  4.2236E-01  1.4090E+00  1.7645E-02  3.3256E+00  1.7029E+01  2.3419E+01  1.7029E+01
  4.2476E-01  1.4170E+00  1.7861E-02  3.3664E+00  1.7030E+01  2.3430E+01  1.7030E+01
  4.2716E-01  1.4250E+00  1.8078E-02  3.4073E+00  1.7030E+01  2.3437E+01  1.7030E+01
  4.2956E-01  1.4330E+00  1.8294E-02  3.4481E+00  1.7031E+01  2.3441E+01  1.7031E+01
  4.3196E-01  1.4410E+00  1.8511E-02  3.4889E+00  1.7031E+01  2.3444E+01  1.7031E+01
  4.3435E-01  1.4490E+00  1.8727E-02  3.5298E+00  1.7031E+01  2.3446E+01  1.7031E+01
  4.3675E-01  1.4570E+00  1.8944E-02  3.5706E+00  1.7031E+01  2.3448E+01  1.7031E+01
  4.3915E-01  1.4650E+00  1.9160E-02  3.6115E+00  1.7030E+01  2.3451E+01  1.7030E+01
  4.4155E-01  1.4730E+00  1.9377E-02  3.6523E+00  1.7030E+01  2.3454E+01  1.7030E+01
  4.4395E-01  1.4810E+00  1.9593E-02  3.6931E+00  1.7029E+01  2.3457E+01  1.7029E+01
  4.4634E-01  1.4890E+00  1.9810E-02  3.7340E+00  1.7028E+01  2.3462E+01  1.7028E+01
  4.4874E-01  1.4970E+00  2.0026E-02  3.7748E+00  1.7026E+01  2.3469E+01  1.7026E+01
  4.5114E-01  1.5050E+00  2.0243E-02  3.8156E+00  1.7024E+01  2.3479E+01  1.7024E+01
  4.5354E-01  1.5130E+00  2.0459E-02  3.8564E+00  1.7021E+01  2.3492E+01  1.7021E+01
  4.5593E-01  1.5210E+00  2.0675E-02  3.8972E+00  1.7016E+01  2.3508E+01  1.7016E+01
  4.5833E-01  1.5290E+00  2.0892E-02  3.9380E+00  1.7011E+01  2.3531E+01  1.7011E+01
  4.6073E-01  1.5370E+00  2.1108E-02  3.9788E+00  1.7002E+01  2.3564E+01  1.7002E+01
  4.6313E-01  1.5450E+00  2.1324E-02  4.0196E+00  1.6991E+01  2.3612E+01  1.6991E+01
  4.6553E-01  1.5530E+00  2.1540E-02  4.0603E+00  1.6976E+01  2.3667E+01  1.6976E+01
  4.6792E-01  1.5610E+00  2.1756E-02  4.1010E+00  1.6954E+01  2.3740E+01  1.6954E+01
  4.7032E-01  1.5690E+00  2.1971E-02  4.1416E+00  1.6926E+01  2.3841E+01  1.6926E+01
  4.7272E-01  1.5770E+00  2.2186E-02  4.1821E+00  1.6887E+01  2.3979E+01  1.6887E+01
  4.7512E-01  1.5850E+00  2.2400E-02  4.2226E+00  1.6836E+01  2.4165E+01  1.6836E+01
  4.7752E-01  1.5930E+00  2.2614E-02  4.2629E+00  1.6768E+01  2.4375E+01  1.6768E+01
  4.7991E-01  1.6010E+00  2.2827E-02  4.3030E+00  1.6681E+01  2.4645E+01  1.6681E+01
  4.8231E-01  1.6090E+00  2.3038E-02  4.3429E+00  1.6570E+01  2.4986E+01  1.6570E+01
  4.8471E-01  1.6170E+00  2.3248E-02  4.3824E+00  1.6432E+01  2.5393E+01  1.6432E+01
  4.8711E-01  1.6250E+00  2.3456E-02  4.4216E+00  1.6266E+01  2.5852E+01  1.6266E+01
  4.8951E-01  1.6330E+00  2.3661E-02  4.4604E+00  1.6069E+01  2.6365E+01  1.6069E+01
  4.9190E-01  1.6410E+00  2.3864E-02  4.4987E+00  1.5842E+01  2.6897E+01  1.5842E+01
  4.9430E-01  1.6490E+00  2.4064E-02  4.5364E+00  1.5586E+01  2.7416E+01  1.5586E+01
  4.9680E-01  1.6574E+00  2.4269E-02  4.5749E+00  1.5293E+01  2.7919E+01  1.5293E+01
  4.9920E-01  1.6654E+00  2.4461E-02  4.6113E+00  1.4988E+01  2.8349E+01  1.4988E+01
  5.0160E-01  1.6734E+00  2.4649E-02  4.6468E+00  1.4663E+01  2.8723E+01  1.4663E+01
  5.0399E-01  1.6814E+00  2.4834E-02  4.6816E+00  1.4323E+01  2.9037E+01  1.4323E+01
  5.0639E-01  1.6894E+00  2.5013E-02  4.7155E+00  1.3970E+01  2.9300E+01  1.3970E+01
  5.0879E-01  1.6974E+00  2.5189E-02  4.7486E+00  1.3606E+01  2.9518E+01  1.3606E+01
  5.1119E-01  1.7054E+00  2.5359E-02  4.7807E+00  1.3234E+01  2.9699E+01  1.3234E+01
  5.1359E-01  1.7134E+00  2.5525E-02  4.8120E+00  1.2854E+01  2.9851E+01  1.2854E+01
  5.1598E-01  1.7214E+00  2.5686E-02  4.8424E+00  1.2468E+01  2.9979E+01  1.2468E+01
  5.1838E-01  1.7294E+00  2.5842E-02  4.8718E+00  1.2078E+01  3.0089E+01  1.2078E+01
  5.2078E-01  1.7374E+00  2.5993E-02  4.9003E+00  1.1683E+01  3.0184E+01  1.1683E+01
  5.2318E-01  1.7454E+00  2.6139E-02  4.9279E+00  1.1284E+01  3.0267E+01  1.1284E+01
  5.2558E-01  1.7534E+00  2.6280E-02  4.9544E+00  1.0883E+01  3.0341E+01  1.0883E+01
  5.2797E-01  1.7614E+00  2.6415E-02  4.9801E+00  1.0478E+01  3.0407E+01  1.0478E+01
  5.3037E-01  1.7694E+00  2.6546E-02  5.0047E+00  1.0071E+01  3.0466E+01  1.0071E+01
  5.3277E-01  1.7774E+00  2.6671E-02  5.0284E+00  9.6614E+00  3.0520E+01  9.6614E+00
  5.3517E-01  1.7854E+00  2.6791E-02  5.0510E+00  9.2498E+00  3.0568E+01  9.2498E+00
  5.3757E-01  1.7934E+00  2.6906E-02  5.0727E+00  8.8364E+00  3.0611E+01  8.8364E+00
  5.3997E-01  1.8014E+00  2.7016E-02  5.0934E+00  8.4212E+00  3.0649E+01  8.4212E+00
  5.4236E-01  1.8094E+00  2.7120E-02  5.1131E+00  8.0046E+00  3.0682E+01  8.0045E+00
  5.4476E-01  1.8174E+00  2.7219E-02  5.1318E+00  7.5866E+00  3.0710E+01  7.5866E+00
  5.4716E-01  1.8254E+00  2.7313E-02  5.1495E+00  7.1675E+00  3.0734E+01  7.1675E+00
  5.4956E-01  1.8334E+00  2.7401E-02  5.1662E+00  6.7477E+00  3.0752E+01  6.7477E+00
  5.5196E-01  1.8414E+00  2.7484E-02  5.1819E+00  6.3274E+00  3.0764E+01  6.3274E+00
  5.5436E-01  1.8494E+00  2.7562E-02  5.1965E+00  5.9072E+00  3.0771E+01  5.9072E+00
  5.5675E-01  1.8574E+00  2.7634E-02  5.2102E+00  5.4874E+00  3.0772E+01  5.4874E+00
  5.5915E-01  1.8654E+00  2.7701E-02  5.2229E+00  5.0690E+00  3.0767E+01  5.0690E+00
  5.6155E-01  1.8734E+00  2.7763E-02  5.2345E+00  4.6527E+00  3.0756E+01  4.6527E+00
  5.6395E-01  1.8814E+00  2.7819E-02  5.2452E+00  4.2398E+00  3.0742E+01  4.2398E+00
  5.6635E-01  1.8894E+00  2.7870E-02  5.2549E+00  3.8319E+00  3.0728E+01  3.8319E+00
  5.6875E-01  1.8974E+00  2.7916E-02  5.2636E+00  3.4311E+00  3.0723E+01  3.4311E+00
  5.7114E-01  1.9054E+00  2.7957E-02  5.2713E+00  3.0397E+00  3.0738E+01  3.0397E+00
  5.7354E-01  1.9134E+00  2.7993E-02  5.2782E+00  2.6611E+00  3.0799E+01  2.6611E+00
  5.7594E-01  1.9214E+00  2.8025E-02  5.2841E+00  2.2988E+00  3.0938E+01  2.2988E+00
  5.7834E-01  1.9294E+00  2.8052E-02  5.2892E+00  1.9569E+00  3.1200E+01  1.9569E+00
  5.8074E-01  1.9374E+00  2.8074E-02  5.2935E+00  1.6398E+00  3.1635E+01  1.6398E+00
  5.8314E-01  1.9454E+00  2.8093E-02  5.2971E+00  1.3515E+00  3.2284E+01  1.3515E+00
  5.8553E-01  1.9534E+00  2.8108E-02  5.3000E+00  1.0953E+00  3.3168E+01  1.0953E+00
  5.8793E-01  1.9614E+00  2.8121E-02  5.3024E+00  8.7313E-01  3.4254E+01  8.7310E-01
  5.9033E-01  1.9694E+00  2.8130E-02  5.3042E+00  6.8516E-01  3.5485E+01  6.8513E-01
  5.9273E-01  1.9774E+00  2.8138E-02  5.3057E+00  5.2989E-01  3.6763E+01  5.2984E-01
  5.9513E-01  1.9854E+00  2.8144E-02  5.3068E+00  4.0468E-01  3.7980E+01  4.0462E-01
  5.9753E-01  1.9934E+00  2.8148E-02  5.3076E+00  3.0587E-01  3.9096E+01  3.0578E-01
  5.9992E-01  2.0014E+00  2.8151E-02  5.3083E+00  2.2922E-01  4.0075E+01  2.2909E-01
  6.0232E-01  2.0094E+00  2.8154E-02  5.3088E+00  1.7060E-01  4.0898E+01  1.7042E-01
  6.0472E-01  2.0174E+00  2.8155E-02  5.3091E+00  1.2633E-01  4.1537E+01  1.2608E-01
  6.0712E-01  2.0254E+00  2.8156E-02  5.3094E+00  9.3331E-02  4.2031E+01  9.2981E-02
  6.0952E-01  2.0334E+00  2.8157E-02  5.3096E+00  6.8922E-02  4.2418E+01  6.8438E-02
  6.1192E-01  2.0414E+00  2.8158E-02  5.3097E+00  5.0977E-02  4.2717E+01  5.0311E-02
  6.1431E-01  2.0494E+00  2.8158E-02  5.3098E+00  3.7874E-02  4.2942E+01  3.6963E-02
  6.1671E-01  2.0574E+00  2.8158E-02  5.3099E+00  2.8410E-02  4.3103E+01  2.7175E-02
  6.1911E-01  2.0654E+00  2.8159E-02  5.3099E+00  2.1694E-02  4.3220E+01  2.0039E-02
  6.2151E-01  2.0734E+00  2.8159E-02  5.3100E+00  1.7014E-02  4.3309E+01  1.4837E-02
  6.2391E-01  2.0814E+00  2.8159E-02  5.3100E+00  1.3838E-02  4.3375E+01  1.1042E-02
  6.2631E-01  2.0894E+00  2.8159E-02  5.3100E+00  1.1754E-02  4.3423E+01  8.2737E-03
  6.2870E-01  2.0974E+00  2.8158E-02  5.3100E+00  1.0439E-02  4.3457E+01  6.2577E-03
  6.3110E-01  2.1054E+00  2.8158E-02  5.3101E+00  9.6381E-03  4.3482E+01  4.7958E-03
  6.3350E-01  2.1134E+00  2.8158E-02  5.3101E+00  9.1594E-03  4.3500E+01  3.7339E-03
  6.3600E-01  2.1217E+00  2.8158E-02  5.3101E+00  8.8659E-03  4.3514E+01  2.9337E-03
  6.3840E-01  2.1297E+00  2.8158E-02  5.3101E+00  8.6999E-03  4.3524E+01  2.3789E-03
  6.4080E-01  2.1377E+00  2.8158E-02  5.3101E+00  8.5996E-03  4.3531E+01  1.9753E-03
  6.4320E-01  2.1457E+00  2.8158E-02  5.3101E+00  8.5381E-03  4.3536E+01  1.6829E-03
  6.4559E-01  2.1537E+00  2.8157E-02  5.3101E+00  8.4995E-03  4.3540E+01  1.4707E-03
  6.4799E-01  2.1617E+00  2.8157E-02  5.3101E+00  8.4747E-03  4.3542E+01  1.3165E-03
  6.5039E-01  2.1697E+00  2.8157E-02  5.3101E+00  8.4584E-03  4.3544E+01  1.2042E-03
  6.5279E-01  2.1777E+00  2.8157E-02  5.3101E+00  8.4474E-03  4.3546E+01  1.1226E-03
  6.5519E-01  2.1857E+00  2.8157E-02  5.3101E+00  8.4399E-03  4.3547E+01  1.0635E-03
  6.5759E-01  2.1937E+00  2.8157E-02  5.3101E+00  8.4348E-03  4.3548E+01  1.0206E-03
  6.5998E-01  2.2017E+00  2.8156E-02  5.3101E+00  8.4311E-03  4.3548E+01  9.8947E-04
  6.6238E-01  2.2097E+00  2.8156E-02  5.3101E+00  8.4291E-03  4.3550E+01  9.6915E-04
  6.6478E-01  2.2177E+00  2.8156E-02  5.3101E+00  8.4291E-03  4.3550E+01  9.6918E-04
  6.6718E-01  2.2257E+00  2.8156E-02  5.3101E+00  8.4291E-03  4.3550E+01  9.6921E-04
  6.6958E-01  2.2337E+00  2.8156E-02  5.3101E+00  8.4291E-03  4.3550E+01  9.6925E-04
  6.7198E-01  2.2417E+00  2.8156E-02  5.3101E+00  8.4291E-03  4.3550E+01  9.6928E-04
  6.7437E-01  2.2497E+00  2.8155E-02  5.3101E+00  8.4291E-03  4.3550E+01  9.6931E-04
  6.7677E-01  2.2577E+00  2.8155E-02  5.3101E+00  8.4291E-03  4.3550E+01  9.6934E-04
  6.7917E-01  2.2657E+00  2.8155E-02  5.3101E+00  8.4291E-03  4.3550E+01  9.6937E-04
  6.8157E-01  2.2737E+00  2.8155E-02  5.3101E+00  8.4291E-03  4.3550E+01  9.6940E-04
  6.8397E-01  2.2817E+00  2.8155E-02  5.3101E+00  8.4291E-03  4.3550E+01  9.6944E-04
  6.8637E-01  2.2897E+00  2.8155E-02  5.3101E+00  8.4291E-03  4.3550E+01  9.6947E-04
  6.8876E-01  2.2977E+00  2.8154E-02  5.3101E+00  8.4291E-03  4.3550E+01  9.6950E-04
  6.9116E-01  2.3057E+00  2.8154E-02  5.3101E+00  8.4291E-03  4.3550E+01  9.6953E-04
  6.9356E-01  2.3137E+00  2.8154E-02  5.3101E+00  8.4291E-03  4.3550E+01  9.6956E-04
  6.9596E-01  2.3217E+00  2.8154E-02  5.3102E+00  8.4291E-03  4.3550E+01  9.6959E-04
  6.9836E-01  2.3297E+00  2.8154E-02  5.3102E+00  8.4291E-03  4.3550E+01  9.6963E-04
  7.0076E-01  2.3377E+00  2.8154E-02  5.3102E+00  8.4291E-03  4.3550E+01  9.6966E-04
  7.0315E-01  2.3457E+00  2.8153E-02  5.3102E+00  8.4291E-03  4.3550E+01  9.6969E-04
  7.0555E-01  2.3537E+00  2.8153E-02  5.3102E+00  8.4291E-03  4.3550E+01  9.6972E-04
  7.0795E-01  2.3617E+00  2.8153E-02  5.3102E+00  8.4291E-03  4.3550E+01  9.6975E-04
  7.1035E-01  2.3697E+00  2.8153E-02  5.3102E+00  8.4291E-03  4.3550E+01  9.6978E-04
  7.1275E-01  2.3777E+00  2.8153E-02  5.3102E+00  8.4291E-03  4.3550E+01  9.6982E-04
  7.1515E-01  2.3857E+00  2.8153E-02  5.3102E+00  8.4291E-03  4.3550E+01  9.6985E-04
  7.1754E-01  2.3937E+00  2.8152E-02  5.3102E+00  8.4291E-03  4.3550E+01  9.6988E-04
  7.1994E-01  2.4017E+00  2.8152E-02  5.3102E+00  8.4291E-03  4.3550E+01  9.6991E-04
  7.2234E-01  2.4097E+00  2.8152E-02  5.3102E+00  8.4291E-03  4.3550E+01  9.6994E-04
  7.2474E-01  2.4177E+00  2.8152E-02  5.3102E+00  8.4291E-03  4.3550E+01  9.6997E-04
  7.2714E-01  2.4257E+00  2.8152E-02  5.3102E+00  8.4291E-03  4.3550E+01  9.7001E-04
  7.2954E-01  2.4337E+00  2.8151E-02  5.3102E+00  8.4291E-03  4.3550E+01  9.7004E-04
  7.3193E-01  2.4417E+00  2.8151E-02  5.3102E+00  8.4291E-03  4.3550E+01  9.7007E-04
  7.3433E-01  2.4497E+00  2.8151E-02  5.3102E+00  8.4291E-03  4.3550E+01  9.7010E-04
  7.3673E-01  2.4577E+00  2.8151E-02  5.3102E+00  8.4291E-03  4.3550E+01  9.7013E-04
  7.3913E-01  2.4657E+00  2.8151E-02  5.3102E+00  8.4291E-03  4.3550E+01  9.7016E-04
  7.4153E-01  2.4737E+00  2.8151E-02  5.3102E+00  8.4291E-03  4.3550E+01  9.7020E-04
  7.4393E-01  2.4817E+00  2.8150E-02  5.3102E+00  8.4291E-03  4.3550E+01  9.7023E-04
  7.4632E-01  2.4897E+00  2.8150E-02  5.3102E+00  8.4291E-03  4.3550E+01  9.7026E-04
  7.4872E-01  2.4977E+00  2.8150E-02  5.3102E+00  8.4291E-03  4.3550E+01  9.7029E-04
  7.5112E-01  2.5057E+00  2.8150E-02  5.3102E+00  8.4291E-03  4.3550E+01  9.7032E-04
  7.5352E-01  2.5137E+00  2.8150E-02  5.3102E+00  8.4291E-03  4.3550E+01  9.7035E-04
  7.5592E-01  2.5217E+00  2.8150E-02  5.3102E+00  8.4291E-03  4.3550E+01  9.7039E-04
  7.5832E-01  2.5297E+00  2.8149E-02  5.3102E+00  8.4291E-03  4.3550E+01  9.7042E-04
  7.6071E-01  2.5377E+00  2.8149E-02  5.3102E+00  8.4291E-03  4.3550E+01  9.7045E-04
  7.6311E-01  2.5457E+00  2.8149E-02  5.3102E+00  8.4291E-03  4.3550E+01  9.7048E-04
  7.6551E-01  2.5537E+00  2.8149E-02  5.3102E+00  8.4291E-03  4.3550E+01  9.7051E-04
  7.6791E-01  2.5617E+00  2.8149E-02  5.3102E+00  8.4291E-03  4.3550E+01  9.7054E-04
  7.7031E-01  2.5697E+00  2.8149E-02  5.3102E+00  8.4291E-03  4.3550E+01  9.7058E-04
  7.7271E-01  2.5777E+00  2.8148E-02  5.3102E+00  8.4291E-03  4.3550E+01  9.7061E-04
  7.7510E-01  2.5857E+00  2.8148E-02  5.3102E+00  8.4291E-03  4.3550E+01  9.7064E-04
  7.7750E-01  2.5937E+00  2.8148E-02  5.3102E+00  8.4291E-03  4.3550E+01  9.7067E-04
  7.7990E-01  2.6017E+00  2.8148E-02  5.3102E+00  8.4291E-03  4.3550E+01  9.7070E-04
  7.8240E-01  2.6100E+00  2.8148E-02  5.3102E+00  8.4291E-03  4.3550E+01  9.7073E-04
  7.8480E-01  2.6180E+00  2.8148E-02  5.3102E+00  8.4291E-03  4.3550E+01  9.7077E-04
  7.8720E-01  2.6260E+00  2.8147E-02  5.3102E+00  8.4291E-03  4.3550E+01  9.7080E-04
  7.8960E-01  2.6340E+00  2.8147E-02  5.3102E+00  8.4291E-03  4.3550E+01  9.7083E-04
  7.9199E-01  2.6420E+00  2.8147E-02  5.3102E+00  8.4291E-03  4.3550E+01  9.7086E-04
  7.9439E-01  2.6500E+00  2.8147E-02  5.3102E+00  8.4291E-03  4.3550E+01  9.7089E-04
  7.9679E-01  2.6580E+00  2.8147E-02  5.3102E+00  8.4291E-03  4.3550E+01  9.7092E-04
  7.9919E-01  2.6660E+00  2.8147E-02  5.3103E+00  8.4291E-03  4.3550E+01  9.7096E-04
  8.0159E-01  2.6740E+00  2.8146E-02  5.3103E+00  8.4291E-03  4.3550E+01  9.7099E-04
  8.0399E-01  2.6820E+00  2.8146E-02  5.3103E+00  8.4291E-03  4.3550E+01  9.7102E-04
  8.0638E-01  2.6900E+00  2.8146E-02  5.3103E+00  8.4291E-03  4.3550E+01  9.7105E-04
  8.0878E-01  2.6980E+00  2.8146E-02  5.3103E+00  8.4291E-03  4.3550E+01  9.7108E-04
  8.1118E-01  2.7060E+00  2.8146E-02  5.3103E+00  8.4291E-03  4.3550E+01  9.7111E-04
  8.1358E-01  2.7140E+00  2.8146E-02  5.3103E+00  8.4291E-03  4.3550E+01  9.7115E-04
  8.1598E-01  2.7220E+00  2.8145E-02  5.3103E+00  8.4291E-03  4.3550E+01  9.7118E-04
  8.1838E-01  2.7300E+00  2.8145E-02  5.3103E+00  8.4291E-03  4.3550E+01  9.7121E-04
  8.2077E-01  2.7380E+00  2.8145E-02  5.3103E+00  8.4291E-03  4.3550E+01  9.7124E-04
  8.2317E-01  2.7460E+00  2.8145E-02  5.3103E+00  8.4291E-03  4.3550E+01  9.7127E-04
  8.2557E-01  2.7540E+00  2.8145E-02  5.3103E+00  8.4291E-03  4.3550E+01  9.7130E-04
  8.2797E-01  2.7620E+00  2.8144E-02  5.3103E+00  8.4291E-03  4.3550E+01  9.7134E-04
  8.3037E-01  2.7700E+00  2.8144E-02  5.3103E+00  8.4291E-03  4.3550E+01  9.7137E-04
  8.3277E-01  2.7780E+00  2.8144E-02  5.3103E+00  8.4291E-03  4.3550E+01  9.7140E-04
  8.3516E-01  2.7860E+00  2.8144E-02  5.3103E+00  8.4291E-03  4.3550E+01  9.7143E-04
  8.3756E-01  2.7940E+00  2.8144E-02  5.3103E+00  8.4291E-03  4.3550E+01  9.7146E-04
  8.3996E-01  2.8020E+00  2.8144E-02  5.3103E+00  8.4291E-03  4.3550E+01  9.7149E-04
  8.4236E-01  2.8100E+00  2.8143E-02  5.3103E+00  8.4291E-03  4.3550E+01  9.7153E-04
  8.4476E-01  2.8180E+00  2.8143E-02  5.3103E+00  8.4291E-03  4.3550E+01  9.7156E-04
  8.4716E-01  2.8260E+00  2.8143E-02  5.3103E+00  8.4291E-03  4.3550E+01  9.7159E-04
  8.4955E-01  2.8340E+00  2.8143E-02  5.3103E+00  8.4291E-03  4.3550E+01  9.7162E-04
  8.5195E-01  2.8420E+00  2.8143E-02  5.3103E+00  8.4291E-03  4.3550E+01  9.7165E-04
  8.5435E-01  2.8500E+00  2.8143E-02  5.3103E+00  8.4291E-03  4.3550E+01  9.7168E-04
  8.5675E-01  2.8580E+00  2.8142E-02  5.3103E+00  8.4291E-03  4.3550E+01  9.7172E-04
  8.5915E-01  2.8660E+00  2.8142E-02  5.3103E+00  8.4291E-03  4.3550E+01  9.7175E-04
  8.6155E-01  2.8740E+00  2.8142E-02  5.3103E+00  8.4291E-03  4.3550E+01  9.7178E-04
  8.6394E-01  2.8820E+00  2.8142E-02  5.3103E+00  8.4291E-03  4.3550E+01  9.7181E-04
  8.6634E-01  2.8900E+00  2.8142E-02  5.3103E+00  8.4291E-03  4.3550E+01  9.7184E-04
  8.6874E-01  2.8980E+00  2.8142E-02  5.3103E+00  8.4291E-03  4.3550E+01  9.7187E-04
  8.7114E-01  2.9060E+00  2.8141E-02  5.3103E+00  8.4291E-03  4.3550E+01  9.7191E-04
  8.7354E-01  2.9140E+00  2.8141E-02  5.3103E+00  8.4291E-03  4.3550E+01  9.7194E-04
  8.7594E-01  2.9220E+00  2.8141E-02  5.3103E+00  8.4291E-03  4.3550E+01  9.7197E-04
  8.7833E-01  2.9300E+00  2.8141E-02  5.3103E+00  8.4291E-03  4.3550E+01  9.7200E-04
  8.8073E-01  2.9380E+00  2.8141E-02  5.3103E+00  8.4291E-03  4.3550E+01  9.7203E-04
  8.8313E-01  2.9460E+00  2.8141E-02  5.3103E+00  8.4291E-03  4.3550E+01  9.7206E-04
  8.8553E-01  2.9540E+00  2.8140E-02  5.3103E+00  8.4291E-03  4.3550E+01  9.7210E-04
  8.8793E-01  2.9620E+00  2.8140E-02  5.3103E+00  8.4291E-03  4.3550E+01  9.7213E-04
  8.9033E-01  2.9700E+00  2.8140E-02  5.3103E+00  8.4291E-03  4.3550E+01  9.7216E-04
  8.9272E-01  2.9780E+00  2.8140E-02  5.3103E+00  8.4291E-03  4.3550E+01  9.7219E-04
  8.9512E-01  2.9860E+00  2.8140E-02  5.3103E+00  8.4291E-03  4.3550E+01  9.7222E-04
  8.9752E-01  2.9940E+00  2.8140E-02  5.3103E+00  8.4291E-03  4.3550E+01  9.7225E-04
  8.9992E-01  3.0020E+00  2.8139E-02  5.3104E+00  8.4291E-03  4.3550E+01  9.7229E-04
  9.0232E-01  3.0100E+00  2.8139E-02  5.3104E+00  8.4291E-03  4.3550E+01  9.7232E-04
  9.0472E-01  3.0180E+00  2.8139E-02  5.3104E+00  8.4291E-03  4.3550E+01  9.7235E-04
  9.0711E-01  3.0260E+00  2.8139E-02  5.3104E+00  8.4291E-03  4.3550E+01  9.7238E-04
  9.0951E-01  3.0340E+00  2.8139E-02  5.3104E+00  8.4291E-03  4.3550E+01  9.7241E-04
  9.1191E-01  3.0420E+00  2.8139E-02  5.3104E+00  8.4291E-03  4.3550E+01  9.7244E-04
  9.1431E-01  3.0500E+00  2.8138E-02  5.3104E+00  8.4291E-03  4.3550E+01  9.7248E-04
  9.1671E-01  3.0580E+00  2.8138E-02  5.3104E+00  8.4291E-03  4.3550E+01  9.7251E-04
  9.1911E-01  3.0660E+00  2.8138E-02  5.3104E+00  8.4291E-03  4.3550E+01  9.7254E-04
  9.2150E-01  3.0740E+00  2.8138E-02  5.3104E+00  8.4291E-03  4.3550E+01  9.7257E-04
  9.2390E-01  3.0820E+00  2.8138E-02  5.3104E+00  8.4291E-03  4.3550E+01  9.7260E-04
  9.2630E-01  3.0900E+00  2.8138E-02  5.3104E+00  8.4291E-03  4.3550E+01  9.7263E-04
  9.2880E-01  3.0984E+00  2.8137E-02  5.3104E+00  8.4291E-03  4.3550E+01  9.7267E-04
  9.3120E-01  3.1064E+00  2.8137E-02  5.3104E+00  8.4291E-03  4.3550E+01  9.7270E-04
  9.3360E-01  3.1144E+00  2.8137E-02  5.3104E+00  8.4291E-03  4.3550E+01  9.7273E-04
  9.3600E-01  3.1224E+00  2.8137E-02  5.3104E+00  8.4291E-03  4.3550E+01  9.7276E-04
  9.3839E-01  3.1304E+00  2.8137E-02  5.3104E+00  8.4291E-03  4.3550E+01  9.7279E-04
  9.4079E-01  3.1384E+00  2.8136E-02  5.3104E+00  8.4291E-03  4.3550E+01  9.7283E-04
  9.4319E-01  3.1464E+00  2.8136E-02  5.3104E+00  8.4291E-03  4.3550E+01  9.7286E-04
  9.4559E-01  3.1544E+00  2.8136E-02  5.3104E+00  8.4291E-03  4.3550E+01  9.7289E-04
  9.4799E-01  3.1624E+00  2.8136E-02  5.3104E+00  8.4291E-03  4.3550E+01  9.7292E-04
  9.5039E-01  3.1704E+00  2.8136E-02  5.3104E+00  8.4291E-03  4.3550E+01  9.7295E-04
  9.5278E-01  3.1784E+00  2.8136E-02  5.3104E+00  8.4291E-03  4.3550E+01  9.7298E-04
  9.5518E-01  3.1864E+00  2.8135E-02  5.3104E+00  8.4291E-03  4.3550E+01  9.7302E-04
  9.5758E-01  3.1944E+00  2.8135E-02  5.3104E+00  8.4291E-03  4.3550E+01  9.7305E-04
  9.5998E-01  3.2024E+00  2.8135E-02  5.3104E+00  8.4291E-03  4.3550E+01  9.7308E-04
  9.6238E-01  3.2104E+00  2.8135E-02  5.3104E+00  8.4291E-03  4.3550E+01  9.7311E-04
  9.6478E-01  3.2184E+00  2.8135E-02  5.3104E+00  8.4291E-03  4.3550E+01  9.7314E-04
  9.6717E-01  3.2264E+00  2.8135E-02  5.3104E+00  8.4291E-03  4.3550E+01  9.7317E-04
  9.6957E-01  3.2344E+00  2.8134E-02  5.3104E+00  8.4291E-03  4.3550E+01  9.7321E-04
  9.7197E-01  3.2424E+00  2.8134E-02  5.3104E+00  8.4291E-03  4.3550E+01  9.7324E-04
  9.7437E-01  3.2504E+00  2.8134E-02  5.3104E+00  8.4291E-03  4.3550E+01  9.7327E-04
  9.7677E-01  3.2584E+00  2.8134E-02  5.3104E+00  8.4291E-03  4.3550E+01  9.7330E-04
  9.7917E-01  3.2664E+00  2.8134E-02  5.3104E+00  8.4291E-03  4.3550E+01  9.7333E-04
  9.8156E-01  3.2744E+00  2.8134E-02  5.3104E+00  8.4291E-03  4.3550E+01  9.7336E-04
  9.8396E-01  3.2824E+00  2.8133E-02  5.3104E+00  8.4291E-03  4.3550E+01  9.7340E-04
  9.8636E-01  3.2904E+00  2.8133E-02  5.3104E+00  8.4291E-03  4.3550E+01  9.7343E-04
  9.8876E-01  3.2984E+00  2.8133E-02  5.3104E+00  8.4291E-03  4.3550E+01  9.7346E-04
  9.9116E-01  3.3064E+00  2.8133E-02  5.3104E+00  8.4291E-03  4.3550E+01  9.7349E-04
  9.9356E-01  3.3144E+00  2.8133E-02  5.3104E+00  8.4291E-03  4.3550E+01  9.7352E-04
  9.9595E-01  3.3224E+00  2.8133E-02  5.3104E+00  8.4291E-03  4.3550E+01  9.7355E-04
  9.9835E-01  3.3304E+00  2.8132E-02  5.3104E+00  8.4291E-03  4.3550E+01  9.7359E-04
  1.0008E+00  3.3384E+00  2.8132E-02  5.3104E+00  8.4291E-03  4.3550E+01  9.7362E-04
  1.0031E+00  3.3464E+00  2.8132E-02  5.3105E+00  8.4291E-03  4.3550E+01  9.7365E-04
  1.0055E+00  3.3544E+00  2.8132E-02  5.3105E+00  8.4291E-03  4.3550E+01  9.7368E-04
  1.0079E+00  3.3624E+00  2.8132E-02  5.3105E+00  8.4291E-03  4.3550E+01  9.7371E-04
  1.0103E+00  3.3704E+00  2.8132E-02  5.3105E+00  8.4291E-03  4.3550E+01  9.7374E-04
  1.0127E+00  3.3784E+00  2.8131E-02  5.3105E+00  8.4291E-03  4.3550E+01  9.7378E-04
  1.0151E+00  3.3864E+00  2.8131E-02  5.3105E+00  8.4291E-03  4.3550E+01  9.7381E-04
  1.0175E+00  3.3944E+00  2.8131E-02  5.3105E+00  8.4291E-03  4.3550E+01  9.7384E-04
  1.0199E+00  3.4024E+00  2.8131E-02  5.3105E+00  8.4291E-03  4.3550E+01  9.7387E-04
  1.0223E+00  3.4104E+00  2.8131E-02  5.3105E+00  8.4291E-03  4.3550E+01  9.7390E-04
  1.0247E+00  3.4184E+00  2.8131E-02  5.3105E+00  8.4291E-03  4.3550E+01  9.7393E-04
  1.0271E+00  3.4264E+00  2.8130E-02  5.3105E+00  8.4291E-03  4.3550E+01  9.7397E-04
  1.0295E+00  3.4344E+00  2.8130E-02  5.3105E+00  8.4291E-03  4.3550E+01  9.7400E-04
  1.0319E+00  3.4424E+00  2.8130E-02  5.3105E+00  8.4291E-03  4.3550E+01  9.7403E-04
  1.0343E+00  3.4504E+00  2.8130E-02  5.3105E+00  8.4291E-03  4.3550E+01  9.7406E-04
  1.0367E+00  3.4584E+00  2.8130E-02  5.3105E+00  8.4291E-03  4.3550E+01  9.7409E-04
  1.0391E+00  3.4664E+00  2.8129E-02  5.3105E+00  8.4291E-03  4.3550E+01  9.7412E-04
  1.0415E+00  3.4744E+00  2.8129E-02  5.3105E+00  8.4291E-03  4.3550E+01  9.7416E-04
  1.0439E+00  3.4824E+00  2.8129E-02  5.3105E+00  8.4291E-03  4.3550E+01  9.7419E-04
  1.0463E+00  3.4904E+00  2.8129E-02  5.3105E+00  8.4291E-03  4.3550E+01  9.7422E-04
  1.0487E+00  3.4984E+00  2.8129E-02  5.3105E+00  8.4291E-03  4.3550E+01  9.7425E-04
  1.0511E+00  3.5064E+00  2.8129E-02  5.3105E+00  8.4291E-03  4.3550E+01  9.7428E-04
  1.0535E+00  3.5144E+00  2.8128E-02  5.3105E+00  8.4291E-03  4.3550E+01  9.7431E-04
  1.0559E+00  3.5224E+00  2.8128E-02  5.3105E+00  8.4291E-03  4.3550E+01  9.7435E-04
  1.0583E+00  3.5304E+00  2.8128E-02  5.3105E+00  8.4291E-03  4.3550E+01  9.7438E-04
  1.0607E+00  3.5384E+00  2.8128E-02  5.3105E+00  8.4291E-03  4.3550E+01  9.7441E-04
  1.0631E+00  3.5464E+00  2.8128E-02  5.3105E+00  8.4291E-03  4.3550E+01  9.7444E-04
  1.0655E+00  3.5544E+00  2.8128E-02  5.3105E+00  8.4291E-03  4.3550E+01  9.7447E-04
  1.0679E+00  3.5624E+00  2.8127E-02  5.3105E+00  8.4291E-03  4.3550E+01  9.7450E-04
  1.0703E+00  3.5704E+00  2.8127E-02  5.3105E+00  8.4291E-03  4.3550E+01  9.7454E-04
  1.0727E+00  3.5784E+00  2.8127E-02  5.3105E+00  8.4291E-03  4.3550E+01  9.7457E-04
  1.0752E+00  3.5867E+00  2.8127E-02  5.3105E+00  8.4291E-03  4.3550E+01  9.7460E-04
  1.0776E+00  3.5947E+00  2.8127E-02  5.3105E+00  8.4291E-03  4.3550E+01  9.7463E-04
  1.0800E+00  3.6027E+00  2.8127E-02  5.3105E+00  8.4291E-03  4.3550E+01  9.7466E-04
  1.0824E+00  3.6107E+00  2.8126E-02  5.3105E+00  8.4291E-03  4.3550E+01  9.7470E-04
  1.0848E+00  3.6187E+00  2.8126E-02  5.3105E+00  8.4291E-03  4.3550E+01  9.7473E-04
  1.0872E+00  3.6267E+00  2.8126E-02  5.3105E+00  8.4291E-03  4.3550E+01  9.7476E-04
  1.0896E+00  3.6347E+00  2.8126E-02  5.3105E+00  8.4291E-03  4.3550E+01  9.7479E-04
  1.0920E+00  3.6427E+00  2.8126E-02  5.3105E+00  8.4291E-03  4.3550E+01  9.7482E-04
  1.0944E+00  3.6507E+00  2.8126E-02  5.3105E+00  8.4291E-03  4.3550E+01  9.7485E-04
  1.0968E+00  3.6587E+00  2.8125E-02  5.3105E+00  8.4291E-03  4.3550E+01  9.7488E-04
  1.0992E+00  3.6667E+00  2.8125E-02  5.3105E+00  8.4291E-03  4.3550E+01  9.7492E-04
  1.1016E+00  3.6747E+00  2.8125E-02  5.3105E+00  8.4291E-03  4.3550E+01  9.7495E-04
  1.1040E+00  3.6827E+00  2.8125E-02  5.3105E+00  8.4291E-03  4.3550E+01  9.7498E-04
  1.1064E+00  3.6907E+00  2.8125E-02  5.3106E+00  8.4291E-03  4.3550E+01  9.7501E-04
  1.1088E+00  3.6987E+00  2.8125E-02  5.3106E+00  8.4291E-03  4.3550E+01  9.7504E-04
  1.1112E+00  3.7067E+00  2.8124E-02  5.3106E+00  8.4291E-03  4.3550E+01  9.7507E-04
  1.1136E+00  3.7147E+00  2.8124E-02  5.3106E+00  8.4291E-03  4.3550E+01  9.7511E-04
  1.1160E+00  3.7227E+00  2.8124E-02  5.3106E+00  8.4291E-03  4.3550E+01  9.7514E-04
  1.1184E+00  3.7307E+00  2.8124E-02  5.3106E+00  8.4291E-03  4.3550E+01  9.7517E-04
  1.1208E+00  3.7387E+00  2.8124E-02  5.3106E+00  8.4291E-03  4.3550E+01  9.7520E-04
  1.1232E+00  3.7467E+00  2.8124E-02  5.3106E+00  8.4291E-03  4.3550E+01  9.7523E-04
  1.1256E+00  3.7547E+00  2.8123E-02  5.3106E+00  8.4291E-03  4.3550E+01  9.7526E-04
  1.1280E+00  3.7627E+00  2.8123E-02  5.3106E+00  8.4291E-03  4.3550E+01  9.7530E-04
  1.1304E+00  3.7707E+00  2.8123E-02  5.3106E+00  8.4291E-03  4.3550E+01  9.7533E-04
  1.1328E+00  3.7787E+00  2.8123E-02  5.3106E+00  8.4291E-03  4.3550E+01  9.7536E-04
  1.1352E+00  3.7867E+00  2.8123E-02  5.3106E+00  8.4291E-03  4.3550E+01  9.7539E-04
  1.1376E+00  3.7947E+00  2.8122E-02  5.3106E+00  8.4291E-03  4.3550E+01  9.7542E-04
  1.1400E+00  3.8027E+00  2.8122E-02  5.3106E+00  8.4291E-03  4.3550E+01  9.7545E-04
  1.1424E+00  3.8107E+00  2.8122E-02  5.3106E+00  8.4291E-03  4.3550E+01  9.7549E-04
  1.1448E+00  3.8187E+00  2.8122E-02  5.3106E+00  8.4291E-03  4.3550E+01  9.7552E-04
  1.1472E+00  3.8267E+00  2.8122E-02  5.3106E+00  8.4291E-03  4.3550E+01  9.7555E-04
  1.1495E+00  3.8347E+00  2.8122E-02  5.3106E+00  8.4291E-03  4.3550E+01  9.7558E-04
  1.1519E+00  3.8427E+00  2.8121E-02  5.3106E+00  8.4291E-03  4.3550E+01  9.7561E-04
  1.1543E+00  3.8507E+00  2.8121E-02  5.3106E+00  8.4291E-03  4.3550E+01  9.7564E-04
  1.1567E+00  3.8587E+00  2.8121E-02  5.3106E+00  8.4291E-03  4.3550E+01  9.7568E-04
  1.1591E+00  3.8667E+00  2.8121E-02  5.3106E+00  8.4291E-03  4.3550E+01  9.7571E-04
  1.1615E+00  3.8747E+00  2.8121E-02  5.3106E+00  8.4291E-03  4.3550E+01  9.7574E-04
  1.1639E+00  3.8827E+00  2.8121E-02  5.3106E+00  8.4291E-03  4.3550E+01  9.7577E-04
  1.1663E+00  3.8907E+00  2.8120E-02  5.3106E+00  8.4291E-03  4.3550E+01  9.7580E-04
  1.1687E+00  3.8987E+00  2.8120E-02  5.3106E+00  8.4291E-03  4.3550E+01  9.7583E-04
  1.1711E+00  3.9067E+00  2.8120E-02  5.3106E+00  8.4291E-03  4.3550E+01  9.7587E-04
  1.1735E+00  3.9147E+00  2.8120E-02  5.3106E+00  8.4291E-03  4.3550E+01  9.7590E-04
  1.1759E+00  3.9227E+00  2.8120E-02  5.3106E+00  8.4291E-03  4.3550E+01  9.7593E-04
  1.1783E+00  3.9307E+00  2.8120E-02  5.3106E+00  8.4291E-03  4.3550E+01  9.7596E-04
  1.1807E+00  3.9387E+00  2.8119E-02  5.3106E+00  8.4291E-03  4.3550E+01  9.7599E-04
  1.1831E+00  3.9467E+00  2.8119E-02  5.3106E+00  8.4291E-03  4.3550E+01  9.7602E-04
  1.1855E+00  3.9547E+00  2.8119E-02  5.3106E+00  8.4291E-03  4.3550E+01  9.7606E-04
  1.1879E+00  3.9627E+00  2.8119E-02  5.3106E+00  8.4291E-03  4.3550E+01  9.7609E-04
  1.1903E+00  3.9707E+00  2.8119E-02  5.3106E+00  8.4291E-03  4.3550E+01  9.7612E-04
  1.1927E+00  3.9787E+00  2.8119E-02  5.3106E+00  8.4291E-03  4.3550E+01  9.7615E-04
  1.1951E+00  3.9867E+00  2.8118E-02  5.3106E+00  8.4291E-03  4.3550E+01  9.7618E-04
  1.2000E+00  4.0030E+00  2.8118E-02  5.3106E+00  8.4291E-03  4.3550E+01  9.7625E-04
