  0.0000E+00  0.0000E+00 -3.2176E-11  1.0000E-04  9.9908E+00  9.7847E-01  2.0642E-07
  2.3981E-03  8.0000E-03 -2.5491E-07  2.3959E-02  9.9908E+00  9.7833E-01  9.9907E+00
  4.7962E-03  1.6000E-02 -5.0978E-07  4.7918E-02  9.9908E+00  9.7820E-01  9.9908E+00
  7.1943E-03  2.4000E-02 -7.6466E-07  7.1877E-02  9.9908E+00  9.7806E-01  9.9908E+00
  9.5924E-03  3.2000E-02 -1.0195E-06  9.5836E-02  9.9908E+00  9.7793E-01  9.9908E+00
  1.1990E-02  4.0000E-02 -1.2744E-06  1.1979E-01  9.9908E+00  9.7779E-01  9.9908E+00
  1.4389E-02  4.8000E-02 -1.5293E-06  1.4375E-01  9.9908E+00  9.7766E-01  9.9908E+00
  1.6787E-02  5.6000E-02 -1.7842E-06  1.6771E-01  9.9908E+00  9.7752E-01  9.9908E+00
  1.9185E-02  6.4000E-02 -2.0390E-06  1.9167E-01  9.9908E+00  9.7739E-01  9.9908E+00
  2.1583E-02  7.2000E-02 -2.2939E-06  2.1563E-01  9.9908E+00  9.7726E-01  9.9908E+00
  2.3981E-02  8.0000E-02 -2.5488E-06  2.3959E-01  9.9908E+00  9.7712E-01  9.9908E+00
  2.6379E-02  8.8000E-02 -2.8037E-06  2.6355E-01  9.9908E+00  9.7699E-01  9.9908E+00
  2.8777E-02  9.6000E-02 -3.0585E-06  2.8751E-01  9.9908E+00  9.7686E-01  9.9908E+00
  3.1175E-02  1.0400E-01 -3.3134E-06  3.1147E-01  9.9908E+00  9.7672E-01  9.9908E+00
  3.3573E-02  1.1200E-01 -3.5683E-06  3.3543E-01  9.9908E+00  9.7659E-01  9.9908E+00
  3.5971E-02  1.2000E-01 -3.8232E-06  3.5938E-01  9.9908E+00  9.7646E-01  9.9908E+00
  3.8370E-02  1.2800E-01 -4.0780E-06  3.8334E-01  9.9908E+00  9.7633E-01  9.9908E+00
  4.0768E-02  1.3600E-01 -4.3329E-06  4.0730E-01  9.9908E+00  9.7620E-01  9.9908E+00
  4.3166E-02  1.4400E-01 -4.5878E-06  4.3126E-01  9.9908E+00  9.7607E-01  9.9908E+00
  4.5564E-02  1.5200E-01 -4.8427E-06  4.5522E-01  9.9908E+00  9.7594E-01  9.9908E+00
  4.7962E-02  1.6000E-01 -5.0975E-06  4.7918E-01  9.9908E+00  9.7581E-01  9.9908E+00
  5.0360E-02  1.6800E-01 -5.3524E-06  5.0314E-01  9.9908E+00  9.7568E-01  9.9908E+00
  5.2758E-02  1.7600E-01 -5.6073E-06  5.2710E-01  9.9908E+00  9.7555E-01  9.9908E+00
  5.5156E-02  1.8400E-01 -5.8622E-06  5.5106E-01  9.9908E+00  9.7542E-01  9.9908E+00
  5.7554E-02  1.9200E-01 -6.1170E-06  5.7501E-01  9.9908E+00  9.7529E-01  9.9908E+00
  5.9952E-02  2.0000E-01 -6.3719E-06  5.9897E-01  9.9908E+00  9.7516E-01  9.9908E+00
  6.2351E-02  2.0800E-01 -6.6268E-06  6.2293E-01  9.9908E+00  9.7503E-01  9.9908E+00
  6.4749E-02  2.1600E-01 -6.8817E-06  6.4689E-01  9.9908E+00  9.7490E-01  9.9908E+00
  6.7147E-02  2.2400E-01 -7.1365E-06  6.7085E-01  9.9908E+00  9.7477E-01  9.9908E+00
  6.9545E-02  2.3200E-01 -7.3914E-06  6.9481E-01  9.9908E+00  9.7464E-01  9.9908E+00
  7.1943E-02  2.4000E-01 -7.6463E-06  7.1877E-01  9.9908E+00  9.7452E-01  9.9908E+00
  7.4341E-02  2.4800E-01 -7.9012E-06  7.4273E-01  9.9908E+00  9.7439E-01  9.9908E+00
  7.6739E-02  2.5600E-01 -8.1560E-06  7.6669E-01  9.9908E+00  9.7426E-01  9.9908E+00
  7.9137E-02  2.6400E-01 -8.4109E-06  7.9064E-01  9.9908E+00  9.7414E-01  9.9908E+00
  8.1535E-02  2.7200E-01 -8.6658E-06  8.1460E-01  9.9908E+00  9.7401E-01  9.9908E+00
  8.3933E-02  2.8000E-01 -8.9207E-06  8.3856E-01  9.9908E+00  9.7388E-01  9.9908E+00
  8.6332E-02  2.8800E-01 -9.1755E-06  8.6252E-01  9.9908E+00  9.7376E-01  9.9908E+00
  8.8730E-02  2.9600E-01 -9.4304E-06  8.8648E-01  9.9908E+00  9.7363E-01  9.9908E+00
  9.1128E-02  3.0400E-01 -9.6853E-06  9.1044E-01  9.9908E+00  9.7351E-01  9.9908E+00
  9.3526E-02  3.1200E-01 -9.9402E-06  9.3440E-01  9.9908E+00  9.7338E-01  9.9908E+00
  9.5924E-02  3.2000E-01 -1.0195E-05  9.5836E-01  9.9908E+00  9.7326E-01  9.9908E+00
  9.8322E-02  3.2800E-01 -1.0450E-05  9.8232E-01  9.9908E+00  9.7313E-01  9.9908E+00
  1.0072E-01  3.3600E-01 -1.0705E-05  1.0063E+00  9.9908E+00  9.7301E-01  9.9908E+00
  1.0312E-01  3.4400E-01 -1.0960E-05  1.0302E+00  9.9908E+00  9.7288E-01  9.9908E+00
  1.0552E-01  3.5200E-01 -1.1215E-05  1.0542E+00  9.9908E+00  9.7276E-01  9.9908E+00
  1.0791E-01  3.6000E-01 -1.1469E-05  1.0782E+00  9.9908E+00  9.7264E-01  9.9908E+00
  1.1031E-01  3.6800E-01 -1.1724E-05  1.1021E+00  9.9908E+00  9.7251E-01  9.9908E+00
  1.1271E-01  3.7600E-01 -1.1979E-05  1.1261E+00  9.9908E+00  9.7239E-01  9.9908E+00
  1.1511E-01  3.8400E-01 -1.2234E-05  1.1500E+00  9.9908E+00  9.7227E-01  9.9908E+00
  1.1751E-01  3.9200E-01 -1.2489E-05  1.1740E+00  9.9908E+00  9.7215E-01  9.9908E+00
  1.1990E-01  4.0000E-01 -1.2744E-05  1.1979E+00  9.9908E+00  9.7202E-01  9.9908E+00
  1.2230E-01  4.0800E-01 -1.2999E-05  1.2219E+00  9.9908E+00  9.7190E-01  9.9908E+00
  1.2470E-01  4.1600E-01 -1.3254E-05  1.2459E+00  9.9908E+00  9.7178E-01  9.9908E+00
  1.2720E-01  4.2434E-01 -1.3519E-05  1.2708E+00  9.9908E+00  9.7165E-01  9.9908E+00
  1.2960E-01  4.3234E-01 -1.3774E-05  1.2948E+00  9.9908E+00  9.7153E-01  9.9908E+00
  1.3200E-01  4.4034E-01 -1.4029E-05  1.3187E+00  9.9908E+00  9.7141E-01  9.9908E+00
  1.3439E-01  4.4834E-01 -1.4284E-05  1.3427E+00  9.9908E+00  9.7129E-01  9.9908E+00
  1.3679E-01  4.5634E-01 -1.4539E-05  1.3667E+00  9.9909E+00  9.7118E-01  9.9909E+00
  1.3919E-01  4.6434E-01 -1.4794E-05  1.3906E+00  9.9911E+00  9.7107E-01  9.9911E+00
  1.4159E-01  4.7234E-01 -1.5049E-05  1.4146E+00  9.9922E+00  9.7129E-01  9.9922E+00
  1.4399E-01  4.8034E-01 -1.5304E-05  1.4386E+00  9.9976E+00  9.7888E-01  9.9976E+00
  1.4638E-01  4.8834E-01 -1.5561E-05  1.4626E+00  1.0022E+01  1.1213E+00  1.0022E+01
  1.4878E-01  4.9634E-01 -1.5826E-05  1.4867E+00  1.0119E+01  2.2620E+00  1.0119E+01
  1.5118E-01  5.0434E-01 -7.4027E-03  1.4520E+00  9.9786E+00  3.4907E+00  9.9786E+00
  1.5358E-01  5.1234E-01 -7.5271E-03  1.4764E+00  1.0400E+01  4.5954E+00  1.0400E+01
  1.5598E-01  5.2034E-01 -7.6572E-03  1.5020E+00  1.0895E+01  4.9100E+00  1.0895E+01
  1.5838E-01  5.2834E-01 -7.7935E-03  1.5287E+00  1.1412E+01  4.9491E+00  1.1412E+01
  1.6077E-01  5.3634E-01 -7.9362E-03  1.5567E+00  1.1935E+01  4.9207E+00  1.1935E+01
  1.6317E-01  5.4434E-01 -8.3884E-03  1.5857E+00  1.2460E+01  4.8746E+00  1.2460E+01
  1.6557E-01  5.5234E-01 -7.6556E-03  1.6157E+00  1.2985E+01  4.8211E+00  1.2985E+01
  1.6797E-01  5.6034E-01 -8.4174E-03  1.6471E+00  1.3513E+01  4.7676E+00  1.3513E+01
  1.7037E-01  5.6834E-01 -8.2730E-03  1.6800E+00  1.4045E+01  4.7153E+00  1.4045E+01
  1.7277E-01  5.7634E-01 -9.0747E-03  1.7140E+00  1.4578E+01  4.6590E+00  1.4578E+01
  1.7516E-01  5.8434E-01 -9.5959E-03  1.7490E+00  1.5111E+01  4.5931E+00  1.5111E+01
  1.7756E-01  5.9234E-01 -1.0152E-02  1.7845E+00  1.5637E+01  4.4928E+00  1.5637E+01
  1.7996E-01  6.0034E-01 -9.7266E-03  1.8211E+00  1.6155E+01  4.3000E+00  1.6155E+01
  1.8236E-01  6.0834E-01 -1.1636E-02  1.8587E+00  1.6642E+01  3.8461E+00  1.6642E+01
  1.8476E-01  6.1634E-01 -1.1943E-02  1.8983E+00  1.7059E+01  2.9069E+00  1.7059E+01
  1.8715E-01  6.2434E-01 -1.2186E-02  1.9393E+00  1.7336E+01  1.8423E+00  1.7336E+01
  1.8955E-01  6.3234E-01 -1.2449E-02  1.9810E+00  1.7470E+01  1.5499E+00  1.7470E+01
  1.9195E-01  6.4034E-01 -1.2713E-02  2.0230E+00  1.7519E+01  1.6627E+00  1.7519E+01
  1.9435E-01  6.4834E-01 -1.2977E-02  2.0650E+00  1.7534E+01  1.7385E+00  1.7534E+01
  1.9675E-01  6.5634E-01 -1.3241E-02  2.1071E+00  1.7539E+01  1.7669E+00  1.7539E+01
  1.9914E-01  6.6434E-01 -1.3505E-02  2.1491E+00  1.7540E+01  1.7730E+00  1.7540E+01
  2.0154E-01  6.7234E-01 -1.3770E-02  2.1912E+00  1.7541E+01  1.7540E+00  1.7541E+01
  2.0394E-01  6.8034E-01 -1.4034E-02  2.2333E+00  1.7541E+01  1.7360E+00  1.7541E+01
  2.0634E-01  6.8834E-01 -1.4298E-02  2.2753E+00  1.7541E+01  1.7301E+00  1.7541E+01
  2.0873E-01  6.9634E-01 -1.4563E-02  2.3174E+00  1.7541E+01  1.7299E+00  1.7541E+01
  2.1113E-01  7.0434E-01 -1.4827E-02  2.3594E+00  1.7541E+01  1.7297E+00  1.7541E+01
  2.1353E-01  7.1234E-01 -1.5091E-02  2.4015E+00  1.7541E+01  1.7295E+00  1.7541E+01
  2.1593E-01  7.2034E-01 -1.5356E-02  2.4436E+00  1.7541E+01  1.7293E+00  1.7541E+01
  2.1833E-01  7.2834E-01 -1.5620E-02  2.4856E+00  1.7541E+01  1.7291E+00  1.7541E+01
  2.2072E-01  7.3634E-01 -1.5884E-02  2.5277E+00  1.7541E+01  1.7289E+00  1.7541E+01
  2.2312E-01  7.4434E-01 -1.6149E-02  2.5698E+00  1.7541E+01  1.7287E+00  1.7541E+01
  2.2552E-01  7.5234E-01 -1.6413E-02  2.6118E+00  1.7541E+01  1.7285E+00  1.7541E+01
  2.2792E-01  7.6034E-01 -1.6677E-02  2.6539E+00  1.7541E+01  1.7283E+00  1.7541E+01
  2.3032E-01  7.6834E-01 -1.6942E-02  2.6959E+00  1.7541E+01  1.7281E+00  1.7541E+01
  2.3271E-01  7.7634E-01 -1.7206E-02  2.7380E+00  1.7541E+01  1.7280E+00  1.7541E+01
  2.3511E-01  7.8434E-01 -1.7470E-02  2.7801E+00  1.7541E+01  1.7279E+00  1.7541E+01
  2.3751E-01  7.9234E-01 -1.7734E-02  2.8221E+00  1.7541E+01  1.7280E+00  1.7541E+01
  2.3991E-01  8.0034E-01 -1.7999E-02  2.8642E+00  1.7541E+01  1.7284E+00  1.7541E+01
  2.4231E-01  8.0834E-01 -1.8263E-02  2.9063E+00  1.7541E+01  1.7292E+00  1.7541E+01
  2.4470E-01  8.1634E-01 -1.8527E-02  2.9483E+00  1.7540E+01  1.7307E+00  1.7540E+01
  2.4710E-01  8.2434E-01 -1.8792E-02  2.9904E+00  1.7540E+01  1.7338E+00  1.7540E+01
  2.4950E-01  8.3234E-01 -1.9056E-02  3.0324E+00  1.7539E+01  1.7392E+00  1.7539E+01
  2.5200E-01  8.4068E-01 -1.9332E-02  3.0763E+00  1.7538E+01  1.7493E+00  1.7538E+01
  2.5440E-01  8.4868E-01 -1.9596E-02  3.1183E+00  1.7536E+01  1.7681E+00  1.7536E+01
  2.5680E-01  8.5668E-01 -1.9860E-02  3.1604E+00  1.7532E+01  1.8011E+00  1.7532E+01
  2.5919E-01  8.6468E-01 -2.0124E-02  3.2024E+00  1.7526E+01  1.8588E+00  1.7526E+01
  2.6159E-01  8.7268E-01 -2.0388E-02  3.2444E+00  1.7516E+01  1.9689E+00  1.7516E+01
  2.6399E-01  8.8068E-01 -2.0652E-02  3.2864E+00  1.7498E+01  2.1608E+00  1.7498E+01
  2.6639E-01  8.8868E-01 -2.0916E-02  3.3283E+00  1.7469E+01  2.4906E+00  1.7469E+01
  2.6879E-01  8.9668E-01 -2.1179E-02  3.3702E+00  1.7420E+01  3.0770E+00  1.7420E+01
  2.7118E-01  9.0468E-01 -2.1440E-02  3.4119E+00  1.7342E+01  3.9881E+00  1.7342E+01
  2.7358E-01  9.1268E-01 -2.1701E-02  3.4533E+00  1.7222E+01  5.2887E+00  1.7222E+01
  2.7598E-01  9.2068E-01 -2.1959E-02  3.4944E+00  1.7048E+01  6.9950E+00  1.7048E+01
  2.7838E-01  9.2868E-01 -2.2214E-02  3.5350E+00  1.6810E+01  8.9106E+00  1.6810E+01
  2.8078E-01  9.3668E-01 -2.2465E-02  3.5750E+00  1.6508E+01  1.0804E+01  1.6508E+01
  2.8317E-01  9.4468E-01 -2.2711E-02  3.6142E+00  1.6148E+01  1.2454E+01  1.6148E+01
  2.8557E-01  9.5268E-01 -2.2952E-02  3.6524E+00  1.5741E+01  1.3758E+01  1.5741E+01
  2.8797E-01  9.6068E-01 -2.3186E-02  3.6896E+00  1.5298E+01  1.4726E+01  1.5298E+01
  2.9037E-01  9.6868E-01 -2.3413E-02  3.7257E+00  1.4831E+01  1.5421E+01  1.4831E+01
  2.9277E-01  9.7668E-01 -2.3632E-02  3.7607E+00  1.4345E+01  1.5919E+01  1.4345E+01
  2.9516E-01  9.8468E-01 -2.3845E-02  3.7945E+00  1.3847E+01  1.6282E+01  1.3847E+01
  2.9756E-01  9.9268E-01 -2.4050E-02  3.8271E+00  1.3340E+01  1.6555E+01  1.3340E+01
  2.9996E-01  1.0007E+00 -2.4247E-02  3.8585E+00  1.2825E+01  1.6768E+01  1.2825E+01
  3.0236E-01  1.0087E+00 -2.4436E-02  3.8886E+00  1.2305E+01  1.6942E+01  1.2305E+01
  3.0476E-01  1.0167E+00 -2.4617E-02  3.9175E+00  1.1779E+01  1.7089E+01  1.1779E+01
  3.0715E-01  1.0247E+00 -2.4791E-02  3.9451E+00  1.1249E+01  1.7216E+01  1.1249E+01
  3.0955E-01  1.0327E+00 -2.4956E-02  3.9715E+00  1.0715E+01  1.7328E+01  1.0715E+01
  3.1195E-01  1.0407E+00 -2.5113E-02  3.9965E+00  1.0177E+01  1.7428E+01  1.0177E+01
  3.1435E-01  1.0487E+00 -2.5263E-02  4.0203E+00  9.6362E+00  1.7519E+01  9.6362E+00
  3.1675E-01  1.0567E+00 -2.5404E-02  4.0427E+00  9.0919E+00  1.7600E+01  9.0919E+00
  3.1915E-01  1.0647E+00 -2.5537E-02  4.0639E+00  8.5446E+00  1.7673E+01  8.5446E+00
  3.2154E-01  1.0727E+00 -2.5661E-02  4.0837E+00  7.9945E+00  1.7739E+01  7.9945E+00
  3.2394E-01  1.0807E+00 -2.5777E-02  4.1022E+00  7.4418E+00  1.7798E+01  7.4418E+00
  3.2634E-01  1.0887E+00 -2.5885E-02  4.1194E+00  6.8867E+00  1.7851E+01  6.8867E+00
  3.2874E-01  1.0967E+00 -2.5985E-02  4.1353E+00  6.3293E+00  1.7898E+01  6.3293E+00
  3.3114E-01  1.1047E+00 -2.6076E-02  4.1498E+00  5.7699E+00  1.7940E+01  5.7699E+00
  3.3353E-01  1.1127E+00 -2.6158E-02  4.1629E+00  5.2087E+00  1.7978E+01  5.2087E+00
  3.3593E-01  1.1207E+00 -2.6233E-02  4.1748E+00  4.6457E+00  1.8011E+01  4.6457E+00
  3.3833E-01  1.1287E+00 -2.6298E-02  4.1852E+00  4.0813E+00  1.8041E+01  4.0813E+00
  3.4073E-01  1.1367E+00 -2.6355E-02  4.1943E+00  3.5155E+00  1.8068E+01  3.5155E+00
  3.4313E-01  1.1447E+00 -2.6404E-02  4.2021E+00  2.9486E+00  1.8092E+01  2.9486E+00
  3.4553E-01  1.1527E+00 -2.6444E-02  4.2085E+00  2.3807E+00  1.8115E+01  2.3807E+00
  3.4792E-01  1.1607E+00 -2.6476E-02  4.2135E+00  1.8121E+00  1.8137E+01  1.8121E+00
  3.5032E-01  1.1687E+00 -2.6499E-02  4.2172E+00  1.2429E+00  1.8159E+01  1.2429E+00
  3.5272E-01  1.1767E+00 -2.6513E-02  4.2195E+00  6.7326E-01  1.8181E+01  6.7324E-01
  3.5512E-01  1.1847E+00 -2.6519E-02  4.2204E+00  1.0352E-01  1.8204E+01  1.0342E-01
  3.5752E-01  1.1927E+00 -2.6516E-02  4.2200E+00  4.6642E-01  1.8228E+01 -4.6640E-01
  3.5992E-01  1.2007E+00 -2.6504E-02  4.2182E+00  1.0360E+00  1.8254E+01 -1.0360E+00
  3.6231E-01  1.2087E+00 -2.6484E-02  4.2150E+00  1.6053E+00  1.8281E+01 -1.6053E+00
  3.6471E-01  1.2167E+00 -2.6456E-02  4.2105E+00  2.1738E+00  1.8308E+01 -2.1738E+00
  3.6711E-01  1.2247E+00 -2.6419E-02  4.2046E+00  2.7415E+00  1.8335E+01 -2.7415E+00
  3.6951E-01  1.2327E+00 -2.6373E-02  4.1973E+00  3.3078E+00  1.8356E+01 -3.3078E+00
  3.7191E-01  1.2407E+00 -2.6319E-02  4.1887E+00  3.8725E+00  1.8364E+01 -3.8725E+00
  3.7430E-01  1.2487E+00 -2.6256E-02  4.1787E+00  4.4348E+00  1.8348E+01 -4.4348E+00
  3.7670E-01  1.2567E+00 -2.6185E-02  4.1674E+00  4.9938E+00  1.8284E+01 -4.9938E+00
  3.7910E-01  1.2647E+00 -2.6105E-02  4.1548E+00  5.5480E+00  1.8137E+01 -5.5480E+00
  3.8160E-01  1.2730E+00 -2.6014E-02  4.1402E+00  6.1183E+00  1.7832E+01 -6.1183E+00
  3.8400E-01  1.2810E+00 -2.5917E-02  4.1249E+00  6.6542E+00  1.7302E+01 -6.6542E+00
  3.8640E-01  1.2890E+00 -2.5813E-02  4.1083E+00  7.1737E+00  1.6430E+01 -7.1737E+00
  3.8879E-01  1.2970E+00 -2.5701E-02  4.0905E+00  7.6683E+00  1.5138E+01 -7.6683E+00
  3.9119E-01  1.3050E+00 -2.5582E-02  4.0716E+00  8.1264E+00  1.3562E+01 -8.1264E+00
  3.9359E-01  1.3130E+00 -2.5456E-02  4.0516E+00  8.5343E+00  1.2427E+01 -8.5343E+00
  3.9599E-01  1.3210E+00 -2.5325E-02  4.0307E+00  8.8787E+00  1.3108E+01 -8.8787E+00
  3.9839E-01  1.3290E+00 -2.5189E-02  4.0090E+00  9.1513E+00  1.6064E+01 -9.1513E+00
  4.0078E-01  1.3370E+00 -2.5049E-02  3.9868E+00  9.3529E+00  2.0105E+01 -9.3529E+00
  4.0318E-01  1.3450E+00 -2.4907E-02  3.9642E+00  9.4925E+00  2.3966E+01 -9.4925E+00
  4.0558E-01  1.3530E+00 -2.4763E-02  3.9414E+00  9.5843E+00  2.7037E+01 -9.5843E+00
  4.0798E-01  1.3610E+00 -2.4618E-02  3.9183E+00  9.6420E+00  2.9223E+01 -9.6420E+00
  4.1038E-01  1.3690E+00 -2.4472E-02  3.8951E+00  9.6774E+00  3.0658E+01 -9.6774E+00
  4.1277E-01  1.3770E+00 -2.4326E-02  3.8719E+00  9.6987E+00  3.1569E+01 -9.6987E+00
  4.1517E-01  1.3850E+00 -2.4179E-02  3.8486E+00  9.7113E+00  3.2131E+01 -9.7113E+00
  4.1757E-01  1.3930E+00 -2.4033E-02  3.8253E+00  9.7187E+00  3.2467E+01 -9.7187E+00
  4.1997E-01  1.4010E+00 -2.3886E-02  3.8020E+00  9.7230E+00  3.2670E+01 -9.7230E+00
  4.2236E-01  1.4090E+00 -2.3739E-02  3.7787E+00  9.7255E+00  3.2791E+01 -9.7255E+00
  4.2476E-01  1.4170E+00 -2.3592E-02  3.7554E+00  9.7270E+00  3.2864E+01 -9.7270E+00
  4.2716E-01  1.4250E+00 -2.3446E-02  3.7321E+00  9.7278E+00  3.2908E+01 -9.7277E+00
  4.2956E-01  1.4330E+00 -2.3299E-02  3.7087E+00  9.7281E+00  3.2936E+01 -9.7281E+00
  4.3196E-01  1.4410E+00 -2.3152E-02  3.6854E+00  9.7283E+00  3.2956E+01 -9.7283E+00
  4.3435E-01  1.4490E+00 -2.3005E-02  3.6621E+00  9.7282E+00  3.2971E+01 -9.7282E+00
  4.3675E-01  1.4570E+00 -2.2858E-02  3.6388E+00  9.7280E+00  3.2986E+01 -9.7280E+00
  4.3915E-01  1.4650E+00 -2.2711E-02  3.6154E+00  9.7276E+00  3.3002E+01 -9.7276E+00
  4.4155E-01  1.4730E+00 -2.2565E-02  3.5921E+00  9.7271E+00  3.3022E+01 -9.7271E+00
  4.4395E-01  1.4810E+00 -2.2418E-02  3.5688E+00  9.7263E+00  3.3048E+01 -9.7263E+00
  4.4634E-01  1.4890E+00 -2.2271E-02  3.5455E+00  9.7252E+00  3.3082E+01 -9.7252E+00
  4.4874E-01  1.4970E+00 -2.2124E-02  3.5221E+00  9.7237E+00  3.3129E+01 -9.7237E+00
  4.5114E-01  1.5050E+00 -2.1978E-02  3.4988E+00  9.7217E+00  3.3193E+01 -9.7217E+00
  4.5354E-01  1.5130E+00 -2.1831E-02  3.4755E+00  9.7189E+00  3.3281E+01 -9.7189E+00
  4.5593E-01  1.5210E+00 -2.1684E-02  3.4522E+00  9.7151E+00  3.3402E+01 -9.7151E+00
  4.5833E-01  1.5290E+00 -2.1538E-02  3.4289E+00  9.7100E+00  3.3566E+01 -9.7100E+00
  4.6073E-01  1.5370E+00 -2.1391E-02  3.4057E+00  9.7030E+00  3.3787E+01 -9.7030E+00
  4.6313E-01  1.5450E+00 -2.1245E-02  3.3824E+00  9.6936E+00  3.4083E+01 -9.6936E+00
  4.6553E-01  1.5530E+00 -2.1098E-02  3.3592E+00  9.6808E+00  3.4484E+01 -9.6808E+00
  4.6792E-01  1.5610E+00 -2.0952E-02  3.3360E+00  9.6637E+00  3.5014E+01 -9.6636E+00
  4.7032E-01  1.5690E+00 -2.0807E-02  3.3128E+00  9.6408E+00  3.5704E+01 -9.6408E+00
  4.7272E-01  1.5770E+00 -2.0661E-02  3.2897E+00  9.6106E+00  3.6587E+01 -9.6106E+00
  4.7512E-01  1.5850E+00 -2.0517E-02  3.2667E+00  9.5709E+00  3.7693E+01 -9.5709E+00
  4.7752E-01  1.5930E+00 -2.0373E-02  3.2439E+00  9.5195E+00  3.9060E+01 -9.5195E+00
  4.7991E-01  1.6010E+00 -2.0229E-02  3.2211E+00  9.4542E+00  4.0676E+01 -9.4542E+00
  4.8231E-01  1.6090E+00 -2.0087E-02  3.1985E+00  9.3727E+00  4.2514E+01 -9.3727E+00
  4.8471E-01  1.6170E+00 -1.9946E-02  3.1762E+00  9.2730E+00  4.4519E+01 -9.2730E+00
  4.8711E-01  1.6250E+00 -1.9807E-02  3.1541E+00  9.1541E+00  4.6613E+01 -9.1540E+00
  4.8951E-01  1.6330E+00 -1.9670E-02  3.1323E+00  9.0155E+00  4.8713E+01 -9.0155E+00
  4.9190E-01  1.6410E+00 -1.9535E-02  3.1108E+00  8.8581E+00  5.0696E+01 -8.8581E+00
  4.9430E-01  1.6490E+00 -1.9402E-02  3.0898E+00  8.6834E+00  5.2478E+01 -8.6834E+00
  4.9680E-01  1.6574E+00 -1.9267E-02  3.0684E+00  8.4854E+00  5.4070E+01 -8.4854E+00
  4.9920E-01  1.6654E+00 -1.9140E-02  3.0483E+00  8.2828E+00  5.5330E+01 -8.2828E+00
  5.0160E-01  1.6734E+00 -1.9017E-02  3.0286E+00  8.0705E+00  5.6340E+01 -8.0704E+00
  5.0399E-01  1.6814E+00 -1.8896E-02  3.0096E+00  7.8506E+00  5.7135E+01 -7.8506E+00
  5.0639E-01  1.6894E+00 -1.8779E-02  2.9910E+00  7.6253E+00  5.7746E+01 -7.6253E+00
  5.0879E-01  1.6974E+00 -1.8666E-02  2.9730E+00  7.3962E+00  5.8213E+01 -7.3962E+00
  5.1119E-01  1.7054E+00 -1.8556E-02  2.9555E+00  7.1645E+00  5.8567E+01 -7.1645E+00
  5.1359E-01  1.7134E+00 -1.8449E-02  2.9386E+00  6.9313E+00  5.8834E+01 -6.9313E+00
  5.1598E-01  1.7214E+00 -1.8346E-02  2.9223E+00  6.6972E+00  5.9038E+01 -6.6972E+00
  5.1838E-01  1.7294E+00 -1.8246E-02  2.9065E+00  6.4629E+00  5.9193E+01 -6.4628E+00
  5.2078E-01  1.7374E+00 -1.8150E-02  2.8913E+00  6.2286E+00  5.9312E+01 -6.2286E+00
  5.2318E-01  1.7454E+00 -1.8058E-02  2.8766E+00  5.9947E+00  5.9405E+01 -5.9947E+00
  5.2558E-01  1.7534E+00 -1.7969E-02  2.8625E+00  5.7614E+00  5.9477E+01 -5.7614E+00
  5.2797E-01  1.7614E+00 -1.7883E-02  2.8490E+00  5.5288E+00  5.9535E+01 -5.5288E+00
  5.3037E-01  1.7694E+00 -1.7801E-02  2.8360E+00  5.2970E+00  5.9581E+01 -5.2970E+00
  5.3277E-01  1.7774E+00 -1.7723E-02  2.8236E+00  5.0660E+00  5.9617E+01 -5.0660E+00
  5.3517E-01  1.7854E+00 -1.7648E-02  2.8117E+00  4.8359E+00  5.9646E+01 -4.8359E+00
  5.3757E-01  1.7934E+00 -1.7576E-02  2.8004E+00  4.6068E+00  5.9668E+01 -4.6067E+00
  5.3997E-01  1.8014E+00 -1.7508E-02  2.7896E+00  4.3785E+00  5.9684E+01 -4.3784E+00
  5.4236E-01  1.8094E+00 -1.7443E-02  2.7794E+00  4.1511E+00  5.9694E+01 -4.1511E+00
  5.4476E-01  1.8174E+00 -1.7382E-02  2.7697E+00  3.9247E+00  5.9698E+01 -3.9247E+00
  5.4716E-01  1.8254E+00 -1.7324E-02  2.7606E+00  3.6993E+00  5.9694E+01 -3.6993E+00
  5.4956E-01  1.8334E+00 -1.7269E-02  2.7520E+00  3.4750E+00  5.9683E+01 -3.4749E+00
  5.5196E-01  1.8414E+00 -1.7218E-02  2.7439E+00  3.2518E+00  5.9662E+01 -3.2517E+00
  5.5436E-01  1.8494E+00 -1.7170E-02  2.7364E+00  3.0299E+00  5.9628E+01 -3.0298E+00
  5.5675E-01  1.8574E+00 -1.7126E-02  2.7294E+00  2.8094E+00  5.9580E+01 -2.8093E+00
  5.5915E-01  1.8654E+00 -1.7085E-02  2.7229E+00  2.5907E+00  5.9513E+01 -2.5906E+00
  5.6155E-01  1.8734E+00 -1.7047E-02  2.7169E+00  2.3741E+00  5.9423E+01 -2.3740E+00
  5.6395E-01  1.8814E+00 -1.7012E-02  2.7115E+00  2.1603E+00  5.9304E+01 -2.1602E+00
  5.6635E-01  1.8894E+00 -1.6981E-02  2.7066E+00  1.9498E+00  5.9150E+01 -1.9496E+00
  5.6875E-01  1.8974E+00 -1.6952E-02  2.7021E+00  1.7436E+00  5.8952E+01 -1.7435E+00
  5.7114E-01  1.9054E+00 -1.6927E-02  2.6982E+00  1.5430E+00  5.8705E+01 -1.5428E+00
  5.7354E-01  1.9134E+00 -1.6905E-02  2.6947E+00  1.3494E+00  5.8399E+01 -1.3492E+00
  5.7594E-01  1.9214E+00 -1.6885E-02  2.6917E+00  1.1646E+00  5.8034E+01 -1.1644E+00
  5.7834E-01  1.9294E+00 -1.6868E-02  2.6891E+00  9.9055E-01  5.7608E+01 -9.9031E-01
  5.8074E-01  1.9374E+00 -1.6854E-02  2.6870E+00  8.2944E-01  5.7129E+01 -8.2915E-01
  5.8314E-01  1.9454E+00 -1.6842E-02  2.6852E+00  6.8318E-01  5.6611E+01 -6.8285E-01
  5.8553E-01  1.9534E+00 -1.6833E-02  2.6837E+00  5.5338E-01  5.6073E+01 -5.5297E-01
  5.8793E-01  1.9614E+00 -1.6825E-02  2.6825E+00  4.4095E-01  5.5544E+01 -4.4044E-01
  5.9033E-01  1.9694E+00 -1.6818E-02  2.6816E+00  3.4597E-01  5.5044E+01 -3.4533E-01
  5.9273E-01  1.9774E+00 -1.6813E-02  2.6808E+00  2.6761E-01  5.4594E+01 -2.6680E-01
  5.9513E-01  1.9854E+00 -1.6809E-02  2.6803E+00  2.0456E-01  5.4210E+01 -2.0351E-01
  5.9753E-01  1.9934E+00 -1.6806E-02  2.6798E+00  1.5494E-01  5.3887E+01 -1.5357E-01
  5.9992E-01  2.0014E+00 -1.6803E-02  2.6795E+00  1.1665E-01  5.3623E+01 -1.1484E-01
  6.0232E-01  2.0094E+00 -1.6801E-02  2.6793E+00  8.7612E-02  5.3411E+01 -8.5215E-02
  6.0472E-01  2.0174E+00 -1.6799E-02  2.6791E+00  6.6021E-02  5.3253E+01 -6.2825E-02
  6.0712E-01  2.0254E+00 -1.6798E-02  2.6790E+00  5.0368E-02  5.3134E+01 -4.6118E-02
  6.0952E-01  2.0334E+00 -1.6797E-02  2.6789E+00  3.9323E-02  5.3042E+01 -3.3730E-02
  6.1192E-01  2.0414E+00 -1.6796E-02  2.6788E+00  3.1808E-02  5.2973E+01 -2.4580E-02
  6.1431E-01  2.0494E+00 -1.6795E-02  2.6788E+00  2.6929E-02  5.2921E+01 -1.7843E-02
  6.1671E-01  2.0574E+00 -1.6794E-02  2.6787E+00  2.3932E-02  5.2884E+01 -1.2902E-02
  6.1911E-01  2.0654E+00 -1.6793E-02  2.6787E+00  2.2190E-02  5.2858E+01 -9.3010E-03
  6.2151E-01  2.0734E+00 -1.6793E-02  2.6787E+00  2.1216E-02  5.2838E+01 -6.6753E-03
  6.2391E-01  2.0814E+00 -1.6792E-02  2.6787E+00  2.0688E-02  5.2823E+01 -4.7598E-03
  6.2631E-01  2.0894E+00 -1.6792E-02  2.6786E+00  2.0408E-02  5.2812E+01 -3.3624E-03
  6.2870E-01  2.0974E+00 -1.6791E-02  2.6786E+00  2.0263E-02  5.2804E+01 -2.3446E-03
  6.3110E-01  2.1054E+00 -1.6790E-02  2.6786E+00  2.0188E-02  5.2799E+01 -1.6066E-03
  6.3350E-01  2.1134E+00 -1.6790E-02  2.6786E+00  2.0151E-02  5.2795E+01 -1.0703E-03
  6.3600E-01  2.1217E+00 -1.6789E-02  2.6786E+00  2.0133E-02  5.2792E+01 -6.6610E-04
  6.3840E-01  2.1297E+00 -1.6789E-02  2.6786E+00  2.0125E-02  5.2790E+01 -3.8576E-04
  6.4080E-01  2.1377E+00 -1.6788E-02  2.6786E+00  2.0121E-02  5.2788E+01 -1.8169E-04
  6.4320E-01  2.1457E+00 -1.6787E-02  2.6786E+00  2.0120E-02  5.2787E+01 -3.3757E-05
  6.4559E-01  2.1537E+00 -1.6787E-02  2.6786E+00  2.0120E-02  5.2786E+01  7.3687E-05
  6.4799E-01  2.1617E+00 -1.6786E-02  2.6786E+00  2.0120E-02  5.2786E+01  1.5190E-04
  6.5039E-01  2.1697E+00 -1.6786E-02  2.6786E+00  2.0120E-02  5.2785E+01  2.0891E-04
  6.5279E-01  2.1777E+00 -1.6785E-02  2.6786E+00  2.0121E-02  5.2785E+01  2.5048E-04
  6.5519E-01  2.1857E+00 -1.6785E-02  2.6786E+00  2.0121E-02  5.2785E+01  2.8068E-04
  6.5759E-01  2.1937E+00 -1.6784E-02  2.6786E+00  2.0121E-02  5.2784E+01  3.0270E-04
  6.5998E-01  2.2017E+00 -1.6784E-02  2.6786E+00  2.0121E-02  5.2784E+01  3.1880E-04
  6.6238E-01  2.2097E+00 -1.6783E-02  2.6786E+00  2.0121E-02  5.2784E+01  3.2945E-04
  6.6478E-01  2.2177E+00 -1.6782E-02  2.6786E+00  2.0121E-02  5.2784E+01  3.2981E-04
  6.6718E-01  2.2257E+00 -1.6782E-02  2.6786E+00  2.0121E-02  5.2784E+01  3.3017E-04
  6.6958E-01  2.2337E+00 -1.6781E-02  2.6786E+00  2.0121E-02  5.2784E+01  3.3054E-04
  6.7198E-01  2.2417E+00 -1.6781E-02  2.6786E+00  2.0121E-02  5.2784E+01  3.3090E-04
  6.7437E-01  2.2497E+00 -1.6780E-02  2.6786E+00  2.0121E-02  5.2784E+01  3.3126E-04
  6.7677E-01  2.2577E+00 -1.6780E-02  2.6786E+00  2.0121E-02  5.2784E+01  3.3162E-04
  6.7917E-01  2.2657E+00 -1.6779E-02  2.6786E+00  2.0121E-02  5.2784E+01  3.3199E-04
  6.8157E-01  2.2737E+00 -1.6779E-02  2.6786E+00  2.0121E-02  5.2784E+01  3.3235E-04
  6.8397E-01  2.2817E+00 -1.6778E-02  2.6786E+00  2.0121E-02  5.2784E+01  3.3271E-04
  6.8637E-01  2.2897E+00 -1.6778E-02  2.6786E+00  2.0121E-02  5.2784E+01  3.3307E-04
  6.8876E-01  2.2977E+00 -1.6777E-02  2.6786E+00  2.0121E-02  5.2784E+01  3.3343E-04
  6.9116E-01  2.3057E+00 -1.6776E-02  2.6786E+00  2.0121E-02  5.2784E+01  3.3380E-04
  6.9356E-01  2.3137E+00 -1.6776E-02  2.6786E+00  2.0121E-02  5.2784E+01  3.3416E-04
  6.9596E-01  2.3217E+00 -1.6775E-02  2.6786E+00  2.0121E-02  5.2784E+01  3.3452E-04
  6.9836E-01  2.3297E+00 -1.6775E-02  2.6786E+00  2.0121E-02  5.2784E+01  3.3488E-04
  7.0076E-01  2.3377E+00 -1.6774E-02  2.6786E+00  2.0121E-02  5.2784E+01  3.3525E-04
  7.0315E-01  2.3457E+00 -1.6774E-02  2.6786E+00  2.0121E-02  5.2784E+01  3.3561E-04
  7.0555E-01  2.3537E+00 -1.6773E-02  2.6786E+00  2.0121E-02  5.2784E+01  3.3597E-04
  7.0795E-01  2.3617E+00 -1.6773E-02  2.6787E+00  2.0121E-02  5.2784E+01  3.3633E-04
  7.1035E-01  2.3697E+00 -1.6772E-02  2.6787E+00  2.0121E-02  5.2784E+01  3.3670E-04
  7.1275E-01  2.3777E+00 -1.6771E-02  2.6787E+00  2.0121E-02  5.2784E+01  3.3706E-04
  7.1515E-01  2.3857E+00 -1.6771E-02  2.6787E+00  2.0121E-02  5.2784E+01  3.3742E-04
  7.1754E-01  2.3937E+00 -1.6770E-02  2.6787E+00  2.0121E-02  5.2784E+01  3.3778E-04
  7.1994E-01  2.4017E+00 -1.6770E-02  2.6787E+00  2.0121E-02  5.2784E+01  3.3815E-04
  7.2234E-01  2.4097E+00 -1.6769E-02  2.6787E+00  2.0121E-02  5.2784E+01  3.3851E-04
  7.2474E-01  2.4177E+00 -1.6769E-02  2.6787E+00  2.0121E-02  5.2784E+01  3.3887E-04
  7.2714E-01  2.4257E+00 -1.6768E-02  2.6787E+00  2.0121E-02  5.2784E+01  3.3923E-04
  7.2954E-01  2.4337E+00 -1.6768E-02  2.6787E+00  2.0121E-02  5.2784E+01  3.3960E-04
  7.3193E-01  2.4417E+00 -1.6767E-02  2.6787E+00  2.0121E-02  5.2784E+01  3.3996E-04
  7.3433E-01  2.4497E+00 -1.6766E-02  2.6787E+00  2.0121E-02  5.2784E+01  3.4032E-04
  7.3673E-01  2.4577E+00 -1.6766E-02  2.6787E+00  2.0121E-02  5.2784E+01  3.4068E-04
  7.3913E-01  2.4657E+00 -1.6765E-02  2.6787E+00  2.0121E-02  5.2784E+01  3.4105E-04
  7.4153E-01  2.4737E+00 -1.6765E-02  2.6787E+00  2.0121E-02  5.2784E+01  3.4141E-04
  7.4393E-01  2.4817E+00 -1.6764E-02  2.6787E+00  2.0121E-02  5.2784E+01  3.4177E-04
  7.4632E-01  2.4897E+00 -1.6764E-02  2.6787E+00  2.0121E-02  5.2784E+01  3.4213E-04
  7.4872E-01  2.4977E+00 -1.6763E-02  2.6787E+00  2.0121E-02  5.2784E+01  3.4249E-04
  7.5112E-01  2.5057E+00 -1.6763E-02  2.6787E+00  2.0121E-02  5.2784E+01  3.4286E-04
  7.5352E-01  2.5137E+00 -1.6762E-02  2.6787E+00  2.0121E-02  5.2784E+01  3.4322E-04
  7.5592E-01  2.5217E+00 -1.6761E-02  2.6787E+00  2.0121E-02  5.2784E+01  3.4358E-04
  7.5832E-01  2.5297E+00 -1.6761E-02  2.6787E+00  2.0121E-02  5.2784E+01  3.4394E-04
  7.6071E-01  2.5377E+00 -1.6760E-02  2.6787E+00  2.0121E-02  5.2784E+01  3.4431E-04
  7.6311E-01  2.5457E+00 -1.6760E-02  2.6787E+00  2.0121E-02  5.2784E+01  3.4467E-04
  7.6551E-01  2.5537E+00 -1.6759E-02  2.6787E+00  2.0121E-02  5.2784E+01  3.4503E-04
  7.6791E-01  2.5617E+00 -1.6759E-02  2.6787E+00  2.0121E-02  5.2784E+01  3.4539E-04
  7.7031E-01  2.5697E+00 -1.6758E-02  2.6787E+00  2.0121E-02  5.2784E+01  3.4576E-04
  7.7271E-01  2.5777E+00 -1.6758E-02  2.6787E+00  2.0121E-02  5.2784E+01  3.4612E-04
  7.7510E-01  2.5857E+00 -1.6757E-02  2.6787E+00  2.0121E-02  5.2784E+01  3.4648E-04
  7.7750E-01  2.5937E+00 -1.6757E-02  2.6787E+00  2.0121E-02  5.2784E+01  3.4684E-04
  7.7990E-01  2.6017E+00 -1.6756E-02  2.6787E+00  2.0121E-02  5.2784E+01  3.4721E-04
  7.8240E-01  2.6100E+00 -1.6755E-02  2.6787E+00  2.0121E-02  5.2784E+01  3.4758E-04
  7.8480E-01  2.6180E+00 -1.6755E-02  2.6787E+00  2.0121E-02  5.2784E+01  3.4795E-04
  7.8720E-01  2.6260E+00 -1.6754E-02  2.6787E+00  2.0121E-02  5.2784E+01  3.4831E-04
  7.8960E-01  2.6340E+00 -1.6754E-02  2.6787E+00  2.0121E-02  5.2784E+01  3.4867E-04
  7.9199E-01  2.6420E+00 -1.6753E-02  2.6787E+00  2.0121E-02  5.2784E+01  3.4903E-04
  7.9439E-01  2.6500E+00 -1.6753E-02  2.6787E+00  2.0121E-02  5.2784E+01  3.4940E-04
  7.9679E-01  2.6580E+00 -1.6752E-02  2.6787E+00  2.0121E-02  5.2784E+01  3.4976E-04
  7.9919E-01  2.6660E+00 -1.6752E-02  2.6787E+00  2.0121E-02  5.2784E+01  3.5012E-04
  8.0159E-01  2.6740E+00 -1.6751E-02  2.6787E+00  2.0121E-02  5.2784E+01  3.5048E-04
  8.0399E-01  2.6820E+00 -1.6750E-02  2.6787E+00  2.0121E-02  5.2784E+01  3.5085E-04
  8.0638E-01  2.6900E+00 -1.6750E-02  2.6787E+00  2.0121E-02  5.2784E+01  3.5121E-04
  8.0878E-01  2.6980E+00 -1.6749E-02  2.6787E+00  2.0121E-02  5.2784E+01  3.5157E-04
  8.1118E-01  2.7060E+00 -1.6749E-02  2.6787E+00  2.0121E-02  5.2784E+01  3.5193E-04
  8.1358E-01  2.7140E+00 -1.6748E-02  2.6787E+00  2.0121E-02  5.2784E+01  3.5229E-04
  8.1598E-01  2.7220E+00 -1.6748E-02  2.6787E+00  2.0121E-02  5.2784E+01  3.5266E-04
  8.1838E-01  2.7300E+00 -1.6747E-02  2.6787E+00  2.0121E-02  5.2784E+01  3.5302E-04
  8.2077E-01  2.7380E+00 -1.6747E-02  2.6787E+00  2.0121E-02  5.2784E+01  3.5338E-04
  8.2317E-01  2.7460E+00 -1.6746E-02  2.6787E+00  2.0121E-02  5.2784E+01  3.5374E-04
  8.2557E-01  2.7540E+00 -1.6745E-02  2.6787E+00  2.0121E-02  5.2784E+01  3.5411E-04
  8.2797E-01  2.7620E+00 -1.6745E-02  2.6787E+00  2.0121E-02  5.2784E+01  3.5447E-04
  8.3037E-01  2.7700E+00 -1.6744E-02  2.6787E+00  2.0121E-02  5.2784E+01  3.5483E-04
  8.3277E-01  2.7780E+00 -1.6744E-02  2.6787E+00  2.0121E-02  5.2784E+01  3.5519E-04
  8.3516E-01  2.7860E+00 -1.6743E-02  2.6787E+00  2.0121E-02  5.2784E+01  3.5556E-04
  8.3756E-01  2.7940E+00 -1.6743E-02  2.6787E+00  2.0121E-02  5.2784E+01  3.5592E-04
  8.3996E-01  2.8020E+00 -1.6742E-02  2.6787E+00  2.0121E-02  5.2784E+01  3.5628E-04
  8.4236E-01  2.8100E+00 -1.6742E-02  2.6787E+00  2.0121E-02  5.2784E+01  3.5664E-04
  8.4476E-01  2.8180E+00 -1.6741E-02  2.6787E+00  2.0121E-02  5.2784E+01  3.5701E-04
  8.4716E-01  2.8260E+00 -1.6740E-02  2.6787E+00  2.0121E-02  5.2784E+01  3.5737E-04
  8.4955E-01  2.8340E+00 -1.6740E-02  2.6787E+00  2.0121E-02  5.2784E+01  3.5773E-04
  8.5195E-01  2.8420E+00 -1.6739E-02  2.6787E+00  2.0121E-02  5.2784E+01  3.5809E-04
  8.5435E-01  2.8500E+00 -1.6739E-02  2.6787E+00  2.0121E-02  5.2784E+01  3.5846E-04
  8.5675E-01  2.8580E+00 -1.6738E-02  2.6787E+00  2.0121E-02  5.2784E+01  3.5882E-04
  8.5915E-01  2.8660E+00 -1.6738E-02  2.6787E+00  2.0121E-02  5.2784E+01  3.5918E-04
  8.6155E-01  2.8740E+00 -1.6737E-02  2.6787E+00  2.0121E-02  5.2784E+01  3.5954E-04
  8.6394E-01  2.8820E+00 -1.6737E-02  2.6787E+00  2.0121E-02  5.2784E+01  3.5990E-04
  8.6634E-01  2.8900E+00 -1.6736E-02  2.6787E+00  2.0121E-02  5.2784E+01  3.6027E-04
  8.6874E-01  2.8980E+00 -1.6735E-02  2.6787E+00  2.0121E-02  5.2784E+01  3.6063E-04
  8.7114E-01  2.9060E+00 -1.6735E-02  2.6787E+00  2.0121E-02  5.2784E+01  3.6099E-04
  8.7354E-01  2.9140E+00 -1.6734E-02  2.6787E+00  2.0121E-02  5.2784E+01  3.6135E-04
  8.7594E-01  2.9220E+00 -1.6734E-02  2.6787E+00  2.0121E-02  5.2784E+01  3.6172E-04
  8.7833E-01  2.9300E+00 -1.6733E-02  2.6787E+00  2.0121E-02  5.2784E+01  3.6208E-04
  8.8073E-01  2.9380E+00 -1.6733E-02  2.6787E+00  2.0121E-02  5.2784E+01  3.6244E-04
  8.8313E-01  2.9460E+00 -1.6732E-02  2.6787E+00  2.0121E-02  5.2784E+01  3.6280E-04
  8.8553E-01  2.9540E+00 -1.6732E-02  2.6787E+00  2.0121E-02  5.2784E+01  3.6317E-04
  8.8793E-01  2.9620E+00 -1.6731E-02  2.6787E+00  2.0121E-02  5.2784E+01  3.6353E-04
  8.9033E-01  2.9700E+00 -1.6731E-02  2.6787E+00  2.0121E-02  5.2784E+01  3.6389E-04
  8.9272E-01  2.9780E+00 -1.6730E-02  2.6787E+00  2.0121E-02  5.2784E+01  3.6425E-04
  8.9512E-01  2.9860E+00 -1.6729E-02  2.6787E+00  2.0121E-02  5.2784E+01  3.6462E-04
  8.9752E-01  2.9940E+00 -1.6729E-02  2.6787E+00  2.0121E-02  5.2784E+01  3.6498E-04
  8.9992E-01  3.0020E+00 -1.6728E-02  2.6787E+00  2.0121E-02  5.2784E+01  3.6534E-04
  9.0232E-01  3.0100E+00 -1.6728E-02  2.6787E+00  2.0121E-02  5.2784E+01  3.6570E-04
  9.0472E-01  3.0180E+00 -1.6727E-02  2.6787E+00  2.0121E-02  5.2784E+01  3.6606E-04
  9.0711E-01  3.0260E+00 -1.6727E-02  2.6787E+00  2.0121E-02  5.2784E+01  3.6643E-04
  9.0951E-01  3.0340E+00 -1.6726E-02  2.6787E+00  2.0121E-02  5.2784E+01  3.6679E-04
  9.1191E-01  3.0420E+00 -1.6726E-02  2.6787E+00  2.0121E-02  5.2784E+01  3.6715E-04
  9.1431E-01  3.0500E+00 -1.6725E-02  2.6787E+00  2.0121E-02  5.2784E+01  3.6751E-04
  9.1671E-01  3.0580E+00 -1.6724E-02  2.6787E+00  2.0121E-02  5.2784E+01  3.6788E-04
  9.1911E-01  3.0660E+00 -1.6724E-02  2.6787E+00  2.0121E-02  5.2784E+01  3.6824E-04
  9.2150E-01  3.0740E+00 -1.6723E-02  2.6787E+00  2.0121E-02  5.2784E+01  3.6860E-04
  9.2390E-01  3.0820E+00 -1.6723E-02  2.6787E+00  2.0121E-02  5.2784E+01  3.6896E-04
  9.2630E-01  3.0900E+00 -1.6722E-02  2.6787E+00  2.0121E-02  5.2784E+01  3.6933E-04
  9.2880E-01  3.0984E+00 -1.6722E-02  2.6787E+00  2.0121E-02  5.2784E+01  3.6970E-04
  9.3120E-01  3.1064E+00 -1.6721E-02  2.6787E+00  2.0121E-02  5.2784E+01  3.7007E-04
  9.3360E-01  3.1144E+00 -1.6721E-02  2.6787E+00  2.0121E-02  5.2784E+01  3.7043E-04
  9.3600E-01  3.1224E+00 -1.6720E-02  2.6787E+00  2.0121E-02  5.2784E+01  3.7079E-04
  9.3839E-01  3.1304E+00 -1.6719E-02  2.6787E+00  2.0121E-02  5.2784E+01  3.7115E-04
  9.4079E-01  3.1384E+00 -1.6719E-02  2.6787E+00  2.0121E-02  5.2784E+01  3.7152E-04
  9.4319E-01  3.1464E+00 -1.6718E-02  2.6787E+00  2.0121E-02  5.2784E+01  3.7188E-04
  9.4559E-01  3.1544E+00 -1.6718E-02  2.6787E+00  2.0121E-02  5.2784E+01  3.7224E-04
  9.4799E-01  3.1624E+00 -1.6717E-02  2.6787E+00  2.0121E-02  5.2784E+01  3.7260E-04
  9.5039E-01  3.1704E+00 -1.6717E-02  2.6787E+00  2.0121E-02  5.2784E+01  3.7297E-04
  9.5278E-01  3.1784E+00 -1.6716E-02  2.6787E+00  2.0121E-02  5.2784E+01  3.7333E-04
  9.5518E-01  3.1864E+00 -1.6716E-02  2.6787E+00  2.0121E-02  5.2784E+01  3.7369E-04
  9.5758E-01  3.1944E+00 -1.6715E-02  2.6787E+00  2.0121E-02  5.2784E+01  3.7405E-04
  9.5998E-01  3.2024E+00 -1.6714E-02  2.6787E+00  2.0121E-02  5.2784E+01  3.7441E-04
  9.6238E-01  3.2104E+00 -1.6714E-02  2.6787E+00  2.0121E-02  5.2784E+01  3.7478E-04
  9.6478E-01  3.2184E+00 -1.6713E-02  2.6787E+00  2.0121E-02  5.2784E+01  3.7514E-04
  9.6717E-01  3.2264E+00 -1.6713E-02  2.6787E+00  2.0121E-02  5.2784E+01  3.7550E-04
  9.6957E-01  3.2344E+00 -1.6712E-02  2.6787E+00  2.0121E-02  5.2784E+01  3.7586E-04
  9.7197E-01  3.2424E+00 -1.6712E-02  2.6787E+00  2.0121E-02  5.2784E+01  3.7623E-04
  9.7437E-01  3.2504E+00 -1.6711E-02  2.6787E+00  2.0121E-02  5.2784E+01  3.7659E-04
  9.7677E-01  3.2584E+00 -1.6711E-02  2.6787E+00  2.0121E-02  5.2784E+01  3.7695E-04
  9.7917E-01  3.2664E+00 -1.6710E-02  2.6787E+00  2.0121E-02  5.2784E+01  3.7731E-04
  9.8156E-01  3.2744E+00 -1.6709E-02  2.6787E+00  2.0121E-02  5.2784E+01  3.7768E-04
  9.8396E-01  3.2824E+00 -1.6709E-02  2.6787E+00  2.0121E-02  5.2784E+01  3.7804E-04
  9.8636E-01  3.2904E+00 -1.6708E-02  2.6787E+00  2.0121E-02  5.2784E+01  3.7840E-04
  9.8876E-01  3.2984E+00 -1.6708E-02  2.6788E+00  2.0121E-02  5.2784E+01  3.7876E-04
  9.9116E-01  3.3064E+00 -1.6707E-02  2.6788E+00  2.0121E-02  5.2784E+01  3.7913E-04
  9.9356E-01  3.3144E+00 -1.6707E-02  2.6788E+00  2.0121E-02  5.2784E+01  3.7949E-04
  9.9595E-01  3.3224E+00 -1.6706E-02  2.6788E+00  2.0121E-02  5.2784E+01  3.7985E-04
  9.9835E-01  3.3304E+00 -1.6706E-02  2.6788E+00  2.0121E-02  5.2784E+01  3.8021E-04
  1.0008E+00  3.3384E+00 -1.6705E-02  2.6788E+00  2.0121E-02  5.2784E+01  3.8057E-04
  1.0031E+00  3.3464E+00 -1.6705E-02  2.6788E+00  2.0121E-02  5.2784E+01  3.8094E-04
  1.0055E+00  3.3544E+00 -1.6704E-02  2.6788E+00  2.0121E-02  5.2784E+01  3.8130E-04
  1.0079E+00  3.3624E+00 -1.6703E-02  2.6788E+00  2.0121E-02  5.2784E+01  3.8166E-04
  1.0103E+00  3.3704E+00 -1.6703E-02  2.6788E+00  2.0121E-02  5.2784E+01  3.8202E-04
  1.0127E+00  3.3784E+00 -1.6702E-02  2.6788E+00  2.0121E-02  5.2784E+01  3.8239E-04
  1.0151E+00  3.3864E+00 -1.6702E-02  2.6788E+00  2.0121E-02  5.2784E+01  3.8275E-04
  1.0175E+00  3.3944E+00 -1.6701E-02  2.6788E+00  2.0121E-02  5.2784E+01  3.8311E-04
  1.0199E+00  3.4024E+00 -1.6701E-02  2.6788E+00  2.0121E-02  5.2784E+01  3.8347E-04
  1.0223E+00  3.4104E+00 -1.6700E-02  2.6788E+00  2.0121E-02  5.2784E+01  3.8384E-04
  1.0247E+00  3.4184E+00 -1.6700E-02  2.6788E+00  2.0121E-02  5.2784E+01  3.8420E-04
  1.0271E+00  3.4264E+00 -1.6699E-02  2.6788E+00  2.0121E-02  5.2784E+01  3.8456E-04
  1.0295E+00  3.4344E+00 -1.6698E-02  2.6788E+00  2.0121E-02  5.2784E+01  3.8492E-04
  1.0319E+00  3.4424E+00 -1.6698E-02  2.6788E+00  2.0121E-02  5.2784E+01  3.8529E-04
  1.0343E+00  3.4504E+00 -1.6697E-02  2.6788E+00  2.0121E-02  5.2784E+01  3.8565E-04
  1.0367E+00  3.4584E+00 -1.6697E-02  2.6788E+00  2.0121E-02  5.2784E+01  3.8601E-04
  1.0391E+00  3.4664E+00 -1.6696E-02  2.6788E+00  2.0121E-02  5.2784E+01  3.8637E-04
  1.0415E+00  3.4744E+00 -1.6696E-02  2.6788E+00  2.0121E-02  5.2784E+01  3.8673E-04
  1.0439E+00  3.4824E+00 -1.6695E-02  2.6788E+00  2.0121E-02  5.2784E+01  3.8710E-04
  1.0463E+00  3.4904E+00 -1.6695E-02  2.6788E+00  2.0121E-02  5.2784E+01  3.8746E-04
  1.0487E+00  3.4984E+00 -1.6694E-02  2.6788E+00  2.0121E-02  5.2784E+01  3.8782E-04
  1.0511E+00  3.5064E+00 -1.6693E-02  2.6788E+00  2.0121E-02  5.2784E+01  3.8818E-04
  1.0535E+00  3.5144E+00 -1.6693E-02  2.6788E+00  2.0121E-02  5.2784E+01  3.8855E-04
  1.0559E+00  3.5224E+00 -1.6692E-02  2.6788E+00  2.0121E-02  5.2784E+01  3.8891E-04
  1.0583E+00  3.5304E+00 -1.6692E-02  2.6788E+00  2.0121E-02  5.2784E+01  3.8927E-04
  1.0607E+00  3.5384E+00 -1.6691E-02  2.6788E+00  2.0121E-02  5.2784E+01  3.8963E-04
  1.0631E+00  3.5464E+00 -1.6691E-02  2.6788E+00  2.0121E-02  5.2784E+01  3.9000E-04
  1.0655E+00  3.5544E+00 -1.6690E-02  2.6788E+00  2.0121E-02  5.2784E+01  3.9036E-04
  1.0679E+00  3.5624E+00 -1.6690E-02  2.6788E+00  2.0121E-02  5.2784E+01  3.9072E-04
  1.0703E+00  3.5704E+00 -1.6689E-02  2.6788E+00  2.0121E-02  5.2784E+01  3.9108E-04
  1.0727E+00  3.5784E+00 -1.6688E-02  2.6788E+00  2.0121E-02  5.2784E+01  3.9145E-04
  1.0752E+00  3.5867E+00 -1.6688E-02  2.6788E+00  2.0121E-02  5.2784E+01  3.9182E-04
  1.0776E+00  3.5947E+00 -1.6687E-02  2.6788E+00  2.0121E-02  5.2784E+01  3.9219E-04
  1.0800E+00  3.6027E+00 -1.6687E-02  2.6788E+00  2.0121E-02  5.2784E+01  3.9255E-04
  1.0824E+00  3.6107E+00 -1.6686E-02  2.6788E+00  2.0121E-02  5.2784E+01  3.9291E-04
  1.0848E+00  3.6187E+00 -1.6686E-02  2.6788E+00  2.0121E-02  5.2784E+01  3.9327E-04
  1.0872E+00  3.6267E+00 -1.6685E-02  2.6788E+00  2.0121E-02  5.2784E+01  3.9363E-04
  1.0896E+00  3.6347E+00 -1.6685E-02  2.6788E+00  2.0121E-02  5.2784E+01  3.9400E-04
  1.0920E+00  3.6427E+00 -1.6684E-02  2.6788E+00  2.0121E-02  5.2784E+01  3.9436E-04
  1.0944E+00  3.6507E+00 -1.6683E-02  2.6788E+00  2.0121E-02  5.2784E+01  3.9472E-04
  1.0968E+00  3.6587E+00 -1.6683E-02  2.6788E+00  2.0121E-02  5.2784E+01  3.9508E-04
  1.0992E+00  3.6667E+00 -1.6682E-02  2.6788E+00  2.0121E-02  5.2784E+01  3.9545E-04
  1.1016E+00  3.6747E+00 -1.6682E-02  2.6788E+00  2.0121E-02  5.2784E+01  3.9581E-04
  1.1040E+00  3.6827E+00 -1.6681E-02  2.6788E+00  2.0121E-02  5.2784E+01  3.9617E-04
  1.1064E+00  3.6907E+00 -1.6681E-02  2.6788E+00  2.0121E-02  5.2784E+01  3.9653E-04
  1.1088E+00  3.6987E+00 -1.6680E-02  2.6788E+00  2.0121E-02  5.2784E+01  3.9690E-04
  1.1112E+00  3.7067E+00 -1.6680E-02  2.6788E+00  2.0121E-02  5.2784E+01  3.9726E-04
  1.1136E+00  3.7147E+00 -1.6679E-02  2.6788E+00  2.0121E-02  5.2784E+01  3.9762E-04
  1.1160E+00  3.7227E+00 -1.6679E-02  2.6788E+00  2.0121E-02  5.2784E+01  3.9798E-04
  1.1184E+00  3.7307E+00 -1.6678E-02  2.6788E+00  2.0121E-02  5.2784E+01  3.9835E-04
  1.1208E+00  3.7387E+00 -1.6677E-02  2.6788E+00  2.0121E-02  5.2784E+01  3.9871E-04
  1.1232E+00  3.7467E+00 -1.6677E-02  2.6788E+00  2.0121E-02  5.2784E+01  3.9907E-04
  1.1256E+00  3.7547E+00 -1.6676E-02  2.6788E+00  2.0121E-02  5.2784E+01  3.9943E-04
  1.1280E+00  3.7627E+00 -1.6676E-02  2.6788E+00  2.0121E-02  5.2784E+01  3.9979E-04
  1.1304E+00  3.7707E+00 -1.6675E-02  2.6788E+00  2.0121E-02  5.2784E+01  4.0016E-04
  1.1328E+00  3.7787E+00 -1.6675E-02  2.6788E+00  2.0121E-02  5.2784E+01  4.0052E-04
  1.1352E+00  3.7867E+00 -1.6674E-02  2.6788E+00  2.0121E-02  5.2784E+01  4.0088E-04
  1.1376E+00  3.7947E+00 -1.6674E-02  2.6788E+00  2.0121E-02  5.2784E+01  4.0124E-04
  1.1400E+00  3.8027E+00 -1.6673E-02  2.6788E+00  2.0121E-02  5.2784E+01  4.0161E-04
  1.1424E+00  3.8107E+00 -1.6672E-02  2.6788E+00  2.0121E-02  5.2784E+01  4.0197E-04
  1.1448E+00  3.8187E+00 -1.6672E-02  2.6788E+00  2.0121E-02  5.2784E+01  4.0233E-04
  1.1472E+00  3.8267E+00 -1.6671E-02  2.6788E+00  2.0121E-02  5.2784E+01  4.0269E-04
  1.1495E+00  3.8347E+00 -1.6671E-02  2.6788E+00  2.0121E-02  5.2784E+01  4.0306E-04
  1.1519E+00  3.8427E+00 -1.6670E-02  2.6788E+00  2.0121E-02  5.2784E+01  4.0342E-04
  1.1543E+00  3.8507E+00 -1.6670E-02  2.6788E+00  2.0121E-02  5.2784E+01  4.0378E-04
  1.1567E+00  3.8587E+00 -1.6669E-02  2.6788E+00  2.0121E-02  5.2784E+01  4.0414E-04
  1.1591E+00  3.8667E+00 -1.6669E-02  2.6788E+00  2.0121E-02  5.2784E+01  4.0450E-04
  1.1615E+00  3.8747E+00 -1.6668E-02  2.6788E+00  2.0121E-02  5.2784E+01  4.0487E-04
  1.1639E+00  3.8827E+00 -1.6667E-02  2.6788E+00  2.0121E-02  5.2784E+01  4.0523E-04
  1.1663E+00  3.8907E+00 -1.6667E-02  2.6788E+00  2.0121E-02  5.2784E+01  4.0559E-04
  1.1687E+00  3.8987E+00 -1.6666E-02  2.6788E+00  2.0121E-02  5.2784E+01  4.0595E-04
  1.1711E+00  3.9067E+00 -1.6666E-02  2.6788E+00  2.0121E-02  5.2784E+01  4.0632E-04
  1.1735E+00  3.9147E+00 -1.6665E-02  2.6788E+00  2.0121E-02  5.2784E+01  4.0668E-04
  1.1759E+00  3.9227E+00 -1.6665E-02  2.6788E+00  2.0121E-02  5.2784E+01  4.0704E-04
  1.1783E+00  3.9307E+00 -1.6664E-02  2.6788E+00  2.0121E-02  5.2784E+01  4.0740E-04
  1.1807E+00  3.9387E+00 -1.6664E-02  2.6788E+00  2.0121E-02  5.2784E+01  4.0777E-04
  1.1831E+00  3.9467E+00 -1.6663E-02  2.6788E+00  2.0121E-02  5.2784E+01  4.0813E-04
  1.1855E+00  3.9547E+00 -1.6662E-02  2.6788E+00  2.0121E-02  5.2784E+01  4.0849E-04
  1.1879E+00  3.9627E+00 -1.6662E-02  2.6788E+00  2.0121E-02  5.2784E+01  4.0885E-04
  1.1903E+00  3.9707E+00 -1.6661E-02  2.6788E+00  2.0121E-02  5.2784E+01  4.0922E-04
  1.1927E+00  3.9787E+00 -1.6661E-02  2.6788E+00  2.0121E-02  5.2784E+01  4.0958E-04
  1.1951E+00  3.9867E+00 -1.6660E-02  2.6788E+00  2.0121E-02  5.2784E+01  4.0994E-04
  1.2000E+00  4.0030E+00 -1.6659E-02  2.6788E+00  2.0121E-02  5.2784E+01  4.1068E-04
