  0.0000E+00  0.0000E+00  5.0000E+02  0.0000E+00  1.1376E+00  0.0000E+00  0.0000E+00
  2.3981E-03  8.0000E-03  5.0000E+02  1.5236E-04  1.1376E+00  1.7105E-04 -1.8398E-01
  4.7962E-03  1.6000E-02  5.0000E+02  3.0472E-04  1.1376E+00  3.4209E-04 -1.8398E-01
  7.1943E-03  2.4000E-02  5.0000E+02  4.5708E-04  1.1376E+00  5.1314E-04 -1.8398E-01
  9.5924E-03  3.2000E-02  5.0000E+02  6.0944E-04  1.1376E+00  6.8419E-04 -1.8398E-01
  1.1990E-02  4.0000E-02  5.0000E+02  7.6180E-04  1.1376E+00  8.5523E-04 -1.8398E-01
  1.4389E-02  4.8000E-02  5.0000E+02  9.1416E-04  1.1376E+00  1.0263E-03 -1.8398E-01
  1.6787E-02  5.6000E-02  5.0000E+02  1.0665E-03  1.1376E+00  1.1973E-03 -1.8398E-01
  1.9185E-02  6.4000E-02  5.0000E+02  1.2189E-03  1.1376E+00  1.3684E-03 -1.8398E-01
  2.1583E-02  7.2000E-02  5.0000E+02  1.3712E-03  1.1376E+00  1.5394E-03 -1.8398E-01
  2.3981E-02  8.0000E-02  5.0000E+02  1.5236E-03  1.1376E+00  1.7105E-03 -1.8398E-01
  2.6379E-02  8.8000E-02  5.0000E+02  1.6760E-03  1.1376E+00  1.8815E-03 -1.8398E-01
  2.8777E-02  9.6000E-02  5.0000E+02  1.8283E-03  1.1376E+00  2.0526E-03 -1.8398E-01
  3.1175E-02  1.0400E-01  5.0000E+02  1.9807E-03  1.1376E+00  2.2236E-03 -1.8398E-01
  3.3573E-02  1.1200E-01  5.0000E+02  2.1330E-03  1.1376E+00  2.3946E-03 -1.8398E-01
  3.5971E-02  1.2000E-01  5.0000E+02  2.2854E-03  1.1376E+00  2.5657E-03 -1.8398E-01
  3.8370E-02  1.2800E-01  5.0000E+02  2.4378E-03  1.1376E+00  2.7367E-03 -1.8398E-01
  4.0768E-02  1.3600E-01  5.0000E+02  2.5901E-03  1.1376E+00  2.9078E-03 -1.8398E-01
  4.3166E-02  1.4400E-01  5.0000E+02  2.7425E-03  1.1376E+00  3.0788E-03 -1.8398E-01
  4.5564E-02  1.5200E-01  5.0000E+02  2.8948E-03  1.1376E+00  3.2499E-03 -1.8398E-01
  4.7962E-02  1.6000E-01  5.0000E+02  3.0472E-03  1.1376E+00  3.4209E-03 -1.8398E-01
  5.0360E-02  1.6800E-01  5.0000E+02  3.1996E-03  1.1376E+00  3.5920E-03 -1.8398E-01
  5.2758E-02  1.7600E-01  5.0000E+02  3.3519E-03  1.1376E+00  3.7630E-03 -1.8398E-01
  5.5156E-02  1.8400E-01  5.0000E+02  3.5043E-03  1.1376E+00  3.9341E-03 -1.8398E-01
  5.7554E-02  1.9200E-01  5.0000E+02  3.6566E-03  1.1376E+00  4.1051E-03 -1.8398E-01
  5.9952E-02  2.0000E-01  5.0000E+02  3.8090E-03  1.1376E+00  4.2762E-03 -1.8398E-01
  6.2351E-02  2.0800E-01  5.0000E+02  3.9614E-03  1.1376E+00  4.4472E-03 -1.8398E-01
  6.4749E-02  2.1600E-01  5.0000E+02  4.1137E-03  1.1376E+00  4.6182E-03 -1.8398E-01
  6.7147E-02  2.2400E-01  5.0000E+02  4.2661E-03  1.1376E+00  4.7893E-03 -1.8398E-01
  6.9545E-02  2.3200E-01  5.0000E+02  4.4184E-03  1.1376E+00  4.9603E-03 -1.8398E-01
  7.1943E-02  2.4000E-01  5.0000E+02  4.5708E-03  1.1376E+00  5.1314E-03 -1.8398E-01
  7.4341E-02  2.4800E-01  5.0000E+02  4.7232E-03  1.1376E+00  5.3024E-03 -1.8398E-01
  7.6739E-02  2.5600E-01  5.0000E+02  4.8755E-03  1.1376E+00  5.4735E-03 -1.8398E-01
  7.9137E-02  2.6400E-01  5.0000E+02  5.0279E-03  1.1376E+00  5.6445E-03 -1.8398E-01
  8.1535E-02  2.7200E-01  5.0000E+02  5.1802E-03  1.1376E+00  5.8156E-03 -1.8398E-01
  8.3933E-02  2.8000E-01  5.0000E+02  5.3326E-03  1.1376E+00  5.9866E-03 -1.8398E-01
  8.6332E-02  2.8800E-01  5.0000E+02  5.4850E-03  1.1376E+00  6.1577E-03 -1.8398E-01
  8.8730E-02  2.9600E-01  5.0000E+02  5.6373E-03  1.1376E+00  6.3287E-03 -1.8398E-01
  9.1128E-02  3.0400E-01  5.0000E+02  5.7897E-03  1.1376E+00  6.4998E-03 -1.8398E-01
  9.3526E-02  3.1200E-01  5.0000E+02  5.9420E-03  1.1376E+00  6.6708E-03 -1.8398E-01
  9.5924E-02  3.2000E-01  5.0000E+02  6.0944E-03  1.1376E+00  6.8419E-03 -1.8398E-01
  9.8322E-02  3.2800E-01  5.0000E+02  6.2468E-03  1.1376E+00  7.0129E-03 -1.8398E-01
  1.0072E-01  3.3600E-01  5.0000E+02  6.3991E-03  1.1376E+00  7.1839E-03 -1.8398E-01
  1.0312E-01  3.4400E-01  5.0000E+02  6.5515E-03  1.1376E+00  7.3550E-03 -1.8398E-01
  1.0552E-01  3.5200E-01  5.0000E+02  6.7038E-03  1.1376E+00  7.5260E-03 -1.8398E-01
  1.0791E-01  3.6000E-01  5.0000E+02  6.8562E-03  1.1376E+00  7.6971E-03 -1.8398E-01
  1.1031E-01  3.6800E-01  5.0000E+02  7.0086E-03  1.1376E+00  7.8681E-03 -1.8398E-01
  1.1271E-01  3.7600E-01  5.0000E+02  7.1609E-03  1.1376E+00  8.0392E-03 -1.8398E-01
  1.1511E-01  3.8400E-01  5.0000E+02  7.3133E-03  1.1376E+00  8.2102E-03 -1.8398E-01
  1.1751E-01  3.9200E-01  5.0000E+02  7.4656E-03  1.1376E+00  8.3813E-03 -1.8398E-01
  1.1990E-01  4.0000E-01  5.0000E+02  7.6180E-03  1.1376E+00  8.5523E-03 -1.8398E-01
  1.2230E-01  4.0800E-01  5.0000E+02  7.7704E-03  1.1376E+00  8.7234E-03 -1.8398E-01
  1.2470E-01  4.1600E-01  5.0000E+02  7.9227E-03  1.1376E+00  8.8944E-03 -1.8398E-01
  1.2720E-01  4.2434E-01  5.0000E+02  8.0815E-03  1.1376E+00  9.0726E-03 -1.8398E-01
  1.2960E-01  4.3234E-01  5.0000E+02  8.2338E-03  1.1376E+00  9.2437E-03 -1.8398E-01
  1.3200E-01  4.4034E-01  5.0000E+02  8.3862E-03  1.1376E+00  9.4147E-03 -1.8398E-01
  1.3439E-01  4.4834E-01  5.0000E+02  8.5386E-03  1.1376E+00  9.5858E-03 -1.8398E-01
  1.3679E-01  4.5634E-01  5.0000E+02  8.6909E-03  1.1376E+00  9.7568E-03 -1.8398E-01
  1.3919E-01  4.6434E-01  5.0000E+02  8.8433E-03  1.1376E+00  9.9279E-03 -1.8398E-01
  1.4159E-01  4.7234E-01  5.0000E+02  8.9956E-03  1.1376E+00  1.0099E-02 -1.8398E-01
  1.4399E-01  4.8034E-01  5.0000E+02  9.1480E-03  1.1376E+00  1.0270E-02 -1.8398E-01
  1.4638E-01  4.8834E-01  5.0000E+02  9.3003E-03  1.1376E+00  1.0441E-02 -1.8397E-01
  1.4878E-01  4.9634E-01  5.0000E+02  9.4527E-03  1.1376E+00  1.0612E-02 -1.8394E-01
  1.5118E-01  5.0434E-01  5.0000E+02  8.4037E-03  1.0895E+00  9.0681E-03 -1.5048E-01
  1.5358E-01  5.1234E-01  5.0000E+02  8.5375E-03  1.0895E+00  9.2129E-03 -1.5018E-01
  1.5598E-01  5.2034E-01  5.0000E+02  8.6726E-03  1.0895E+00  9.3593E-03 -1.4964E-01
  1.5838E-01  5.2834E-01  5.0000E+02  8.8099E-03  1.0895E+00  9.5085E-03 -1.4886E-01
  1.6077E-01  5.3634E-01  5.0000E+02  8.9506E-03  1.0895E+00  9.6615E-03 -1.4783E-01
  1.6317E-01  5.4434E-01  5.0000E+02  9.0939E-03  1.0895E+00  9.8179E-03 -1.4629E-01
  1.6557E-01  5.5234E-01  5.0000E+02  9.2390E-03  1.0894E+00  9.9748E-03 -1.4545E-01
  1.6797E-01  5.6034E-01  5.0000E+02  9.3929E-03  1.0890E+00  1.0141E-02 -1.4274E-01
  1.7037E-01  5.6834E-01  5.0000E+02  9.5571E-03  1.0890E+00  1.0319E-02 -1.4117E-01
  1.7277E-01  5.7634E-01  5.0000E+02  9.7291E-03  1.0890E+00  1.0509E-02 -1.3891E-01
  1.7516E-01  5.8434E-01  5.0000E+02  9.9100E-03  1.0886E+00  1.0703E-02 -1.3631E-01
  1.7756E-01  5.9234E-01  5.0000E+02  1.0095E-02  1.0886E+00  1.0906E-02 -1.3341E-01
  1.7996E-01  6.0034E-01  5.0000E+02  1.0291E-02  1.0883E+00  1.1119E-02 -1.3052E-01
  1.8236E-01  6.0834E-01  5.0000E+02  1.0499E-02  1.0867E+00  1.1331E-02 -1.2658E-01
  1.8476E-01  6.1634E-01  5.0000E+02  1.0732E-02  1.0866E+00  1.1585E-02 -1.2396E-01
  1.8715E-01  6.2434E-01  5.0000E+02  1.0983E-02  1.0866E+00  1.1860E-02 -1.2065E-01
  1.8955E-01  6.3234E-01  5.0000E+02  1.1248E-02  1.0866E+00  1.2150E-02 -1.1756E-01
  1.9195E-01  6.4034E-01  5.0000E+02  1.1519E-02  1.0866E+00  1.2446E-02 -1.1455E-01
  1.9435E-01  6.4834E-01  5.0000E+02  1.1794E-02  1.0866E+00  1.2748E-02 -1.1163E-01
  1.9675E-01  6.5634E-01  5.0000E+02  1.2073E-02  1.0866E+00  1.3053E-02 -1.0881E-01
  1.9914E-01  6.6434E-01  5.0000E+02  1.2355E-02  1.0866E+00  1.3361E-02 -1.0609E-01
  2.0154E-01  6.7234E-01  5.0000E+02  1.2640E-02  1.0866E+00  1.3672E-02 -1.0347E-01
  2.0394E-01  6.8034E-01  5.0000E+02  1.2928E-02  1.0866E+00  1.3986E-02 -1.0094E-01
  2.0634E-01  6.8834E-01  5.0000E+02  1.3218E-02  1.0866E+00  1.4303E-02 -9.8508E-02
  2.0873E-01  6.9634E-01  5.0000E+02  1.3511E-02  1.0866E+00  1.4623E-02 -9.6161E-02
  2.1113E-01  7.0434E-01  5.0000E+02  1.3805E-02  1.0866E+00  1.4944E-02 -9.3899E-02
  2.1353E-01  7.1234E-01  5.0000E+02  1.4102E-02  1.0866E+00  1.5268E-02 -9.1717E-02
  2.1593E-01  7.2034E-01  5.0000E+02  1.4401E-02  1.0866E+00  1.5594E-02 -8.9613E-02
  2.1833E-01  7.2834E-01  5.0000E+02  1.4701E-02  1.0866E+00  1.5922E-02 -8.7585E-02
  2.2072E-01  7.3634E-01  5.0000E+02  1.5003E-02  1.0866E+00  1.6251E-02 -8.5627E-02
  2.2312E-01  7.4434E-01  5.0000E+02  1.5307E-02  1.0866E+00  1.6583E-02 -8.3739E-02
  2.2552E-01  7.5234E-01  5.0000E+02  1.5612E-02  1.0866E+00  1.6915E-02 -8.1915E-02
  2.2792E-01  7.6034E-01  5.0000E+02  1.5919E-02  1.0866E+00  1.7250E-02 -8.0155E-02
  2.3032E-01  7.6834E-01  5.0000E+02  1.6227E-02  1.0866E+00  1.7586E-02 -7.8455E-02
  2.3271E-01  7.7634E-01  5.0000E+02  1.6536E-02  1.0866E+00  1.7923E-02 -7.6812E-02
  2.3511E-01  7.8434E-01  5.0000E+02  1.6847E-02  1.0866E+00  1.8261E-02 -7.5224E-02
  2.3751E-01  7.9234E-01  5.0000E+02  1.7158E-02  1.0866E+00  1.8601E-02 -7.3689E-02
  2.3991E-01  8.0034E-01  5.0000E+02  1.7471E-02  1.0866E+00  1.8941E-02 -7.2204E-02
  2.4231E-01  8.0834E-01  5.0000E+02  1.7785E-02  1.0866E+00  1.9283E-02 -7.0767E-02
  2.4470E-01  8.1634E-01  5.0000E+02  1.8099E-02  1.0866E+00  1.9626E-02 -6.9377E-02
  2.4710E-01  8.2434E-01  5.0000E+02  1.8415E-02  1.0866E+00  1.9970E-02 -6.8030E-02
  2.4950E-01  8.3234E-01  5.0000E+02  1.8731E-02  1.0866E+00  2.0314E-02 -6.6726E-02
  2.5200E-01  8.4068E-01  5.0000E+02  1.9062E-02  1.0866E+00  2.0674E-02 -6.5410E-02
  2.5440E-01  8.4868E-01  5.0000E+02  1.9380E-02  1.0866E+00  2.1021E-02 -6.4188E-02
  2.5680E-01  8.5668E-01  5.0000E+02  1.9698E-02  1.0866E+00  2.1368E-02 -6.3003E-02
  2.5919E-01  8.6468E-01  5.0000E+02  2.0017E-02  1.0866E+00  2.1715E-02 -6.1854E-02
  2.6159E-01  8.7268E-01  5.0000E+02  2.0337E-02  1.0866E+00  2.2063E-02 -6.0740E-02
  2.6399E-01  8.8068E-01  5.0000E+02  2.0657E-02  1.0866E+00  2.2411E-02 -5.9662E-02
  2.6639E-01  8.8868E-01  5.0000E+02  2.0976E-02  1.0866E+00  2.2759E-02 -5.8617E-02
  2.6879E-01  8.9668E-01  5.0000E+02  2.1295E-02  1.0866E+00  2.3105E-02 -5.7608E-02
  2.7118E-01  9.0468E-01  5.0000E+02  2.1611E-02  1.0866E+00  2.3450E-02 -5.6636E-02
  2.7358E-01  9.1268E-01  5.0000E+02  2.1925E-02  1.0866E+00  2.3792E-02 -5.5704E-02
  2.7598E-01  9.2068E-01  5.0000E+02  2.2235E-02  1.0866E+00  2.4129E-02 -5.4816E-02
  2.7838E-01  9.2868E-01  5.0000E+02  2.2537E-02  1.0866E+00  2.4458E-02 -5.3978E-02
  2.8078E-01  9.3668E-01  5.0000E+02  2.2830E-02  1.0866E+00  2.4777E-02 -5.3195E-02
  2.8317E-01  9.4468E-01  5.0000E+02  2.3113E-02  1.0866E+00  2.5084E-02 -5.2471E-02
  2.8557E-01  9.5268E-01  5.0000E+02  2.3382E-02  1.0866E+00  2.5378E-02 -5.1809E-02
  2.8797E-01  9.6068E-01  5.0000E+02  2.3638E-02  1.0866E+00  2.5656E-02 -5.1212E-02
  2.9037E-01  9.6868E-01  5.0000E+02  2.3880E-02  1.0866E+00  2.5919E-02 -5.0678E-02
  2.9277E-01  9.7668E-01  5.0000E+02  2.4107E-02  1.0866E+00  2.6166E-02 -5.0209E-02
  2.9516E-01  9.8468E-01  5.0000E+02  2.4320E-02  1.0866E+00  2.6398E-02 -4.9801E-02
  2.9756E-01  9.9268E-01  5.0000E+02  2.4518E-02  1.0866E+00  2.6613E-02 -4.9455E-02
  2.9996E-01  1.0007E+00  5.0000E+02  2.4703E-02  1.0866E+00  2.6814E-02 -4.9169E-02
  3.0236E-01  1.0087E+00  5.0000E+02  2.4873E-02  1.0866E+00  2.6999E-02 -4.8941E-02
  3.0476E-01  1.0167E+00  5.0000E+02  2.5030E-02  1.0866E+00  2.7170E-02 -4.8769E-02
  3.0715E-01  1.0247E+00  5.0000E+02  2.5175E-02  1.0866E+00  2.7327E-02 -4.8654E-02
  3.0955E-01  1.0327E+00  5.0000E+02  2.5307E-02  1.0866E+00  2.7471E-02 -4.8594E-02
  3.1195E-01  1.0407E+00  5.0000E+02  2.5428E-02  1.0866E+00  2.7601E-02 -4.8588E-02
  3.1435E-01  1.0487E+00  5.0000E+02  2.5537E-02  1.0866E+00  2.7720E-02 -4.8636E-02
  3.1675E-01  1.0567E+00  5.0000E+02  2.5636E-02  1.0866E+00  2.7827E-02 -4.8737E-02
  3.1915E-01  1.0647E+00  5.0000E+02  2.5724E-02  1.0866E+00  2.7923E-02 -4.8891E-02
  3.2154E-01  1.0727E+00  5.0000E+02  2.5804E-02  1.0866E+00  2.8009E-02 -4.9097E-02
  3.2394E-01  1.0807E+00  5.0000E+02  2.5874E-02  1.0866E+00  2.8085E-02 -4.9355E-02
  3.2634E-01  1.0887E+00  5.0000E+02  2.5937E-02  1.0866E+00  2.8153E-02 -4.9665E-02
  3.2874E-01  1.0967E+00  5.0000E+02  2.5992E-02  1.0866E+00  2.8212E-02 -5.0027E-02
  3.3114E-01  1.1047E+00  5.0000E+02  2.6040E-02  1.0866E+00  2.8264E-02 -5.0442E-02
  3.3353E-01  1.1127E+00  5.0000E+02  2.6083E-02  1.0866E+00  2.8309E-02 -5.0908E-02
  3.3593E-01  1.1207E+00  5.0000E+02  2.6120E-02  1.0866E+00  2.8349E-02 -5.1427E-02
  3.3833E-01  1.1287E+00  5.0000E+02  2.6152E-02  1.0866E+00  2.8384E-02 -5.1998E-02
  3.4073E-01  1.1367E+00  5.0000E+02  2.6181E-02  1.0866E+00  2.8414E-02 -5.2622E-02
  3.4313E-01  1.1447E+00  5.0000E+02  2.6207E-02  1.0866E+00  2.8442E-02 -5.3298E-02
  3.4553E-01  1.1527E+00  5.0000E+02  2.6231E-02  1.0866E+00  2.8466E-02 -5.4028E-02
  3.4792E-01  1.1607E+00  5.0000E+02  2.6253E-02  1.0866E+00  2.8489E-02 -5.4810E-02
  3.5032E-01  1.1687E+00  5.0000E+02  2.6275E-02  1.0866E+00  2.8512E-02 -5.5645E-02
  3.5272E-01  1.1767E+00  5.0000E+02  2.6296E-02  1.0866E+00  2.8534E-02 -5.6534E-02
  3.5512E-01  1.1847E+00  5.0000E+02  2.6319E-02  1.0866E+00  2.8558E-02 -5.7475E-02
  3.5752E-01  1.1927E+00  5.0000E+02  2.6344E-02  1.0866E+00  2.8583E-02 -5.8470E-02
  3.5992E-01  1.2007E+00  5.0000E+02  2.6371E-02  1.0866E+00  2.8611E-02 -5.9517E-02
  3.6231E-01  1.2087E+00  5.0000E+02  2.6403E-02  1.0866E+00  2.8643E-02 -6.0617E-02
  3.6471E-01  1.2167E+00  5.0000E+02  2.6438E-02  1.0866E+00  2.8680E-02 -6.1769E-02
  3.6711E-01  1.2247E+00  5.0000E+02  2.6479E-02  1.0866E+00  2.8723E-02 -6.2972E-02
  3.6951E-01  1.2327E+00  5.0000E+02  2.6526E-02  1.0866E+00  2.8772E-02 -6.4226E-02
  3.7191E-01  1.2407E+00  5.0000E+02  2.6580E-02  1.0866E+00  2.8828E-02 -6.5530E-02
  3.7430E-01  1.2487E+00  5.0000E+02  2.6642E-02  1.0866E+00  2.8893E-02 -6.6883E-02
  3.7670E-01  1.2567E+00  5.0000E+02  2.6713E-02  1.0866E+00  2.8968E-02 -6.8284E-02
  3.7910E-01  1.2647E+00  5.0000E+02  2.6793E-02  1.0866E+00  2.9052E-02 -6.9730E-02
  3.8160E-01  1.2730E+00  5.0000E+02  2.6888E-02  1.0866E+00  2.9153E-02 -7.1285E-02
  3.8400E-01  1.2810E+00  5.0000E+02  2.6990E-02  1.0866E+00  2.9261E-02 -7.2819E-02
  3.8640E-01  1.2890E+00  5.0000E+02  2.7105E-02  1.0866E+00  2.9382E-02 -7.4392E-02
  3.8879E-01  1.2970E+00  5.0000E+02  2.7231E-02  1.0866E+00  2.9516E-02 -7.6000E-02
  3.9119E-01  1.3050E+00  5.0000E+02  2.7370E-02  1.0866E+00  2.9664E-02 -7.7638E-02
  3.9359E-01  1.3130E+00  5.0000E+02  2.7521E-02  1.0866E+00  2.9824E-02 -7.9299E-02
  3.9599E-01  1.3210E+00  5.0000E+02  2.7684E-02  1.0866E+00  2.9997E-02 -8.0976E-02
  3.9839E-01  1.3290E+00  5.0000E+02  2.7856E-02  1.0866E+00  3.0180E-02 -8.2660E-02
  4.0078E-01  1.3370E+00  5.0000E+02  2.8037E-02  1.0866E+00  3.0372E-02 -8.4342E-02
  4.0318E-01  1.3450E+00  5.0000E+02  2.8225E-02  1.0866E+00  3.0572E-02 -8.6013E-02
  4.0558E-01  1.3530E+00  5.0000E+02  2.8418E-02  1.0866E+00  3.0777E-02 -8.7668E-02
  4.0798E-01  1.3610E+00  5.0000E+02  2.8616E-02  1.0866E+00  3.0988E-02 -8.9302E-02
  4.1038E-01  1.3690E+00  5.0000E+02  2.8817E-02  1.0866E+00  3.1201E-02 -9.0911E-02
  4.1277E-01  1.3770E+00  5.0000E+02  2.9021E-02  1.0866E+00  3.1418E-02 -9.2494E-02
  4.1517E-01  1.3850E+00  5.0000E+02  2.9227E-02  1.0866E+00  3.1638E-02 -9.4050E-02
  4.1757E-01  1.3930E+00  5.0000E+02  2.9436E-02  1.0866E+00  3.1860E-02 -9.5579E-02
  4.1997E-01  1.4010E+00  5.0000E+02  2.9647E-02  1.0866E+00  3.2085E-02 -9.7080E-02
  4.2236E-01  1.4090E+00  5.0000E+02  2.9861E-02  1.0866E+00  3.2312E-02 -9.8553E-02
  4.2476E-01  1.4170E+00  5.0000E+02  3.0076E-02  1.0866E+00  3.2541E-02 -9.9999E-02
  4.2716E-01  1.4250E+00  5.0000E+02  3.0294E-02  1.0866E+00  3.2772E-02 -1.0142E-01
  4.2956E-01  1.4330E+00  5.0000E+02  3.0513E-02  1.0866E+00  3.3006E-02 -1.0281E-01
  4.3196E-01  1.4410E+00  5.0000E+02  3.0734E-02  1.0866E+00  3.3241E-02 -1.0418E-01
  4.3435E-01  1.4490E+00  5.0000E+02  3.0957E-02  1.0866E+00  3.3478E-02 -1.0552E-01
  4.3675E-01  1.4570E+00  5.0000E+02  3.1182E-02  1.0866E+00  3.3717E-02 -1.0683E-01
  4.3915E-01  1.4650E+00  5.0000E+02  3.1408E-02  1.0866E+00  3.3957E-02 -1.0812E-01
  4.4155E-01  1.4730E+00  5.0000E+02  3.1636E-02  1.0866E+00  3.4200E-02 -1.0939E-01
  4.4395E-01  1.4810E+00  5.0000E+02  3.1866E-02  1.0866E+00  3.4444E-02 -1.1063E-01
  4.4634E-01  1.4890E+00  5.0000E+02  3.2097E-02  1.0866E+00  3.4690E-02 -1.1185E-01
  4.4874E-01  1.4970E+00  5.0000E+02  3.2330E-02  1.0866E+00  3.4938E-02 -1.1305E-01
  4.5114E-01  1.5050E+00  5.0000E+02  3.2564E-02  1.0866E+00  3.5187E-02 -1.1422E-01
  4.5354E-01  1.5130E+00  5.0000E+02  3.2800E-02  1.0866E+00  3.5438E-02 -1.1537E-01
  4.5593E-01  1.5210E+00  5.0000E+02  3.3037E-02  1.0866E+00  3.5690E-02 -1.1650E-01
  4.5833E-01  1.5290E+00  5.0000E+02  3.3276E-02  1.0866E+00  3.5944E-02 -1.1761E-01
  4.6073E-01  1.5370E+00  5.0000E+02  3.3515E-02  1.0866E+00  3.6199E-02 -1.1869E-01
  4.6313E-01  1.5450E+00  5.0000E+02  3.3756E-02  1.0866E+00  3.6455E-02 -1.1976E-01
  4.6553E-01  1.5530E+00  5.0000E+02  3.3997E-02  1.0866E+00  3.6712E-02 -1.2080E-01
  4.6792E-01  1.5610E+00  5.0000E+02  3.4240E-02  1.0866E+00  3.6969E-02 -1.2182E-01
  4.7032E-01  1.5690E+00  5.0000E+02  3.4483E-02  1.0866E+00  3.7228E-02 -1.2282E-01
  4.7272E-01  1.5770E+00  5.0000E+02  3.4726E-02  1.0866E+00  3.7486E-02 -1.2380E-01
  4.7512E-01  1.5850E+00  5.0000E+02  3.4968E-02  1.0866E+00  3.7744E-02 -1.2475E-01
  4.7752E-01  1.5930E+00  5.0000E+02  3.5210E-02  1.0866E+00  3.8002E-02 -1.2569E-01
  4.7991E-01  1.6010E+00  5.0000E+02  3.5451E-02  1.0866E+00  3.8258E-02 -1.2660E-01
  4.8231E-01  1.6090E+00  5.0000E+02  3.5690E-02  1.0866E+00  3.8512E-02 -1.2748E-01
  4.8471E-01  1.6170E+00  5.0000E+02  3.5926E-02  1.0866E+00  3.8763E-02 -1.2833E-01
  4.8711E-01  1.6250E+00  5.0000E+02  3.6158E-02  1.0866E+00  3.9010E-02 -1.2916E-01
  4.8951E-01  1.6330E+00  5.0000E+02  3.6386E-02  1.0866E+00  3.9252E-02 -1.2996E-01
  4.9190E-01  1.6410E+00  5.0000E+02  3.6608E-02  1.0866E+00  3.9488E-02 -1.3073E-01
  4.9430E-01  1.6490E+00  5.0000E+02  3.6824E-02  1.0866E+00  3.9718E-02 -1.3146E-01
  4.9680E-01  1.6574E+00  5.0000E+02  3.7042E-02  1.0866E+00  3.9949E-02 -1.3219E-01
  4.9920E-01  1.6654E+00  5.0000E+02  3.7243E-02  1.0866E+00  4.0163E-02 -1.3285E-01
  5.0160E-01  1.6734E+00  5.0000E+02  3.7436E-02  1.0866E+00  4.0368E-02 -1.3348E-01
  5.0399E-01  1.6814E+00  5.0000E+02  3.7620E-02  1.0866E+00  4.0564E-02 -1.3407E-01
  5.0639E-01  1.6894E+00  5.0000E+02  3.7796E-02  1.0866E+00  4.0751E-02 -1.3463E-01
  5.0879E-01  1.6974E+00  5.0000E+02  3.7963E-02  1.0866E+00  4.0929E-02 -1.3516E-01
  5.1119E-01  1.7054E+00  5.0000E+02  3.8122E-02  1.0866E+00  4.1098E-02 -1.3566E-01
  5.1359E-01  1.7134E+00  5.0000E+02  3.8272E-02  1.0866E+00  4.1257E-02 -1.3612E-01
  5.1598E-01  1.7214E+00  5.0000E+02  3.8413E-02  1.0866E+00  4.1407E-02 -1.3656E-01
  5.1838E-01  1.7294E+00  5.0000E+02  3.8545E-02  1.0866E+00  4.1548E-02 -1.3696E-01
  5.2078E-01  1.7374E+00  5.0000E+02  3.8670E-02  1.0866E+00  4.1680E-02 -1.3734E-01
  5.2318E-01  1.7454E+00  5.0000E+02  3.8786E-02  1.0866E+00  4.1804E-02 -1.3769E-01
  5.2558E-01  1.7534E+00  5.0000E+02  3.8894E-02  1.0866E+00  4.1919E-02 -1.3802E-01
  5.2797E-01  1.7614E+00  5.0000E+02  3.8995E-02  1.0866E+00  4.2026E-02 -1.3832E-01
  5.3037E-01  1.7694E+00  5.0000E+02  3.9088E-02  1.0866E+00  4.2124E-02 -1.3860E-01
  5.3277E-01  1.7774E+00  5.0000E+02  3.9173E-02  1.0866E+00  4.2215E-02 -1.3885E-01
  5.3517E-01  1.7854E+00  5.0000E+02  3.9252E-02  1.0866E+00  4.2299E-02 -1.3908E-01
  5.3757E-01  1.7934E+00  5.0000E+02  3.9324E-02  1.0866E+00  4.2376E-02 -1.3929E-01
  5.3997E-01  1.8014E+00  5.0000E+02  3.9390E-02  1.0866E+00  4.2445E-02 -1.3949E-01
  5.4236E-01  1.8094E+00  5.0000E+02  3.9449E-02  1.0866E+00  4.2508E-02 -1.3966E-01
  5.4476E-01  1.8174E+00  5.0000E+02  3.9502E-02  1.0866E+00  4.2565E-02 -1.3982E-01
  5.4716E-01  1.8254E+00  5.0000E+02  3.9550E-02  1.0866E+00  4.2616E-02 -1.3996E-01
  5.4956E-01  1.8334E+00  5.0000E+02  3.9593E-02  1.0866E+00  4.2661E-02 -1.4008E-01
  5.5196E-01  1.8414E+00  5.0000E+02  3.9631E-02  1.0866E+00  4.2701E-02 -1.4019E-01
  5.5436E-01  1.8494E+00  5.0000E+02  3.9663E-02  1.0866E+00  4.2736E-02 -1.4029E-01
  5.5675E-01  1.8574E+00  5.0000E+02  3.9692E-02  1.0866E+00  4.2767E-02 -1.4037E-01
  5.5915E-01  1.8654E+00  5.0000E+02  3.9716E-02  1.0866E+00  4.2793E-02 -1.4044E-01
  5.6155E-01  1.8734E+00  5.0000E+02  3.9737E-02  1.0866E+00  4.2815E-02 -1.4050E-01
  5.6395E-01  1.8814E+00  5.0000E+02  3.9755E-02  1.0866E+00  4.2833E-02 -1.4055E-01
  5.6635E-01  1.8894E+00  5.0000E+02  3.9769E-02  1.0866E+00  4.2848E-02 -1.4060E-01
  5.6875E-01  1.8974E+00  5.0000E+02  3.9781E-02  1.0866E+00  4.2861E-02 -1.4063E-01
  5.7114E-01  1.9054E+00  5.0000E+02  3.9790E-02  1.0866E+00  4.2870E-02 -1.4066E-01
  5.7354E-01  1.9134E+00  5.0000E+02  3.9797E-02  1.0866E+00  4.2878E-02 -1.4068E-01
  5.7594E-01  1.9214E+00  5.0000E+02  3.9802E-02  1.0866E+00  4.2884E-02 -1.4069E-01
  5.7834E-01  1.9294E+00  5.0000E+02  3.9806E-02  1.0866E+00  4.2888E-02 -1.4071E-01
  5.8074E-01  1.9374E+00  5.0000E+02  3.9809E-02  1.0866E+00  4.2891E-02 -1.4071E-01
  5.8314E-01  1.9454E+00  5.0000E+02  3.9811E-02  1.0866E+00  4.2893E-02 -1.4072E-01
  5.8553E-01  1.9534E+00  5.0000E+02  3.9812E-02  1.0866E+00  4.2895E-02 -1.4072E-01
  5.8793E-01  1.9614E+00  5.0000E+02  3.9813E-02  1.0866E+00  4.2895E-02 -1.4073E-01
  5.9033E-01  1.9694E+00  5.0000E+02  3.9814E-02  1.0866E+00  4.2896E-02 -1.4073E-01
  5.9273E-01  1.9774E+00  5.0000E+02  3.9814E-02  1.0866E+00  4.2896E-02 -1.4073E-01
  5.9513E-01  1.9854E+00  5.0000E+02  3.9814E-02  1.0866E+00  4.2897E-02 -1.4073E-01
  5.9753E-01  1.9934E+00  5.0000E+02  3.9814E-02  1.0866E+00  4.2897E-02 -1.4073E-01
  5.9992E-01  2.0014E+00  5.0000E+02  3.9814E-02  1.0866E+00  4.2897E-02 -1.4073E-01
  6.0232E-01  2.0094E+00  5.0000E+02  3.9815E-02  1.0866E+00  4.2897E-02 -1.4073E-01
  6.0472E-01  2.0174E+00  5.0000E+02  3.9815E-02  1.0866E+00  4.2897E-02 -1.4073E-01
  6.0712E-01  2.0254E+00  5.0000E+02  3.9815E-02  1.0866E+00  4.2897E-02 -1.4073E-01
  6.0952E-01  2.0334E+00  5.0000E+02  3.9815E-02  1.0866E+00  4.2897E-02 -1.4073E-01
  6.1192E-01  2.0414E+00  5.0000E+02  3.9815E-02  1.0866E+00  4.2897E-02 -1.4073E-01
  6.1431E-01  2.0494E+00  5.0000E+02  3.9815E-02  1.0866E+00  4.2897E-02 -1.4073E-01
  6.1671E-01  2.0574E+00  5.0000E+02  3.9815E-02  1.0866E+00  4.2897E-02 -1.4073E-01
  6.1911E-01  2.0654E+00  5.0000E+02  3.9815E-02  1.0866E+00  4.2897E-02 -1.4073E-01
  6.2151E-01  2.0734E+00  5.0000E+02  3.9815E-02  1.0866E+00  4.2897E-02 -1.4073E-01
  6.2391E-01  2.0814E+00  5.0000E+02  3.9815E-02  1.0866E+00  4.2897E-02 -1.4073E-01
  6.2631E-01  2.0894E+00  5.0000E+02  3.9815E-02  1.0866E+00  4.2897E-02 -1.4073E-01
  6.2870E-01  2.0974E+00  5.0000E+02  3.9815E-02  1.0866E+00  4.2897E-02 -1.4073E-01
  6.3110E-01  2.1054E+00  5.0000E+02  3.9815E-02  1.0866E+00  4.2897E-02 -1.4073E-01
  6.3350E-01  2.1134E+00  5.0000E+02  3.9815E-02  1.0866E+00  4.2897E-02 -1.4073E-01
  6.3600E-01  2.1217E+00  5.0000E+02  3.9815E-02  1.0866E+00  4.2897E-02 -1.4073E-01
  6.3840E-01  2.1297E+00  5.0000E+02  3.9815E-02  1.0866E+00  4.2897E-02 -1.4073E-01
  6.4080E-01  2.1377E+00  5.0000E+02  3.9815E-02  1.0866E+00  4.2897E-02 -1.4073E-01
  6.4320E-01  2.1457E+00  5.0000E+02  3.9815E-02  1.0866E+00  4.2897E-02 -1.4073E-01
  6.4559E-01  2.1537E+00  5.0000E+02  3.9815E-02  1.0866E+00  4.2897E-02 -1.4073E-01
  6.4799E-01  2.1617E+00  5.0000E+02  3.9815E-02  1.0866E+00  4.2897E-02 -1.4073E-01
  6.5039E-01  2.1697E+00  5.0000E+02  3.9815E-02  1.0866E+00  4.2897E-02 -1.4073E-01
  6.5279E-01  2.1777E+00  5.0000E+02  3.9815E-02  1.0866E+00  4.2897E-02 -1.4073E-01
  6.5519E-01  2.1857E+00  5.0000E+02  3.9815E-02  1.0866E+00  4.2897E-02 -1.4073E-01
  6.5759E-01  2.1937E+00  5.0000E+02  3.9815E-02  1.0866E+00  4.2897E-02 -1.4073E-01
  6.5998E-01  2.2017E+00  5.0000E+02  3.9815E-02  1.0866E+00  4.2897E-02 -1.4073E-01
  6.6238E-01  2.2097E+00  5.0000E+02  3.9815E-02  1.0866E+00  4.2897E-02 -1.4073E-01
  6.6478E-01  2.2177E+00  5.0000E+02  3.9815E-02  1.0866E+00  4.2897E-02 -1.4073E-01
  6.6718E-01  2.2257E+00  5.0000E+02  3.9815E-02  1.0866E+00  4.2897E-02 -1.4073E-01
  6.6958E-01  2.2337E+00  5.0000E+02  3.9815E-02  1.0866E+00  4.2897E-02 -1.4073E-01
  6.7198E-01  2.2417E+00  5.0000E+02  3.9815E-02  1.0866E+00  4.2897E-02 -1.4073E-01
  6.7437E-01  2.2497E+00  5.0000E+02  3.9815E-02  1.0866E+00  4.2897E-02 -1.4073E-01
  6.7677E-01  2.2577E+00  5.0000E+02  3.9815E-02  1.0866E+00  4.2897E-02 -1.4073E-01
  6.7917E-01  2.2657E+00  5.0000E+02  3.9815E-02  1.0866E+00  4.2897E-02 -1.4073E-01
  6.8157E-01  2.2737E+00  5.0000E+02  3.9815E-02  1.0866E+00  4.2897E-02 -1.4073E-01
  6.8397E-01  2.2817E+00  5.0000E+02  3.9815E-02  1.0866E+00  4.2897E-02 -1.4073E-01
  6.8637E-01  2.2897E+00  5.0000E+02  3.9815E-02  1.0866E+00  4.2897E-02 -1.4073E-01
  6.8876E-01  2.2977E+00  5.0000E+02  3.9815E-02  1.0866E+00  4.2897E-02 -1.4073E-01
  6.9116E-01  2.3057E+00  5.0000E+02  3.9815E-02  1.0866E+00  4.2897E-02 -1.4073E-01
  6.9356E-01  2.3137E+00  5.0000E+02  3.9815E-02  1.0866E+00  4.2897E-02 -1.4073E-01
  6.9596E-01  2.3217E+00  5.0000E+02  3.9815E-02  1.0866E+00  4.2897E-02 -1.4073E-01
  6.9836E-01  2.3297E+00  5.0000E+02  3.9815E-02  1.0866E+00  4.2897E-02 -1.4073E-01
  7.0076E-01  2.3377E+00  5.0000E+02  3.9815E-02  1.0866E+00  4.2897E-02 -1.4073E-01
  7.0315E-01  2.3457E+00  5.0000E+02  3.9815E-02  1.0866E+00  4.2897E-02 -1.4073E-01
  7.0555E-01  2.3537E+00  5.0000E+02  3.9815E-02  1.0866E+00  4.2897E-02 -1.4073E-01
  7.0795E-01  2.3617E+00  5.0000E+02  3.9815E-02  1.0866E+00  4.2897E-02 -1.4073E-01
  7.1035E-01  2.3697E+00  5.0000E+02  3.9815E-02  1.0866E+00  4.2897E-02 -1.4073E-01
  7.1275E-01  2.3777E+00  5.0000E+02  3.9815E-02  1.0866E+00  4.2897E-02 -1.4073E-01
  7.1515E-01  2.3857E+00  5.0000E+02  3.9815E-02  1.0866E+00  4.2897E-02 -1.4073E-01
  7.1754E-01  2.3937E+00  5.0000E+02  3.9815E-02  1.0866E+00  4.2897E-02 -1.4073E-01
  7.1994E-01  2.4017E+00  5.0000E+02  3.9815E-02  1.0866E+00  4.2897E-02 -1.4073E-01
  7.2234E-01  2.4097E+00  5.0000E+02  3.9815E-02  1.0866E+00  4.2897E-02 -1.4073E-01
  7.2474E-01  2.4177E+00  5.0000E+02  3.9815E-02  1.0866E+00  4.2897E-02 -1.4073E-01
  7.2714E-01  2.4257E+00  5.0000E+02  3.9815E-02  1.0866E+00  4.2897E-02 -1.4073E-01
  7.2954E-01  2.4337E+00  5.0000E+02  3.9815E-02  1.0866E+00  4.2897E-02 -1.4073E-01
  7.3193E-01  2.4417E+00  5.0000E+02  3.9815E-02  1.0866E+00  4.2897E-02 -1.4073E-01
  7.3433E-01  2.4497E+00  5.0000E+02  3.9815E-02  1.0866E+00  4.2897E-02 -1.4073E-01
  7.3673E-01  2.4577E+00  5.0000E+02  3.9815E-02  1.0866E+00  4.2897E-02 -1.4073E-01
  7.3913E-01  2.4657E+00  5.0000E+02  3.9815E-02  1.0866E+00  4.2897E-02 -1.4073E-01
  7.4153E-01  2.4737E+00  5.0000E+02  3.9815E-02  1.0866E+00  4.2897E-02 -1.4073E-01
  7.4393E-01  2.4817E+00  5.0000E+02  3.9815E-02  1.0866E+00  4.2897E-02 -1.4073E-01
  7.4632E-01  2.4897E+00  5.0000E+02  3.9815E-02  1.0866E+00  4.2897E-02 -1.4073E-01
  7.4872E-01  2.4977E+00  5.0000E+02  3.9815E-02  1.0866E+00  4.2897E-02 -1.4073E-01
  7.5112E-01  2.5057E+00  5.0000E+02  3.9815E-02  1.0866E+00  4.2897E-02 -1.4073E-01
  7.5352E-01  2.5137E+00  5.0000E+02  3.9815E-02  1.0866E+00  4.2897E-02 -1.4073E-01
  7.5592E-01  2.5217E+00  5.0000E+02  3.9815E-02  1.0866E+00  4.2897E-02 -1.4073E-01
  7.5832E-01  2.5297E+00  5.0000E+02  3.9815E-02  1.0866E+00  4.2897E-02 -1.4073E-01
  7.6071E-01  2.5377E+00  5.0000E+02  3.9815E-02  1.0866E+00  4.2897E-02 -1.4073E-01
  7.6311E-01  2.5457E+00  5.0000E+02  3.9815E-02  1.0866E+00  4.2897E-02 -1.4073E-01
  7.6551E-01  2.5537E+00  5.0000E+02  3.9815E-02  1.0866E+00  4.2897E-02 -1.4073E-01
  7.6791E-01  2.5617E+00  5.0000E+02  3.9815E-02  1.0866E+00  4.2897E-02 -1.4073E-01
  7.7031E-01  2.5697E+00  5.0000E+02  3.9815E-02  1.0866E+00  4.2897E-02 -1.4073E-01
  7.7271E-01  2.5777E+00  5.0000E+02  3.9815E-02  1.0866E+00  4.2897E-02 -1.4073E-01
  7.7510E-01  2.5857E+00  5.0000E+02  3.9815E-02  1.0866E+00  4.2897E-02 -1.4073E-01
  7.7750E-01  2.5937E+00  5.0000E+02  3.9815E-02  1.0866E+00  4.2897E-02 -1.4073E-01
  7.7990E-01  2.6017E+00  5.0000E+02  3.9815E-02  1.0866E+00  4.2897E-02 -1.4073E-01
  7.8240E-01  2.6100E+00  5.0000E+02  3.9815E-02  1.0866E+00  4.2897E-02 -1.4073E-01
  7.8480E-01  2.6180E+00  5.0000E+02  3.9815E-02  1.0866E+00  4.2897E-02 -1.4073E-01
  7.8720E-01  2.6260E+00  5.0000E+02  3.9815E-02  1.0866E+00  4.2897E-02 -1.4073E-01
  7.8960E-01  2.6340E+00  5.0000E+02  3.9815E-02  1.0866E+00  4.2897E-02 -1.4073E-01
  7.9199E-01  2.6420E+00  5.0000E+02  3.9815E-02  1.0866E+00  4.2897E-02 -1.4073E-01
  7.9439E-01  2.6500E+00  5.0000E+02  3.9815E-02  1.0866E+00  4.2897E-02 -1.4073E-01
  7.9679E-01  2.6580E+00  5.0000E+02  3.9815E-02  1.0866E+00  4.2897E-02 -1.4073E-01
  7.9919E-01  2.6660E+00  5.0000E+02  3.9815E-02  1.0866E+00  4.2897E-02 -1.4073E-01
  8.0159E-01  2.6740E+00  5.0000E+02  3.9815E-02  1.0866E+00  4.2897E-02 -1.4073E-01
  8.0399E-01  2.6820E+00  5.0000E+02  3.9815E-02  1.0866E+00  4.2897E-02 -1.4073E-01
  8.0638E-01  2.6900E+00  5.0000E+02  3.9815E-02  1.0866E+00  4.2897E-02 -1.4073E-01
  8.0878E-01  2.6980E+00  5.0000E+02  3.9815E-02  1.0866E+00  4.2897E-02 -1.4073E-01
  8.1118E-01  2.7060E+00  5.0000E+02  3.9815E-02  1.0866E+00  4.2897E-02 -1.4073E-01
  8.1358E-01  2.7140E+00  5.0000E+02  3.9815E-02  1.0866E+00  4.2897E-02 -1.4073E-01
  8.1598E-01  2.7220E+00  5.0000E+02  3.9815E-02  1.0866E+00  4.2897E-02 -1.4073E-01
  8.1838E-01  2.7300E+00  5.0000E+02  3.9815E-02  1.0866E+00  4.2897E-02 -1.4073E-01
  8.2077E-01  2.7380E+00  5.0000E+02  3.9815E-02  1.0866E+00  4.2897E-02 -1.4073E-01
  8.2317E-01  2.7460E+00  5.0000E+02  3.9815E-02  1.0866E+00  4.2897E-02 -1.4073E-01
  8.2557E-01  2.7540E+00  5.0000E+02  3.9815E-02  1.0866E+00  4.2897E-02 -1.4073E-01
  8.2797E-01  2.7620E+00  5.0000E+02  3.9815E-02  1.0866E+00  4.2897E-02 -1.4073E-01
  8.3037E-01  2.7700E+00  5.0000E+02  3.9815E-02  1.0866E+00  4.2897E-02 -1.4073E-01
  8.3277E-01  2.7780E+00  5.0000E+02  3.9815E-02  1.0866E+00  4.2897E-02 -1.4073E-01
  8.3516E-01  2.7860E+00  5.0000E+02  3.9815E-02  1.0866E+00  4.2897E-02 -1.4073E-01
  8.3756E-01  2.7940E+00  5.0000E+02  3.9815E-02  1.0866E+00  4.2897E-02 -1.4073E-01
  8.3996E-01  2.8020E+00  5.0000E+02  3.9815E-02  1.0866E+00  4.2897E-02 -1.4073E-01
  8.4236E-01  2.8100E+00  5.0000E+02  3.9815E-02  1.0866E+00  4.2897E-02 -1.4073E-01
  8.4476E-01  2.8180E+00  5.0000E+02  3.9815E-02  1.0866E+00  4.2897E-02 -1.4073E-01
  8.4716E-01  2.8260E+00  5.0000E+02  3.9815E-02  1.0866E+00  4.2897E-02 -1.4073E-01
  8.4955E-01  2.8340E+00  5.0000E+02  3.9815E-02  1.0866E+00  4.2897E-02 -1.4073E-01
  8.5195E-01  2.8420E+00  5.0000E+02  3.9815E-02  1.0866E+00  4.2897E-02 -1.4073E-01
  8.5435E-01  2.8500E+00  5.0000E+02  3.9815E-02  1.0866E+00  4.2897E-02 -1.4073E-01
  8.5675E-01  2.8580E+00  5.0000E+02  3.9815E-02  1.0866E+00  4.2897E-02 -1.4073E-01
  8.5915E-01  2.8660E+00  5.0000E+02  3.9815E-02  1.0866E+00  4.2897E-02 -1.4073E-01
  8.6155E-01  2.8740E+00  5.0000E+02  3.9815E-02  1.0866E+00  4.2897E-02 -1.4073E-01
  8.6394E-01  2.8820E+00  5.0000E+02  3.9815E-02  1.0866E+00  4.2897E-02 -1.4073E-01
  8.6634E-01  2.8900E+00  5.0000E+02  3.9815E-02  1.0866E+00  4.2897E-02 -1.4073E-01
  8.6874E-01  2.8980E+00  5.0000E+02  3.9815E-02  1.0866E+00  4.2897E-02 -1.4073E-01
  8.7114E-01  2.9060E+00  5.0000E+02  3.9815E-02  1.0866E+00  4.2897E-02 -1.4073E-01
  8.7354E-01  2.9140E+00  5.0000E+02  3.9815E-02  1.0866E+00  4.2897E-02 -1.4073E-01
  8.7594E-01  2.9220E+00  5.0000E+02  3.9815E-02  1.0866E+00  4.2897E-02 -1.4073E-01
  8.7833E-01  2.9300E+00  5.0000E+02  3.9815E-02  1.0866E+00  4.2897E-02 -1.4073E-01
  8.8073E-01  2.9380E+00  5.0000E+02  3.9815E-02  1.0866E+00  4.2897E-02 -1.4073E-01
  8.8313E-01  2.9460E+00  5.0000E+02  3.9815E-02  1.0866E+00  4.2897E-02 -1.4073E-01
  8.8553E-01  2.9540E+00  5.0000E+02  3.9815E-02  1.0866E+00  4.2897E-02 -1.4073E-01
  8.8793E-01  2.9620E+00  5.0000E+02  3.9815E-02  1.0866E+00  4.2897E-02 -1.4073E-01
  8.9033E-01  2.9700E+00  5.0000E+02  3.9815E-02  1.0866E+00  4.2897E-02 -1.4073E-01
  8.9272E-01  2.9780E+00  5.0000E+02  3.9815E-02  1.0866E+00  4.2897E-02 -1.4073E-01
  8.9512E-01  2.9860E+00  5.0000E+02  3.9815E-02  1.0866E+00  4.2897E-02 -1.4073E-01
  8.9752E-01  2.9940E+00  5.0000E+02  3.9815E-02  1.0866E+00  4.2897E-02 -1.4073E-01
  8.9992E-01  3.0020E+00  5.0000E+02  3.9815E-02  1.0866E+00  4.2897E-02 -1.4073E-01
  9.0232E-01  3.0100E+00  5.0000E+02  3.9815E-02  1.0866E+00  4.2897E-02 -1.4073E-01
  9.0472E-01  3.0180E+00  5.0000E+02  3.9815E-02  1.0866E+00  4.2897E-02 -1.4073E-01
  9.0711E-01  3.0260E+00  5.0000E+02  3.9815E-02  1.0866E+00  4.2897E-02 -1.4073E-01
  9.0951E-01  3.0340E+00  5.0000E+02  3.9815E-02  1.0866E+00  4.2897E-02 -1.4073E-01
  9.1191E-01  3.0420E+00  5.0000E+02  3.9815E-02  1.0866E+00  4.2897E-02 -1.4073E-01
  9.1431E-01  3.0500E+00  5.0000E+02  3.9815E-02  1.0866E+00  4.2897E-02 -1.4073E-01
  9.1671E-01  3.0580E+00  5.0000E+02  3.9815E-02  1.0866E+00  4.2897E-02 -1.4073E-01
  9.1911E-01  3.0660E+00  5.0000E+02  3.9815E-02  1.0866E+00  4.2897E-02 -1.4073E-01
  9.2150E-01  3.0740E+00  5.0000E+02  3.9815E-02  1.0866E+00  4.2897E-02 -1.4073E-01
  9.2390E-01  3.0820E+00  5.0000E+02  3.9815E-02  1.0866E+00  4.2897E-02 -1.4073E-01
  9.2630E-01  3.0900E+00  5.0000E+02  3.9815E-02  1.0866E+00  4.2897E-02 -1.4073E-01
  9.2880E-01  3.0984E+00  5.0000E+02  3.9815E-02  1.0866E+00  4.2897E-02 -1.4073E-01
  9.3120E-01  3.1064E+00  5.0000E+02  3.9815E-02  1.0866E+00  4.2897E-02 -1.4073E-01
  9.3360E-01  3.1144E+00  5.0000E+02  3.9815E-02  1.0866E+00  4.2897E-02 -1.4073E-01
  9.3600E-01  3.1224E+00  5.0000E+02  3.9815E-02  1.0866E+00  4.2897E-02 -1.4073E-01
  9.3839E-01  3.1304E+00  5.0000E+02  3.9815E-02  1.0866E+00  4.2897E-02 -1.4073E-01
  9.4079E-01  3.1384E+00  5.0000E+02  3.9815E-02  1.0866E+00  4.2897E-02 -1.4073E-01
  9.4319E-01  3.1464E+00  5.0000E+02  3.9815E-02  1.0866E+00  4.2897E-02 -1.4073E-01
  9.4559E-01  3.1544E+00  5.0000E+02  3.9815E-02  1.0866E+00  4.2897E-02 -1.4073E-01
  9.4799E-01  3.1624E+00  5.0000E+02  3.9815E-02  1.0866E+00  4.2897E-02 -1.4073E-01
  9.5039E-01  3.1704E+00  5.0000E+02  3.9815E-02  1.0866E+00  4.2897E-02 -1.4073E-01
  9.5278E-01  3.1784E+00  5.0000E+02  3.9815E-02  1.0866E+00  4.2897E-02 -1.4073E-01
  9.5518E-01  3.1864E+00  5.0000E+02  3.9815E-02  1.0866E+00  4.2897E-02 -1.4073E-01
  9.5758E-01  3.1944E+00  5.0000E+02  3.9815E-02  1.0866E+00  4.2897E-02 -1.4073E-01
  9.5998E-01  3.2024E+00  5.0000E+02  3.9815E-02  1.0866E+00  4.2897E-02 -1.4073E-01
  9.6238E-01  3.2104E+00  5.0000E+02  3.9815E-02  1.0866E+00  4.2897E-02 -1.4073E-01
  9.6478E-01  3.2184E+00  5.0000E+02  3.9815E-02  1.0866E+00  4.2897E-02 -1.4073E-01
  9.6717E-01  3.2264E+00  5.0000E+02  3.9815E-02  1.0866E+00  4.2897E-02 -1.4073E-01
  9.6957E-01  3.2344E+00  5.0000E+02  3.9815E-02  1.0866E+00  4.2897E-02 -1.4073E-01
  9.7197E-01  3.2424E+00  5.0000E+02  3.9815E-02  1.0866E+00  4.2897E-02 -1.4073E-01
  9.7437E-01  3.2504E+00  5.0000E+02  3.9815E-02  1.0866E+00  4.2897E-02 -1.4073E-01
  9.7677E-01  3.2584E+00  5.0000E+02  3.9815E-02  1.0866E+00  4.2897E-02 -1.4073E-01
  9.7917E-01  3.2664E+00  5.0000E+02  3.9815E-02  1.0866E+00  4.2897E-02 -1.4073E-01
  9.8156E-01  3.2744E+00  5.0000E+02  3.9815E-02  1.0866E+00  4.2897E-02 -1.4073E-01
  9.8396E-01  3.2824E+00  5.0000E+02  3.9815E-02  1.0866E+00  4.2897E-02 -1.4073E-01
  9.8636E-01  3.2904E+00  5.0000E+02  3.9815E-02  1.0866E+00  4.2897E-02 -1.4073E-01
  9.8876E-01  3.2984E+00  5.0000E+02  3.9815E-02  1.0866E+00  4.2897E-02 -1.4073E-01
  9.9116E-01  3.3064E+00  5.0000E+02  3.9815E-02  1.0866E+00  4.2897E-02 -1.4073E-01
  9.9356E-01  3.3144E+00  5.0000E+02  3.9815E-02  1.0866E+00  4.2897E-02 -1.4073E-01
  9.9595E-01  3.3224E+00  5.0000E+02  3.9815E-02  1.0866E+00  4.2897E-02 -1.4073E-01
  9.9835E-01  3.3304E+00  5.0000E+02  3.9815E-02  1.0866E+00  4.2897E-02 -1.4073E-01
  1.0008E+00  3.3384E+00  5.0000E+02  3.9815E-02  1.0866E+00  4.2897E-02 -1.4073E-01
  1.0031E+00  3.3464E+00  5.0000E+02  3.9815E-02  1.0866E+00  4.2897E-02 -1.4073E-01
  1.0055E+00  3.3544E+00  5.0000E+02  3.9815E-02  1.0866E+00  4.2897E-02 -1.4073E-01
  1.0079E+00  3.3624E+00  5.0000E+02  3.9815E-02  1.0866E+00  4.2897E-02 -1.4073E-01
  1.0103E+00  3.3704E+00  5.0000E+02  3.9815E-02  1.0866E+00  4.2897E-02 -1.4073E-01
  1.0127E+00  3.3784E+00  5.0000E+02  3.9815E-02  1.0866E+00  4.2897E-02 -1.4073E-01
  1.0151E+00  3.3864E+00  5.0000E+02  3.9815E-02  1.0866E+00  4.2897E-02 -1.4073E-01
  1.0175E+00  3.3944E+00  5.0000E+02  3.9815E-02  1.0866E+00  4.2897E-02 -1.4073E-01
  1.0199E+00  3.4024E+00  5.0000E+02  3.9815E-02  1.0866E+00  4.2897E-02 -1.4073E-01
  1.0223E+00  3.4104E+00  5.0000E+02  3.9815E-02  1.0866E+00  4.2897E-02 -1.4073E-01
  1.0247E+00  3.4184E+00  5.0000E+02  3.9815E-02  1.0866E+00  4.2897E-02 -1.4073E-01
  1.0271E+00  3.4264E+00  5.0000E+02  3.9815E-02  1.0866E+00  4.2897E-02 -1.4073E-01
  1.0295E+00  3.4344E+00  5.0000E+02  3.9815E-02  1.0866E+00  4.2897E-02 -1.4073E-01
  1.0319E+00  3.4424E+00  5.0000E+02  3.9815E-02  1.0866E+00  4.2897E-02 -1.4073E-01
  1.0343E+00  3.4504E+00  5.0000E+02  3.9815E-02  1.0866E+00  4.2897E-02 -1.4073E-01
  1.0367E+00  3.4584E+00  5.0000E+02  3.9815E-02  1.0866E+00  4.2897E-02 -1.4073E-01
  1.0391E+00  3.4664E+00  5.0000E+02  3.9815E-02  1.0866E+00  4.2897E-02 -1.4073E-01
  1.0415E+00  3.4744E+00  5.0000E+02  3.9815E-02  1.0866E+00  4.2897E-02 -1.4073E-01
  1.0439E+00  3.4824E+00  5.0000E+02  3.9815E-02  1.0866E+00  4.2897E-02 -1.4073E-01
  1.0463E+00  3.4904E+00  5.0000E+02  3.9815E-02  1.0866E+00  4.2897E-02 -1.4073E-01
  1.0487E+00  3.4984E+00  5.0000E+02  3.9815E-02  1.0866E+00  4.2897E-02 -1.4073E-01
  1.0511E+00  3.5064E+00  5.0000E+02  3.9815E-02  1.0866E+00  4.2897E-02 -1.4073E-01
  1.0535E+00  3.5144E+00  5.0000E+02  3.9815E-02  1.0866E+00  4.2897E-02 -1.4073E-01
  1.0559E+00  3.5224E+00  5.0000E+02  3.9815E-02  1.0866E+00  4.2897E-02 -1.4073E-01
  1.0583E+00  3.5304E+00  5.0000E+02  3.9815E-02  1.0866E+00  4.2897E-02 -1.4073E-01
  1.0607E+00  3.5384E+00  5.0000E+02  3.9815E-02  1.0866E+00  4.2897E-02 -1.4073E-01
  1.0631E+00  3.5464E+00  5.0000E+02  3.9815E-02  1.0866E+00  4.2897E-02 -1.4073E-01
  1.0655E+00  3.5544E+00  5.0000E+02  3.9815E-02  1.0866E+00  4.2897E-02 -1.4073E-01
  1.0679E+00  3.5624E+00  5.0000E+02  3.9815E-02  1.0866E+00  4.2897E-02 -1.4073E-01
  1.0703E+00  3.5704E+00  5.0000E+02  3.9815E-02  1.0866E+00  4.2897E-02 -1.4073E-01
  1.0727E+00  3.5784E+00  5.0000E+02  3.9815E-02  1.0866E+00  4.2897E-02 -1.4073E-01
  1.0752E+00  3.5867E+00  5.0000E+02  3.9815E-02  1.0866E+00  4.2897E-02 -1.4073E-01
  1.0776E+00  3.5947E+00  5.0000E+02  3.9815E-02  1.0866E+00  4.2897E-02 -1.4073E-01
  1.0800E+00  3.6027E+00  5.0000E+02  3.9815E-02  1.0866E+00  4.2897E-02 -1.4073E-01
  1.0824E+00  3.6107E+00  5.0000E+02  3.9815E-02  1.0866E+00  4.2897E-02 -1.4073E-01
  1.0848E+00  3.6187E+00  5.0000E+02  3.9815E-02  1.0866E+00  4.2897E-02 -1.4073E-01
  1.0872E+00  3.6267E+00  5.0000E+02  3.9815E-02  1.0866E+00  4.2897E-02 -1.4073E-01
  1.0896E+00  3.6347E+00  5.0000E+02  3.9815E-02  1.0866E+00  4.2897E-02 -1.4073E-01
  1.0920E+00  3.6427E+00  5.0000E+02  3.9815E-02  1.0866E+00  4.2897E-02 -1.4073E-01
  1.0944E+00  3.6507E+00  5.0000E+02  3.9815E-02  1.0866E+00  4.2897E-02 -1.4073E-01
  1.0968E+00  3.6587E+00  5.0000E+02  3.9815E-02  1.0866E+00  4.2897E-02 -1.4073E-01
  1.0992E+00  3.6667E+00  5.0000E+02  3.9815E-02  1.0866E+00  4.2897E-02 -1.4073E-01
  1.1016E+00  3.6747E+00  5.0000E+02  3.9815E-02  1.0866E+00  4.2897E-02 -1.4073E-01
  1.1040E+00  3.6827E+00  5.0000E+02  3.9815E-02  1.0866E+00  4.2897E-02 -1.4073E-01
  1.1064E+00  3.6907E+00  5.0000E+02  3.9815E-02  1.0866E+00  4.2897E-02 -1.4073E-01
  1.1088E+00  3.6987E+00  5.0000E+02  3.9815E-02  1.0866E+00  4.2897E-02 -1.4073E-01
  1.1112E+00  3.7067E+00  5.0000E+02  3.9815E-02  1.0866E+00  4.2897E-02 -1.4073E-01
  1.1136E+00  3.7147E+00  5.0000E+02  3.9815E-02  1.0866E+00  4.2897E-02 -1.4073E-01
  1.1160E+00  3.7227E+00  5.0000E+02  3.9815E-02  1.0866E+00  4.2897E-02 -1.4073E-01
  1.1184E+00  3.7307E+00  5.0000E+02  3.9815E-02  1.0866E+00  4.2897E-02 -1.4073E-01
  1.1208E+00  3.7387E+00  5.0000E+02  3.9815E-02  1.0866E+00  4.2897E-02 -1.4073E-01
  1.1232E+00  3.7467E+00  5.0000E+02  3.9815E-02  1.0866E+00  4.2897E-02 -1.4073E-01
  1.1256E+00  3.7547E+00  5.0000E+02  3.9815E-02  1.0866E+00  4.2897E-02 -1.4073E-01
  1.1280E+00  3.7627E+00  5.0000E+02  3.9815E-02  1.0866E+00  4.2897E-02 -1.4073E-01
  1.1304E+00  3.7707E+00  5.0000E+02  3.9815E-02  1.0866E+00  4.2897E-02 -1.4073E-01
  1.1328E+00  3.7787E+00  5.0000E+02  3.9815E-02  1.0866E+00  4.2897E-02 -1.4073E-01
  1.1352E+00  3.7867E+00  5.0000E+02  3.9815E-02  1.0866E+00  4.2897E-02 -1.4073E-01
  1.1376E+00  3.7947E+00  5.0000E+02  3.9815E-02  1.0866E+00  4.2897E-02 -1.4073E-01
  1.1400E+00  3.8027E+00  5.0000E+02  3.9815E-02  1.0866E+00  4.2897E-02 -1.4073E-01
  1.1424E+00  3.8107E+00  5.0000E+02  3.9815E-02  1.0866E+00  4.2897E-02 -1.4073E-01
  1.1448E+00  3.8187E+00  5.0000E+02  3.9815E-02  1.0866E+00  4.2897E-02 -1.4073E-01
  1.1472E+00  3.8267E+00  5.0000E+02  3.9815E-02  1.0866E+00  4.2897E-02 -1.4073E-01
  1.1495E+00  3.8347E+00  5.0000E+02  3.9815E-02  1.0866E+00  4.2897E-02 -1.4073E-01
  1.1519E+00  3.8427E+00  5.0000E+02  3.9815E-02  1.0866E+00  4.2897E-02 -1.4073E-01
  1.1543E+00  3.8507E+00  5.0000E+02  3.9815E-02  1.0866E+00  4.2897E-02 -1.4073E-01
  1.1567E+00  3.8587E+00  5.0000E+02  3.9815E-02  1.0866E+00  4.2897E-02 -1.4073E-01
  1.1591E+00  3.8667E+00  5.0000E+02  3.9815E-02  1.0866E+00  4.2897E-02 -1.4073E-01
  1.1615E+00  3.8747E+00  5.0000E+02  3.9815E-02  1.0866E+00  4.2897E-02 -1.4073E-01
  1.1639E+00  3.8827E+00  5.0000E+02  3.9815E-02  1.0866E+00  4.2897E-02 -1.4073E-01
  1.1663E+00  3.8907E+00  5.0000E+02  3.9815E-02  1.0866E+00  4.2897E-02 -1.4073E-01
  1.1687E+00  3.8987E+00  5.0000E+02  3.9815E-02  1.0866E+00  4.2897E-02 -1.4073E-01
  1.1711E+00  3.9067E+00  5.0000E+02  3.9815E-02  1.0866E+00  4.2897E-02 -1.4073E-01
  1.1735E+00  3.9147E+00  5.0000E+02  3.9815E-02  1.0866E+00  4.2897E-02 -1.4073E-01
  1.1759E+00  3.9227E+00  5.0000E+02  3.9815E-02  1.0866E+00  4.2897E-02 -1.4073E-01
  1.1783E+00  3.9307E+00  5.0000E+02  3.9815E-02  1.0866E+00  4.2897E-02 -1.4073E-01
  1.1807E+00  3.9387E+00  5.0000E+02  3.9815E-02  1.0866E+00  4.2897E-02 -1.4073E-01
  1.1831E+00  3.9467E+00  5.0000E+02  3.9815E-02  1.0866E+00  4.2897E-02 -1.4073E-01
  1.1855E+00  3.9547E+00  5.0000E+02  3.9815E-02  1.0866E+00  4.2897E-02 -1.4073E-01
  1.1879E+00  3.9627E+00  5.0000E+02  3.9815E-02  1.0866E+00  4.2897E-02 -1.4073E-01
  1.1903E+00  3.9707E+00  5.0000E+02  3.9815E-02  1.0866E+00  4.2897E-02 -1.4073E-01
  1.1927E+00  3.9787E+00  5.0000E+02  3.9815E-02  1.0866E+00  4.2897E-02 -1.4073E-01
  1.1951E+00  3.9867E+00  5.0000E+02  3.9815E-02  1.0866E+00  4.2897E-02 -1.4073E-01
  1.2000E+00  4.0030E+00  5.0000E+02  3.9815E-02  1.0866E+00  4.2897E-02 -1.4073E-01
