0.04 0.129548 0.113246 5.0E+8
0.05 0.124077 0.111858 5.0E+8
0.06 0.119077 0.11027 5.0E+8
0.07 0.114506 0.108492 5.0E+8
0.08 0.110325 0.106531 5.0E+8
0.09 0.106501 0.104395 5.0E+8
0.1 0.103008 0.102091 5.0E+8
0.01 0.169963 0.136421 5.5E+8
0.02 0.162528 0.135713 5.5E+8
0.03 0.155707 0.134797 5.5E+8
0.04 0.149439 0.133679 5.5E+8
0.05 0.143672 0.132364 5.5E+8
0.06 0.138361 0.130858 5.5E+8
0.07 0.133467 0.129167 5.5E+8
0.08 0.128954 0.127298 5.5E+8
0.09 0.124794 0.125257 5.5E+8
0.1 0.120958 0.123053 5.5E+8
0.01 0.190649 0.15674 6.0E+8
0.02 0.183033 0.15607 6.0E+8
0.03 0.175998 0.155204 6.0E+8
0.04 0.16949 0.154145 6.0E+8
0.05 0.163464 0.152898 6.0E+8
0.06 0.157878 0.151468 6.0E+8
0.07 0.152696 0.149859 6.0E+8
0.08 0.147887 0.148078 6.0E+8
0.09 0.143423 0.146129 6.0E+8
0.1 0.139279 0.144021 6.0E+8
0.01 0.211384 0.177095 6.5E+8
0.02 0.203611 0.176462 6.5E+8
0.03 0.196389 0.175641 6.5E+8
0.04 0.18967 0.174636 6.5E+8
0.05 0.183413 0.173452 6.5E+8
0.06 0.177582 0.172091 6.5E+8
0.07 0.172143 0.170559 6.5E+8
0.08 0.167068 0.16886 6.5E+8
0.09 0.16233 0.167 6.5E+8
0.1 0.157907 0.164982 6.5E+8
0.01 0.232158 0.197481 7.0E+8
0.02 0.224247 0.19688 7.0E+8
0.03 0.21686 0.1961 7.0E+8
0.04 0.209954 0.195145 7.0E+8
0.05 0.203492 0.194018 7.0E+8
0.06 0.197441 0.192723 7.0E+8
0.07 0.191771 0.191262 7.0E+8
0.08 0.186455 0.18964 7.0E+8
0.09 0.181469 0.187861 7.0E+8
0.1 0.176791 0.18593 7.0E+8
0.01 0.252964 0.217891 7.5E+8
0.02 0.244931 0.217319 7.5E+8
0.03 0.237397 0.216577 7.5E+8
0.04 0.230324 0.215668 7.5E+8
0.05 0.223679 0.214594 7.5E+8
0.06 0.21743 0.213358 7.5E+8
