0.07 0.043179731857627225 0.02653672483718868 3.0E+8
0.08 0.04044269091760572 0.024321385159691813 3.0E+8
0.09 0.03852394287427848 0.021982563380254363 3.0E+8
0.1 0.03662397122515668 0.019585788351636695 3.0E+8
0.01 0.08787592936146638 0.056449173285551546 3.5E+8
0.02 0.0822270921381302 0.054603858723622535 3.5E+8
0.03 0.07606990402294919 0.053720710396054104 3.5E+8
0.04 0.07138658864582516 0.052287386963059554 3.5E+8
0.05 0.06736426667526493 0.05114030729851611 3.5E+8
0.06 0.06338226742893092 0.04865123145070672 3.5E+8
0.07 0.06069323728954323 0.045837272959505425 3.5E+8
0.08 0.05676601590477593 0.044881986871454636 3.5E+8
0.09 0.054453010175143826 0.042166636869390574 3.5E+8
0.1 0.05258964345993875 0.03948049032114809 3.5E+8
0.01 0.10831203017500701 0.07523570182016408 4.0E+8
0.02 0.10163804272243376 0.07502096209310963 4.0E+8
