0.01 0.026920433873946197 0.0001752878699221636 200000000.0
0.01 0.04777233592207111 0.016418740118086486 250000000.0
0.01 0.06697627595067143 0.036328438292555616 300000000.0
0.01 0.08825665810717385 0.05559557074287281 350000000.0
0.01 0.10893557904945504 0.07580511480598834 400000000.0
0.01 0.12893556411018253 0.09586058573328408 450000000.0
0.01 0.14897440798994613 0.11558808765408496 500000000.0
0.01 0.1697712852890209 0.13655769258918332 550000000.0
0.01 0.19044163088667254 0.15669737575713916 600000000.0
0.02 0.022037585062768237 0.000291222322136541 200000000.0
0.02 0.04311724176900275 0.015326535890715084 250000000.0
0.02 0.06204221437662443 0.03480981025879366 300000000.0
0.02 0.0819423775940237 0.054958292758741374 350000000.0
0.02 0.10193203952307962 0.07492839835860625 400000000.0
0.02 0.1217485576757829 0.09490864067704702 450000000.0
0.02 0.15311553803124314 0.1112703675385547 500000000.0
0.02 0.16530059763414243 0.13379323927992365 550000000.0
0.02 0.18292205645217188 0.1555658997071928 600000000.0
0.03 0.01895834183352296 0.0003669244981641645 200000000.0
0.03 0.03855987719615611 0.013980228727564051 250000000.0
0.03 0.05706602590588363 0.033793175453666946 300000000.0
0.03 0.07641270633000917 0.05359045987210928 350000000.0
0.03 0.09576646221298482 0.07490092529829458 400000000.0
0.03 0.11563005024012969 0.09440620067692057 450000000.0
0.03 0.13550945862254052 0.11457358791761467 500000000.0
0.03 0.15574372509483814 0.1347411663028282 550000000.0
0.03 0.17593550998488086 0.15513589674609482 600000000.0
0.04 0.014059418735808505 0.00029625527527553223 200000000.0
0.04 0.03494997237219471 0.012414699774143261 250000000.0
0.04 0.05325782738325585 0.031030974013823834 300000000.0
0.04 0.0709705087332962 0.052507103018999024 350000000.0
0.04 0.09130601529995776 0.07216039350821 400000000.0
0.04 0.1097889866506821 0.09317818332390472 450000000.0
0.04 0.13031194906632565 0.11287858440069024 500000000.0
0.04 0.14941157185983003 0.13383958332356072 550000000.0
0.04 0.1694526155626531 0.15441453446343828 600000000.0
0.05 0.011366201934335724 0.0002337148851128447 200000000.0
0.05 0.03173954797184669 0.010877784721613997 250000000.0
0.05 0.04923911476155971 0.03046305415383102 300000000.0
0.05 0.06707866092311943 0.050851174676993176 350000000.0
0.05 0.0861279366982587 0.07102460034231417 400000000.0
0.05 0.10472650688897404 0.09180030813576157 450000000.0
0.05 0.12395484371915878 0.11147196834728283 500000000.0
0.05 0.1438104426063542 0.13267304045479394 550000000.0
0.05 0.163277976414921 0.15345058609516748 600000000.0
0.06 0.00917615182358946 0.0003791585117483985 200000000.0
0.06 0.02932778371323799 0.00889995612476054 250000000.0
0.06 0.04587700592889995 0.02885390714068945 300000000.0
0.06 0.06321785085630476 0.049038853227675955 350000000.0
0.06 0.08136046226668067 0.06932323029542066 400000000.0
0.06 0.10263862919995764 0.08820607840874209 450000000.0
0.06 0.1198509308345279 0.10833391978166977 500000000.0
0.06 0.1386100283232619 0.1305747104784637 550000000.0
0.06 0.15727926170832288 0.1518339586159529 600000000.0
0.07 0.005185900280717384 0.0007869587959224713 200000000.0
0.07 0.027069284217850008 0.006762164463482129 250000000.0
0.07 0.04329719040181383 0.026600841222419055 300000000.0
0.07 0.059896872102316506 0.046977749633602434 350000000.0
0.07 0.07717472230833472 0.06794137337305564 400000000.0
0.07 0.0957118687427519 0.08735038376699585 450000000.0
0.07 0.11458338778185949 0.10897608357073879 500000000.0
0.07 0.1338584220882031 0.12927439255806242 550000000.0
0.07 0.1528949141187086 0.14965018678368983 600000000.0
0.08 0.004554986955820501 0.0005572706126379021 200000000.0
0.08 0.025380617672911436 0.004113047489703638 250000000.0
0.08 0.04027703709943342 0.02463266715879715 300000000.0
0.08 0.056900238321654355 0.04441897935426635 350000000.0
0.08 0.07528214630492384 0.06479600627109382 400000000.0
0.08 0.09171703610668333 0.08669938989373678 450000000.0
0.08 0.11045641167026644 0.10561670963170328 500000000.0
0.08 0.12910663028130326 0.12580487492677994 550000000.0
0.08 0.14688432842030805 0.14853241337087078 600000000.0
0.09 0.002548436043369831 0.00039253323564562067 200000000.0
0.09 0.024002201461928187 0.0018704508548000988 250000000.0
0.09 0.0384374241447607 0.022291241421887775 300000000.0
0.09 0.054751871456449684 0.04174958738019893 350000000.0
0.09 0.07153426751024537 0.06220849008296898 400000000.0
0.09 0.0887196057916555 0.08062842761629216 450000000.0
0.09 0.10646799830725474 0.10459609479857437 500000000.0
0.09 0.12442315273736788 0.12567350932972463 550000000.0
0.09 0.14355139824580707 0.14557739819909968 600000000.0
