0.01 0.029201785697347925 -0.0029280385019908206 2.0E+8
0.01 0.048333090187915258 0.016327955085109575 2.5E+8
0.01 0.06803948259714973 0.03594743642911821 3.0E+8
0.01 0.08809128259526328 0.05580196641552515 3.5E+8
0.01 0.10836749007735347 0.07581584411105345 4.0E+8
0.01 0.1287979853027796 0.09594226434364517 4.5E+8
0.01 0.14933922030442416 0.11615093824862147 5.0E+8
0.01 0.1699626791371767 0.13642147188176158 5.5E+8
0.01 0.19064888887333779 0.15673966029890699 6.0E+8
0.02 0.024632822416326726 -0.003963335745003748 2.0E+8
0.02 0.04302783966272655 0.015318020103377003 2.5E+8
0.02 0.062168407071507867 0.03498626793768404 3.0E+8
0.02 0.08177375475616262 0.05489607692858923 3.5E+8
0.02 0.10168947918438555 0.07496477149654751 4.0E+8
0.02 0.1218231512167778 0.09514280614434444 4.5E+8
0.02 0.14211589515018348 0.11539898628522766 5.0E+8
0.02 0.16252836730374438 0.13571280821006558 5.5E+8
0.02 0.1830332496467206 0.15607029054974085 6.0E+8
0.03 0.02097991224603621 -0.005261720726501644 2.0E+8
0.03 0.03859974095488785 0.014039904110428126 2.5E+8
0.03 0.0571260876127875 0.03376172785867695 3.0E+8
0.03 0.07623562417170568 0.05373643741250342 3.5E+8
0.03 0.09574388365958772 0.07387152141510492 4.0E+8
0.03 0.11553728841464715 0.09411321553706417 4.5E+8
0.03 0.13554187238523314 0.11442868914776849 5.0E+8
0.03 0.1557073170996754 0.13479699009469957 5.5E+8
0.03 0.17599816592352025 0.15520422486294925 6.0E+8
0.04 0.018063110324810229 -0.006801025826404835 2.0E+8
0.04 0.03489727159478649 0.012512948313183647 2.5E+8
0.04 0.05278524839514388 0.032289257704654159 3.0E+8
0.04 0.07136927328843984 0.052335117830913439 3.5E+8
0.04 0.09043888113976573 0.07254553566891085 4.0E+8
0.04 0.1098613155984517 0.09286094293472368 4.5E+8
0.04 0.1295484341200417 0.1132459932894709 5.0E+8
0.04 0.1494393219630816 0.13367882079982533 5.5E+8
0.04 0.1694904901072887 0.15414538855303773 6.0E+8
0.05 0.01575368828894046 -0.008562714468521053 2.0E+8
0.05 0.031805699463126269 0.010755711288914007 2.5E+8
0.05 0.04904581471069834 0.030584620701342516 3.0E+8
0.05 0.06708769636899677 0.05070488950235408 3.5E+8
0.05 0.08569860576127453 0.07099703980924485 4.0E+8
0.05 0.10472873716737245 0.09139418845059348 4.5E+8
0.05 0.12407695346620276 0.11185752070313575 5.0E+8
0.05 0.14367238372220696 0.13236369663031628 5.5E+8
0.05 0.16346383740223353 0.15289822173871754 6.0E+8
0.06 0.013959191370689742 -0.010533477219991905 2.0E+8
0.06 0.029237198221340935 0.008784954069272579 2.5E+8
0.06 0.04582824973513978 0.02866324100497785 3.0E+8
0.06 0.0633198844489918 0.0488587959936605 3.5E+8
0.06 0.08145986606620853 0.06923676185192687 4.0E+8
0.06 0.10008325215897844 0.08972171433053 4.5E+8
0.06 0.11907711470721495 0.11027044129348412 5.0E+8
0.06 0.13836136215134163 0.130857518268854 5.5E+8
0.06 0.1578775435792232 0.1514676165002938 6.0E+8
0.07 0.012614514236301182 -0.012706879000360208 2.0E+8
0.07 0.027124308732866158 0.006614700956958388 2.5E+8
0.07 0.043068885389485288 0.026539577751653697 3.0E+8
0.07 0.060007455313663828 0.0468097316036087 3.5E+8
0.07 0.07766967042793296 0.06727564739184773 4.0E+8
0.07 0.09587690432533454 0.08785265042526026 4.5E+8
0.07 0.11450550652505889 0.10849233807647697 5.0E+8
0.07 0.13346688817429643 0.12916659579325347 5.5E+8
0.07 0.15269581318783446 0.14985884880189358 6.0E+8
0.08 0.011676971175157841 -0.015085382775044627 2.0E+8
0.08 0.025415606791905397 0.0042553445571509 2.5E+8
0.08 0.04071661597171437 0.024226543201357817 3.0E+8
0.08 0.05710216569481044 0.04457003935435955 3.5E+8
0.08 0.07428334293725932 0.0651245798603783 4.0E+8
0.08 0.09206863855456252 0.08579629842288449 4.5E+8
0.08 0.11032450175689833 0.10653106883932277 5.0E+8
0.08 0.1289544835181582 0.12729754968082386 5.5E+8
0.08 0.14788701941044644 0.1480775066589594 6.0E+8
0.09 0.01112457784477854 -0.01768335738458967 2.0E+8
0.09 0.02407292000534707 0.001712717257773076 2.5E+8
0.09 0.03873055323585544 0.02173495873964774 3.0E+8
0.09 0.05456406178159467 0.042151134363171787 3.5E+8
0.09 0.07126307779246584 0.06279411224213684 4.0E+8
0.09 0.0886231662182458 0.08356193958363312 4.5E+8
0.09 0.10650135948628205 0.10439462750722037 5.0E+8
0.09 0.12479384343520449 0.12525720996141116 5.5E+8
0.09 0.14342312556549975 0.14612941598543367 6.0E+8
