0.01 0.048333 0.016328 2.5E+8
0.02 0.043028 0.015318 2.5E+8
0.03 0.0386 0.01404 2.5E+8
0.04 0.034897 0.012513 2.5E+8
0.05 0.031806 0.010756 2.5E+8
0.06 0.029237 0.008785 2.5E+8
0.07 0.027124 0.006615 2.5E+8
0.08 0.025416 0.004255 2.5E+8
0.09 0.024073 0.001713 2.5E+8
0.1 0.02307 -0.001013 2.5E+8
0.01 0.068039 0.035947 3.0E+8
0.02 0.062168 0.034986 3.0E+8
0.03 0.057126 0.033762 3.0E+8
0.04 0.052785 0.032289 3.0E+8
0.05 0.049046 0.030585 3.0E+8
0.06 0.045828 0.028663 3.0E+8
0.07 0.043069 0.02654 3.0E+8
0.08 0.040717 0.024227 3.0E+8
0.09 0.038731 0.021735 3.0E+8
0.1 0.037078 0.019073 3.0E+8
0.01 0.088091 0.055802 3.5E+8
0.02 0.081774 0.054896 3.5E+8
0.03 0.076236 0.053736 3.5E+8
0.04 0.071369 0.052335 3.5E+8
0.05 0.067088 0.050705 3.5E+8
0.06 0.06332 0.048859 3.5E+8
0.07 0.060007 0.04681 3.5E+8
0.08 0.057102 0.04457 3.5E+8
0.09 0.054564 0.042151 3.5E+8
0.1 0.05236 0.039563 3.5E+8
0.01 0.108367 0.075816 4.0E+8
0.02 0.101689 0.074965 4.0E+8
0.03 0.095744 0.073872 4.0E+8
0.04 0.090439 0.072546 4.0E+8
0.05 0.085699 0.070997 4.0E+8
0.06 0.08146 0.069237 4.0E+8
0.07 0.07767 0.067276 4.0E+8
0.08 0.074283 0.065125 4.0E+8
0.09 0.071263 0.062794 4.0E+8
0.1 0.068577 0.060294 4.0E+8
0.01 0.128798 0.095942 4.5E+8
0.02 0.121823 0.095143 4.5E+8
0.03 0.115537 0.094113 4.5E+8
0.04 0.109861 0.092861 4.5E+8
0.05 0.104729 0.091394 4.5E+8
0.06 0.100083 0.089722 4.5E+8
0.07 0.095877 0.087853 4.5E+8
0.08 0.092069 0.085796 4.5E+8
0.09 0.088623 0.083562 4.5E+8
0.1 0.08551 0.081159 4.5E+8
0.01 0.149339 0.116151 5.0E+8
0.02 0.142116 0.115399 5.0E+8
0.03 0.135542 0.114429 5.0E+8
