  0.0000E+00  0.0000E+00  3.7145E-14  1.0000E-07  1.0990E+01  1.0763E-03  5.6479E-06
  4.0000E-03  1.3344E-02 -1.1223E-06  4.3960E-02  1.0990E+01  1.7111E-03  1.0990E+01
  8.0000E-03  2.6688E-02 -2.2445E-06  8.7921E-02  1.0990E+01  2.5230E-03  1.0990E+01
  1.2000E-02  4.0033E-02 -3.3668E-06  1.3188E-01  1.0990E+01  3.3868E-03  1.0990E+01
  1.6000E-02  5.3377E-02 -4.4890E-06  1.7584E-01  1.0990E+01  4.2686E-03  1.0990E+01
  2.0000E-02  6.6721E-02 -5.6113E-06  2.1980E-01  1.0990E+01  5.1556E-03  1.0990E+01
  2.4000E-02  8.0065E-02 -6.7335E-06  2.6376E-01  1.0990E+01  6.0508E-03  1.0990E+01
  2.8000E-02  9.3409E-02 -7.8558E-06  3.0772E-01  1.0990E+01  6.9627E-03  1.0990E+01
  3.2000E-02  1.0675E-01 -8.9781E-06  3.5168E-01  1.0990E+01  7.8673E-03  1.0990E+01
  3.6000E-02  1.2010E-01 -1.0100E-05  3.9564E-01  1.0990E+01  8.7728E-03  1.0990E+01
  4.0000E-02  1.3344E-01 -1.1223E-05  4.3960E-01  1.0990E+01  9.6721E-03  1.0990E+01
  4.4000E-02  1.4679E-01 -1.2345E-05  4.8356E-01  1.0990E+01  1.0591E-02  1.0990E+01
  4.8000E-02  1.6013E-01 -1.3467E-05  5.2753E-01  1.0990E+01  1.1501E-02  1.0990E+01
  5.2000E-02  1.7347E-01 -1.4589E-05  5.7149E-01  1.0990E+01  1.2393E-02  1.0990E+01
  5.6000E-02  1.8682E-01 -1.5712E-05  6.1545E-01  1.0990E+01  1.3303E-02  1.0990E+01
  6.0000E-02  2.0016E-01 -1.6834E-05  6.5941E-01  1.0990E+01  1.4211E-02  1.0990E+01
  6.4000E-02  2.1351E-01 -1.7956E-05  7.0337E-01  1.0990E+01  1.5123E-02  1.0990E+01
  6.8000E-02  2.2685E-01 -1.9078E-05  7.4733E-01  1.0990E+01  1.6051E-02  1.0990E+01
  7.2000E-02  2.4020E-01 -2.0201E-05  7.9129E-01  1.0990E+01  1.6927E-02  1.0990E+01
  7.6000E-02  2.5354E-01 -2.1323E-05  8.3525E-01  1.0990E+01  1.7860E-02  1.0990E+01
  8.0000E-02  2.6688E-01 -2.2445E-05  8.7921E-01  1.0990E+01  1.8772E-02  1.0990E+01
  8.4000E-02  2.8023E-01 -2.3567E-05  9.2317E-01  1.0990E+01  1.9658E-02  1.0990E+01
  8.8000E-02  2.9357E-01 -2.4690E-05  9.6713E-01  1.0990E+01  2.0588E-02  1.0990E+01
  9.2000E-02  3.0692E-01 -2.5812E-05  1.0111E+00  1.0990E+01  2.1536E-02  1.0990E+01
  9.6000E-02  3.2026E-01 -2.6934E-05  1.0551E+00  1.0990E+01  2.2366E-02  1.0990E+01
  1.0000E-01  3.3360E-01 -2.8056E-05  1.0990E+00  1.0988E+01  3.6695E-02  1.0988E+01
  1.0400E-01  3.4695E-01 -2.9180E-05  1.1429E+00  1.0964E+01  2.8165E-01  1.0964E+01
  1.0800E-01  3.6029E-01 -3.0309E-05  1.1865E+00  1.0796E+01  1.6424E+00  1.0796E+01
  1.1200E-01  3.7364E-01 -3.1435E-05  1.2288E+00  1.0312E+01  3.1209E+00  1.0312E+01
  1.1600E-01  3.8698E-01 -3.2519E-05  1.2688E+00  9.6691E+00  3.4995E+00  9.6691E+00
  1.2000E-01  4.0033E-01 -3.3541E-05  1.3061E+00  8.9833E+00  3.6155E+00  8.9833E+00
  1.2400E-01  4.1367E-01 -3.4495E-05  1.3407E+00  8.2760E+00  3.6941E+00  8.2760E+00
  1.2800E-01  4.2701E-01 -3.5380E-05  1.3723E+00  7.5511E+00  3.7837E+00  7.5511E+00
  1.3200E-01  4.4036E-01 -3.3562E-05  1.4003E+00  6.8061E+00  3.8639E+00  6.8061E+00
  1.3600E-01  4.5370E-01  7.3561E-04  1.4207E+00  6.0309E+00  3.7908E+00  6.0309E+00
  1.4000E-01  4.6705E-01 -8.4978E-04  1.4352E+00  5.2629E+00  3.0868E+00  5.2629E+00
  1.4400E-01  4.8039E-01  3.1306E-03  1.4434E+00  4.6457E+00  6.2839E-01  4.6457E+00
  1.4800E-01  4.9373E-01  3.1697E-03  1.4614E+00  4.4338E+00  4.3103E+00  4.4338E+00
  1.5200E-01  5.0708E-01  3.2080E-03  1.4791E+00  4.4021E+00  5.1607E+00  4.4021E+00
  1.5600E-01  5.2042E-01  3.2461E-03  1.4967E+00  4.3991E+00  5.2492E+00  4.3991E+00
  1.6000E-01  5.3377E-01  3.2843E-03  1.5143E+00  4.3991E+00  5.2491E+00  4.3991E+00
  1.6400E-01  5.4711E-01  3.3224E-03  1.5319E+00  4.3991E+00  5.2490E+00  4.3991E+00
  1.6800E-01  5.6046E-01  3.3606E-03  1.5495E+00  4.3991E+00  5.2490E+00  4.3991E+00
  1.7200E-01  5.7380E-01  3.3987E-03  1.5671E+00  4.3991E+00  5.2489E+00  4.3991E+00
  1.7600E-01  5.8715E-01  3.4369E-03  1.5846E+00  4.3991E+00  5.2489E+00  4.3991E+00
  1.8000E-01  6.0049E-01  3.4751E-03  1.6022E+00  4.3991E+00  5.2488E+00  4.3991E+00
  1.8400E-01  6.1384E-01  3.5132E-03  1.6198E+00  4.3991E+00  5.2488E+00  4.3991E+00
  1.8800E-01  6.2718E-01  3.5514E-03  1.6374E+00  4.3991E+00  5.2487E+00  4.3991E+00
  1.9200E-01  6.4053E-01  3.5895E-03  1.6550E+00  4.3997E+00  5.2603E+00  4.3997E+00
  1.9600E-01  6.5387E-01  3.6277E-03  1.6726E+00  4.4020E+00  5.3056E+00  4.4020E+00
  2.0000E-01  6.6722E-01  3.6659E-03  1.6903E+00  4.4078E+00  5.4193E+00  4.4078E+00
  2.0400E-01  6.8056E-01  3.7041E-03  1.7079E+00  4.4215E+00  5.6967E+00  4.4215E+00
  2.0800E-01  6.9391E-01  3.7426E-03  1.7257E+00  4.4536E+00  6.3324E+00  4.4536E+00
  2.1200E-01  7.0725E-01  3.7815E-03  1.7436E+00  4.5236E+00  7.6119E+00  4.5236E+00
  2.1600E-01  7.2060E-01  3.8213E-03  1.7619E+00  4.6595E+00  9.6452E+00  4.6595E+00
  2.2000E-01  7.3394E-01  3.8626E-03  1.7810E+00  4.8819E+00  1.1947E+01  4.8819E+00
  2.2400E-01  7.4728E-01  3.9062E-03  1.8011E+00  5.1851E+00  1.3763E+01  5.1851E+00
  2.2800E-01  7.6063E-01  3.9527E-03  1.8225E+00  5.5440E+00  1.4853E+01  5.5440E+00
  2.3200E-01  7.7397E-01  4.0025E-03  1.8455E+00  5.9349E+00  1.5421E+01  5.9349E+00
  2.3600E-01  7.8732E-01  4.0558E-03  1.8700E+00  6.3438E+00  1.5710E+01  6.3438E+00
  2.4000E-01  8.0066E-01  4.1126E-03  1.8963E+00  6.7638E+00  1.5868E+01  6.7638E+00
  2.4400E-01  8.1401E-01  4.1732E-03  1.9242E+00  7.1923E+00  1.5980E+01  7.1923E+00
  2.4800E-01  8.2735E-01  4.2375E-03  1.9538E+00  7.6290E+00  1.6033E+01  7.6290E+00
  2.5200E-01  8.4069E-01  4.3056E-03  1.9852E+00  8.0725E+00  1.6081E+01  8.0725E+00
  2.5600E-01  8.5404E-01  4.3776E-03  2.0184E+00  8.5233E+00  1.6125E+01  8.5233E+00
  2.6000E-01  8.6738E-01  4.4535E-03  2.0534E+00  8.9817E+00  1.6163E+01  8.9817E+00
  2.6400E-01  8.8072E-01  4.5335E-03  2.0903E+00  9.4483E+00  1.6197E+01  9.4483E+00
  2.6800E-01  8.9407E-01  4.6175E-03  2.1290E+00  9.9234E+00  1.6226E+01  9.9234E+00
  2.7200E-01  9.0741E-01  4.7057E-03  2.1697E+00  1.0407E+01  1.6251E+01  1.0407E+01
  2.7600E-01  9.2076E-01  4.7982E-03  2.2123E+00  1.0901E+01  1.6271E+01  1.0901E+01
  2.8000E-01  9.3410E-01  4.8950E-03  2.2569E+00  1.1404E+01  1.6288E+01  1.1404E+01
  2.8400E-01  9.4744E-01  4.9962E-03  2.3035E+00  1.1918E+01  1.6300E+01  1.1918E+01
  2.8800E-01  9.6079E-01  5.1018E-03  2.3522E+00  1.2442E+01  1.6310E+01  1.2442E+01
  2.9200E-01  9.7413E-01  5.2121E-03  2.4031E+00  1.2977E+01  1.6317E+01  1.2977E+01
  2.9600E-01  9.8747E-01  5.3271E-03  2.4561E+00  1.3525E+01  1.6322E+01  1.3525E+01
  3.0000E-01  1.0008E+00  5.4469E-03  2.5113E+00  1.4084E+01  1.6326E+01  1.4084E+01
  3.0400E-01  1.0142E+00  5.5716E-03  2.5688E+00  1.4656E+01  1.6329E+01  1.4656E+01
  3.0800E-01  1.0275E+00  5.7014E-03  2.6285E+00  1.5241E+01  1.6334E+01  1.5241E+01
  3.1200E-01  1.0409E+00  5.8362E-03  2.6907E+00  1.5841E+01  1.6341E+01  1.5841E+01
  3.1600E-01  1.0542E+00  5.9764E-03  2.7553E+00  1.6453E+01  1.6343E+01  1.6453E+01
  3.2000E-01  1.0675E+00  6.1219E-03  2.8223E+00  1.7078E+01  1.6326E+01  1.7078E+01
  3.2400E-01  1.0809E+00  6.2728E-03  2.8919E+00  1.7712E+01  1.6280E+01  1.7712E+01
  3.2800E-01  1.0942E+00  6.4293E-03  2.9640E+00  1.8349E+01  1.6174E+01  1.8349E+01
  3.3200E-01  1.1076E+00  6.5913E-03  3.0387E+00  1.8972E+01  1.5967E+01  1.8972E+01
  3.3600E-01  1.1209E+00  6.7585E-03  3.1158E+00  1.9546E+01  1.5653E+01  1.9546E+01
  3.4000E-01  1.1343E+00  6.9303E-03  3.1949E+00  2.0020E+01  1.5366E+01  2.0020E+01
  3.4400E-01  1.1476E+00  7.1056E-03  3.2757E+00  2.0351E+01  1.5331E+01  2.0351E+01
  3.4800E-01  1.1610E+00  7.2831E-03  3.3576E+00  2.0544E+01  1.5524E+01  2.0544E+01
  3.5200E-01  1.1743E+00  7.4619E-03  3.4399E+00  2.0640E+01  1.5735E+01  2.0640E+01
  3.5600E-01  1.1876E+00  7.6412E-03  3.5226E+00  2.0684E+01  1.5868E+01  2.0684E+01
  3.6000E-01  1.2010E+00  7.8208E-03  3.6054E+00  2.0704E+01  1.5935E+01  2.0704E+01
  3.6400E-01  1.2143E+00  8.0005E-03  3.6882E+00  2.0712E+01  1.5965E+01  2.0712E+01
  3.6800E-01  1.2277E+00  8.1802E-03  3.7711E+00  2.0715E+01  1.5977E+01  2.0715E+01
  3.7200E-01  1.2410E+00  8.3599E-03  3.8539E+00  2.0715E+01  1.5971E+01  2.0715E+01
  3.7600E-01  1.2544E+00  8.5397E-03  3.9368E+00  2.0715E+01  1.5970E+01  2.0715E+01
  3.8000E-01  1.2677E+00  8.7194E-03  4.0197E+00  2.0715E+01  1.5969E+01  2.0715E+01
  3.8400E-01  1.2811E+00  8.8992E-03  4.1025E+00  2.0715E+01  1.5968E+01  2.0715E+01
  3.8800E-01  1.2944E+00  9.0789E-03  4.1854E+00  2.0715E+01  1.5966E+01  2.0715E+01
  3.9200E-01  1.3078E+00  9.2587E-03  4.2683E+00  2.0715E+01  1.5965E+01  2.0715E+01
  3.9600E-01  1.3211E+00  9.4384E-03  4.3511E+00  2.0715E+01  1.5964E+01  2.0715E+01
  4.0000E-01  1.3345E+00  9.6182E-03  4.4340E+00  2.0715E+01  1.5963E+01  2.0715E+01
  4.0400E-01  1.3478E+00  9.7979E-03  4.5168E+00  2.0715E+01  1.5962E+01  2.0715E+01
  4.0800E-01  1.3611E+00  9.9777E-03  4.5997E+00  2.0715E+01  1.5961E+01  2.0715E+01
  4.1200E-01  1.3745E+00  1.0157E-02  4.6826E+00  2.0715E+01  1.5959E+01  2.0715E+01
  4.1600E-01  1.3878E+00  1.0337E-02  4.7654E+00  2.0715E+01  1.5958E+01  2.0715E+01
  4.2000E-01  1.4012E+00  1.0517E-02  4.8483E+00  2.0715E+01  1.5957E+01  2.0715E+01
  4.2400E-01  1.4145E+00  1.0697E-02  4.9311E+00  2.0715E+01  1.5956E+01  2.0715E+01
  4.2800E-01  1.4279E+00  1.0876E-02  5.0140E+00  2.0715E+01  1.5955E+01  2.0715E+01
  4.3200E-01  1.4412E+00  1.1056E-02  5.0969E+00  2.0715E+01  1.5954E+01  2.0715E+01
  4.3600E-01  1.4546E+00  1.1236E-02  5.1797E+00  2.0715E+01  1.5952E+01  2.0715E+01
  4.4000E-01  1.4679E+00  1.1416E-02  5.2626E+00  2.0715E+01  1.5951E+01  2.0715E+01
  4.4400E-01  1.4813E+00  1.1595E-02  5.3455E+00  2.0715E+01  1.5950E+01  2.0715E+01
  4.4800E-01  1.4946E+00  1.1775E-02  5.4283E+00  2.0715E+01  1.5949E+01  2.0715E+01
  4.5200E-01  1.5079E+00  1.1955E-02  5.5112E+00  2.0715E+01  1.5948E+01  2.0715E+01
  4.5600E-01  1.5213E+00  1.2135E-02  5.5940E+00  2.0715E+01  1.5947E+01  2.0715E+01
  4.6000E-01  1.5346E+00  1.2314E-02  5.6769E+00  2.0715E+01  1.5945E+01  2.0715E+01
  4.6400E-01  1.5480E+00  1.2494E-02  5.7598E+00  2.0715E+01  1.5944E+01  2.0715E+01
  4.6800E-01  1.5613E+00  1.2674E-02  5.8426E+00  2.0715E+01  1.5943E+01  2.0715E+01
  4.7200E-01  1.5747E+00  1.2854E-02  5.9255E+00  2.0715E+01  1.5942E+01  2.0715E+01
  4.7600E-01  1.5880E+00  1.3033E-02  6.0084E+00  2.0715E+01  1.5941E+01  2.0715E+01
  4.8000E-01  1.6014E+00  1.3213E-02  6.0912E+00  2.0715E+01  1.5940E+01  2.0715E+01
  4.8400E-01  1.6147E+00  1.3393E-02  6.1741E+00  2.0715E+01  1.5938E+01  2.0715E+01
  4.8800E-01  1.6281E+00  1.3573E-02  6.2569E+00  2.0715E+01  1.5937E+01  2.0715E+01
  4.9200E-01  1.6414E+00  1.3752E-02  6.3398E+00  2.0715E+01  1.5936E+01  2.0715E+01
  4.9600E-01  1.6547E+00  1.3932E-02  6.4227E+00  2.0715E+01  1.5935E+01  2.0715E+01
  5.0000E-01  1.6681E+00  1.4112E-02  6.5055E+00  2.0715E+01  1.5934E+01  2.0715E+01
  5.0400E-01  1.6814E+00  1.4292E-02  6.5884E+00  2.0715E+01  1.5933E+01  2.0715E+01
  5.0800E-01  1.6948E+00  1.4471E-02  6.6712E+00  2.0715E+01  1.5931E+01  2.0715E+01
  5.1200E-01  1.7081E+00  1.4651E-02  6.7541E+00  2.0715E+01  1.5930E+01  2.0715E+01
  5.1600E-01  1.7215E+00  1.4831E-02  6.8370E+00  2.0713E+01  1.5903E+01  2.0713E+01
  5.2000E-01  1.7348E+00  1.5011E-02  6.9198E+00  2.0708E+01  1.5926E+01  2.0708E+01
  5.2400E-01  1.7482E+00  1.5190E-02  7.0026E+00  2.0699E+01  1.5973E+01  2.0699E+01
  5.2800E-01  1.7615E+00  1.5370E-02  7.0854E+00  2.0684E+01  1.6076E+01  2.0684E+01
  5.3200E-01  1.7749E+00  1.5549E-02  7.1681E+00  2.0658E+01  1.6312E+01  2.0658E+01
  5.3600E-01  1.7882E+00  1.5728E-02  7.2506E+00  2.0615E+01  1.6878E+01  2.0615E+01
  5.4000E-01  1.8016E+00  1.5907E-02  7.3330E+00  2.0543E+01  1.8228E+01  2.0543E+01
  5.4400E-01  1.8149E+00  1.6085E-02  7.4149E+00  2.0425E+01  2.1218E+01  2.0425E+01
  5.4800E-01  1.8282E+00  1.6261E-02  7.4963E+00  2.0238E+01  2.6942E+01  2.0238E+01
  5.5200E-01  1.8416E+00  1.6435E-02  7.5767E+00  1.9952E+01  3.6080E+01  1.9952E+01
  5.5600E-01  1.8549E+00  1.6607E-02  7.6557E+00  1.9541E+01  4.8241E+01  1.9541E+01
  5.6000E-01  1.8683E+00  1.6774E-02  7.7328E+00  1.8989E+01  6.1905E+01  1.8989E+01
  5.6400E-01  1.8816E+00  1.6935E-02  7.8074E+00  1.8295E+01  7.5078E+01  1.8295E+01
  5.6800E-01  1.8950E+00  1.7090E-02  7.8790E+00  1.7479E+01  8.6234E+01  1.7479E+01
  5.7200E-01  1.9083E+00  1.7238E-02  7.9471E+00  1.6565E+01  9.4789E+01  1.6565E+01
  5.7600E-01  1.9217E+00  1.7377E-02  8.0115E+00  1.5581E+01  1.0092E+02  1.5581E+01
  5.8000E-01  1.9350E+00  1.7508E-02  8.0717E+00  1.4548E+01  1.0516E+02  1.4548E+01
  5.8400E-01  1.9483E+00  1.7629E-02  8.1278E+00  1.3481E+01  1.0803E+02  1.3481E+01
  5.8800E-01  1.9617E+00  1.7741E-02  8.1795E+00  1.2391E+01  1.0998E+02  1.2391E+01
  5.9200E-01  1.9750E+00  1.7843E-02  8.2269E+00  1.1285E+01  1.1131E+02  1.1285E+01
  5.9600E-01  1.9884E+00  1.7936E-02  8.2698E+00  1.0167E+01  1.1223E+02  1.0167E+01
  6.0000E-01  2.0017E+00  1.8019E-02  8.3082E+00  9.0395E+00  1.1287E+02  9.0395E+00
  6.0400E-01  2.0151E+00  1.9612E-02  8.3412E+00  7.9034E+00  1.1365E+02  7.9033E+00
  6.0800E-01  2.0284E+00  1.9681E-02  8.3705E+00  6.7621E+00  1.1385E+02  6.7621E+00
  6.1200E-01  2.0418E+00  1.9739E-02  8.3953E+00  5.6207E+00  1.1342E+02  5.6206E+00
  6.1600E-01  2.0551E+00  2.1311E-02  8.4146E+00  4.4784E+00  1.1308E+02  4.4784E+00
  6.2000E-01  2.0684E+00  2.2873E-02  8.4293E+00  3.3383E+00  1.1244E+02  3.3383E+00
  6.2400E-01  2.0818E+00  2.4441E-02  8.4394E+00  2.2040E+00  1.1134E+02  2.2040E+00
  6.2800E-01  2.0951E+00  2.9046E-02  8.4432E+00  1.0808E+00  1.0938E+02  1.0808E+00
  6.3200E-01  2.1085E+00  2.9053E-02  8.4453E+00  2.5432E-02  1.0641E+02 -2.1939E-02
  6.3600E-01  2.1218E+00  2.9045E-02  8.4431E+00  1.0917E+00  1.0166E+02 -1.0916E+00
  6.4000E-01  2.1352E+00  2.9022E-02  8.4367E+00  2.1091E+00  9.4416E+01 -2.1090E+00
  6.4400E-01  2.1485E+00  2.8987E-02  8.4263E+00  3.0481E+00  8.4071E+01 -3.0481E+00
  6.4800E-01  2.1618E+00  2.8939E-02  8.4124E+00  3.8784E+00  7.0710E+01 -3.8784E+00
  6.5200E-01  2.1752E+00  2.8880E-02  8.3955E+00  4.5722E+00  5.5821E+01 -4.5722E+00
  6.5600E-01  2.1885E+00  2.8813E-02  8.3761E+00  5.1146E+00  4.2593E+01 -5.1146E+00
  6.6000E-01  2.2019E+00  2.8740E-02  8.3548E+00  5.5101E+00  3.4812E+01 -5.5101E+00
  6.6400E-01  2.2152E+00  2.8662E-02  8.3322E+00  5.7806E+00  3.3516E+01 -5.7806E+00
  6.6800E-01  2.2286E+00  2.8581E-02  8.3087E+00  5.9565E+00  3.5702E+01 -5.9565E+00
  6.7200E-01  2.2419E+00  2.8498E-02  8.2846E+00  6.0665E+00  3.8417E+01 -6.0665E+00
  6.7600E-01  2.2552E+00  2.8414E-02  8.2602E+00  6.1336E+00  4.0561E+01 -6.1336E+00
  6.8000E-01  2.2686E+00  2.8329E-02  8.2356E+00  6.1738E+00  4.2013E+01 -6.1738E+00
  6.8400E-01  2.2819E+00  2.8244E-02  8.2108E+00  6.1977E+00  4.2932E+01 -6.1977E+00
  6.8800E-01  2.2953E+00  2.8158E-02  8.1860E+00  6.2118E+00  4.3493E+01 -6.2118E+00
  6.9200E-01  2.3086E+00  2.8073E-02  8.1611E+00  6.2201E+00  4.3828E+01 -6.2201E+00
  6.9600E-01  2.3219E+00  2.7987E-02  8.1362E+00  6.2250E+00  4.4027E+01 -6.2250E+00
  7.0000E-01  2.3353E+00  2.7901E-02  8.1113E+00  6.2267E+00  4.4376E+01 -6.2267E+00
  7.0400E-01  2.3486E+00  2.7816E-02  8.0864E+00  6.2267E+00  4.4376E+01 -6.2267E+00
  7.0800E-01  2.3620E+00  2.7730E-02  8.0615E+00  6.2267E+00  4.4375E+01 -6.2267E+00
  7.1200E-01  2.3753E+00  2.7644E-02  8.0366E+00  6.2267E+00  4.4375E+01 -6.2267E+00
  7.1600E-01  2.3887E+00  2.7558E-02  8.0117E+00  6.2267E+00  4.4375E+01 -6.2267E+00
  7.2000E-01  2.4020E+00  2.7473E-02  7.9868E+00  6.2267E+00  4.4375E+01 -6.2267E+00
  7.2400E-01  2.4153E+00  2.7387E-02  7.9619E+00  6.2267E+00  4.4375E+01 -6.2267E+00
  7.2800E-01  2.4287E+00  2.7301E-02  7.9370E+00  6.2267E+00  4.4375E+01 -6.2267E+00
  7.3200E-01  2.4420E+00  2.7216E-02  7.9121E+00  6.2267E+00  4.4375E+01 -6.2267E+00
  7.3600E-01  2.4554E+00  2.7130E-02  7.8872E+00  6.2267E+00  4.4375E+01 -6.2267E+00
  7.4000E-01  2.4687E+00  2.7044E-02  7.8623E+00  6.2267E+00  4.4375E+01 -6.2267E+00
  7.4400E-01  2.4821E+00  2.6958E-02  7.8373E+00  6.2267E+00  4.4375E+01 -6.2267E+00
  7.4800E-01  2.4954E+00  2.6873E-02  7.8124E+00  6.2267E+00  4.4375E+01 -6.2267E+00
  7.5200E-01  2.5087E+00  2.6787E-02  7.7875E+00  6.2267E+00  4.4374E+01 -6.2267E+00
  7.5600E-01  2.5221E+00  2.6701E-02  7.7626E+00  6.2267E+00  4.4374E+01 -6.2267E+00
  7.6000E-01  2.5354E+00  2.6615E-02  7.7377E+00  6.2267E+00  4.4374E+01 -6.2267E+00
  7.6400E-01  2.5488E+00  2.6530E-02  7.7128E+00  6.2267E+00  4.4374E+01 -6.2267E+00
  7.6800E-01  2.5621E+00  2.6444E-02  7.6879E+00  6.2267E+00  4.4374E+01 -6.2267E+00
  7.7200E-01  2.5755E+00  2.6358E-02  7.6630E+00  6.2267E+00  4.4374E+01 -6.2267E+00
  7.7600E-01  2.5888E+00  2.6272E-02  7.6381E+00  6.2267E+00  4.4374E+01 -6.2267E+00
  7.8000E-01  2.6021E+00  2.6187E-02  7.6132E+00  6.2267E+00  4.4374E+01 -6.2267E+00
  7.8400E-01  2.6155E+00  2.6101E-02  7.5883E+00  6.2267E+00  4.4374E+01 -6.2267E+00
  7.8800E-01  2.6288E+00  2.6015E-02  7.5634E+00  6.2267E+00  4.4374E+01 -6.2267E+00
  7.9200E-01  2.6422E+00  2.5929E-02  7.5385E+00  6.2267E+00  4.4374E+01 -6.2267E+00
  7.9600E-01  2.6555E+00  2.5844E-02  7.5136E+00  6.2267E+00  4.4374E+01 -6.2267E+00
  8.0000E-01  2.6689E+00  2.5758E-02  7.4887E+00  6.2267E+00  4.4373E+01 -6.2267E+00
  8.0400E-01  2.6822E+00  2.5672E-02  7.4637E+00  6.2267E+00  4.4373E+01 -6.2267E+00
  8.0800E-01  2.6955E+00  2.5586E-02  7.4388E+00  6.2267E+00  4.4373E+01 -6.2267E+00
  8.1200E-01  2.7089E+00  2.5501E-02  7.4139E+00  6.2267E+00  4.4373E+01 -6.2267E+00
  8.1600E-01  2.7222E+00  2.5415E-02  7.3890E+00  6.2267E+00  4.4373E+01 -6.2267E+00
  8.2000E-01  2.7356E+00  2.5329E-02  7.3641E+00  6.2267E+00  4.4373E+01 -6.2267E+00
  8.2400E-01  2.7489E+00  2.5244E-02  7.3392E+00  6.2267E+00  4.4373E+01 -6.2267E+00
  8.2800E-01  2.7623E+00  2.5158E-02  7.3143E+00  6.2267E+00  4.4373E+01 -6.2267E+00
  8.3200E-01  2.7756E+00  2.5072E-02  7.2894E+00  6.2267E+00  4.4373E+01 -6.2267E+00
  8.3600E-01  2.7889E+00  2.4986E-02  7.2645E+00  6.2267E+00  4.4373E+01 -6.2267E+00
  8.4000E-01  2.8023E+00  2.4901E-02  7.2396E+00  6.2267E+00  4.4373E+01 -6.2267E+00
  8.4400E-01  2.8156E+00  2.4815E-02  7.2147E+00  6.2267E+00  4.4372E+01 -6.2267E+00
  8.4800E-01  2.8290E+00  2.4729E-02  7.1898E+00  6.2267E+00  4.4372E+01 -6.2267E+00
  8.5200E-01  2.8423E+00  2.4643E-02  7.1649E+00  6.2267E+00  4.4372E+01 -6.2267E+00
  8.5600E-01  2.8557E+00  2.4558E-02  7.1400E+00  6.2267E+00  4.4372E+01 -6.2267E+00
  8.6000E-01  2.8690E+00  2.4472E-02  7.1150E+00  6.2267E+00  4.4372E+01 -6.2267E+00
  8.6400E-01  2.8823E+00  2.4386E-02  7.0901E+00  6.2267E+00  4.4372E+01 -6.2267E+00
  8.6800E-01  2.8957E+00  2.4300E-02  7.0652E+00  6.2267E+00  4.4372E+01 -6.2267E+00
  8.7200E-01  2.9090E+00  2.4215E-02  7.0403E+00  6.2267E+00  4.4372E+01 -6.2267E+00
  8.7600E-01  2.9224E+00  2.4129E-02  7.0154E+00  6.2267E+00  4.4372E+01 -6.2267E+00
  8.8000E-01  2.9357E+00  2.4043E-02  6.9905E+00  6.2267E+00  4.4372E+01 -6.2267E+00
  8.8400E-01  2.9491E+00  2.3957E-02  6.9656E+00  6.2267E+00  4.4372E+01 -6.2267E+00
  8.8800E-01  2.9624E+00  2.3872E-02  6.9407E+00  6.2267E+00  4.4372E+01 -6.2267E+00
  8.9200E-01  2.9757E+00  2.3786E-02  6.9158E+00  6.2267E+00  4.4371E+01 -6.2267E+00
  8.9600E-01  2.9891E+00  2.3700E-02  6.8909E+00  6.2267E+00  4.4371E+01 -6.2267E+00
  9.0000E-01  3.0024E+00  2.3614E-02  6.8660E+00  6.2267E+00  4.4371E+01 -6.2267E+00
  9.0400E-01  3.0158E+00  2.3529E-02  6.8411E+00  6.2267E+00  4.4371E+01 -6.2267E+00
  9.0800E-01  3.0291E+00  2.3443E-02  6.8162E+00  6.2267E+00  4.4371E+01 -6.2267E+00
  9.1200E-01  3.0425E+00  2.3357E-02  6.7913E+00  6.2267E+00  4.4371E+01 -6.2267E+00
  9.1600E-01  3.0558E+00  2.3272E-02  6.7664E+00  6.2267E+00  4.4371E+01 -6.2267E+00
  9.2000E-01  3.0691E+00  2.3186E-02  6.7414E+00  6.2267E+00  4.4371E+01 -6.2267E+00
  9.2400E-01  3.0825E+00  2.3100E-02  6.7165E+00  6.2267E+00  4.4371E+01 -6.2267E+00
  9.2800E-01  3.0958E+00  2.3014E-02  6.6916E+00  6.2267E+00  4.4371E+01 -6.2267E+00
  9.3200E-01  3.1092E+00  2.2929E-02  6.6667E+00  6.2267E+00  4.4371E+01 -6.2267E+00
  9.3600E-01  3.1225E+00  2.2843E-02  6.6418E+00  6.2267E+00  4.4370E+01 -6.2267E+00
  9.4000E-01  3.1359E+00  2.2757E-02  6.6169E+00  6.2267E+00  4.4370E+01 -6.2267E+00
  9.4400E-01  3.1492E+00  2.2671E-02  6.5920E+00  6.2267E+00  4.4370E+01 -6.2267E+00
  9.4800E-01  3.1625E+00  2.2586E-02  6.5671E+00  6.2267E+00  4.4370E+01 -6.2267E+00
  9.5200E-01  3.1759E+00  2.2500E-02  6.5422E+00  6.2267E+00  4.4370E+01 -6.2267E+00
  9.5600E-01  3.1892E+00  2.2414E-02  6.5173E+00  6.2267E+00  4.4370E+01 -6.2267E+00
  9.6000E-01  3.2026E+00  2.2328E-02  6.4924E+00  6.2267E+00  4.4370E+01 -6.2267E+00
  9.6400E-01  3.2159E+00  2.2243E-02  6.4675E+00  6.2267E+00  4.4370E+01 -6.2267E+00
  9.6800E-01  3.2293E+00  2.2157E-02  6.4426E+00  6.2267E+00  4.4370E+01 -6.2267E+00
  9.7200E-01  3.2426E+00  2.2071E-02  6.4177E+00  6.2267E+00  4.4370E+01 -6.2267E+00
  9.7600E-01  3.2559E+00  2.1985E-02  6.3927E+00  6.2267E+00  4.4370E+01 -6.2267E+00
  9.8000E-01  3.2693E+00  2.1900E-02  6.3678E+00  6.2267E+00  4.4370E+01 -6.2267E+00
  9.8400E-01  3.2826E+00  2.1814E-02  6.3429E+00  6.2267E+00  4.4369E+01 -6.2267E+00
  9.8800E-01  3.2960E+00  2.1728E-02  6.3180E+00  6.2267E+00  4.4369E+01 -6.2267E+00
  9.9200E-01  3.3093E+00  2.1642E-02  6.2931E+00  6.2267E+00  4.4369E+01 -6.2267E+00
  9.9600E-01  3.3227E+00  2.1557E-02  6.2682E+00  6.2267E+00  4.4369E+01 -6.2267E+00
  1.0000E+00  3.3360E+00  2.1471E-02  6.2433E+00  6.2267E+00  4.4369E+01 -6.2267E+00
  1.0040E+00  3.3493E+00  2.1385E-02  6.2184E+00  6.2267E+00  4.4369E+01 -6.2267E+00
  1.0080E+00  3.3627E+00  2.1300E-02  6.1935E+00  6.2267E+00  4.4369E+01 -6.2267E+00
  1.0120E+00  3.3760E+00  2.1214E-02  6.1686E+00  6.2267E+00  4.4369E+01 -6.2267E+00
  1.0160E+00  3.3894E+00  2.1128E-02  6.1437E+00  6.2267E+00  4.4369E+01 -6.2267E+00
  1.0200E+00  3.4027E+00  2.1042E-02  6.1188E+00  6.2267E+00  4.4369E+01 -6.2267E+00
  1.0240E+00  3.4161E+00  2.0957E-02  6.0939E+00  6.2267E+00  4.4369E+01 -6.2267E+00
  1.0280E+00  3.4294E+00  2.0871E-02  6.0690E+00  6.2267E+00  4.4369E+01 -6.2267E+00
  1.0320E+00  3.4427E+00  2.0785E-02  6.0441E+00  6.2267E+00  4.4368E+01 -6.2267E+00
  1.0360E+00  3.4561E+00  2.0699E-02  6.0191E+00  6.2267E+00  4.4368E+01 -6.2267E+00
  1.0400E+00  3.4694E+00  2.0614E-02  5.9942E+00  6.2267E+00  4.4368E+01 -6.2267E+00
  1.0440E+00  3.4828E+00  2.0528E-02  5.9693E+00  6.2267E+00  4.4368E+01 -6.2267E+00
  1.0480E+00  3.4961E+00  2.0442E-02  5.9444E+00  6.2267E+00  4.4368E+01 -6.2267E+00
  1.0520E+00  3.5095E+00  2.0356E-02  5.9195E+00  6.2267E+00  4.4368E+01 -6.2267E+00
  1.0560E+00  3.5228E+00  2.0271E-02  5.8946E+00  6.2267E+00  4.4368E+01 -6.2267E+00
  1.0600E+00  3.5361E+00  2.0185E-02  5.8697E+00  6.2267E+00  4.4368E+01 -6.2267E+00
  1.0640E+00  3.5495E+00  2.0099E-02  5.8448E+00  6.2267E+00  4.4368E+01 -6.2267E+00
  1.0680E+00  3.5628E+00  2.0013E-02  5.8199E+00  6.2267E+00  4.4368E+01 -6.2267E+00
  1.0720E+00  3.5762E+00  1.9928E-02  5.7950E+00  6.2267E+00  4.4368E+01 -6.2267E+00
  1.0760E+00  3.5895E+00  1.9842E-02  5.7701E+00  6.2267E+00  4.4367E+01 -6.2267E+00
  1.0800E+00  3.6029E+00  1.9756E-02  5.7452E+00  6.2267E+00  4.4367E+01 -6.2267E+00
  1.0840E+00  3.6162E+00  1.9670E-02  5.7203E+00  6.2267E+00  4.4367E+01 -6.2267E+00
  1.0880E+00  3.6295E+00  1.9585E-02  5.6954E+00  6.2267E+00  4.4367E+01 -6.2267E+00
  1.0920E+00  3.6429E+00  1.9499E-02  5.6704E+00  6.2267E+00  4.4367E+01 -6.2267E+00
  1.0960E+00  3.6562E+00  1.9413E-02  5.6455E+00  6.2267E+00  4.4367E+01 -6.2267E+00
  1.1000E+00  3.6696E+00  1.9328E-02  5.6206E+00  6.2267E+00  4.4367E+01 -6.2267E+00
  1.1040E+00  3.6829E+00  1.9242E-02  5.5957E+00  6.2267E+00  4.4367E+01 -6.2267E+00
  1.1080E+00  3.6963E+00  1.9156E-02  5.5708E+00  6.2267E+00  4.4367E+01 -6.2267E+00
  1.1120E+00  3.7096E+00  1.9070E-02  5.5459E+00  6.2267E+00  4.4367E+01 -6.2267E+00
  1.1160E+00  3.7229E+00  1.8985E-02  5.5210E+00  6.2267E+00  4.4367E+01 -6.2267E+00
  1.1200E+00  3.7363E+00  1.8899E-02  5.4961E+00  6.2267E+00  4.4367E+01 -6.2267E+00
  1.1240E+00  3.7496E+00  1.8813E-02  5.4712E+00  6.2267E+00  4.4366E+01 -6.2267E+00
  1.1280E+00  3.7630E+00  1.8727E-02  5.4463E+00  6.2267E+00  4.4366E+01 -6.2267E+00
  1.1320E+00  3.7763E+00  1.8642E-02  5.4214E+00  6.2267E+00  4.4366E+01 -6.2267E+00
  1.1360E+00  3.7897E+00  1.8556E-02  5.3965E+00  6.2267E+00  4.4366E+01 -6.2267E+00
  1.1400E+00  3.8030E+00  1.8470E-02  5.3716E+00  6.2267E+00  4.4366E+01 -6.2267E+00
  1.1440E+00  3.8163E+00  1.8384E-02  5.3467E+00  6.2267E+00  4.4366E+01 -6.2267E+00
  1.1480E+00  3.8297E+00  1.8299E-02  5.3217E+00  6.2267E+00  4.4366E+01 -6.2267E+00
  1.1520E+00  3.8430E+00  1.8213E-02  5.2968E+00  6.2267E+00  4.4366E+01 -6.2267E+00
  1.1560E+00  3.8564E+00  1.8127E-02  5.2719E+00  6.2267E+00  4.4366E+01 -6.2267E+00
  1.1600E+00  3.8697E+00  1.8041E-02  5.2470E+00  6.2267E+00  4.4366E+01 -6.2267E+00
  1.1640E+00  3.8831E+00  1.7956E-02  5.2221E+00  6.2267E+00  4.4366E+01 -6.2267E+00
  1.1680E+00  3.8964E+00  1.7870E-02  5.1972E+00  6.2267E+00  4.4365E+01 -6.2267E+00
  1.1720E+00  3.9097E+00  1.7784E-02  5.1723E+00  6.2267E+00  4.4365E+01 -6.2267E+00
  1.1760E+00  3.9231E+00  1.7698E-02  5.1474E+00  6.2267E+00  4.4365E+01 -6.2267E+00
  1.1800E+00  3.9364E+00  1.7613E-02  5.1225E+00  6.2267E+00  4.4365E+01 -6.2267E+00
  1.1840E+00  3.9498E+00  1.7527E-02  5.0976E+00  6.2267E+00  4.4365E+01 -6.2267E+00
  1.1880E+00  3.9631E+00  1.7441E-02  5.0727E+00  6.2267E+00  4.4365E+01 -6.2267E+00
  1.1920E+00  3.9765E+00  1.7356E-02  5.0478E+00  6.2267E+00  4.4365E+01 -6.2267E+00
  1.1960E+00  3.9898E+00  1.7270E-02  5.0229E+00  6.2267E+00  4.4365E+01 -6.2267E+00
  1.2000E+00  4.0031E+00  1.7184E-02  4.9980E+00  6.2267E+00  4.4365E+01 -6.2267E+00
  1.2040E+00  4.0165E+00  1.7098E-02  4.9731E+00  6.2267E+00  4.4365E+01 -6.2267E+00
  1.2080E+00  4.0298E+00  1.7013E-02  4.9481E+00  6.2267E+00  4.4365E+01 -6.2267E+00
  1.2120E+00  4.0432E+00  1.6927E-02  4.9232E+00  6.2267E+00  4.4365E+01 -6.2267E+00
  1.2160E+00  4.0565E+00  1.6841E-02  4.8983E+00  6.2267E+00  4.4364E+01 -6.2267E+00
  1.2200E+00  4.0699E+00  1.6755E-02  4.8734E+00  6.2267E+00  4.4364E+01 -6.2267E+00
  1.2240E+00  4.0832E+00  1.6670E-02  4.8485E+00  6.2267E+00  4.4364E+01 -6.2267E+00
  1.2280E+00  4.0965E+00  1.6584E-02  4.8236E+00  6.2267E+00  4.4364E+01 -6.2267E+00
  1.2320E+00  4.1099E+00  1.6498E-02  4.7987E+00  6.2267E+00  4.4364E+01 -6.2267E+00
  1.2360E+00  4.1232E+00  1.6412E-02  4.7738E+00  6.2267E+00  4.4364E+01 -6.2267E+00
  1.2400E+00  4.1366E+00  1.6327E-02  4.7489E+00  6.2267E+00  4.4364E+01 -6.2267E+00
  1.2440E+00  4.1499E+00  1.6241E-02  4.7240E+00  6.2267E+00  4.4364E+01 -6.2267E+00
  1.2480E+00  4.1633E+00  1.6155E-02  4.6991E+00  6.2267E+00  4.4364E+01 -6.2267E+00
  1.2520E+00  4.1766E+00  1.6069E-02  4.6742E+00  6.2267E+00  4.4364E+01 -6.2267E+00
  1.2560E+00  4.1899E+00  1.5984E-02  4.6493E+00  6.2267E+00  4.4364E+01 -6.2267E+00
  1.2600E+00  4.2033E+00  1.5898E-02  4.6244E+00  6.2267E+00  4.4364E+01 -6.2267E+00
  1.2640E+00  4.2166E+00  1.5812E-02  4.5994E+00  6.2267E+00  4.4363E+01 -6.2267E+00
  1.2680E+00  4.2300E+00  1.5726E-02  4.5745E+00  6.2267E+00  4.4363E+01 -6.2267E+00
  1.2720E+00  4.2433E+00  1.5641E-02  4.5496E+00  6.2267E+00  4.4363E+01 -6.2267E+00
  1.2760E+00  4.2567E+00  1.5555E-02  4.5247E+00  6.2267E+00  4.4363E+01 -6.2267E+00
  1.2800E+00  4.2700E+00  1.5469E-02  4.4998E+00  6.2267E+00  4.4363E+01 -6.2267E+00
  1.2840E+00  4.2833E+00  1.5383E-02  4.4749E+00  6.2267E+00  4.4363E+01 -6.2267E+00
  1.2880E+00  4.2967E+00  1.5298E-02  4.4500E+00  6.2267E+00  4.4363E+01 -6.2267E+00
  1.2920E+00  4.3100E+00  1.5212E-02  4.4251E+00  6.2267E+00  4.4363E+01 -6.2267E+00
  1.2960E+00  4.3234E+00  1.5126E-02  4.4002E+00  6.2267E+00  4.4363E+01 -6.2267E+00
  1.3000E+00  4.3367E+00  1.5041E-02  4.3753E+00  6.2267E+00  4.4363E+01 -6.2267E+00
  1.3040E+00  4.3501E+00  1.4955E-02  4.3504E+00  6.2267E+00  4.4363E+01 -6.2267E+00
  1.3080E+00  4.3634E+00  1.4869E-02  4.3255E+00  6.2267E+00  4.4362E+01 -6.2267E+00
  1.3120E+00  4.3767E+00  1.4783E-02  4.3006E+00  6.2267E+00  4.4362E+01 -6.2267E+00
  1.3160E+00  4.3901E+00  1.4698E-02  4.2757E+00  6.2267E+00  4.4362E+01 -6.2267E+00
  1.3200E+00  4.4034E+00  1.4612E-02  4.2508E+00  6.2267E+00  4.4362E+01 -6.2267E+00
  1.3240E+00  4.4168E+00  1.4526E-02  4.2258E+00  6.2267E+00  4.4362E+01 -6.2267E+00
  1.3280E+00  4.4301E+00  1.4440E-02  4.2009E+00  6.2267E+00  4.4362E+01 -6.2267E+00
  1.3320E+00  4.4435E+00  1.4355E-02  4.1760E+00  6.2267E+00  4.4362E+01 -6.2267E+00
  1.3360E+00  4.4568E+00  1.4269E-02  4.1511E+00  6.2267E+00  4.4362E+01 -6.2267E+00
  1.3400E+00  4.4701E+00  1.4183E-02  4.1262E+00  6.2267E+00  4.4362E+01 -6.2267E+00
  1.3440E+00  4.4835E+00  1.4097E-02  4.1013E+00  6.2267E+00  4.4362E+01 -6.2267E+00
  1.3480E+00  4.4968E+00  1.4012E-02  4.0764E+00  6.2267E+00  4.4362E+01 -6.2267E+00
  1.3520E+00  4.5102E+00  1.3926E-02  4.0515E+00  6.2267E+00  4.4362E+01 -6.2267E+00
  1.3560E+00  4.5235E+00  1.3840E-02  4.0266E+00  6.2267E+00  4.4361E+01 -6.2267E+00
  1.3600E+00  4.5369E+00  1.3754E-02  4.0017E+00  6.2267E+00  4.4361E+01 -6.2267E+00
  1.3640E+00  4.5502E+00  1.3669E-02  3.9768E+00  6.2267E+00  4.4361E+01 -6.2267E+00
  1.3680E+00  4.5635E+00  1.3583E-02  3.9519E+00  6.2267E+00  4.4361E+01 -6.2267E+00
  1.3720E+00  4.5769E+00  1.3497E-02  3.9270E+00  6.2267E+00  4.4361E+01 -6.2267E+00
  1.3760E+00  4.5902E+00  1.3411E-02  3.9021E+00  6.2267E+00  4.4361E+01 -6.2267E+00
  1.3800E+00  4.6036E+00  1.3326E-02  3.8771E+00  6.2267E+00  4.4361E+01 -6.2267E+00
  1.3840E+00  4.6169E+00  1.3240E-02  3.8522E+00  6.2267E+00  4.4361E+01 -6.2267E+00
  1.3880E+00  4.6303E+00  1.3154E-02  3.8273E+00  6.2267E+00  4.4361E+01 -6.2267E+00
  1.3920E+00  4.6436E+00  1.3069E-02  3.8024E+00  6.2267E+00  4.4361E+01 -6.2267E+00
  1.3960E+00  4.6569E+00  1.2983E-02  3.7775E+00  6.2267E+00  4.4361E+01 -6.2267E+00
  1.4000E+00  4.6703E+00  1.2897E-02  3.7526E+00  6.2267E+00  4.4360E+01 -6.2267E+00
  1.4040E+00  4.6836E+00  1.2811E-02  3.7277E+00  6.2267E+00  4.4360E+01 -6.2267E+00
  1.4080E+00  4.6970E+00  1.2726E-02  3.7028E+00  6.2267E+00  4.4360E+01 -6.2267E+00
  1.4120E+00  4.7103E+00  1.2640E-02  3.6779E+00  6.2267E+00  4.4360E+01 -6.2267E+00
  1.4160E+00  4.7237E+00  1.2554E-02  3.6530E+00  6.2267E+00  4.4360E+01 -6.2267E+00
  1.4200E+00  4.7370E+00  1.2468E-02  3.6281E+00  6.2267E+00  4.4360E+01 -6.2267E+00
  1.4240E+00  4.7503E+00  1.2383E-02  3.6032E+00  6.2267E+00  4.4360E+01 -6.2267E+00
  1.4280E+00  4.7637E+00  1.2297E-02  3.5783E+00  6.2267E+00  4.4360E+01 -6.2267E+00
  1.4320E+00  4.7770E+00  1.2211E-02  3.5534E+00  6.2267E+00  4.4360E+01 -6.2267E+00
  1.4360E+00  4.7904E+00  1.2125E-02  3.5285E+00  6.2267E+00  4.4360E+01 -6.2267E+00
  1.4400E+00  4.8037E+00  1.2040E-02  3.5035E+00  6.2267E+00  4.4360E+01 -6.2267E+00
  1.4440E+00  4.8171E+00  1.1954E-02  3.4786E+00  6.2267E+00  4.4360E+01 -6.2267E+00
  1.4480E+00  4.8304E+00  1.1868E-02  3.4537E+00  6.2267E+00  4.4359E+01 -6.2267E+00
  1.4520E+00  4.8437E+00  1.1782E-02  3.4288E+00  6.2267E+00  4.4359E+01 -6.2267E+00
  1.4560E+00  4.8571E+00  1.1697E-02  3.4039E+00  6.2267E+00  4.4359E+01 -6.2267E+00
  1.4600E+00  4.8704E+00  1.1611E-02  3.3790E+00  6.2267E+00  4.4359E+01 -6.2267E+00
  1.4640E+00  4.8838E+00  1.1525E-02  3.3541E+00  6.2267E+00  4.4359E+01 -6.2267E+00
  1.4680E+00  4.8971E+00  1.1439E-02  3.3292E+00  6.2267E+00  4.4359E+01 -6.2267E+00
  1.4720E+00  4.9105E+00  1.1354E-02  3.3043E+00  6.2267E+00  4.4359E+01 -6.2267E+00
  1.4760E+00  4.9238E+00  1.1268E-02  3.2794E+00  6.2267E+00  4.4359E+01 -6.2267E+00
  1.4800E+00  4.9371E+00  1.1182E-02  3.2545E+00  6.2267E+00  4.4359E+01 -6.2267E+00
  1.4840E+00  4.9505E+00  1.1097E-02  3.2296E+00  6.2267E+00  4.4359E+01 -6.2267E+00
  1.4880E+00  4.9638E+00  1.1011E-02  3.2047E+00  6.2267E+00  4.4359E+01 -6.2267E+00
  1.4920E+00  4.9772E+00  1.0925E-02  3.1798E+00  6.2267E+00  4.4359E+01 -6.2267E+00
  1.4960E+00  4.9905E+00  1.0839E-02  3.1548E+00  6.2267E+00  4.4358E+01 -6.2267E+00
  1.5000E+00  5.0039E+00  1.0754E-02  3.1299E+00  6.2267E+00  4.4358E+01 -6.2267E+00
  1.5040E+00  5.0172E+00  1.0668E-02  3.1050E+00  6.2267E+00  4.4358E+01 -6.2267E+00
  1.5080E+00  5.0305E+00  1.0582E-02  3.0801E+00  6.2267E+00  4.4358E+01 -6.2267E+00
  1.5120E+00  5.0439E+00  1.0496E-02  3.0552E+00  6.2267E+00  4.4358E+01 -6.2267E+00
  1.5160E+00  5.0572E+00  1.0411E-02  3.0303E+00  6.2267E+00  4.4358E+01 -6.2267E+00
  1.5200E+00  5.0706E+00  1.0325E-02  3.0054E+00  6.2267E+00  4.4358E+01 -6.2267E+00
  1.5240E+00  5.0839E+00  1.0239E-02  2.9805E+00  6.2267E+00  4.4358E+01 -6.2267E+00
  1.5280E+00  5.0973E+00  1.0153E-02  2.9556E+00  6.2267E+00  4.4358E+01 -6.2267E+00
  1.5320E+00  5.1106E+00  1.0068E-02  2.9307E+00  6.2267E+00  4.4358E+01 -6.2267E+00
  1.5360E+00  5.1239E+00  9.9819E-03  2.9058E+00  6.2267E+00  4.4358E+01 -6.2267E+00
  1.5400E+00  5.1373E+00  9.8962E-03  2.8809E+00  6.2267E+00  4.4357E+01 -6.2267E+00
  1.5440E+00  5.1506E+00  9.8104E-03  2.8560E+00  6.2267E+00  4.4357E+01 -6.2267E+00
  1.5480E+00  5.1640E+00  9.7247E-03  2.8311E+00  6.2267E+00  4.4357E+01 -6.2267E+00
  1.5520E+00  5.1773E+00  9.6390E-03  2.8062E+00  6.2267E+00  4.4357E+01 -6.2267E+00
  1.5560E+00  5.1907E+00  9.5532E-03  2.7812E+00  6.2267E+00  4.4357E+01 -6.2267E+00
  1.5600E+00  5.2040E+00  9.4675E-03  2.7563E+00  6.2267E+00  4.4357E+01 -6.2267E+00
  1.5640E+00  5.2173E+00  9.3817E-03  2.7314E+00  6.2267E+00  4.4357E+01 -6.2267E+00
  1.5680E+00  5.2307E+00  9.2960E-03  2.7065E+00  6.2267E+00  4.4357E+01 -6.2267E+00
  1.5720E+00  5.2440E+00  9.2103E-03  2.6816E+00  6.2267E+00  4.4357E+01 -6.2267E+00
  1.5760E+00  5.2574E+00  9.1245E-03  2.6567E+00  6.2267E+00  4.4357E+01 -6.2267E+00
  1.5800E+00  5.2707E+00  9.0388E-03  2.6318E+00  6.2267E+00  4.4357E+01 -6.2267E+00
  1.5840E+00  5.2841E+00  8.9530E-03  2.6069E+00  6.2267E+00  4.4357E+01 -6.2267E+00
  1.5880E+00  5.2974E+00  8.8673E-03  2.5820E+00  6.2267E+00  4.4356E+01 -6.2267E+00
  1.5920E+00  5.3107E+00  8.7816E-03  2.5571E+00  6.2267E+00  4.4356E+01 -6.2267E+00
  1.5960E+00  5.3241E+00  8.6958E-03  2.5322E+00  6.2267E+00  4.4356E+01 -6.2267E+00
  1.6000E+00  5.3374E+00  8.6101E-03  2.5073E+00  6.2267E+00  4.4356E+01 -6.2267E+00
  1.6040E+00  5.3508E+00  8.5243E-03  2.4824E+00  6.2267E+00  4.4356E+01 -6.2267E+00
  1.6080E+00  5.3641E+00  8.4386E-03  2.4575E+00  6.2267E+00  4.4356E+01 -6.2267E+00
  1.6120E+00  5.3775E+00  8.3529E-03  2.4325E+00  6.2267E+00  4.4356E+01 -6.2267E+00
  1.6160E+00  5.3908E+00  8.2671E-03  2.4076E+00  6.2267E+00  4.4356E+01 -6.2267E+00
  1.6200E+00  5.4041E+00  8.1814E-03  2.3827E+00  6.2267E+00  4.4356E+01 -6.2267E+00
  1.6240E+00  5.4175E+00  8.0956E-03  2.3578E+00  6.2267E+00  4.4356E+01 -6.2267E+00
  1.6280E+00  5.4308E+00  8.0099E-03  2.3329E+00  6.2267E+00  4.4356E+01 -6.2267E+00
  1.6320E+00  5.4442E+00  7.9242E-03  2.3080E+00  6.2267E+00  4.4356E+01 -6.2267E+00
  1.6360E+00  5.4575E+00  7.8384E-03  2.2831E+00  6.2267E+00  4.4355E+01 -6.2267E+00
  1.6400E+00  5.4709E+00  7.7527E-03  2.2582E+00  6.2267E+00  4.4355E+01 -6.2267E+00
  1.6440E+00  5.4842E+00  7.6670E-03  2.2333E+00  6.2267E+00  4.4355E+01 -6.2267E+00
  1.6480E+00  5.4975E+00  7.5812E-03  2.2084E+00  6.2267E+00  4.4355E+01 -6.2267E+00
  1.6520E+00  5.5109E+00  7.4955E-03  2.1835E+00  6.2267E+00  4.4355E+01 -6.2267E+00
  1.6560E+00  5.5242E+00  7.4097E-03  2.1586E+00  6.2267E+00  4.4355E+01 -6.2267E+00
  1.6600E+00  5.5376E+00  7.3240E-03  2.1337E+00  6.2267E+00  4.4355E+01 -6.2267E+00
  1.6640E+00  5.5509E+00  7.2383E-03  2.1088E+00  6.2267E+00  4.4355E+01 -6.2267E+00
  1.6680E+00  5.5643E+00  7.1525E-03  2.0839E+00  6.2267E+00  4.4355E+01 -6.2267E+00
  1.6720E+00  5.5776E+00  7.0668E-03  2.0589E+00  6.2267E+00  4.4355E+01 -6.2267E+00
  1.6760E+00  5.5909E+00  6.9810E-03  2.0340E+00  6.2267E+00  4.4355E+01 -6.2267E+00
  1.6800E+00  5.6043E+00  6.8953E-03  2.0091E+00  6.2267E+00  4.4354E+01 -6.2267E+00
  1.6840E+00  5.6176E+00  6.8096E-03  1.9842E+00  6.2267E+00  4.4354E+01 -6.2267E+00
  1.6880E+00  5.6310E+00  6.7238E-03  1.9593E+00  6.2267E+00  4.4354E+01 -6.2267E+00
  1.6920E+00  5.6443E+00  6.6381E-03  1.9344E+00  6.2267E+00  4.4354E+01 -6.2267E+00
  1.6960E+00  5.6577E+00  6.5523E-03  1.9095E+00  6.2267E+00  4.4354E+01 -6.2267E+00
  1.7000E+00  5.6710E+00  6.4666E-03  1.8846E+00  6.2267E+00  4.4354E+01 -6.2267E+00
  1.7040E+00  5.6843E+00  6.3809E-03  1.8597E+00  6.2267E+00  4.4354E+01 -6.2267E+00
  1.7080E+00  5.6977E+00  6.2951E-03  1.8348E+00  6.2267E+00  4.4354E+01 -6.2267E+00
  1.7120E+00  5.7110E+00  6.2094E-03  1.8099E+00  6.2267E+00  4.4354E+01 -6.2267E+00
  1.7160E+00  5.7244E+00  6.1236E-03  1.7850E+00  6.2267E+00  4.4354E+01 -6.2267E+00
  1.7200E+00  5.7377E+00  6.0379E-03  1.7601E+00  6.2267E+00  4.4354E+01 -6.2267E+00
  1.7240E+00  5.7511E+00  5.9522E-03  1.7352E+00  6.2267E+00  4.4354E+01 -6.2267E+00
  1.7280E+00  5.7644E+00  5.8664E-03  1.7103E+00  6.2267E+00  4.4353E+01 -6.2267E+00
  1.7320E+00  5.7777E+00  5.7807E-03  1.6853E+00  6.2267E+00  4.4353E+01 -6.2267E+00
  1.7360E+00  5.7911E+00  5.6949E-03  1.6604E+00  6.2267E+00  4.4353E+01 -6.2267E+00
  1.7400E+00  5.8044E+00  5.6092E-03  1.6355E+00  6.2267E+00  4.4353E+01 -6.2267E+00
  1.7440E+00  5.8178E+00  5.5235E-03  1.6106E+00  6.2267E+00  4.4353E+01 -6.2267E+00
  1.7480E+00  5.8311E+00  5.4377E-03  1.5857E+00  6.2267E+00  4.4353E+01 -6.2267E+00
  1.7520E+00  5.8445E+00  5.3520E-03  1.5608E+00  6.2267E+00  4.4353E+01 -6.2267E+00
  1.7560E+00  5.8578E+00  5.2662E-03  1.5359E+00  6.2267E+00  4.4353E+01 -6.2267E+00
  1.7600E+00  5.8711E+00  5.1805E-03  1.5110E+00  6.2267E+00  4.4353E+01 -6.2267E+00
  1.7640E+00  5.8845E+00  5.0948E-03  1.4861E+00  6.2267E+00  4.4353E+01 -6.2267E+00
  1.7680E+00  5.8978E+00  5.0090E-03  1.4612E+00  6.2267E+00  4.4353E+01 -6.2267E+00
  1.7720E+00  5.9112E+00  4.9233E-03  1.4363E+00  6.2267E+00  4.4352E+01 -6.2267E+00
  1.7760E+00  5.9245E+00  4.8376E-03  1.4114E+00  6.2267E+00  4.4352E+01 -6.2267E+00
  1.7800E+00  5.9379E+00  4.7518E-03  1.3865E+00  6.2267E+00  4.4352E+01 -6.2267E+00
  1.7840E+00  5.9512E+00  4.6661E-03  1.3616E+00  6.2267E+00  4.4352E+01 -6.2266E+00
  1.7880E+00  5.9645E+00  4.5803E-03  1.3367E+00  6.2267E+00  4.4352E+01 -6.2266E+00
  1.7920E+00  5.9779E+00  4.4946E-03  1.3117E+00  6.2267E+00  4.4352E+01 -6.2266E+00
  1.7960E+00  5.9912E+00  4.4089E-03  1.2868E+00  6.2267E+00  4.4352E+01 -6.2266E+00
  1.8000E+00  6.0046E+00  4.3231E-03  1.2619E+00  6.2267E+00  4.4352E+01 -6.2266E+00
  1.8040E+00  6.0179E+00  4.2374E-03  1.2370E+00  6.2267E+00  4.4352E+01 -6.2266E+00
  1.8080E+00  6.0313E+00  4.1516E-03  1.2121E+00  6.2267E+00  4.4352E+01 -6.2266E+00
  1.8120E+00  6.0446E+00  4.0659E-03  1.1872E+00  6.2267E+00  4.4352E+01 -6.2266E+00
  1.8160E+00  6.0579E+00  3.9802E-03  1.1623E+00  6.2267E+00  4.4352E+01 -6.2266E+00
  1.8200E+00  6.0713E+00  3.8944E-03  1.1374E+00  6.2267E+00  4.4351E+01 -6.2266E+00
  1.8240E+00  6.0846E+00  3.8087E-03  1.1125E+00  6.2267E+00  4.4351E+01 -6.2266E+00
  1.8280E+00  6.0980E+00  3.7229E-03  1.0876E+00  6.2267E+00  4.4351E+01 -6.2266E+00
  1.8320E+00  6.1113E+00  3.6372E-03  1.0627E+00  6.2267E+00  4.4351E+01 -6.2266E+00
  1.8360E+00  6.1247E+00  3.5515E-03  1.0378E+00  6.2267E+00  4.4351E+01 -6.2266E+00
  1.8400E+00  6.1380E+00  3.4657E-03  1.0129E+00  6.2267E+00  4.4351E+01 -6.2266E+00
  1.8440E+00  6.1513E+00  3.3800E-03  9.8796E-01  6.2267E+00  4.4351E+01 -6.2266E+00
  1.8480E+00  6.1647E+00  3.2942E-03  9.6306E-01  6.2267E+00  4.4351E+01 -6.2266E+00
  1.8520E+00  6.1780E+00  3.2085E-03  9.3815E-01  6.2267E+00  4.4351E+01 -6.2265E+00
