  0.0000E+00  0.0000E+00  3.0680E-11  1.0000E-04  9.9809E-01  4.8923E-02 -4.0142E-07
  1.7985E-03  6.0000E-03  7.1030E-09  1.7979E-03  9.9809E-01  4.8923E-02  9.9655E-01
  3.5970E-03  1.2000E-02  1.4175E-08  3.5916E-03  9.9809E-01  4.8923E-02  9.9770E-01
  5.3956E-03  1.8000E-02  2.1248E-08  5.3862E-03  9.9809E-01  4.8923E-02  9.9792E-01
  7.1941E-03  2.4000E-02  2.8320E-08  7.1810E-03  9.9809E-01  4.8923E-02  9.9799E-01
  8.9926E-03  3.0000E-02  3.5392E-08  8.9760E-03  9.9809E-01  4.8923E-02  9.9803E-01
  1.0791E-02  3.6000E-02  4.2479E-08  1.0775E-02  1.0027E+00  4.8923E-02  1.0027E+00
  1.2590E-02  4.2000E-02  4.9599E-08  1.2583E-02  1.0083E+00  4.8923E-02  1.0083E+00
  1.4388E-02  4.8000E-02  5.6758E-08  1.4402E-02  1.0148E+00  4.8923E-02  1.0148E+00
  1.6187E-02  5.4000E-02  6.3962E-08  1.6234E-02  1.0221E+00  4.8923E-02  1.0221E+00
  1.7985E-02  6.0000E-02  7.1217E-08  1.8079E-02  1.0304E+00  4.8923E-02  1.0304E+00
  1.9784E-02  6.6000E-02  7.8529E-08  1.9941E-02  1.0395E+00  4.8923E-02  1.0395E+00
  2.1582E-02  7.2000E-02  8.5903E-08  2.1819E-02  1.0495E+00  4.8923E-02  1.0495E+00
  2.3381E-02  7.8000E-02  9.3346E-08  2.3716E-02  1.0604E+00  4.8923E-02  1.0604E+00
  2.5179E-02  8.4000E-02  1.0086E-07  2.5634E-02  1.0723E+00  4.8922E-02  1.0723E+00
  2.6978E-02  9.0000E-02  1.0846E-07  2.7574E-02  1.0850E+00  4.8922E-02  1.0850E+00
  2.8777E-02  9.6000E-02  1.1615E-07  2.9538E-02  1.0988E+00  4.8922E-02  1.0987E+00
  3.0575E-02  1.0200E-01  1.2393E-07  3.1527E-02  1.1134E+00  4.8922E-02  1.1134E+00
  3.2374E-02  1.0800E-01  1.3181E-07  3.3543E-02  1.1290E+00  4.8922E-02  1.1290E+00
  3.4172E-02  1.1400E-01  1.3979E-07  3.5589E-02  1.1456E+00  4.8921E-02  1.1456E+00
  3.5971E-02  1.2000E-01  1.4789E-07  3.7665E-02  1.1632E+00  4.8921E-02  1.1632E+00
  3.7769E-02  1.2600E-01  1.5611E-07  3.9773E-02  1.1818E+00  4.8921E-02  1.1818E+00
  3.9568E-02  1.3200E-01  1.6446E-07  4.1916E-02  1.2014E+00  4.8921E-02  1.2014E+00
  4.1367E-02  1.3800E-01  1.7294E-07  4.4096E-02  1.2220E+00  4.8920E-02  1.2220E+00
  4.3165E-02  1.4400E-01  1.8156E-07  4.6313E-02  1.2437E+00  4.8920E-02  1.2437E+00
  4.4964E-02  1.5000E-01  1.9034E-07  4.8570E-02  1.2665E+00  4.8920E-02  1.2665E+00
  4.6762E-02  1.5600E-01  1.9921E-07  5.0853E-02  1.2697E+00  4.8920E-02  1.2697E+00
  4.8561E-02  1.6200E-01  2.0808E-07  5.3137E-02  1.2697E+00  4.8920E-02  1.2697E+00
  5.0360E-02  1.6800E-01  2.1696E-07  5.5421E-02  1.2697E+00  4.8920E-02  1.2697E+00
  5.2158E-02  1.7400E-01  2.2583E-07  5.7705E-02  1.2697E+00  4.8920E-02  1.2697E+00
  5.3957E-02  1.8000E-01  2.3470E-07  5.9988E-02  1.2697E+00  4.8920E-02  1.2697E+00
  5.5756E-02  1.8600E-01  2.4357E-07  6.2272E-02  1.2697E+00  4.8920E-02  1.2697E+00
  5.7554E-02  1.9200E-01  2.5245E-07  6.4556E-02  1.2697E+00  4.8920E-02  1.2697E+00
  5.9353E-02  1.9800E-01  2.6132E-07  6.6840E-02  1.2697E+00  4.8920E-02  1.2697E+00
  6.1151E-02  2.0400E-01  2.7019E-07  6.9123E-02  1.2697E+00  4.8920E-02  1.2697E+00
  6.2950E-02  2.1000E-01  2.7907E-07  7.1407E-02  1.2697E+00  4.8920E-02  1.2697E+00
  6.4749E-02  2.1600E-01  2.8794E-07  7.3691E-02  1.2697E+00  4.8920E-02  1.2697E+00
  6.6547E-02  2.2200E-01  2.9681E-07  7.5974E-02  1.2697E+00  4.8920E-02  1.2697E+00
  6.8346E-02  2.2800E-01  3.0569E-07  7.8258E-02  1.2697E+00  4.8920E-02  1.2697E+00
  7.0145E-02  2.3400E-01  3.1456E-07  8.0542E-02  1.2697E+00  4.8920E-02  1.2697E+00
  7.1943E-02  2.4000E-01  3.2343E-07  8.2826E-02  1.2697E+00  4.8920E-02  1.2697E+00
  7.3742E-02  2.4600E-01  3.3225E-07  8.5095E-02  1.2532E+00  4.8920E-02  1.2532E+00
  7.5540E-02  2.5200E-01  3.4095E-07  8.7333E-02  1.2357E+00  4.8920E-02  1.2357E+00
  7.7339E-02  2.5800E-01  3.4954E-07  8.9540E-02  1.2179E+00  4.8921E-02  1.2179E+00
  7.9138E-02  2.6400E-01  3.5800E-07  9.1714E-02  1.1995E+00  4.8921E-02  1.1995E+00
  8.0936E-02  2.7000E-01  3.6634E-07  9.3855E-02  1.1807E+00  4.8922E-02  1.1807E+00
  8.2735E-02  2.7600E-01  3.7456E-07  9.5961E-02  1.1615E+00  4.8922E-02  1.1615E+00
  8.4533E-02  2.8200E-01  3.8264E-07  9.8033E-02  1.1419E+00  4.8923E-02  1.1419E+00
  8.6332E-02  2.8800E-01  3.9060E-07  1.0007E-01  1.1219E+00  4.8924E-02  1.1219E+00
  8.8131E-02  2.9400E-01  3.9842E-07  1.0207E-01  1.1014E+00  4.8926E-02  1.1014E+00
  8.9929E-02  3.0000E-01  4.0610E-07  1.0403E-01  1.0806E+00  4.8927E-02  1.0806E+00
  9.1728E-02  3.0600E-01  4.1365E-07  1.0595E-01  1.0593E+00  4.8929E-02  1.0593E+00
  9.3526E-02  3.1200E-01  4.2106E-07  1.0784E-01  1.0377E+00  4.8931E-02  1.0377E+00
  9.5325E-02  3.1800E-01  4.2832E-07  1.0969E-01  1.0157E+00  4.8934E-02  1.0157E+00
  9.7123E-02  3.2400E-01  4.3544E-07  1.1149E-01  9.9334E-01  4.8937E-02  9.9334E-01
  9.8922E-02  3.3000E-01  4.4241E-07  1.1326E-01  9.7060E-01  4.8941E-02  9.7060E-01
  1.0072E-01  3.3600E-01  4.4924E-07  1.1499E-01  9.4751E-01  4.8945E-02  9.4751E-01
  1.0252E-01  3.4200E-01  4.5591E-07  1.1667E-01  9.2408E-01  4.8951E-02  9.2408E-01
  1.0432E-01  3.4800E-01  4.6243E-07  1.1831E-01  9.0031E-01  4.8957E-02  9.0031E-01
  1.0612E-01  3.5400E-01  4.6880E-07  1.1991E-01  8.7621E-01  4.8964E-02  8.7621E-01
  1.0791E-01  3.6000E-01  4.7502E-07  1.2146E-01  8.5180E-01  4.8972E-02  8.5180E-01
  1.0971E-01  3.6600E-01  4.8108E-07  1.2297E-01  8.2707E-01  4.8981E-02  8.2707E-01
  1.1151E-01  3.7200E-01  4.8698E-07  1.2444E-01  8.0204E-01  4.8992E-02  8.0204E-01
  1.1331E-01  3.7800E-01  4.9272E-07  1.2586E-01  7.7673E-01  4.9004E-02  7.7672E-01
  1.1511E-01  3.8400E-01  4.9830E-07  1.2723E-01  7.5112E-01  4.9018E-02  7.5112E-01
  1.1691E-01  3.9000E-01  5.0373E-07  1.2856E-01  7.2525E-01  4.9035E-02  7.2525E-01
  1.1871E-01  3.9600E-01  5.0899E-07  1.2984E-01  6.9911E-01  4.9053E-02  6.9911E-01
  1.2050E-01  4.0200E-01  5.1409E-07  1.3107E-01  6.7272E-01  4.9074E-02  6.7272E-01
  1.2230E-01  4.0800E-01  5.1902E-07  1.3226E-01  6.4608E-01  4.9098E-02  6.4608E-01
  1.2410E-01  4.1400E-01  5.2379E-07  1.3339E-01  6.1921E-01  4.9125E-02  6.1921E-01
  1.2600E-01  4.2034E-01  5.2865E-07  1.3454E-01  5.9058E-01  4.9157E-02  5.9058E-01
  1.2780E-01  4.2634E-01  5.3309E-07  1.3558E-01  5.6325E-01  4.9192E-02  5.6325E-01
  1.2960E-01  4.3234E-01  5.3735E-07  1.3657E-01  5.3572E-01  4.9231E-02  5.3572E-01
  1.3140E-01  4.3834E-01  5.4146E-07  1.3751E-01  5.0800E-01  4.9274E-02  5.0800E-01
  1.3319E-01  4.4434E-01  5.4539E-07  1.3840E-01  4.8009E-01  4.9323E-02  4.8008E-01
  1.3499E-01  4.5034E-01  5.4917E-07  1.3923E-01  4.5200E-01  4.9378E-02  4.5200E-01
  1.3679E-01  4.5634E-01  5.5277E-07  1.4002E-01  4.2375E-01  4.9439E-02  4.2375E-01
  1.3859E-01  4.6234E-01  5.5622E-07  1.4076E-01  3.9535E-01  4.9508E-02  3.9534E-01
  1.4039E-01  4.6834E-01  5.5949E-07  1.4144E-01  3.6680E-01  4.9584E-02  3.6680E-01
  1.4218E-01  4.7434E-01  5.6261E-07  1.4208E-01  3.3812E-01  4.9668E-02  3.3811E-01
  1.4398E-01  4.8034E-01  5.6556E-07  1.4266E-01  3.0931E-01  4.9762E-02  3.0931E-01
  1.4578E-01  4.8634E-01  5.6835E-07  1.4319E-01  2.8039E-01  4.9866E-02  2.8039E-01
  1.4758E-01  4.9234E-01  5.7098E-07  1.4367E-01  2.5137E-01  4.9980E-02  2.5137E-01
  1.4938E-01  4.9834E-01  5.7344E-07  1.4409E-01  2.2226E-01  5.0107E-02  2.2226E-01
  1.5118E-01  5.0434E-01  5.7575E-07  1.4447E-01  1.9307E-01  5.0246E-02  1.9307E-01
  1.5297E-01  5.1034E-01  5.7790E-07  1.4479E-01  1.6381E-01  5.0399E-02  1.6380E-01
  1.5477E-01  5.1634E-01  5.7989E-07  1.4506E-01  1.3448E-01  5.0568E-02  1.3448E-01
  1.5657E-01  5.2234E-01  5.8173E-07  1.4527E-01  1.0511E-01  5.0752E-02  1.0511E-01
  1.5837E-01  5.2834E-01  5.8341E-07  1.4543E-01  7.5700E-02  5.0953E-02  7.5697E-02
  1.6017E-01  5.3434E-01  5.8495E-07  1.4554E-01  4.6264E-02  5.1173E-02  4.6258E-02
  1.6196E-01  5.4034E-01  5.8633E-07  1.4560E-01  1.6817E-02  5.1413E-02  1.6802E-02
  1.6376E-01  5.4634E-01  5.8756E-07  1.4560E-01  1.2682E-02  5.1674E-02 -1.2661E-02
  1.6556E-01  5.5234E-01  5.8865E-07  1.4556E-01  4.2126E-02  5.1957E-02 -4.2120E-02
  1.6736E-01  5.5834E-01  5.8959E-07  1.4545E-01  7.1568E-02  5.2265E-02 -7.1564E-02
  1.6916E-01  5.6434E-01  5.9039E-07  1.4530E-01  1.0099E-01  5.2597E-02 -1.0098E-01
  1.7095E-01  5.7034E-01  5.9106E-07  1.4509E-01  1.3037E-01  5.2956E-02 -1.3036E-01
  1.7275E-01  5.7634E-01  5.9159E-07  1.4483E-01  1.5970E-01  5.3343E-02 -1.5970E-01
  1.7455E-01  5.8234E-01  5.9198E-07  1.4452E-01  1.8898E-01  5.3760E-02 -1.8898E-01
  1.7635E-01  5.8834E-01  5.9224E-07  1.4415E-01  2.1819E-01  5.4207E-02 -2.1819E-01
  1.7814E-01  5.9434E-01  5.9238E-07  1.4373E-01  2.4732E-01  5.4687E-02 -2.4732E-01
  1.7994E-01  6.0034E-01  5.9239E-07  1.4326E-01  2.7636E-01  5.5200E-02 -2.7636E-01
  1.8174E-01  6.0634E-01  5.9228E-07  1.4274E-01  3.0531E-01  5.5748E-02 -3.0531E-01
  1.8354E-01  6.1234E-01  5.9206E-07  1.4216E-01  3.3414E-01  5.6333E-02 -3.3414E-01
  1.8533E-01  6.1834E-01  5.9172E-07  1.4154E-01  3.6285E-01  5.6955E-02 -3.6285E-01
  1.8713E-01  6.2434E-01  5.9126E-07  1.4086E-01  3.9143E-01  5.7615E-02 -3.9143E-01
  1.8893E-01  6.3034E-01  5.9071E-07  1.4013E-01  4.1988E-01  5.8315E-02 -4.1987E-01
  1.9073E-01  6.3634E-01  5.9004E-07  1.3935E-01  4.4816E-01  5.9056E-02 -4.4816E-01
  1.9252E-01  6.4234E-01  5.8928E-07  1.3852E-01  4.7629E-01  5.9838E-02 -4.7629E-01
  1.9432E-01  6.4834E-01  5.8843E-07  1.3764E-01  5.0425E-01  6.0662E-02 -5.0425E-01
  1.9612E-01  6.5434E-01  5.8748E-07  1.3671E-01  5.3202E-01  6.1529E-02 -5.3202E-01
  1.9792E-01  6.6034E-01  5.7173E-07  1.3575E-01  5.3498E-01  8.8328E-02 -5.3498E-01
  1.9971E-01  6.6634E-01  5.5464E-07  1.3478E-01  5.3498E-01  8.8328E-02 -5.3498E-01
  2.0151E-01  6.7234E-01  5.3755E-07  1.3382E-01  5.3498E-01  8.8328E-02 -5.3498E-01
  2.0331E-01  6.7834E-01  5.2046E-07  1.3286E-01  5.3498E-01  8.8328E-02 -5.3498E-01
  2.0510E-01  6.8434E-01  5.0337E-07  1.3190E-01  5.3498E-01  8.8328E-02 -5.3498E-01
  2.0690E-01  6.9034E-01  4.8628E-07  1.3094E-01  5.3498E-01  8.8328E-02 -5.3498E-01
  2.0880E-01  6.9667E-01  4.6822E-07  1.2992E-01  5.3498E-01  8.8328E-02 -5.3498E-01
  2.1060E-01  7.0267E-01  4.5113E-07  1.2896E-01  5.3498E-01  8.8328E-02 -5.3498E-01
  2.1239E-01  7.0867E-01  4.3404E-07  1.2800E-01  5.3498E-01  8.8328E-02 -5.3498E-01
  2.1419E-01  7.1467E-01  4.1695E-07  1.2704E-01  5.3498E-01  8.8328E-02 -5.3498E-01
  2.1599E-01  7.2067E-01  3.9986E-07  1.2608E-01  5.3498E-01  8.8328E-02 -5.3498E-01
  2.1779E-01  7.2667E-01  3.8276E-07  1.2512E-01  5.3498E-01  8.8327E-02 -5.3498E-01
  2.1958E-01  7.3267E-01  3.6567E-07  1.2415E-01  5.3498E-01  8.8327E-02 -5.3498E-01
  2.2138E-01  7.3867E-01  3.4858E-07  1.2319E-01  5.3498E-01  8.8327E-02 -5.3498E-01
  2.2318E-01  7.4467E-01  3.3149E-07  1.2223E-01  5.3498E-01  8.8327E-02 -5.3498E-01
  2.2497E-01  7.5067E-01  3.1440E-07  1.2127E-01  5.3498E-01  8.8327E-02 -5.3498E-01
  2.2677E-01  7.5667E-01  2.9730E-07  1.2031E-01  5.3498E-01  8.8327E-02 -5.3498E-01
  2.2857E-01  7.6267E-01  2.8021E-07  1.1935E-01  5.3498E-01  8.8327E-02 -5.3498E-01
  2.3037E-01  7.6867E-01  2.6312E-07  1.1839E-01  5.3498E-01  8.8327E-02 -5.3498E-01
  2.3216E-01  7.7467E-01  2.4603E-07  1.1742E-01  5.3498E-01  8.8327E-02 -5.3498E-01
  2.3396E-01  7.8067E-01  2.2894E-07  1.1646E-01  5.3498E-01  8.8327E-02 -5.3498E-01
  2.3576E-01  7.8667E-01  2.1185E-07  1.1550E-01  5.3498E-01  8.8327E-02 -5.3498E-01
  2.3755E-01  7.9267E-01  1.9475E-07  1.1454E-01  5.3498E-01  8.8327E-02 -5.3498E-01
  2.3935E-01  7.9867E-01  1.7766E-07  1.1358E-01  5.3498E-01  8.8327E-02 -5.3498E-01
  2.4115E-01  8.0467E-01  1.6057E-07  1.1262E-01  5.3498E-01  8.8327E-02 -5.3498E-01
  2.4295E-01  8.1067E-01  1.4348E-07  1.1165E-01  5.3498E-01  8.8327E-02 -5.3498E-01
  2.4474E-01  8.1667E-01  1.2639E-07  1.1069E-01  5.3498E-01  8.8327E-02 -5.3498E-01
  2.4654E-01  8.2267E-01  1.0929E-07  1.0973E-01  5.3498E-01  8.8327E-02 -5.3498E-01
  2.4834E-01  8.2867E-01  9.2202E-08  1.0877E-01  5.3498E-01  8.8327E-02 -5.3498E-01
  2.5013E-01  8.3467E-01  7.5111E-08  1.0781E-01  5.3498E-01  8.8327E-02 -5.3498E-01
  2.5193E-01  8.4067E-01  5.8019E-08  1.0685E-01  5.3498E-01  8.8327E-02 -5.3498E-01
  2.5373E-01  8.4667E-01  4.0927E-08  1.0589E-01  5.3498E-01  8.8327E-02 -5.3498E-01
  2.5553E-01  8.5267E-01  2.3835E-08  1.0492E-01  5.3498E-01  8.8327E-02 -5.3498E-01
  2.5732E-01  8.5867E-01  6.7431E-09  1.0396E-01  5.3498E-01  8.8327E-02 -5.3498E-01
  2.5912E-01  8.6467E-01 -1.0349E-08  1.0300E-01  5.3498E-01  8.8327E-02 -5.3498E-01
  2.6092E-01  8.7067E-01 -2.7441E-08  1.0204E-01  5.3498E-01  8.8327E-02 -5.3498E-01
  2.6271E-01  8.7667E-01 -4.4532E-08  1.0108E-01  5.3498E-01  8.8327E-02 -5.3498E-01
  2.6451E-01  8.8267E-01 -6.1624E-08  1.0012E-01  5.3498E-01  8.8327E-02 -5.3498E-01
  2.6631E-01  8.8867E-01 -7.8716E-08  9.9156E-02  5.3498E-01  8.8327E-02 -5.3498E-01
  2.6811E-01  8.9467E-01 -9.5808E-08  9.8195E-02  5.3498E-01  8.8327E-02 -5.3498E-01
  2.6990E-01  9.0067E-01 -1.1290E-07  9.7233E-02  5.3498E-01  8.8327E-02 -5.3498E-01
  2.7170E-01  9.0667E-01 -1.2999E-07  9.6272E-02  5.3498E-01  8.8327E-02 -5.3498E-01
  2.7360E-01  9.1302E-01 -1.4806E-07  9.5256E-02  5.3498E-01  8.8327E-02 -5.3498E-01
  2.7540E-01  9.1902E-01 -1.6515E-07  9.4294E-02  5.3498E-01  8.8327E-02 -5.3498E-01
  2.7719E-01  9.2502E-01 -1.8224E-07  9.3333E-02  5.3498E-01  8.8327E-02 -5.3498E-01
  2.7899E-01  9.3102E-01 -1.9933E-07  9.2371E-02  5.3498E-01  8.8327E-02 -5.3498E-01
  2.8079E-01  9.3702E-01 -2.1642E-07  9.1410E-02  5.3498E-01  8.8327E-02 -5.3498E-01
  2.8259E-01  9.4302E-01 -2.3352E-07  9.0448E-02  5.3498E-01  8.8327E-02 -5.3498E-01
  2.8438E-01  9.4902E-01 -2.5061E-07  8.9487E-02  5.3498E-01  8.8327E-02 -5.3498E-01
  2.8618E-01  9.5502E-01 -2.6770E-07  8.8526E-02  5.3498E-01  8.8327E-02 -5.3498E-01
  2.8798E-01  9.6102E-01 -2.8479E-07  8.7564E-02  5.3498E-01  8.8327E-02 -5.3498E-01
  2.8977E-01  9.6702E-01 -3.0188E-07  8.6603E-02  5.3498E-01  8.8327E-02 -5.3498E-01
  2.9157E-01  9.7302E-01 -3.1897E-07  8.5641E-02  5.3498E-01  8.8327E-02 -5.3498E-01
  2.9337E-01  9.7902E-01 -3.3607E-07  8.4680E-02  5.3498E-01  8.8327E-02 -5.3498E-01
  2.9517E-01  9.8502E-01 -3.5316E-07  8.3718E-02  5.3498E-01  8.8327E-02 -5.3498E-01
  2.9696E-01  9.9102E-01 -3.7025E-07  8.2757E-02  5.3484E-01  9.0086E-02 -5.3483E-01
  2.9876E-01  9.9702E-01 -3.9241E-07  8.1804E-02  5.2508E-01  9.5257E-02 -5.2508E-01
  3.0056E-01  1.0030E+00 -4.1499E-07  8.0869E-02  5.1508E-01  9.5405E-02 -5.1508E-01
  3.0235E-01  1.0090E+00 -4.3771E-07  7.9953E-02  5.0520E-01  9.5544E-02 -5.0519E-01
  3.0415E-01  1.0150E+00 -4.6057E-07  7.9053E-02  4.9542E-01  9.5673E-02 -4.9542E-01
  3.0595E-01  1.0210E+00 -4.8356E-07  7.8172E-02  4.8576E-01  9.5793E-02 -4.8575E-01
  3.0775E-01  1.0270E+00 -5.0670E-07  7.7307E-02  4.7620E-01  9.5905E-02 -4.7619E-01
  3.0954E-01  1.0330E+00 -5.2998E-07  7.6459E-02  4.6675E-01  9.6008E-02 -4.6674E-01
  3.1134E-01  1.0390E+00 -5.5340E-07  7.5629E-02  4.5740E-01  9.6103E-02 -4.5740E-01
  3.1314E-01  1.0450E+00 -5.7698E-07  7.4815E-02  4.4816E-01  9.6191E-02 -4.4815E-01
  3.1494E-01  1.0510E+00 -6.0071E-07  7.4017E-02  4.3901E-01  9.6271E-02 -4.3900E-01
  3.1674E-01  1.0570E+00 -6.2459E-07  7.3236E-02  4.2996E-01  9.6345E-02 -4.2995E-01
  3.1853E-01  1.0630E+00 -6.4864E-07  7.2471E-02  4.2101E-01  9.6412E-02 -4.2100E-01
  3.2033E-01  1.0690E+00 -6.7285E-07  7.1722E-02  4.1215E-01  9.6474E-02 -4.1214E-01
  3.2213E-01  1.0750E+00 -6.9722E-07  7.0989E-02  4.0338E-01  9.6530E-02 -4.0337E-01
  3.2393E-01  1.0810E+00 -7.2177E-07  7.0272E-02  3.9471E-01  9.6580E-02 -3.9470E-01
  3.2573E-01  1.0870E+00 -7.4649E-07  6.9570E-02  3.8612E-01  9.6626E-02 -3.8611E-01
  3.2752E-01  1.0930E+00 -7.7138E-07  6.8883E-02  3.7761E-01  9.6666E-02 -3.7760E-01
  3.2932E-01  1.0990E+00 -7.9646E-07  6.8212E-02  3.6919E-01  9.6703E-02 -3.6918E-01
  3.3112E-01  1.1050E+00 -8.2173E-07  6.7555E-02  3.6085E-01  9.6735E-02 -3.6084E-01
  3.3292E-01  1.1110E+00 -8.4719E-07  6.6914E-02  3.5260E-01  9.6764E-02 -3.5258E-01
  3.3472E-01  1.1170E+00 -8.7284E-07  6.6287E-02  3.4442E-01  9.6789E-02 -3.4440E-01
  3.3652E-01  1.1230E+00 -8.9870E-07  6.5675E-02  3.3631E-01  9.6811E-02 -3.3630E-01
  3.3831E-01  1.1290E+00 -9.2476E-07  6.5077E-02  3.2829E-01  9.6830E-02 -3.2827E-01
  3.4011E-01  1.1350E+00 -9.5103E-07  6.4494E-02  3.2033E-01  9.6847E-02 -3.2032E-01
  3.4191E-01  1.1410E+00 -9.7751E-07  6.3925E-02  3.1245E-01  9.6861E-02 -3.1243E-01
  3.4371E-01  1.1470E+00 -1.0042E-06  6.3370E-02  3.0463E-01  9.6872E-02 -3.0462E-01
  3.4551E-01  1.1530E+00 -1.0311E-06  6.2829E-02  2.9689E-01  9.6882E-02 -2.9687E-01
  3.4731E-01  1.1590E+00 -1.0583E-06  6.2302E-02  2.8921E-01  9.6890E-02 -2.8919E-01
  3.4911E-01  1.1650E+00 -1.0857E-06  6.1789E-02  2.8159E-01  9.6896E-02 -2.8157E-01
  3.5090E-01  1.1710E+00 -1.1133E-06  6.1289E-02  2.7404E-01  9.6901E-02 -2.7402E-01
  3.5270E-01  1.1770E+00 -1.1412E-06  6.0803E-02  2.6655E-01  9.6905E-02 -2.6653E-01
  3.5450E-01  1.1830E+00 -1.1693E-06  6.0331E-02  2.5911E-01  9.6908E-02 -2.5909E-01
  3.5630E-01  1.1890E+00 -1.1977E-06  5.9871E-02  2.5174E-01  9.6910E-02 -2.5171E-01
  3.5820E-01  1.1954E+00 -1.2280E-06  5.9400E-02  2.4401E-01  9.6911E-02 -2.4399E-01
  3.6000E-01  1.2014E+00 -1.2569E-06  5.8968E-02  2.3675E-01  9.6911E-02 -2.3672E-01
  3.6180E-01  1.2074E+00 -1.2862E-06  5.8549E-02  2.2954E-01  9.6912E-02 -2.2951E-01
  3.6360E-01  1.2134E+00 -1.3157E-06  5.8142E-02  2.2238E-01  9.6912E-02 -2.2235E-01
  3.6539E-01  1.2194E+00 -1.3455E-06  5.7749E-02  2.1527E-01  9.6912E-02 -2.1524E-01
  3.6719E-01  1.2254E+00 -1.3756E-06  5.7368E-02  2.0821E-01  9.6912E-02 -2.0818E-01
  3.6899E-01  1.2314E+00 -1.4060E-06  5.7000E-02  2.0120E-01  9.6912E-02 -2.0117E-01
  3.7079E-01  1.2374E+00 -1.4367E-06  5.6644E-02  1.9423E-01  9.6913E-02 -1.9419E-01
  3.7259E-01  1.2434E+00 -1.4677E-06  5.6301E-02  1.8730E-01  9.6914E-02 -1.8727E-01
  3.7439E-01  1.2494E+00 -1.4990E-06  5.5971E-02  1.8041E-01  9.6915E-02 -1.8038E-01
  3.7619E-01  1.2554E+00 -1.5307E-06  5.5652E-02  1.7357E-01  9.6917E-02 -1.7353E-01
  3.7799E-01  1.2614E+00 -1.5627E-06  5.5346E-02  1.6676E-01  9.6920E-02 -1.6672E-01
  3.7978E-01  1.2674E+00 -1.5951E-06  5.5053E-02  1.5999E-01  9.6924E-02 -1.5995E-01
  3.8158E-01  1.2734E+00 -1.6278E-06  5.4771E-02  1.5326E-01  9.6929E-02 -1.5322E-01
  3.8338E-01  1.2794E+00 -1.6608E-06  5.4501E-02  1.4656E-01  9.6935E-02 -1.4651E-01
  3.8518E-01  1.2854E+00 -1.6943E-06  5.4244E-02  1.3989E-01  9.6942E-02 -1.3985E-01
  3.8698E-01  1.2914E+00 -1.7281E-06  5.3998E-02  1.3326E-01  9.6950E-02 -1.3321E-01
  3.8878E-01  1.2974E+00 -1.7623E-06  5.3765E-02  1.2665E-01  9.6960E-02 -1.2660E-01
  3.9058E-01  1.3034E+00 -1.7969E-06  5.3543E-02  1.2007E-01  9.6971E-02 -1.2002E-01
  3.9237E-01  1.3094E+00 -1.8319E-06  5.3333E-02  1.1352E-01  9.6983E-02 -1.1346E-01
  3.9417E-01  1.3154E+00  3.2688E-06  5.3127E-02  3.9925E-01  9.9686E+00 -1.1336E-01
  3.9597E-01  1.3214E+00  1.0087E-05  5.2927E-02  3.9925E-01  9.9685E+00 -1.0838E-01
  3.9777E-01  1.3274E+00  1.6906E-05  5.2737E-02  3.9925E-01  9.9684E+00 -1.0335E-01
  3.9957E-01  1.3334E+00  2.3724E-05  5.2556E-02  3.9925E-01  9.9683E+00 -9.8265E-02
  4.0137E-01  1.3394E+00  3.0542E-05  5.2383E-02  3.9925E-01  9.9682E+00 -9.3128E-02
  4.0317E-01  1.3454E+00  3.7361E-05  5.2221E-02  3.9925E-01  9.9681E+00 -8.7941E-02
  4.0496E-01  1.3514E+00  4.4179E-05  5.2067E-02  3.9925E-01  9.9680E+00 -8.2707E-02
  4.0676E-01  1.3574E+00  5.0998E-05  5.1923E-02  3.9925E-01  9.9679E+00 -7.7428E-02
  4.0856E-01  1.3634E+00  5.7816E-05  5.1788E-02  3.9925E-01  9.9679E+00 -7.2106E-02
  4.1036E-01  1.3694E+00  6.4634E-05  5.1663E-02  3.9925E-01  9.9678E+00 -6.6744E-02
  4.1216E-01  1.3754E+00  7.1453E-05  5.1548E-02  3.9925E-01  9.9677E+00 -6.1345E-02
  4.1396E-01  1.3814E+00  7.8271E-05  5.1442E-02  3.9925E-01  9.9676E+00 -5.5911E-02
  4.1575E-01  1.3874E+00  8.5090E-05  5.1346E-02  3.9925E-01  9.9675E+00 -5.0444E-02
  4.1755E-01  1.3934E+00  9.1908E-05  5.1260E-02  3.9925E-01  9.9674E+00 -4.4949E-02
  4.1935E-01  1.3994E+00  9.8726E-05  5.1184E-02  3.9925E-01  9.9673E+00 -3.9428E-02
  4.2115E-01  1.4054E+00  1.0554E-04  5.1118E-02  3.9925E-01  9.9672E+00 -3.3883E-02
  4.2295E-01  1.4114E+00  1.1236E-04  5.1061E-02  3.9925E-01  9.9671E+00 -2.8319E-02
  4.2475E-01  1.4174E+00  1.1918E-04  5.1015E-02  3.9925E-01  9.9670E+00 -2.2738E-02
  4.2655E-01  1.4234E+00  1.2600E-04  5.0979E-02  3.9925E-01  9.9669E+00 -1.7143E-02
  4.2834E-01  1.4294E+00  1.3282E-04  5.0953E-02  3.9925E-01  9.9669E+00 -1.1539E-02
  4.3014E-01  1.4354E+00  1.3964E-04  5.0937E-02  3.9925E-01  9.9668E+00 -5.9269E-03
  4.3194E-01  1.4414E+00  1.4646E-04  5.0931E-02  3.9925E-01  9.9667E+00 -3.1148E-04
  4.3374E-01  1.4474E+00  1.5327E-04  5.0935E-02  3.9925E-01  9.9666E+00  5.3042E-03
  4.3554E-01  1.4534E+00  1.6009E-04  5.0949E-02  3.9925E-01  9.9665E+00  1.0917E-02
  4.3734E-01  1.4594E+00  1.6691E-04  5.0973E-02  3.9925E-01  9.9664E+00  1.6523E-02
  4.3913E-01  1.4654E+00  1.7373E-04  5.1007E-02  3.9925E-01  9.9663E+00  2.2120E-02
  4.4093E-01  1.4714E+00  1.8055E-04  5.1051E-02  3.9925E-01  9.9662E+00  2.7703E-02
  4.4273E-01  1.4774E+00  1.8737E-04  5.1105E-02  3.9925E-01  9.9661E+00  3.3271E-02
  4.4453E-01  1.4834E+00  1.9418E-04  5.1170E-02  3.9925E-01  9.9660E+00  3.8819E-02
  4.4633E-01  1.4894E+00  2.0100E-04  5.1244E-02  3.9925E-01  9.9659E+00  4.4344E-02
  4.4813E-01  1.4954E+00  2.0782E-04  5.1328E-02  3.9925E-01  9.9658E+00  4.9844E-02
  4.4992E-01  1.5014E+00  2.1464E-04  5.1422E-02  3.9925E-01  9.9658E+00  5.5316E-02
  4.5172E-01  1.5074E+00  2.2146E-04  5.1525E-02  3.9925E-01  9.9657E+00  6.0756E-02
  4.5352E-01  1.5134E+00  2.2828E-04  5.1639E-02  3.9925E-01  9.9656E+00  6.6161E-02
  4.5532E-01  1.5194E+00  2.3509E-04  5.1762E-02  3.9925E-01  9.9655E+00  7.1530E-02
  4.5712E-01  1.5254E+00  2.4191E-04  5.1895E-02  3.9925E-01  9.9654E+00  7.6859E-02
  4.5892E-01  1.5314E+00  2.4873E-04  5.2037E-02  3.9925E-01  9.9653E+00  8.2145E-02
  4.6072E-01  1.5374E+00  2.5555E-04  5.2189E-02  3.9925E-01  9.9652E+00  8.7387E-02
  4.6251E-01  1.5434E+00  2.6237E-04  5.2350E-02  3.9925E-01  9.9651E+00  9.2582E-02
  4.6431E-01  1.5494E+00  2.6919E-04  5.2520E-02  3.9925E-01  9.9650E+00  9.7728E-02
  4.6611E-01  1.5554E+00  2.7600E-04  5.2699E-02  3.9925E-01  9.9649E+00  1.0282E-01
  4.6791E-01  1.5614E+00  2.8282E-04  5.2888E-02  3.9925E-01  9.9648E+00  1.0786E-01
  4.6971E-01  1.5674E+00  2.8964E-04  5.3086E-02  3.9925E-01  9.9647E+00  1.1285E-01
  4.7151E-01  1.5734E+00  2.9646E-04  5.3292E-02  3.9925E-01  9.9647E+00  1.1778E-01
  4.7330E-01  1.5794E+00  3.0328E-04  5.3507E-02  3.9925E-01  9.9646E+00  1.2265E-01
  4.7510E-01  1.5854E+00  3.1010E-04  5.3731E-02  3.9925E-01  9.9645E+00  1.2747E-01
  4.7690E-01  1.5914E+00  3.1692E-04  5.3964E-02  3.9925E-01  9.9644E+00  1.3222E-01
  4.7880E-01  1.5977E+00  3.2411E-04  5.4219E-02  3.9925E-01  9.9643E+00  1.3716E-01
  4.8060E-01  1.6037E+00  3.3093E-04  5.4468E-02  3.9925E-01  9.9642E+00  1.4179E-01
  4.8240E-01  1.6097E+00  3.3775E-04  5.4726E-02  3.9925E-01  9.9641E+00  1.4634E-01
  4.8420E-01  1.6157E+00  3.4457E-04  5.4993E-02  3.9925E-01  9.9640E+00  1.5084E-01
  4.8599E-01  1.6217E+00  3.5139E-04  5.5267E-02  3.9925E-01  9.9639E+00  1.5526E-01
  4.8779E-01  1.6277E+00  3.5820E-04  5.5549E-02  3.9925E-01  9.9638E+00  1.5962E-01
  4.8959E-01  1.6337E+00  3.6502E-04  5.5839E-02  3.9925E-01  9.9637E+00  1.6392E-01
  4.9139E-01  1.6397E+00  3.7184E-04  5.6136E-02  3.9925E-01  9.9636E+00  1.6814E-01
  4.9319E-01  1.6457E+00  3.7866E-04  5.6441E-02  3.9925E-01  9.9636E+00  1.7230E-01
  4.9499E-01  1.6517E+00  3.8548E-04  5.6754E-02  3.9925E-01  9.9635E+00  1.7640E-01
  4.9678E-01  1.6577E+00  3.9230E-04  5.7074E-02  3.9925E-01  9.9634E+00  1.8042E-01
  4.9858E-01  1.6637E+00  3.9912E-04  5.7400E-02  3.9925E-01  9.9633E+00  1.8437E-01
  5.0038E-01  1.6697E+00  4.0593E-04  5.7734E-02  3.9925E-01  9.9632E+00  1.8826E-01
  5.0218E-01  1.6757E+00  4.1275E-04  5.8075E-02  3.9925E-01  9.9631E+00  1.9208E-01
  5.0398E-01  1.6817E+00  4.1957E-04  5.8423E-02  3.9925E-01  9.9630E+00  1.9584E-01
  5.0578E-01  1.6877E+00  4.2639E-04  5.8777E-02  3.9925E-01  9.9629E+00  1.9952E-01
  5.0758E-01  1.6937E+00  4.3321E-04  5.9138E-02  3.9925E-01  9.9628E+00  2.0314E-01
  5.0937E-01  1.6997E+00  4.4003E-04  5.9505E-02  3.9925E-01  9.9627E+00  2.0669E-01
  5.1117E-01  1.7057E+00  4.4684E-04  5.9879E-02  3.9925E-01  9.9626E+00  2.1018E-01
  5.1297E-01  1.7117E+00  4.5366E-04  6.0259E-02  3.9925E-01  9.9625E+00  2.1360E-01
  5.1477E-01  1.7177E+00  4.6048E-04  6.0645E-02  3.9925E-01  9.9625E+00  2.1696E-01
  5.1657E-01  1.7237E+00  4.6730E-04  6.1037E-02  3.9925E-01  9.9624E+00  2.2025E-01
  5.1837E-01  1.7297E+00  4.7412E-04  6.1434E-02  3.9925E-01  9.9623E+00  2.2348E-01
  5.2016E-01  1.7357E+00  4.8094E-04  6.1838E-02  3.9925E-01  9.9622E+00  2.2665E-01
  5.2196E-01  1.7417E+00  4.8775E-04  6.2247E-02  3.9925E-01  9.9621E+00  2.2975E-01
  5.2376E-01  1.7477E+00  4.9457E-04  6.2662E-02  3.9925E-01  9.9620E+00  2.3280E-01
  5.2556E-01  1.7537E+00  5.0139E-04  6.3082E-02  3.9925E-01  9.9619E+00  2.3578E-01
  5.2736E-01  1.7597E+00  5.0821E-04  6.3507E-02  3.9925E-01  9.9618E+00  2.3871E-01
  5.2916E-01  1.7657E+00  5.1503E-04  6.3938E-02  3.9925E-01  9.9617E+00  2.4157E-01
  5.3095E-01  1.7717E+00  5.2185E-04  6.4373E-02  3.9925E-01  9.9616E+00  2.4438E-01
  5.3275E-01  1.7777E+00  5.2866E-04  6.4814E-02  3.9925E-01  9.9615E+00  2.4713E-01
  5.3455E-01  1.7837E+00  5.3548E-04  6.5259E-02  3.9925E-01  9.9615E+00  2.4983E-01
  5.3635E-01  1.7897E+00  5.4230E-04  6.5710E-02  3.9925E-01  9.9614E+00  2.5247E-01
  5.3815E-01  1.7957E+00  5.4912E-04  6.6165E-02  3.9925E-01  9.9613E+00  2.5506E-01
  5.3995E-01  1.8017E+00  5.5594E-04  6.6624E-02  3.9925E-01  9.9612E+00  2.5759E-01
  5.4175E-01  1.8077E+00  5.6276E-04  6.7088E-02  3.9925E-01  9.9611E+00  2.6007E-01
  5.4354E-01  1.8137E+00  5.6958E-04  6.7557E-02  3.9925E-01  9.9610E+00  2.6250E-01
  5.4534E-01  1.8197E+00  5.7639E-04  6.8030E-02  3.9925E-01  9.9609E+00  2.6488E-01
  5.4714E-01  1.8257E+00  5.8321E-04  6.8507E-02  3.9925E-01  9.9608E+00  2.6721E-01
  5.4894E-01  1.8317E+00  5.9003E-04  6.8988E-02  3.9925E-01  9.9607E+00  2.6950E-01
  5.5074E-01  1.8377E+00  5.9685E-04  6.9473E-02  3.9925E-01  9.9606E+00  2.7173E-01
  5.5254E-01  1.8437E+00  6.0367E-04  6.9962E-02  3.9925E-01  9.9605E+00  2.7392E-01
  5.5433E-01  1.8497E+00  6.1049E-04  7.0456E-02  3.9925E-01  9.9604E+00  2.7606E-01
  5.5613E-01  1.8557E+00  6.1730E-04  7.0953E-02  3.9925E-01  9.9604E+00  2.7816E-01
  5.5793E-01  1.8617E+00  6.2412E-04  7.1453E-02  3.9925E-01  9.9603E+00  2.8021E-01
  5.5973E-01  1.8677E+00  6.3094E-04  7.1957E-02  3.9925E-01  9.9602E+00  2.8222E-01
  5.6153E-01  1.8737E+00  6.3776E-04  7.2465E-02  3.9925E-01  9.9601E+00  2.8419E-01
  5.6333E-01  1.8797E+00  6.4458E-04  7.2977E-02  3.9925E-01  9.9600E+00  2.8612E-01
  5.6513E-01  1.8857E+00  6.5140E-04  7.3492E-02  3.9925E-01  9.9599E+00  2.8801E-01
  5.6692E-01  1.8917E+00  6.5821E-04  7.4010E-02  3.9925E-01  9.9598E+00  2.8986E-01
  5.6872E-01  1.8977E+00  6.6503E-04  7.4531E-02  3.9925E-01  9.9597E+00  2.9167E-01
  5.7052E-01  1.9037E+00  6.7185E-04  7.5056E-02  3.9925E-01  9.9596E+00  2.9344E-01
  5.7232E-01  1.9097E+00  6.7867E-04  7.5584E-02  3.9925E-01  9.9595E+00  2.9518E-01
  5.7412E-01  1.9157E+00  6.8549E-04  7.6114E-02  3.9925E-01  9.9594E+00  2.9687E-01
  5.7592E-01  1.9217E+00  6.9231E-04  7.6648E-02  3.9925E-01  9.9593E+00  2.9854E-01
  5.7771E-01  1.9277E+00  6.9912E-04  7.7185E-02  3.9925E-01  9.9593E+00  3.0017E-01
  5.7951E-01  1.9337E+00  7.0594E-04  7.7725E-02  3.9925E-01  9.9592E+00  3.0176E-01
  5.8131E-01  1.9397E+00  7.1276E-04  7.8268E-02  3.9925E-01  9.9591E+00  3.0333E-01
  5.8311E-01  1.9457E+00  7.1958E-04  7.8813E-02  3.9925E-01  9.9590E+00  3.0486E-01
  5.8491E-01  1.9517E+00  7.2640E-04  7.9361E-02  3.9925E-01  9.9589E+00  3.0635E-01
  5.8671E-01  1.9577E+00  7.3322E-04  7.9912E-02  3.9925E-01  9.9588E+00  3.0782E-01
  5.8850E-01  1.9637E+00  7.4004E-04  8.0465E-02  3.9925E-01  9.9587E+00  3.0926E-01
  5.9030E-01  1.9697E+00  7.4685E-04  8.1021E-02  3.9925E-01  9.9586E+00  3.1067E-01
  5.9210E-01  1.9757E+00  7.5367E-04  8.1579E-02  3.9925E-01  9.9585E+00  3.1205E-01
  5.9390E-01  1.9817E+00  7.6049E-04  8.2140E-02  3.9925E-01  9.9584E+00  3.1340E-01
  5.9580E-01  1.9880E+00  7.6769E-04  8.2735E-02  3.9925E-01  9.9583E+00  3.1480E-01
  5.9760E-01  1.9940E+00  7.7451E-04  8.3301E-02  3.9925E-01  9.9582E+00  3.1609E-01
  5.9940E-01  2.0000E+00  7.8133E-04  8.3869E-02  3.9925E-01  9.9582E+00  3.1736E-01
  6.0120E-01  2.0060E+00  7.8815E-04  8.4440E-02  3.9925E-01  9.9581E+00  3.1861E-01
  6.0299E-01  2.0120E+00  7.9497E-04  8.5012E-02  3.9925E-01  9.9580E+00  3.1983E-01
  6.0479E-01  2.0180E+00  8.0178E-04  8.5587E-02  3.9925E-01  9.9579E+00  3.2102E-01
  6.0659E-01  2.0240E+00  8.0860E-04  8.6164E-02  3.9925E-01  9.9578E+00  3.2219E-01
  6.0839E-01  2.0300E+00  8.1542E-04  8.6742E-02  3.9925E-01  9.9577E+00  3.2334E-01
  6.1019E-01  2.0360E+00  8.2224E-04  8.7323E-02  3.9925E-01  9.9576E+00  3.2446E-01
  6.1199E-01  2.0420E+00  8.2906E-04  8.7906E-02  3.9925E-01  9.9575E+00  3.2556E-01
  6.1378E-01  2.0480E+00  8.3588E-04  8.8491E-02  3.9925E-01  9.9574E+00  3.2664E-01
  6.1558E-01  2.0540E+00  8.4270E-04  8.9078E-02  3.9925E-01  9.9573E+00  3.2770E-01
  6.1738E-01  2.0600E+00  8.4951E-04  8.9667E-02  3.9925E-01  9.9572E+00  3.2874E-01
  6.1918E-01  2.0660E+00  8.5633E-04  9.0257E-02  3.9925E-01  9.9571E+00  3.2976E-01
  6.2098E-01  2.0720E+00  8.6315E-04  9.0850E-02  3.9925E-01  9.9571E+00  3.3076E-01
  6.2278E-01  2.0780E+00  8.6997E-04  9.1444E-02  3.9925E-01  9.9570E+00  3.3174E-01
  6.2458E-01  2.0840E+00  8.7679E-04  9.2040E-02  3.9925E-01  9.9569E+00  3.3270E-01
  6.2637E-01  2.0900E+00  8.8361E-04  9.2637E-02  3.9925E-01  9.9568E+00  3.3364E-01
  6.2817E-01  2.0960E+00  8.9042E-04  9.3237E-02  3.9925E-01  9.9567E+00  3.3456E-01
  6.2997E-01  2.1020E+00  8.9724E-04  9.3837E-02  3.9925E-01  9.9566E+00  3.3547E-01
  6.3177E-01  2.1080E+00  9.0406E-04  9.4440E-02  3.9925E-01  9.9565E+00  3.3636E-01
  6.3357E-01  2.1140E+00  9.1088E-04  9.5044E-02  3.9925E-01  9.9564E+00  3.3723E-01
  6.3537E-01  2.1200E+00  9.1770E-04  9.5650E-02  3.9925E-01  9.9563E+00  3.3808E-01
  6.3716E-01  2.1260E+00  9.2452E-04  9.6257E-02  3.9925E-01  9.9562E+00  3.3892E-01
  6.3896E-01  2.1320E+00  9.3133E-04  9.6866E-02  3.9925E-01  9.9561E+00  3.3975E-01
  6.4076E-01  2.1380E+00  9.3815E-04  9.7476E-02  3.9925E-01  9.9561E+00  3.4055E-01
  6.4256E-01  2.1440E+00  9.4497E-04  9.8087E-02  3.9925E-01  9.9560E+00  3.4135E-01
  6.4436E-01  2.1500E+00  9.5179E-04  9.8700E-02  3.9925E-01  9.9559E+00  3.4212E-01
  6.4616E-01  2.1560E+00  9.5861E-04  9.9315E-02  3.9925E-01  9.9558E+00  3.4289E-01
  6.4795E-01  2.1620E+00  9.6543E-04  9.9930E-02  3.9925E-01  9.9557E+00  3.4364E-01
  6.4975E-01  2.1680E+00  9.7224E-04  1.0055E-01  3.9925E-01  9.9556E+00  3.4437E-01
  6.5155E-01  2.1740E+00  9.7906E-04  1.0117E-01  3.9925E-01  9.9555E+00  3.4510E-01
  6.5335E-01  2.1800E+00  9.8588E-04  1.0179E-01  3.9925E-01  9.9554E+00  3.4580E-01
  6.5515E-01  2.1860E+00  9.9270E-04  1.0241E-01  3.9925E-01  9.9553E+00  3.4650E-01
  6.5695E-01  2.1920E+00  9.9952E-04  1.0303E-01  3.9925E-01  9.9552E+00  3.4719E-01
  6.5875E-01  2.1980E+00  1.0063E-03  1.0365E-01  3.9925E-01  9.9551E+00  3.4786E-01
  6.6054E-01  2.2040E+00  1.0132E-03  1.0428E-01  3.9925E-01  9.9550E+00  3.4852E-01
  6.6234E-01  2.2100E+00  1.0200E-03  1.0490E-01  3.9925E-01  9.9550E+00  3.4916E-01
  6.6414E-01  2.2160E+00  1.0268E-03  1.0553E-01  3.9925E-01  9.9549E+00  3.4980E-01
  6.6594E-01  2.2220E+00  1.0336E-03  1.0616E-01  3.9925E-01  9.9548E+00  3.5043E-01
  6.6774E-01  2.2280E+00  1.0404E-03  1.0679E-01  3.9925E-01  9.9547E+00  3.5104E-01
  6.6954E-01  2.2340E+00  1.0472E-03  1.0742E-01  3.9925E-01  9.9546E+00  3.5164E-01
  6.7133E-01  2.2400E+00  1.0541E-03  1.0805E-01  3.9925E-01  9.9545E+00  3.5223E-01
  6.7313E-01  2.2460E+00  1.0609E-03  1.0868E-01  3.9925E-01  9.9544E+00  3.5282E-01
  6.7493E-01  2.2520E+00  1.0677E-03  1.0931E-01  3.9925E-01  9.9543E+00  3.5339E-01
  6.7673E-01  2.2580E+00  1.0745E-03  1.0995E-01  3.9925E-01  9.9542E+00  3.5395E-01
  6.7853E-01  2.2640E+00  1.0813E-03  1.1058E-01  3.9925E-01  9.9541E+00  3.5450E-01
  6.8033E-01  2.2700E+00  1.0882E-03  1.1122E-01  3.9925E-01  9.9540E+00  3.5505E-01
  6.8213E-01  2.2760E+00  1.0950E-03  1.1186E-01  3.9925E-01  9.9539E+00  3.5558E-01
  6.8392E-01  2.2820E+00  1.1018E-03  1.1250E-01  3.9925E-01  9.9539E+00  3.5611E-01
  6.8572E-01  2.2880E+00  1.1086E-03  1.1313E-01  3.9925E-01  9.9538E+00  3.5662E-01
  6.8752E-01  2.2940E+00  1.1154E-03  1.1377E-01  3.9925E-01  9.9537E+00  3.5713E-01
  6.8932E-01  2.3000E+00  1.1222E-03  1.1442E-01  3.9925E-01  9.9536E+00  3.5763E-01
  6.9112E-01  2.3060E+00  1.1291E-03  1.1506E-01  3.9925E-01  9.9535E+00  3.5812E-01
  6.9292E-01  2.3120E+00  1.1359E-03  1.1570E-01  3.9925E-01  9.9534E+00  3.5860E-01
  6.9471E-01  2.3180E+00  1.1427E-03  1.1634E-01  3.9925E-01  9.9533E+00  3.5908E-01
  6.9651E-01  2.3240E+00  1.1495E-03  1.1699E-01  3.9925E-01  9.9532E+00  3.5954E-01
  6.9831E-01  2.3300E+00  1.1563E-03  1.1763E-01  3.9925E-01  9.9531E+00  3.6000E-01
  7.0011E-01  2.3360E+00  1.1632E-03  1.1828E-01  3.9925E-01  9.9530E+00  3.6045E-01
  7.0191E-01  2.3420E+00  1.1700E-03  1.1893E-01  3.9925E-01  9.9529E+00  3.6090E-01
  7.0371E-01  2.3480E+00  1.1768E-03  1.1958E-01  3.9925E-01  9.9529E+00  3.6133E-01
  7.0550E-01  2.3540E+00  1.1836E-03  1.2022E-01  3.9925E-01  9.9528E+00  3.6176E-01
  7.0730E-01  2.3600E+00  1.1904E-03  1.2087E-01  3.9925E-01  9.9527E+00  3.6219E-01
  7.0910E-01  2.3660E+00  1.1973E-03  1.2152E-01  3.9925E-01  9.9526E+00  3.6260E-01
  7.1090E-01  2.3720E+00  1.2041E-03  1.2217E-01  3.9925E-01  9.9525E+00  3.6301E-01
  7.1280E-01  2.3784E+00  1.2113E-03  1.2286E-01  3.9925E-01  9.9524E+00  3.6344E-01
  7.1460E-01  2.3844E+00  1.2181E-03  1.2351E-01  3.9925E-01  9.9523E+00  3.6384E-01
  7.1640E-01  2.3904E+00  1.2249E-03  1.2417E-01  3.9925E-01  9.9522E+00  3.6423E-01
  7.1820E-01  2.3964E+00  1.2317E-03  1.2482E-01  3.9925E-01  9.9521E+00  3.6461E-01
  7.1999E-01  2.4024E+00  1.2385E-03  1.2548E-01  3.9925E-01  9.9520E+00  3.6499E-01
  7.2179E-01  2.4084E+00  1.2454E-03  1.2613E-01  3.9925E-01  9.9519E+00  3.6536E-01
  7.2359E-01  2.4144E+00  1.2522E-03  1.2679E-01  3.9925E-01  9.9518E+00  3.6573E-01
  7.2539E-01  2.4204E+00  1.2590E-03  1.2744E-01  3.9925E-01  9.9517E+00  3.6609E-01
  7.2719E-01  2.4264E+00  1.2658E-03  1.2810E-01  3.9925E-01  9.9517E+00  3.6644E-01
  7.2899E-01  2.4324E+00  1.2726E-03  1.2876E-01  3.9925E-01  9.9516E+00  3.6679E-01
  7.3078E-01  2.4384E+00  1.2795E-03  1.2942E-01  3.9925E-01  9.9515E+00  3.6714E-01
  7.3258E-01  2.4444E+00  1.2863E-03  1.3008E-01  3.9925E-01  9.9514E+00  3.6747E-01
  7.3438E-01  2.4504E+00  1.2931E-03  1.3073E-01  3.9925E-01  9.9513E+00  3.6781E-01
  7.3618E-01  2.4564E+00  1.2999E-03  1.3139E-01  3.9925E-01  9.9512E+00  3.6814E-01
  7.3798E-01  2.4624E+00  1.3067E-03  1.3206E-01  3.9925E-01  9.9511E+00  3.6846E-01
  7.3978E-01  2.4684E+00  1.3135E-03  1.3272E-01  3.9925E-01  9.9510E+00  3.6878E-01
  7.4158E-01  2.4744E+00  1.3204E-03  1.3338E-01  3.9925E-01  9.9509E+00  3.6910E-01
  7.4337E-01  2.4804E+00  1.3272E-03  1.3404E-01  3.9925E-01  9.9508E+00  3.6941E-01
  7.4517E-01  2.4864E+00  1.3340E-03  1.3470E-01  3.9925E-01  9.9507E+00  3.6971E-01
  7.4697E-01  2.4924E+00  1.3408E-03  1.3537E-01  3.9925E-01  9.9507E+00  3.7001E-01
  7.4877E-01  2.4984E+00  1.3476E-03  1.3603E-01  3.9925E-01  9.9506E+00  3.7031E-01
  7.5057E-01  2.5044E+00  1.3545E-03  1.3670E-01  3.9925E-01  9.9505E+00  3.7060E-01
  7.5237E-01  2.5104E+00  1.3613E-03  1.3736E-01  3.9925E-01  9.9504E+00  3.7089E-01
  7.5416E-01  2.5164E+00  1.3681E-03  1.3803E-01  3.9925E-01  9.9503E+00  3.7117E-01
  7.5596E-01  2.5224E+00  1.3749E-03  1.3869E-01  3.9925E-01  9.9502E+00  3.7145E-01
  7.5776E-01  2.5284E+00  1.3817E-03  1.3936E-01  3.9925E-01  9.9501E+00  3.7173E-01
  7.5956E-01  2.5344E+00  1.3886E-03  1.4003E-01  3.9925E-01  9.9500E+00  3.7200E-01
  7.6136E-01  2.5404E+00  1.3954E-03  1.4069E-01  3.9925E-01  9.9499E+00  3.7227E-01
  7.6316E-01  2.5464E+00  1.4022E-03  1.4136E-01  3.9925E-01  9.9498E+00  3.7253E-01
  7.6495E-01  2.5524E+00  1.4090E-03  1.4203E-01  3.9925E-01  9.9497E+00  3.7279E-01
  7.6675E-01  2.5584E+00  1.4158E-03  1.4270E-01  3.9925E-01  9.9496E+00  3.7305E-01
  7.6855E-01  2.5644E+00  1.4226E-03  1.4337E-01  3.9925E-01  9.9496E+00  3.7330E-01
  7.7035E-01  2.5704E+00  1.4295E-03  1.4404E-01  3.9925E-01  9.9495E+00  3.7355E-01
  7.7215E-01  2.5764E+00  1.4363E-03  1.4471E-01  3.9925E-01  9.9494E+00  3.7380E-01
  7.7395E-01  2.5824E+00  1.4431E-03  1.4538E-01  3.9925E-01  9.9493E+00  3.7404E-01
  7.7575E-01  2.5884E+00  1.4499E-03  1.4605E-01  3.9925E-01  9.9492E+00  3.7428E-01
  7.7754E-01  2.5944E+00  1.4567E-03  1.4672E-01  3.9925E-01  9.9491E+00  3.7451E-01
  7.7934E-01  2.6004E+00  1.4636E-03  1.4740E-01  3.9925E-01  9.9490E+00  3.7475E-01
  7.8114E-01  2.6064E+00  1.4704E-03  1.4807E-01  3.9925E-01  9.9489E+00  3.7498E-01
  7.8294E-01  2.6124E+00  1.4772E-03  1.4874E-01  3.9925E-01  9.9488E+00  3.7520E-01
  7.8474E-01  2.6184E+00  1.4840E-03  1.4941E-01  3.9925E-01  9.9487E+00  3.7543E-01
  7.8654E-01  2.6244E+00  1.4908E-03  1.5009E-01  3.9925E-01  9.9486E+00  3.7565E-01
  7.8833E-01  2.6304E+00  1.4976E-03  1.5076E-01  3.9925E-01  9.9485E+00  3.7587E-01
  7.9013E-01  2.6364E+00  1.5045E-03  1.5144E-01  3.9925E-01  9.9485E+00  3.7608E-01
  7.9193E-01  2.6424E+00  1.5113E-03  1.5211E-01  3.9925E-01  9.9484E+00  3.7629E-01
  7.9373E-01  2.6484E+00  1.5181E-03  1.5279E-01  3.9925E-01  9.9483E+00  3.7650E-01
  7.9553E-01  2.6544E+00  1.5249E-03  1.5346E-01  3.9925E-01  9.9482E+00  3.7671E-01
  7.9733E-01  2.6604E+00  1.5317E-03  1.5414E-01  3.9925E-01  9.9481E+00  3.7691E-01
  7.9913E-01  2.6664E+00  1.5386E-03  1.5481E-01  3.9925E-01  9.9480E+00  3.7711E-01
  8.0092E-01  2.6724E+00  1.5454E-03  1.5549E-01  3.9925E-01  9.9479E+00  3.7731E-01
  8.0272E-01  2.6784E+00  1.5522E-03  1.5617E-01  3.9925E-01  9.9478E+00  3.7751E-01
  8.0452E-01  2.6844E+00  1.5590E-03  1.5685E-01  3.9925E-01  9.9477E+00  3.7770E-01
  8.0632E-01  2.6904E+00  1.5658E-03  1.5752E-01  3.9925E-01  9.9476E+00  3.7789E-01
  8.0812E-01  2.6964E+00  1.5726E-03  1.5820E-01  3.9925E-01  9.9475E+00  3.7808E-01
  8.0992E-01  2.7024E+00  1.5795E-03  1.5888E-01  3.9925E-01  9.9475E+00  3.7826E-01
  8.1171E-01  2.7084E+00  1.5863E-03  1.5956E-01  3.9925E-01  9.9474E+00  3.7845E-01
  8.1351E-01  2.7144E+00  1.5931E-03  1.6024E-01  3.9925E-01  9.9473E+00  3.7863E-01
  8.1531E-01  2.7204E+00  1.5999E-03  1.6092E-01  3.9925E-01  9.9472E+00  3.7881E-01
  8.1711E-01  2.7264E+00  1.6067E-03  1.6160E-01  3.9925E-01  9.9471E+00  3.7898E-01
  8.1891E-01  2.7324E+00  1.6136E-03  1.6228E-01  3.9925E-01  9.9470E+00  3.7916E-01
  8.2071E-01  2.7384E+00  1.6204E-03  1.6296E-01  3.9925E-01  9.9469E+00  3.7933E-01
  8.2250E-01  2.7444E+00  1.6272E-03  1.6364E-01  3.9925E-01  9.9468E+00  3.7950E-01
  8.2430E-01  2.7504E+00  1.6340E-03  1.6432E-01  3.9925E-01  9.9467E+00  3.7967E-01
  8.2610E-01  2.7564E+00  1.6408E-03  1.6500E-01  3.9925E-01  9.9466E+00  3.7983E-01
  8.2790E-01  2.7624E+00  1.6477E-03  1.6568E-01  3.9925E-01  9.9465E+00  3.8000E-01
  8.2980E-01  2.7687E+00  1.6549E-03  1.6640E-01  3.9925E-01  9.9464E+00  3.8017E-01
  8.3160E-01  2.7747E+00  1.6617E-03  1.6708E-01  3.9925E-01  9.9463E+00  3.8033E-01
  8.3340E-01  2.7807E+00  1.6685E-03  1.6777E-01  3.9925E-01  9.9463E+00  3.8049E-01
  8.3520E-01  2.7867E+00  1.6753E-03  1.6845E-01  3.9925E-01  9.9462E+00  3.8064E-01
  8.3699E-01  2.7927E+00  1.6821E-03  1.6913E-01  3.9925E-01  9.9461E+00  3.8080E-01
  8.3879E-01  2.7987E+00  1.6889E-03  1.6982E-01  3.9925E-01  9.9460E+00  3.8095E-01
  8.4059E-01  2.8047E+00  1.6958E-03  1.7050E-01  3.9925E-01  9.9459E+00  3.8110E-01
  8.4239E-01  2.8107E+00  1.7026E-03  1.7118E-01  3.9925E-01  9.9458E+00  3.8125E-01
  8.4419E-01  2.8167E+00  1.7094E-03  1.7187E-01  3.9925E-01  9.9457E+00  3.8139E-01
  8.4599E-01  2.8227E+00  1.7162E-03  1.7255E-01  3.9925E-01  9.9456E+00  3.8154E-01
  8.4778E-01  2.8287E+00  1.7230E-03  1.7324E-01  3.9925E-01  9.9455E+00  3.8168E-01
  8.4958E-01  2.8347E+00  1.7299E-03  1.7392E-01  3.9925E-01  9.9454E+00  3.8182E-01
  8.5138E-01  2.8407E+00  1.7367E-03  1.7461E-01  3.9925E-01  9.9453E+00  3.8196E-01
  8.5318E-01  2.8467E+00  1.7435E-03  1.7529E-01  3.9925E-01  9.9453E+00  3.8210E-01
  8.5498E-01  2.8527E+00  1.7503E-03  1.7598E-01  3.9925E-01  9.9452E+00  3.8224E-01
  8.5678E-01  2.8587E+00  1.7571E-03  1.7666E-01  3.9925E-01  9.9451E+00  3.8237E-01
  8.5858E-01  2.8647E+00  1.7639E-03  1.7735E-01  3.9925E-01  9.9450E+00  3.8251E-01
  8.6037E-01  2.8707E+00  1.7708E-03  1.7804E-01  3.9925E-01  9.9449E+00  3.8264E-01
  8.6217E-01  2.8767E+00  1.7776E-03  1.7872E-01  3.9925E-01  9.9448E+00  3.8277E-01
  8.6397E-01  2.8827E+00  1.7844E-03  1.7941E-01  3.9925E-01  9.9447E+00  3.8290E-01
  8.6577E-01  2.8887E+00  1.7912E-03  1.8010E-01  3.9925E-01  9.9446E+00  3.8303E-01
  8.6757E-01  2.8947E+00  1.7980E-03  1.8078E-01  3.9925E-01  9.9445E+00  3.8315E-01
  8.6937E-01  2.9007E+00  1.8049E-03  1.8147E-01  3.9925E-01  9.9444E+00  3.8328E-01
  8.7116E-01  2.9067E+00  1.8117E-03  1.8216E-01  3.9925E-01  9.9443E+00  3.8340E-01
  8.7296E-01  2.9127E+00  1.8185E-03  1.8285E-01  3.9925E-01  9.9442E+00  3.8352E-01
  8.7476E-01  2.9187E+00  1.8253E-03  1.8354E-01  3.9925E-01  9.9442E+00  3.8364E-01
  8.7656E-01  2.9247E+00  1.8321E-03  1.8422E-01  3.9925E-01  9.9441E+00  3.8376E-01
  8.7836E-01  2.9307E+00  1.8389E-03  1.8491E-01  3.9925E-01  9.9440E+00  3.8388E-01
  8.8016E-01  2.9367E+00  1.8458E-03  1.8560E-01  3.9925E-01  9.9439E+00  3.8400E-01
  8.8195E-01  2.9427E+00  1.8526E-03  1.8629E-01  3.9925E-01  9.9438E+00  3.8411E-01
  8.8375E-01  2.9487E+00  1.8594E-03  1.8698E-01  3.9925E-01  9.9437E+00  3.8422E-01
  8.8555E-01  2.9547E+00  1.8662E-03  1.8767E-01  3.9925E-01  9.9436E+00  3.8434E-01
  8.8735E-01  2.9607E+00  1.8730E-03  1.8836E-01  3.9925E-01  9.9435E+00  3.8445E-01
  8.8915E-01  2.9667E+00  1.8799E-03  1.8905E-01  3.9925E-01  9.9434E+00  3.8456E-01
  8.9095E-01  2.9727E+00  1.8867E-03  1.8974E-01  3.9925E-01  9.9433E+00  3.8467E-01
  8.9275E-01  2.9787E+00  1.8935E-03  1.9043E-01  3.9925E-01  9.9432E+00  3.8478E-01
  8.9454E-01  2.9847E+00  1.9003E-03  1.9112E-01  3.9925E-01  9.9431E+00  3.8488E-01
  8.9634E-01  2.9907E+00  1.9071E-03  1.9181E-01  3.9925E-01  9.9431E+00  3.8499E-01
  9.0000E-01  3.0029E+00  1.9210E-03  1.9321E-01  3.9925E-01  9.9429E+00  3.8520E-01
