  0.0000E+00  0.0000E+00 -6.1057E-12  1.0000E-05  9.9898E-01  9.7847E-03  4.6311E-07
  4.0000E-03  1.3343E-02 -2.0374E-09  3.9959E-03  9.9898E-01  9.7847E-03  9.9898E-01
  8.0000E-03  2.6685E-02 -4.0687E-09  7.9919E-03  9.9898E-01  9.7847E-03  9.9898E-01
  1.2000E-02  4.0028E-02 -6.1000E-09  1.1988E-02  9.9898E-01  9.7847E-03  9.9898E-01
  1.6000E-02  5.3370E-02 -8.1313E-09  1.5984E-02  9.9898E-01  9.7847E-03  9.9898E-01
  2.0000E-02  6.6713E-02 -1.0163E-08  1.9980E-02  9.9898E-01  9.7847E-03  9.9898E-01
  2.4000E-02  8.0056E-02 -1.2194E-08  2.3976E-02  9.9898E-01  9.7847E-03  9.9898E-01
  2.8000E-02  9.3398E-02 -1.4225E-08  2.7971E-02  9.9898E-01  9.7847E-03  9.9898E-01
  3.2000E-02  1.0674E-01 -1.6256E-08  3.1967E-02  9.9898E-01  9.7847E-03  9.9898E-01
  3.6000E-02  1.2008E-01 -1.8288E-08  3.5963E-02  9.9898E-01  9.7847E-03  9.9898E-01
  4.0000E-02  1.3343E-01 -2.0319E-08  3.9959E-02  9.9898E-01  9.7847E-03  9.9898E-01
  4.4000E-02  1.4677E-01 -2.2350E-08  4.3955E-02  9.9898E-01  9.7847E-03  9.9898E-01
  4.8000E-02  1.6011E-01 -2.4382E-08  4.7951E-02  9.9898E-01  9.7847E-03  9.9898E-01
  5.2000E-02  1.7345E-01 -2.6413E-08  5.1947E-02  9.9898E-01  9.7847E-03  9.9898E-01
  5.6000E-02  1.8680E-01 -2.8444E-08  5.5943E-02  9.9898E-01  9.7847E-03  9.9898E-01
  6.0000E-02  2.0014E-01 -3.0475E-08  5.9939E-02  9.9898E-01  9.7847E-03  9.9898E-01
  6.4000E-02  2.1348E-01 -3.2507E-08  6.3935E-02  9.9898E-01  9.7847E-03  9.9898E-01
  6.8000E-02  2.2682E-01 -3.4538E-08  6.7931E-02  9.9898E-01  9.7847E-03  9.9898E-01
  7.2000E-02  2.4017E-01 -3.6569E-08  7.1927E-02  9.9898E-01  9.7847E-03  9.9898E-01
  7.6000E-02  2.5351E-01 -3.8601E-08  7.5923E-02  9.9898E-01  9.7847E-03  9.9898E-01
  8.0000E-02  2.6685E-01 -4.0632E-08  7.9919E-02  9.9898E-01  9.7847E-03  9.9898E-01
  8.4000E-02  2.8019E-01 -4.2663E-08  8.3914E-02  9.9898E-01  9.7847E-03  9.9898E-01
  8.8000E-02  2.9354E-01 -4.4694E-08  8.7910E-02  9.9898E-01  9.7847E-03  9.9898E-01
  9.2000E-02  3.0688E-01 -4.6717E-08  9.1890E-02  9.7889E-01  9.7847E-03  9.7889E-01
  9.6000E-02  3.2022E-01 -4.8656E-08  9.5706E-02  9.2877E-01  9.7848E-03  9.2877E-01
  1.0000E-01  3.3356E-01 -5.0490E-08  9.9317E-02  8.7666E-01  9.7848E-03  8.7666E-01
  1.0400E-01  3.4691E-01 -5.2215E-08  1.0272E-01  8.2268E-01  9.7848E-03  8.2268E-01
  1.0800E-01  3.6025E-01 -5.3827E-08  1.0590E-01  7.6694E-01  9.7849E-03  7.6694E-01
  1.1200E-01  3.7359E-01 -5.5322E-08  1.0885E-01  7.0956E-01  9.7849E-03  7.0956E-01
  1.1600E-01  3.8693E-01 -5.6698E-08  1.1157E-01  6.5066E-01  9.7850E-03  6.5066E-01
  1.2000E-01  4.0028E-01 -5.7951E-08  1.1405E-01  5.9038E-01  9.7850E-03  5.9038E-01
  1.2400E-01  4.1362E-01 -5.9079E-08  1.1629E-01  5.2883E-01  9.7851E-03  5.2883E-01
  1.2800E-01  4.2696E-01 -6.0089E-08  1.1830E-01  4.9060E-01  9.7851E-03  4.9060E-01
  1.3200E-01  4.4031E-01 -6.1074E-08  1.2026E-01  4.9060E-01  9.7851E-03  4.9060E-01
  1.3600E-01  4.5365E-01 -6.2059E-08  1.2223E-01  4.9060E-01  9.7851E-03  4.9060E-01
  1.4000E-01  4.6699E-01 -6.3045E-08  1.2419E-01  4.9060E-01  9.7851E-03  4.9060E-01
  1.4400E-01  4.8033E-01 -6.4030E-08  1.2615E-01  4.9060E-01  9.7851E-03  4.9060E-01
  1.4800E-01  4.9368E-01 -6.5015E-08  1.2811E-01  4.9060E-01  9.7851E-03  4.9060E-01
  1.5200E-01  5.0702E-01 -6.6001E-08  1.3008E-01  4.9060E-01  9.7851E-03  4.9060E-01
  1.5600E-01  5.2036E-01 -6.6986E-08  1.3204E-01  4.9060E-01  9.7851E-03  4.9060E-01
  1.6000E-01  5.3370E-01 -6.7971E-08  1.3400E-01  4.9060E-01  9.7851E-03  4.9060E-01
  1.6400E-01  5.4705E-01 -6.8957E-08  1.3596E-01  4.9060E-01  9.7851E-03  4.9060E-01
  1.6800E-01  5.6039E-01 -6.9942E-08  1.3793E-01  4.9060E-01  9.7851E-03  4.9060E-01
  1.7200E-01  5.7373E-01 -7.0927E-08  1.3989E-01  4.9060E-01  9.7851E-03  4.9060E-01
  1.7600E-01  5.8707E-01 -7.1913E-08  1.4185E-01  4.9060E-01  9.7851E-03  4.9060E-01
  1.8000E-01  6.0042E-01 -7.2898E-08  1.4381E-01  4.9060E-01  9.7851E-03  4.9060E-01
  1.8400E-01  6.1376E-01 -7.3883E-08  1.4577E-01  4.9060E-01  9.7851E-03  4.9060E-01
  1.8800E-01  6.2710E-01 -7.4869E-08  1.4774E-01  4.9060E-01  9.7851E-03  4.9060E-01
  1.9200E-01  6.4044E-01 -7.5854E-08  1.4970E-01  4.9060E-01  9.7851E-03  4.9060E-01
  1.9600E-01  6.5379E-01 -7.6839E-08  1.5166E-01  4.9060E-01  9.7851E-03  4.9060E-01
  2.0000E-01  6.6713E-01 -7.7825E-08  1.5362E-01  4.9060E-01  9.7851E-03  4.9060E-01
  2.0400E-01  6.8047E-01 -7.8810E-08  1.5559E-01  4.9060E-01  9.7851E-03  4.9060E-01
  2.0800E-01  6.9381E-01 -7.9813E-08  1.5758E-01  5.1490E-01  9.7851E-03  5.1490E-01
  2.1200E-01  7.0716E-01 -8.0885E-08  1.5971E-01  5.5062E-01  9.7851E-03  5.5062E-01
  2.1600E-01  7.2050E-01 -8.2030E-08  1.6199E-01  5.8685E-01  9.7850E-03  5.8685E-01
  2.2000E-01  7.3384E-01 -8.3251E-08  1.6441E-01  6.2360E-01  9.7850E-03  6.2360E-01
  2.2400E-01  7.4718E-01 -8.4547E-08  1.6698E-01  6.6091E-01  9.7849E-03  6.6091E-01
  2.2800E-01  7.6053E-01 -8.5921E-08  1.6970E-01  6.9882E-01  9.7849E-03  6.9882E-01
  2.3200E-01  7.7387E-01 -8.7373E-08  1.7257E-01  7.3736E-01  9.7848E-03  7.3736E-01
  2.3600E-01  7.8721E-01 -8.8904E-08  1.7560E-01  7.7656E-01  9.7848E-03  7.7656E-01
  2.4000E-01  8.0056E-01 -9.0516E-08  1.7878E-01  8.1647E-01  9.7847E-03  8.1647E-01
  2.4400E-01  8.1390E-01 -9.2210E-08  1.8213E-01  8.5710E-01  9.7847E-03  8.5710E-01
  2.4800E-01  8.2724E-01 -9.3988E-08  1.8564E-01  8.9851E-01  9.7847E-03  8.9851E-01
  2.5200E-01  8.4058E-01 -9.5851E-08  1.8932E-01  9.4073E-01  9.7846E-03  9.4073E-01
  2.5600E-01  8.5393E-01 -9.7802E-08  1.9317E-01  9.8380E-01  9.7846E-03  9.8380E-01
  2.6000E-01  8.6727E-01 -9.9841E-08  1.9719E-01  1.0278E+00  9.7845E-03  1.0278E+00
  2.6400E-01  8.8061E-01 -1.0197E-07  2.0139E-01  1.0726E+00  9.7845E-03  1.0726E+00
  2.6800E-01  8.9395E-01 -1.0419E-07  2.0577E-01  1.1185E+00  9.7844E-03  1.1185E+00
  2.7200E-01  9.0730E-01 -1.0651E-07  2.1034E-01  1.1653E+00  9.7843E-03  1.1653E+00
  2.7600E-01  9.2064E-01 -1.0892E-07  2.1510E-01  1.2132E+00  9.7843E-03  1.2132E+00
  2.8000E-01  9.3398E-01 -1.1143E-07  2.2005E-01  1.2622E+00  9.7842E-03  1.2622E+00
  2.8400E-01  9.4732E-01 -1.1405E-07  2.2520E-01  1.3124E+00  9.7841E-03  1.3124E+00
  2.8800E-01  9.6067E-01 -1.1677E-07  2.3055E-01  1.3637E+00  9.7840E-03  1.3637E+00
  2.9200E-01  9.7401E-01 -1.1959E-07  2.3611E-01  1.4162E+00  9.7839E-03  1.4162E+00
  2.9600E-01  9.8735E-01 -1.2252E-07  2.4188E-01  1.4701E+00  9.7838E-03  1.4701E+00
  3.0000E-01  1.0007E+00 -1.2556E-07  2.4787E-01  1.5252E+00  9.7837E-03  1.5252E+00
  3.0400E-01  1.0140E+00 -1.2872E-07  2.5408E-01  1.5817E+00  9.7837E-03  1.5817E+00
  3.0800E-01  1.0274E+00 -1.3200E-07  2.6053E-01  1.6397E+00  9.7836E-03  1.6397E+00
  3.1200E-01  1.0407E+00 -1.3539E-07  2.6720E-01  1.6991E+00  9.7834E-03  1.6991E+00
  3.1600E-01  1.0541E+00 -1.3891E-07  2.7412E-01  1.7600E+00  9.7834E-03  1.7600E+00
  3.2000E-01  1.0674E+00 -1.4256E-07  2.8128E-01  1.8226E+00  9.7834E-03  1.8226E+00
  3.2400E-01  1.0807E+00 -1.4633E-07  2.8870E-01  1.8868E+00  9.7836E-03  1.8868E+00
  3.2800E-01  1.0941E+00 -1.5025E-07  2.9638E-01  1.9526E+00  9.7837E-03  1.9526E+00
  3.3200E-01  1.1074E+00 -1.5427E-07  3.0427E-01  1.9786E+00  9.7836E-03  1.9786E+00
  3.3600E-01  1.1208E+00 -1.5830E-07  3.1219E-01  1.9786E+00  9.7837E-03  1.9786E+00
  3.4000E-01  1.1341E+00 -1.6233E-07  3.2010E-01  1.9786E+00  9.7837E-03  1.9786E+00
  3.4400E-01  1.1475E+00 -1.6637E-07  3.2802E-01  1.9786E+00  9.7839E-03  1.9786E+00
  3.4800E-01  1.1608E+00 -1.7040E-07  3.3593E-01  1.9786E+00  9.7837E-03  1.9786E+00
  3.5200E-01  1.1741E+00 -1.7444E-07  3.4385E-01  1.9786E+00  9.7837E-03  1.9786E+00
  3.5600E-01  1.1875E+00 -1.7847E-07  3.5176E-01  1.9786E+00  9.7835E-03  1.9786E+00
  3.6000E-01  1.2008E+00 -1.8250E-07  3.5968E-01  1.9786E+00  9.7835E-03  1.9786E+00
  3.6400E-01  1.2142E+00 -1.8654E-07  3.6759E-01  1.9786E+00  9.7838E-03  1.9786E+00
  3.6800E-01  1.2275E+00 -1.9057E-07  3.7551E-01  1.9786E+00  9.7836E-03  1.9786E+00
  3.7200E-01  1.2409E+00 -1.9460E-07  3.8342E-01  1.9786E+00  9.7838E-03  1.9786E+00
  3.7600E-01  1.2542E+00 -1.9864E-07  3.9133E-01  1.9786E+00  9.7835E-03  1.9786E+00
  3.8000E-01  1.2675E+00 -2.0267E-07  3.9925E-01  1.9786E+00  9.7837E-03  1.9786E+00
  3.8400E-01  1.2809E+00 -2.0670E-07  4.0716E-01  1.9786E+00  9.7840E-03  1.9786E+00
  3.8800E-01  1.2942E+00 -2.1074E-07  4.1508E-01  1.9786E+00  9.7837E-03  1.9786E+00
  3.9200E-01  1.3076E+00 -2.1477E-07  4.2299E-01  1.9786E+00  9.7838E-03  1.9786E+00
  3.9600E-01  1.3209E+00 -2.1880E-07  4.3091E-01  1.9786E+00  9.7840E-03  1.9786E+00
  4.0000E-01  1.3343E+00 -2.2284E-07  4.3882E-01  1.9786E+00  9.7838E-03  1.9786E+00
  4.0400E-01  1.3476E+00 -2.2687E-07  4.4674E-01  1.9786E+00  9.7836E-03  1.9786E+00
  4.0800E-01  1.3609E+00 -2.3090E-07  4.5465E-01  1.9786E+00  9.7840E-03  1.9786E+00
  4.1200E-01  1.3743E+00 -2.3494E-07  4.6256E-01  1.9786E+00  9.7838E-03  1.9786E+00
  4.1600E-01  1.3876E+00 -2.3897E-07  4.7048E-01  1.9786E+00  9.7836E-03  1.9786E+00
  4.2000E-01  1.4010E+00 -2.4300E-07  4.7839E-01  1.9786E+00  9.7838E-03  1.9786E+00
  4.2400E-01  1.4143E+00 -2.4704E-07  4.8631E-01  1.9786E+00  9.7836E-03  1.9786E+00
  4.2800E-01  1.4277E+00 -2.5107E-07  4.9422E-01  1.9786E+00  9.7839E-03  1.9786E+00
  4.3200E-01  1.4410E+00 -2.5510E-07  5.0214E-01  1.9786E+00  9.7836E-03  1.9786E+00
  4.3600E-01  1.4543E+00 -2.5914E-07  5.1005E-01  1.9786E+00  9.7835E-03  1.9786E+00
  4.4000E-01  1.4677E+00 -2.6317E-07  5.1797E-01  1.9786E+00  9.7836E-03  1.9786E+00
  4.4400E-01  1.4810E+00 -2.6720E-07  5.2588E-01  1.9786E+00  9.7836E-03  1.9786E+00
  4.4800E-01  1.4944E+00 -2.7124E-07  5.3379E-01  1.9786E+00  9.7837E-03  1.9786E+00
  4.5200E-01  1.5077E+00 -2.7527E-07  5.4171E-01  1.9786E+00  9.7838E-03  1.9786E+00
  4.5600E-01  1.5211E+00 -2.7930E-07  5.4962E-01  1.9786E+00  9.7833E-03  1.9786E+00
  4.6000E-01  1.5344E+00 -2.8334E-07  5.5754E-01  1.9786E+00  9.7841E-03  1.9786E+00
  4.6400E-01  1.5477E+00 -2.8737E-07  5.6545E-01  1.9786E+00  9.7844E-03  1.9786E+00
  4.6800E-01  1.5611E+00 -2.9140E-07  5.7337E-01  1.9786E+00  9.7840E-03  1.9786E+00
  4.7200E-01  1.5744E+00 -2.9544E-07  5.8128E-01  1.9786E+00  9.7836E-03  1.9786E+00
  4.7600E-01  1.5878E+00 -2.9947E-07  5.8920E-01  1.9786E+00  9.7841E-03  1.9786E+00
  4.8000E-01  1.6011E+00 -3.0350E-07  5.9711E-01  1.9786E+00  9.7832E-03  1.9786E+00
  4.8400E-01  1.6145E+00 -3.0754E-07  6.0502E-01  1.9786E+00  9.7836E-03  1.9786E+00
  4.8800E-01  1.6278E+00 -3.1157E-07  6.1294E-01  1.9786E+00  9.7839E-03  1.9786E+00
  4.9200E-01  1.6411E+00 -3.1561E-07  6.2085E-01  1.9786E+00  9.7837E-03  1.9786E+00
  4.9600E-01  1.6545E+00 -3.1964E-07  6.2877E-01  1.9786E+00  9.7833E-03  1.9786E+00
  5.0000E-01  1.6678E+00 -3.2367E-07  6.3668E-01  1.9786E+00  9.7836E-03  1.9786E+00
  5.0400E-01  1.6812E+00 -3.2771E-07  6.4460E-01  1.9786E+00  9.7840E-03  1.9786E+00
  5.0800E-01  1.6945E+00 -3.3174E-07  6.5251E-01  1.9786E+00  9.7839E-03  1.9786E+00
  5.1200E-01  1.7079E+00 -3.3577E-07  6.6043E-01  1.9786E+00  9.7840E-03  1.9786E+00
  5.1600E-01  1.7212E+00 -3.3981E-07  6.6834E-01  1.9786E+00  9.7834E-03  1.9786E+00
  5.2000E-01  1.7345E+00 -3.4384E-07  6.7625E-01  1.9786E+00  9.7833E-03  1.9786E+00
  5.2400E-01  1.7479E+00 -3.4787E-07  6.8417E-01  1.9786E+00  9.7838E-03  1.9786E+00
  5.2800E-01  1.7612E+00 -3.5191E-07  6.9208E-01  1.9786E+00  9.7839E-03  1.9786E+00
  5.3200E-01  1.7746E+00 -3.5594E-07  7.0000E-01  1.9786E+00  9.7837E-03  1.9786E+00
  5.3600E-01  1.7879E+00 -3.5997E-07  7.0791E-01  1.9786E+00  9.7848E-03  1.9786E+00
  5.4000E-01  1.8012E+00 -3.6401E-07  7.1583E-01  1.9786E+00  9.7834E-03  1.9786E+00
  5.4400E-01  1.8146E+00 -3.6804E-07  7.2374E-01  1.9786E+00  9.7839E-03  1.9786E+00
  5.4800E-01  1.8279E+00 -3.7206E-07  7.3162E-01  1.9374E+00  9.7832E-03  1.9374E+00
  5.5200E-01  1.8413E+00 -3.7590E-07  7.3917E-01  1.8370E+00  9.7844E-03  1.8370E+00
  5.5600E-01  1.8546E+00 -3.7953E-07  7.4632E-01  1.7356E+00  9.7848E-03  1.7356E+00
  5.6000E-01  1.8680E+00 -3.8296E-07  7.5305E-01  1.6332E+00  9.7860E-03  1.6332E+00
  5.6400E-01  1.8813E+00 -3.8617E-07  7.5938E-01  1.5299E+00  9.7899E-03  1.5299E+00
  5.6800E-01  1.8946E+00 -3.8917E-07  7.6529E-01  1.4258E+00  9.7923E-03  1.4258E+00
  5.7200E-01  1.9080E+00 -3.9195E-07  7.7079E-01  1.3209E+00  9.7952E-03  1.3209E+00
  5.7600E-01  1.9213E+00 -3.9452E-07  7.7586E-01  1.2153E+00  9.7965E-03  1.2153E+00
  5.8000E-01  1.9347E+00 -3.9687E-07  7.8051E-01  1.1090E+00  9.7991E-03  1.1090E+00
  5.8400E-01  1.9480E+00 -3.9900E-07  7.8473E-01  1.0021E+00  9.8018E-03  1.0021E+00
  5.8800E-01  1.9614E+00 -4.0092E-07  7.8852E-01  8.9469E-01  9.8034E-03  8.9469E-01
  5.9200E-01  1.9747E+00 -4.0261E-07  7.9189E-01  7.8677E-01  9.8050E-03  7.8677E-01
  5.9600E-01  1.9880E+00 -4.0408E-07  7.9482E-01  6.7842E-01  9.8060E-03  6.7842E-01
  6.0000E-01  2.0014E+00 -4.0533E-07  7.9731E-01  5.6970E-01  9.8070E-03  5.6970E-01
  6.0400E-01  2.0147E+00 -4.0636E-07  7.9937E-01  4.6067E-01  9.8077E-03  4.6067E-01
  6.0800E-01  2.0281E+00 -4.0717E-07  8.0100E-01  3.5139E-01  9.8081E-03  3.5139E-01
  6.1200E-01  2.0414E+00 -4.0775E-07  8.0218E-01  2.4191E-01  9.8083E-03  2.4191E-01
  6.1600E-01  2.0548E+00 -4.0812E-07  8.0293E-01  1.3230E-01  9.8084E-03  1.3230E-01
  6.2000E-01  2.0681E+00 -4.0825E-07  8.0324E-01  2.2625E-02  9.8085E-03  2.2625E-02
  6.2400E-01  2.0814E+00 -4.0817E-07  8.0311E-01  8.7067E-02  9.8085E-03 -8.7067E-02
  6.2800E-01  2.0948E+00 -4.0786E-07  8.0255E-01  1.9671E-01  9.8086E-03 -1.9671E-01
  6.3200E-01  2.1081E+00 -4.0733E-07  8.0154E-01  3.0625E-01  9.8087E-03 -3.0625E-01
  6.3600E-01  2.1215E+00 -4.0658E-07  8.0010E-01  4.1562E-01  9.8091E-03 -4.1562E-01
  6.4000E-01  2.1348E+00 -4.0561E-07  7.9822E-01  5.2476E-01  9.8097E-03 -5.2476E-01
  6.4400E-01  2.1482E+00 -4.0444E-07  7.9595E-01  5.8327E-01  9.8101E-03 -5.8327E-01
  6.4800E-01  2.1615E+00 -4.0323E-07  7.9361E-01  5.8327E-01  9.8101E-03 -5.8327E-01
  6.5200E-01  2.1748E+00 -4.0203E-07  7.9128E-01  5.8327E-01  9.8100E-03 -5.8327E-01
  6.5600E-01  2.1882E+00 -4.0083E-07  7.8895E-01  5.8327E-01  9.8100E-03 -5.8327E-01
  6.6000E-01  2.2015E+00 -3.9962E-07  7.8661E-01  5.8327E-01  9.8100E-03 -5.8327E-01
  6.6400E-01  2.2149E+00 -3.9842E-07  7.8428E-01  5.8327E-01  9.8100E-03 -5.8327E-01
  6.6800E-01  2.2282E+00 -3.9721E-07  7.8195E-01  5.8327E-01  9.8100E-03 -5.8327E-01
  6.7200E-01  2.2416E+00 -3.9601E-07  7.7961E-01  5.8327E-01  9.8100E-03 -5.8327E-01
  6.7600E-01  2.2549E+00 -3.9481E-07  7.7728E-01  5.8327E-01  9.8100E-03 -5.8327E-01
  6.8000E-01  2.2682E+00 -3.9360E-07  7.7495E-01  5.8327E-01  9.8102E-03 -5.8327E-01
  6.8400E-01  2.2816E+00 -3.9240E-07  7.7261E-01  5.8327E-01  9.8100E-03 -5.8327E-01
  6.8800E-01  2.2949E+00 -3.9119E-07  7.7028E-01  5.8327E-01  9.8100E-03 -5.8327E-01
  6.9200E-01  2.3083E+00 -3.8999E-07  7.6795E-01  5.8327E-01  9.8101E-03 -5.8327E-01
  6.9600E-01  2.3216E+00 -3.8879E-07  7.6562E-01  5.8327E-01  9.8101E-03 -5.8327E-01
  7.0000E-01  2.3350E+00 -3.8758E-07  7.6328E-01  5.8327E-01  9.8100E-03 -5.8327E-01
  7.0400E-01  2.3483E+00 -3.8638E-07  7.6095E-01  5.8327E-01  9.8100E-03 -5.8327E-01
  7.0800E-01  2.3616E+00 -3.8517E-07  7.5862E-01  5.8327E-01  9.8100E-03 -5.8327E-01
  7.1200E-01  2.3750E+00 -3.8397E-07  7.5628E-01  5.8327E-01  9.8101E-03 -5.8327E-01
  7.1600E-01  2.3883E+00 -3.8277E-07  7.5395E-01  5.8327E-01  9.8100E-03 -5.8327E-01
  7.2000E-01  2.4017E+00 -3.8156E-07  7.5162E-01  5.8327E-01  9.8100E-03 -5.8327E-01
  7.2400E-01  2.4150E+00 -3.8036E-07  7.4928E-01  5.8327E-01  9.8100E-03 -5.8327E-01
  7.2800E-01  2.4284E+00 -3.7915E-07  7.4695E-01  5.8327E-01  9.8102E-03 -5.8327E-01
  7.3200E-01  2.4417E+00 -3.7795E-07  7.4462E-01  5.8327E-01  9.8100E-03 -5.8327E-01
  7.3600E-01  2.4550E+00 -3.7675E-07  7.4228E-01  5.8327E-01  9.8101E-03 -5.8327E-01
  7.4000E-01  2.4684E+00 -3.7554E-07  7.3995E-01  5.8327E-01  9.8101E-03 -5.8327E-01
  7.4400E-01  2.4817E+00 -3.7434E-07  7.3762E-01  5.8327E-01  9.8100E-03 -5.8327E-01
  7.4800E-01  2.4951E+00 -3.7313E-07  7.3529E-01  5.8327E-01  9.8100E-03 -5.8327E-01
  7.5200E-01  2.5084E+00 -3.7193E-07  7.3295E-01  5.8327E-01  9.8101E-03 -5.8327E-01
  7.5600E-01  2.5217E+00 -3.7073E-07  7.3062E-01  5.8327E-01  9.8100E-03 -5.8327E-01
  7.6000E-01  2.5351E+00 -3.6952E-07  7.2829E-01  5.8327E-01  9.8100E-03 -5.8327E-01
  7.6400E-01  2.5484E+00 -3.6832E-07  7.2595E-01  5.8327E-01  9.8100E-03 -5.8327E-01
  7.6800E-01  2.5618E+00 -3.6711E-07  7.2362E-01  5.8327E-01  9.8101E-03 -5.8327E-01
  7.7200E-01  2.5751E+00 -3.6591E-07  7.2129E-01  5.8327E-01  9.8100E-03 -5.8327E-01
  7.7600E-01  2.5885E+00 -3.6471E-07  7.1895E-01  5.8327E-01  9.8100E-03 -5.8327E-01
  7.8000E-01  2.6018E+00 -3.6350E-07  7.1662E-01  5.8327E-01  9.8100E-03 -5.8327E-01
  7.8400E-01  2.6151E+00 -3.6230E-07  7.1429E-01  5.8327E-01  9.8100E-03 -5.8327E-01
  7.8800E-01  2.6285E+00 -3.6109E-07  7.1195E-01  5.8327E-01  9.8101E-03 -5.8327E-01
  7.9200E-01  2.6418E+00 -3.5989E-07  7.0962E-01  5.8327E-01  9.8101E-03 -5.8327E-01
  7.9600E-01  2.6552E+00 -3.5869E-07  7.0729E-01  5.8327E-01  9.8100E-03 -5.8327E-01
  8.0000E-01  2.6685E+00 -3.5748E-07  7.0496E-01  5.8327E-01  9.8100E-03 -5.8327E-01
  8.0400E-01  2.6819E+00 -3.5628E-07  7.0262E-01  5.8327E-01  9.8101E-03 -5.8327E-01
  8.0800E-01  2.6952E+00 -3.5507E-07  7.0029E-01  5.8327E-01  9.8100E-03 -5.8327E-01
  8.1200E-01  2.7085E+00 -3.5387E-07  6.9796E-01  5.8327E-01  9.8101E-03 -5.8327E-01
  8.1600E-01  2.7219E+00 -3.5267E-07  6.9562E-01  5.8327E-01  9.8100E-03 -5.8327E-01
  8.2000E-01  2.7352E+00 -3.5146E-07  6.9329E-01  5.8327E-01  9.8101E-03 -5.8327E-01
  8.2400E-01  2.7486E+00 -3.5026E-07  6.9096E-01  5.8327E-01  9.8101E-03 -5.8327E-01
  8.2800E-01  2.7619E+00 -3.4905E-07  6.8862E-01  5.8327E-01  9.8101E-03 -5.8327E-01
  8.3200E-01  2.7753E+00 -3.4785E-07  6.8629E-01  5.8327E-01  9.8100E-03 -5.8327E-01
  8.3600E-01  2.7886E+00 -3.4665E-07  6.8396E-01  5.8327E-01  9.8101E-03 -5.8327E-01
  8.4000E-01  2.8019E+00 -3.4544E-07  6.8162E-01  5.8327E-01  9.8101E-03 -5.8327E-01
  8.4400E-01  2.8153E+00 -3.4424E-07  6.7929E-01  5.8327E-01  9.8101E-03 -5.8327E-01
  8.4800E-01  2.8286E+00 -3.4303E-07  6.7696E-01  5.8327E-01  9.8101E-03 -5.8327E-01
  8.5200E-01  2.8420E+00 -3.4183E-07  6.7463E-01  5.8327E-01  9.8101E-03 -5.8327E-01
  8.5600E-01  2.8553E+00 -3.4063E-07  6.7229E-01  5.8327E-01  9.8101E-03 -5.8327E-01
  8.6000E-01  2.8687E+00 -3.3942E-07  6.6996E-01  5.8327E-01  9.8100E-03 -5.8327E-01
  8.6400E-01  2.8820E+00 -3.3822E-07  6.6763E-01  5.8327E-01  9.8100E-03 -5.8327E-01
  8.6800E-01  2.8953E+00 -3.3701E-07  6.6529E-01  5.8327E-01  9.8101E-03 -5.8327E-01
  8.7200E-01  2.9087E+00 -3.3581E-07  6.6296E-01  5.8327E-01  9.8101E-03 -5.8327E-01
  8.7600E-01  2.9220E+00 -3.3461E-07  6.6063E-01  5.8327E-01  9.8100E-03 -5.8327E-01
  8.8000E-01  2.9354E+00 -3.3340E-07  6.5829E-01  5.8327E-01  9.8101E-03 -5.8327E-01
  8.8400E-01  2.9487E+00 -3.3220E-07  6.5596E-01  5.8327E-01  9.8100E-03 -5.8327E-01
  8.8800E-01  2.9621E+00 -3.3099E-07  6.5363E-01  5.8327E-01  9.8100E-03 -5.8327E-01
  8.9200E-01  2.9754E+00 -3.2979E-07  6.5129E-01  5.8327E-01  9.8100E-03 -5.8327E-01
  8.9600E-01  2.9887E+00 -3.2859E-07  6.4896E-01  5.8327E-01  9.8100E-03 -5.8327E-01
  9.0000E-01  3.0021E+00 -3.2738E-07  6.4663E-01  5.8327E-01  9.8100E-03 -5.8327E-01
  9.0400E-01  3.0154E+00 -3.2618E-07  6.4430E-01  5.8327E-01  9.8101E-03 -5.8327E-01
  9.0800E-01  3.0288E+00 -3.2497E-07  6.4196E-01  5.8327E-01  9.8100E-03 -5.8327E-01
  9.1200E-01  3.0421E+00 -3.2377E-07  6.3963E-01  5.8327E-01  9.8100E-03 -5.8327E-01
  9.1600E-01  3.0555E+00 -3.2257E-07  6.3730E-01  5.8327E-01  9.8101E-03 -5.8327E-01
  9.2000E-01  3.0688E+00 -3.2136E-07  6.3496E-01  5.8327E-01  9.8100E-03 -5.8327E-01
  9.2400E-01  3.0821E+00 -3.2016E-07  6.3263E-01  5.8327E-01  9.8101E-03 -5.8327E-01
  9.2800E-01  3.0955E+00 -3.1895E-07  6.3030E-01  5.8327E-01  9.8100E-03 -5.8327E-01
  9.3200E-01  3.1088E+00 -3.1775E-07  6.2796E-01  5.8327E-01  9.8100E-03 -5.8327E-01
  9.3600E-01  3.1222E+00 -3.1655E-07  6.2563E-01  5.8327E-01  9.8100E-03 -5.8327E-01
  9.4000E-01  3.1355E+00 -3.1534E-07  6.2330E-01  5.8327E-01  9.8101E-03 -5.8327E-01
  9.4400E-01  3.1488E+00 -3.1414E-07  6.2096E-01  5.8327E-01  9.8100E-03 -5.8327E-01
  9.4800E-01  3.1622E+00 -3.1293E-07  6.1863E-01  5.8327E-01  9.8100E-03 -5.8327E-01
  9.5200E-01  3.1755E+00 -3.1173E-07  6.1630E-01  5.8327E-01  9.8101E-03 -5.8327E-01
  9.5600E-01  3.1889E+00 -3.1053E-07  6.1397E-01  5.8327E-01  9.8101E-03 -5.8327E-01
  9.6000E-01  3.2022E+00 -3.0932E-07  6.1163E-01  5.8327E-01  9.8101E-03 -5.8327E-01
  9.6400E-01  3.2156E+00 -3.0812E-07  6.0930E-01  5.8327E-01  9.8100E-03 -5.8327E-01
  9.6800E-01  3.2289E+00 -3.0691E-07  6.0697E-01  5.8327E-01  9.8101E-03 -5.8327E-01
  9.7200E-01  3.2422E+00 -3.0571E-07  6.0463E-01  5.8327E-01  9.8101E-03 -5.8327E-01
  9.7600E-01  3.2556E+00 -3.0451E-07  6.0230E-01  5.8327E-01  9.8100E-03 -5.8327E-01
  9.8000E-01  3.2689E+00 -3.0330E-07  5.9997E-01  5.8327E-01  9.8101E-03 -5.8327E-01
  9.8400E-01  3.2823E+00 -3.0210E-07  5.9763E-01  5.8327E-01  9.8101E-03 -5.8327E-01
  9.8800E-01  3.2956E+00 -3.0089E-07  5.9530E-01  5.8327E-01  9.8100E-03 -5.8327E-01
  9.9200E-01  3.3090E+00 -2.9969E-07  5.9297E-01  5.8327E-01  9.8101E-03 -5.8327E-01
  9.9600E-01  3.3223E+00 -2.9849E-07  5.9063E-01  5.8327E-01  9.8102E-03 -5.8327E-01
  1.0000E+00  3.3356E+00 -2.9728E-07  5.8830E-01  5.8327E-01  9.8100E-03 -5.8327E-01
  1.0040E+00  3.3490E+00 -2.9608E-07  5.8597E-01  5.8327E-01  9.8101E-03 -5.8327E-01
  1.0080E+00  3.3623E+00 -2.9487E-07  5.8364E-01  5.8327E-01  9.8101E-03 -5.8327E-01
  1.0120E+00  3.3757E+00 -2.9367E-07  5.8130E-01  5.8327E-01  9.8101E-03 -5.8327E-01
  1.0160E+00  3.3890E+00 -2.9247E-07  5.7897E-01  5.8327E-01  9.8101E-03 -5.8327E-01
  1.0200E+00  3.4024E+00 -2.9126E-07  5.7664E-01  5.8327E-01  9.8101E-03 -5.8327E-01
  1.0240E+00  3.4157E+00 -2.9006E-07  5.7430E-01  5.8327E-01  9.8101E-03 -5.8327E-01
  1.0280E+00  3.4290E+00 -2.8885E-07  5.7197E-01  5.8327E-01  9.8100E-03 -5.8327E-01
  1.0320E+00  3.4424E+00 -2.8765E-07  5.6964E-01  5.8327E-01  9.8101E-03 -5.8327E-01
  1.0360E+00  3.4557E+00 -2.8645E-07  5.6730E-01  5.8327E-01  9.8101E-03 -5.8327E-01
  1.0400E+00  3.4691E+00 -2.8524E-07  5.6497E-01  5.8327E-01  9.8101E-03 -5.8327E-01
  1.0440E+00  3.4824E+00 -2.8404E-07  5.6264E-01  5.8327E-01  9.8101E-03 -5.8327E-01
  1.0480E+00  3.4958E+00 -2.8283E-07  5.6030E-01  5.8327E-01  9.8101E-03 -5.8327E-01
  1.0520E+00  3.5091E+00 -2.8163E-07  5.5797E-01  5.8327E-01  9.8100E-03 -5.8327E-01
  1.0560E+00  3.5224E+00 -2.8043E-07  5.5564E-01  5.8327E-01  9.8101E-03 -5.8327E-01
  1.0600E+00  3.5358E+00 -2.7922E-07  5.5331E-01  5.8327E-01  9.8101E-03 -5.8327E-01
  1.0640E+00  3.5491E+00 -2.7802E-07  5.5097E-01  5.8327E-01  9.8101E-03 -5.8327E-01
  1.0680E+00  3.5625E+00 -2.7681E-07  5.4864E-01  5.8327E-01  9.8101E-03 -5.8327E-01
  1.0720E+00  3.5758E+00 -2.7561E-07  5.4631E-01  5.8327E-01  9.8101E-03 -5.8327E-01
  1.0760E+00  3.5892E+00 -2.7441E-07  5.4397E-01  5.8327E-01  9.8101E-03 -5.8327E-01
  1.0800E+00  3.6025E+00 -2.7320E-07  5.4164E-01  5.8327E-01  9.8101E-03 -5.8327E-01
  1.0840E+00  3.6158E+00 -2.7200E-07  5.3931E-01  5.8327E-01  9.8101E-03 -5.8327E-01
  1.0880E+00  3.6292E+00 -2.7079E-07  5.3697E-01  5.8327E-01  9.8101E-03 -5.8327E-01
  1.0920E+00  3.6425E+00 -2.6959E-07  5.3464E-01  5.8327E-01  9.8101E-03 -5.8327E-01
  1.0960E+00  3.6559E+00 -2.6839E-07  5.3231E-01  5.8327E-01  9.8101E-03 -5.8327E-01
  1.1000E+00  3.6692E+00 -2.6718E-07  5.2997E-01  5.8327E-01  9.8101E-03 -5.8327E-01
  1.1040E+00  3.6826E+00 -2.6598E-07  5.2764E-01  5.8327E-01  9.8101E-03 -5.8327E-01
  1.1080E+00  3.6959E+00 -2.6477E-07  5.2531E-01  5.8327E-01  9.8101E-03 -5.8327E-01
  1.1120E+00  3.7092E+00 -2.6357E-07  5.2298E-01  5.8327E-01  9.8101E-03 -5.8327E-01
  1.1160E+00  3.7226E+00 -2.6237E-07  5.2064E-01  5.8327E-01  9.8101E-03 -5.8327E-01
  1.1200E+00  3.7359E+00 -2.6116E-07  5.1831E-01  5.8327E-01  9.8101E-03 -5.8327E-01
  1.1240E+00  3.7493E+00 -2.5996E-07  5.1598E-01  5.8327E-01  9.8101E-03 -5.8327E-01
  1.1280E+00  3.7626E+00 -2.5875E-07  5.1364E-01  5.8327E-01  9.8101E-03 -5.8327E-01
  1.1320E+00  3.7760E+00 -2.5755E-07  5.1131E-01  5.8327E-01  9.8101E-03 -5.8327E-01
  1.1360E+00  3.7893E+00 -2.5635E-07  5.0898E-01  5.8327E-01  9.8101E-03 -5.8327E-01
  1.1400E+00  3.8026E+00 -2.5514E-07  5.0664E-01  5.8327E-01  9.8101E-03 -5.8327E-01
  1.1440E+00  3.8160E+00 -2.5394E-07  5.0431E-01  5.8327E-01  9.8101E-03 -5.8327E-01
  1.1480E+00  3.8293E+00 -2.5273E-07  5.0198E-01  5.8327E-01  9.8101E-03 -5.8327E-01
  1.1520E+00  3.8427E+00 -2.5153E-07  4.9964E-01  5.8327E-01  9.8101E-03 -5.8327E-01
  1.1560E+00  3.8560E+00 -2.5033E-07  4.9731E-01  5.8327E-01  9.8101E-03 -5.8327E-01
  1.1600E+00  3.8693E+00 -2.4912E-07  4.9498E-01  5.8327E-01  9.8101E-03 -5.8327E-01
  1.1640E+00  3.8827E+00 -2.4792E-07  4.9265E-01  5.8327E-01  9.8101E-03 -5.8327E-01
  1.1680E+00  3.8960E+00 -2.4671E-07  4.9031E-01  5.8327E-01  9.8101E-03 -5.8327E-01
  1.1720E+00  3.9094E+00 -2.4551E-07  4.8798E-01  5.8327E-01  9.8101E-03 -5.8327E-01
  1.1760E+00  3.9227E+00 -2.4431E-07  4.8565E-01  5.8327E-01  9.8101E-03 -5.8327E-01
  1.1800E+00  3.9361E+00 -2.4310E-07  4.8331E-01  5.8327E-01  9.8101E-03 -5.8327E-01
  1.1840E+00  3.9494E+00 -2.4190E-07  4.8098E-01  5.8327E-01  9.8101E-03 -5.8327E-01
  1.1880E+00  3.9627E+00 -2.4069E-07  4.7865E-01  5.8327E-01  9.8101E-03 -5.8327E-01
  1.1920E+00  3.9761E+00 -2.3949E-07  4.7631E-01  5.8327E-01  9.8101E-03 -5.8327E-01
  1.1960E+00  3.9894E+00 -2.3829E-07  4.7398E-01  5.8327E-01  9.8101E-03 -5.8327E-01
  1.2000E+00  4.0028E+00 -2.3708E-07  4.7165E-01  5.8327E-01  9.8101E-03 -5.8327E-01
  1.2040E+00  4.0161E+00 -2.3588E-07  4.6931E-01  5.8327E-01  9.8101E-03 -5.8327E-01
  1.2080E+00  4.0295E+00 -2.3467E-07  4.6698E-01  5.8327E-01  9.8101E-03 -5.8327E-01
  1.2120E+00  4.0428E+00 -2.3347E-07  4.6465E-01  5.8327E-01  9.8101E-03 -5.8327E-01
  1.2160E+00  4.0561E+00 -2.3227E-07  4.6232E-01  5.8327E-01  9.8101E-03 -5.8327E-01
  1.2200E+00  4.0695E+00 -2.3106E-07  4.5998E-01  5.8327E-01  9.8101E-03 -5.8327E-01
  1.2240E+00  4.0828E+00 -2.2986E-07  4.5765E-01  5.8327E-01  9.8101E-03 -5.8327E-01
  1.2280E+00  4.0962E+00 -2.2865E-07  4.5532E-01  5.8327E-01  9.8101E-03 -5.8327E-01
  1.2320E+00  4.1095E+00 -2.2745E-07  4.5298E-01  5.8327E-01  9.8101E-03 -5.8327E-01
  1.2360E+00  4.1229E+00 -2.2625E-07  4.5065E-01  5.8327E-01  9.8101E-03 -5.8327E-01
  1.2400E+00  4.1362E+00 -2.2504E-07  4.4832E-01  5.8327E-01  9.8101E-03 -5.8327E-01
  1.2440E+00  4.1495E+00 -2.2384E-07  4.4598E-01  5.8327E-01  9.8101E-03 -5.8327E-01
  1.2480E+00  4.1629E+00 -2.2263E-07  4.4365E-01  5.8327E-01  9.8101E-03 -5.8327E-01
  1.2520E+00  4.1762E+00 -2.2143E-07  4.4132E-01  5.8327E-01  9.8101E-03 -5.8327E-01
  1.2560E+00  4.1896E+00 -2.2023E-07  4.3898E-01  5.8327E-01  9.8101E-03 -5.8327E-01
  1.2600E+00  4.2029E+00 -2.1902E-07  4.3665E-01  5.8327E-01  9.8101E-03 -5.8327E-01
  1.2640E+00  4.2163E+00 -2.1782E-07  4.3432E-01  5.8327E-01  9.8101E-03 -5.8327E-01
  1.2680E+00  4.2296E+00 -2.1661E-07  4.3199E-01  5.8327E-01  9.8101E-03 -5.8327E-01
  1.2720E+00  4.2429E+00 -2.1541E-07  4.2965E-01  5.8327E-01  9.8101E-03 -5.8327E-01
  1.2760E+00  4.2563E+00 -2.1421E-07  4.2732E-01  5.8327E-01  9.8101E-03 -5.8327E-01
  1.2800E+00  4.2696E+00 -2.1300E-07  4.2499E-01  5.8327E-01  9.8101E-03 -5.8327E-01
  1.2840E+00  4.2830E+00 -2.1180E-07  4.2265E-01  5.8327E-01  9.8101E-03 -5.8327E-01
  1.2880E+00  4.2963E+00 -2.1059E-07  4.2032E-01  5.8327E-01  9.8101E-03 -5.8327E-01
  1.2920E+00  4.3097E+00 -2.0939E-07  4.1799E-01  5.8327E-01  9.8101E-03 -5.8327E-01
  1.2960E+00  4.3230E+00 -2.0819E-07  4.1565E-01  5.8327E-01  9.8101E-03 -5.8327E-01
  1.3000E+00  4.3363E+00 -2.0698E-07  4.1332E-01  5.8327E-01  9.8102E-03 -5.8327E-01
  1.3040E+00  4.3497E+00 -2.0578E-07  4.1099E-01  5.8327E-01  9.8101E-03 -5.8327E-01
  1.3080E+00  4.3630E+00 -2.0457E-07  4.0865E-01  5.8327E-01  9.8101E-03 -5.8327E-01
  1.3120E+00  4.3764E+00 -2.0337E-07  4.0632E-01  5.8327E-01  9.8101E-03 -5.8327E-01
  1.3160E+00  4.3897E+00 -2.0217E-07  4.0399E-01  5.8327E-01  9.8101E-03 -5.8327E-01
  1.3200E+00  4.4031E+00 -2.0096E-07  4.0166E-01  5.8327E-01  9.8101E-03 -5.8327E-01
  1.3240E+00  4.4164E+00 -1.9976E-07  3.9932E-01  5.8327E-01  9.8101E-03 -5.8327E-01
  1.3280E+00  4.4297E+00 -1.9855E-07  3.9699E-01  5.8327E-01  9.8101E-03 -5.8327E-01
  1.3320E+00  4.4431E+00 -1.9735E-07  3.9466E-01  5.8327E-01  9.8101E-03 -5.8327E-01
  1.3360E+00  4.4564E+00 -1.9615E-07  3.9232E-01  5.8327E-01  9.8101E-03 -5.8327E-01
  1.3400E+00  4.4698E+00 -1.9494E-07  3.8999E-01  5.8327E-01  9.8101E-03 -5.8327E-01
  1.3440E+00  4.4831E+00 -1.9374E-07  3.8766E-01  5.8327E-01  9.8101E-03 -5.8327E-01
  1.3480E+00  4.4964E+00 -1.9253E-07  3.8532E-01  5.8327E-01  9.8101E-03 -5.8327E-01
  1.3520E+00  4.5098E+00 -1.9133E-07  3.8299E-01  5.8327E-01  9.8101E-03 -5.8327E-01
  1.3560E+00  4.5231E+00 -1.9013E-07  3.8066E-01  5.8327E-01  9.8101E-03 -5.8327E-01
  1.3600E+00  4.5365E+00 -1.8892E-07  3.7832E-01  5.8327E-01  9.8101E-03 -5.8327E-01
  1.3640E+00  4.5498E+00 -1.8772E-07  3.7599E-01  5.8327E-01  9.8101E-03 -5.8327E-01
  1.3680E+00  4.5632E+00 -1.8651E-07  3.7366E-01  5.8327E-01  9.8101E-03 -5.8327E-01
  1.3720E+00  4.5765E+00 -1.8531E-07  3.7133E-01  5.8327E-01  9.8101E-03 -5.8327E-01
  1.3760E+00  4.5898E+00 -1.8411E-07  3.6899E-01  5.8327E-01  9.8101E-03 -5.8327E-01
  1.3800E+00  4.6032E+00 -1.8290E-07  3.6666E-01  5.8327E-01  9.8101E-03 -5.8327E-01
  1.3840E+00  4.6165E+00 -1.8170E-07  3.6433E-01  5.8327E-01  9.8101E-03 -5.8327E-01
  1.3880E+00  4.6299E+00 -1.8049E-07  3.6199E-01  5.8327E-01  9.8101E-03 -5.8327E-01
  1.3920E+00  4.6432E+00 -1.7929E-07  3.5966E-01  5.8327E-01  9.8101E-03 -5.8327E-01
  1.3960E+00  4.6566E+00 -1.7809E-07  3.5733E-01  5.8327E-01  9.8101E-03 -5.8327E-01
  1.4000E+00  4.6699E+00 -1.7688E-07  3.5499E-01  5.8327E-01  9.8101E-03 -5.8327E-01
  1.4040E+00  4.6832E+00 -1.7568E-07  3.5266E-01  5.8327E-01  9.8101E-03 -5.8327E-01
  1.4080E+00  4.6966E+00 -1.7447E-07  3.5033E-01  5.8327E-01  9.8101E-03 -5.8327E-01
  1.4120E+00  4.7099E+00 -1.7327E-07  3.4799E-01  5.8327E-01  9.8101E-03 -5.8327E-01
  1.4160E+00  4.7233E+00 -1.7207E-07  3.4566E-01  5.8327E-01  9.8101E-03 -5.8327E-01
  1.4200E+00  4.7366E+00 -1.7086E-07  3.4333E-01  5.8327E-01  9.8101E-03 -5.8327E-01
  1.4240E+00  4.7500E+00 -1.6966E-07  3.4100E-01  5.8327E-01  9.8101E-03 -5.8327E-01
  1.4280E+00  4.7633E+00 -1.6845E-07  3.3866E-01  5.8327E-01  9.8101E-03 -5.8327E-01
  1.4320E+00  4.7766E+00 -1.6725E-07  3.3633E-01  5.8327E-01  9.8101E-03 -5.8327E-01
  1.4360E+00  4.7900E+00 -1.6605E-07  3.3400E-01  5.8327E-01  9.8101E-03 -5.8327E-01
  1.4400E+00  4.8033E+00 -1.6484E-07  3.3166E-01  5.8327E-01  9.8101E-03 -5.8327E-01
  1.4440E+00  4.8167E+00 -1.6364E-07  3.2933E-01  5.8327E-01  9.8101E-03 -5.8327E-01
  1.4480E+00  4.8300E+00 -1.6243E-07  3.2700E-01  5.8327E-01  9.8101E-03 -5.8327E-01
  1.4520E+00  4.8434E+00 -1.6123E-07  3.2466E-01  5.8327E-01  9.8101E-03 -5.8327E-01
  1.4560E+00  4.8567E+00 -1.6003E-07  3.2233E-01  5.8327E-01  9.8101E-03 -5.8327E-01
  1.4600E+00  4.8700E+00 -1.5882E-07  3.2000E-01  5.8327E-01  9.8101E-03 -5.8327E-01
  1.4640E+00  4.8834E+00 -1.5762E-07  3.1766E-01  5.8327E-01  9.8101E-03 -5.8327E-01
  1.4680E+00  4.8967E+00 -1.5641E-07  3.1533E-01  5.8327E-01  9.8101E-03 -5.8327E-01
  1.4720E+00  4.9101E+00 -1.5521E-07  3.1300E-01  5.8327E-01  9.8101E-03 -5.8327E-01
  1.4760E+00  4.9234E+00 -1.5401E-07  3.1067E-01  5.8327E-01  9.8101E-03 -5.8327E-01
  1.4800E+00  4.9368E+00 -1.5280E-07  3.0833E-01  5.8327E-01  9.8101E-03 -5.8327E-01
  1.4840E+00  4.9501E+00 -1.5160E-07  3.0600E-01  5.8327E-01  9.8101E-03 -5.8327E-01
  1.4880E+00  4.9634E+00 -1.5039E-07  3.0367E-01  5.8327E-01  9.8101E-03 -5.8327E-01
  1.4920E+00  4.9768E+00 -1.4919E-07  3.0133E-01  5.8327E-01  9.8101E-03 -5.8327E-01
  1.4960E+00  4.9901E+00 -1.4799E-07  2.9900E-01  5.8327E-01  9.8101E-03 -5.8327E-01
  1.5000E+00  5.0035E+00 -1.4678E-07  2.9667E-01  5.8327E-01  9.8101E-03 -5.8327E-01
  1.5040E+00  5.0168E+00 -1.4558E-07  2.9433E-01  5.8327E-01  9.8101E-03 -5.8327E-01
  1.5080E+00  5.0302E+00 -1.4437E-07  2.9200E-01  5.8327E-01  9.8101E-03 -5.8327E-01
  1.5120E+00  5.0435E+00 -1.4317E-07  2.8967E-01  5.8327E-01  9.8101E-03 -5.8327E-01
  1.5160E+00  5.0568E+00 -1.4197E-07  2.8733E-01  5.8327E-01  9.8101E-03 -5.8327E-01
  1.5200E+00  5.0702E+00 -1.4076E-07  2.8500E-01  5.8327E-01  9.8101E-03 -5.8327E-01
  1.5240E+00  5.0835E+00 -1.3956E-07  2.8267E-01  5.8327E-01  9.8101E-03 -5.8327E-01
  1.5280E+00  5.0969E+00 -1.3835E-07  2.8034E-01  5.8327E-01  9.8101E-03 -5.8327E-01
  1.5320E+00  5.1102E+00 -1.3715E-07  2.7800E-01  5.8327E-01  9.8102E-03 -5.8327E-01
  1.5360E+00  5.1236E+00 -1.3595E-07  2.7567E-01  5.8327E-01  9.8102E-03 -5.8327E-01
  1.5400E+00  5.1369E+00 -1.3474E-07  2.7334E-01  5.8327E-01  9.8101E-03 -5.8327E-01
  1.5440E+00  5.1502E+00 -1.3354E-07  2.7100E-01  5.8327E-01  9.8101E-03 -5.8327E-01
  1.5480E+00  5.1636E+00 -1.3233E-07  2.6867E-01  5.8327E-01  9.8101E-03 -5.8327E-01
  1.5520E+00  5.1769E+00 -1.3113E-07  2.6634E-01  5.8327E-01  9.8101E-03 -5.8327E-01
  1.5560E+00  5.1903E+00 -1.2993E-07  2.6400E-01  5.8327E-01  9.8101E-03 -5.8327E-01
  1.5600E+00  5.2036E+00 -1.2872E-07  2.6167E-01  5.8327E-01  9.8102E-03 -5.8327E-01
  1.5640E+00  5.2169E+00 -1.2752E-07  2.5934E-01  5.8327E-01  9.8101E-03 -5.8327E-01
  1.5680E+00  5.2303E+00 -1.2631E-07  2.5700E-01  5.8327E-01  9.8101E-03 -5.8327E-01
  1.5720E+00  5.2436E+00 -1.2511E-07  2.5467E-01  5.8327E-01  9.8102E-03 -5.8327E-01
  1.5760E+00  5.2570E+00 -1.2391E-07  2.5234E-01  5.8327E-01  9.8102E-03 -5.8327E-01
  1.5800E+00  5.2703E+00 -1.2270E-07  2.5000E-01  5.8327E-01  9.8101E-03 -5.8327E-01
  1.5840E+00  5.2837E+00 -1.2150E-07  2.4767E-01  5.8327E-01  9.8101E-03 -5.8327E-01
  1.5880E+00  5.2970E+00 -1.2029E-07  2.4534E-01  5.8327E-01  9.8102E-03 -5.8327E-01
  1.5920E+00  5.3103E+00 -1.1909E-07  2.4301E-01  5.8327E-01  9.8101E-03 -5.8327E-01
  1.5960E+00  5.3237E+00 -1.1789E-07  2.4067E-01  5.8327E-01  9.8101E-03 -5.8327E-01
  1.6000E+00  5.3370E+00 -1.1668E-07  2.3834E-01  5.8327E-01  9.8102E-03 -5.8327E-01
  1.6040E+00  5.3504E+00 -1.1548E-07  2.3601E-01  5.8327E-01  9.8102E-03 -5.8327E-01
  1.6080E+00  5.3637E+00 -1.1427E-07  2.3367E-01  5.8327E-01  9.8102E-03 -5.8327E-01
  1.6120E+00  5.3771E+00 -1.1307E-07  2.3134E-01  5.8327E-01  9.8102E-03 -5.8327E-01
  1.6160E+00  5.3904E+00 -1.1187E-07  2.2901E-01  5.8327E-01  9.8101E-03 -5.8327E-01
  1.6200E+00  5.4037E+00 -1.1066E-07  2.2667E-01  5.8327E-01  9.8102E-03 -5.8327E-01
  1.6240E+00  5.4171E+00 -1.0946E-07  2.2434E-01  5.8327E-01  9.8101E-03 -5.8327E-01
  1.6280E+00  5.4304E+00 -1.0825E-07  2.2201E-01  5.8327E-01  9.8102E-03 -5.8327E-01
  1.6320E+00  5.4438E+00 -1.0705E-07  2.1967E-01  5.8327E-01  9.8102E-03 -5.8327E-01
  1.6360E+00  5.4571E+00 -1.0585E-07  2.1734E-01  5.8327E-01  9.8102E-03 -5.8327E-01
  1.6400E+00  5.4705E+00 -1.0464E-07  2.1501E-01  5.8327E-01  9.8102E-03 -5.8327E-01
  1.6440E+00  5.4838E+00 -1.0344E-07  2.1268E-01  5.8327E-01  9.8102E-03 -5.8327E-01
  1.6480E+00  5.4971E+00 -1.0223E-07  2.1034E-01  5.8327E-01  9.8102E-03 -5.8327E-01
  1.6520E+00  5.5105E+00 -1.0103E-07  2.0801E-01  5.8327E-01  9.8102E-03 -5.8327E-01
  1.6560E+00  5.5238E+00 -9.9827E-08  2.0568E-01  5.8327E-01  9.8102E-03 -5.8327E-01
  1.6600E+00  5.5372E+00 -9.8623E-08  2.0334E-01  5.8327E-01  9.8102E-03 -5.8327E-01
  1.6640E+00  5.5505E+00 -9.7419E-08  2.0101E-01  5.8327E-01  9.8102E-03 -5.8327E-01
  1.6680E+00  5.5639E+00 -9.6215E-08  1.9868E-01  5.8327E-01  9.8102E-03 -5.8327E-01
  1.6720E+00  5.5772E+00 -9.5011E-08  1.9634E-01  5.8327E-01  9.8102E-03 -5.8327E-01
  1.6760E+00  5.5905E+00 -9.3807E-08  1.9401E-01  5.8327E-01  9.8102E-03 -5.8327E-01
  1.6800E+00  5.6039E+00 -9.2603E-08  1.9168E-01  5.8327E-01  9.8102E-03 -5.8327E-01
  1.6840E+00  5.6172E+00 -9.1399E-08  1.8934E-01  5.8327E-01  9.8102E-03 -5.8327E-01
  1.6880E+00  5.6306E+00 -9.0195E-08  1.8701E-01  5.8327E-01  9.8102E-03 -5.8327E-01
  1.6920E+00  5.6439E+00 -8.8991E-08  1.8468E-01  5.8327E-01  9.8102E-03 -5.8327E-01
  1.6960E+00  5.6573E+00 -8.7787E-08  1.8235E-01  5.8327E-01  9.8102E-03 -5.8327E-01
  1.7000E+00  5.6706E+00 -8.6583E-08  1.8001E-01  5.8327E-01  9.8102E-03 -5.8327E-01
  1.7040E+00  5.6839E+00 -8.5379E-08  1.7768E-01  5.8327E-01  9.8102E-03 -5.8327E-01
  1.7080E+00  5.6973E+00 -8.4175E-08  1.7535E-01  5.8327E-01  9.8102E-03 -5.8327E-01
  1.7120E+00  5.7106E+00 -8.2971E-08  1.7301E-01  5.8327E-01  9.8102E-03 -5.8327E-01
  1.7160E+00  5.7240E+00 -8.1767E-08  1.7068E-01  5.8327E-01  9.8102E-03 -5.8327E-01
  1.7200E+00  5.7373E+00 -8.0563E-08  1.6835E-01  5.8327E-01  9.8102E-03 -5.8327E-01
  1.7240E+00  5.7507E+00 -7.9359E-08  1.6601E-01  5.8327E-01  9.8102E-03 -5.8327E-01
  1.7280E+00  5.7640E+00 -7.8155E-08  1.6368E-01  5.8327E-01  9.8102E-03 -5.8327E-01
  1.7320E+00  5.7773E+00 -7.6951E-08  1.6135E-01  5.8327E-01  9.8102E-03 -5.8327E-01
  1.7360E+00  5.7907E+00 -7.5747E-08  1.5901E-01  5.8327E-01  9.8102E-03 -5.8327E-01
  1.7400E+00  5.8040E+00 -7.4543E-08  1.5668E-01  5.8327E-01  9.8102E-03 -5.8327E-01
  1.7440E+00  5.8174E+00 -7.3339E-08  1.5435E-01  5.8327E-01  9.8102E-03 -5.8327E-01
  1.7480E+00  5.8307E+00 -7.2135E-08  1.5202E-01  5.8327E-01  9.8102E-03 -5.8327E-01
  1.7520E+00  5.8440E+00 -7.0931E-08  1.4968E-01  5.8327E-01  9.8102E-03 -5.8327E-01
  1.7560E+00  5.8574E+00 -6.9727E-08  1.4735E-01  5.8327E-01  9.8102E-03 -5.8327E-01
  1.7600E+00  5.8707E+00 -6.8523E-08  1.4502E-01  5.8327E-01  9.8102E-03 -5.8327E-01
  1.7640E+00  5.8841E+00 -6.7319E-08  1.4268E-01  5.8327E-01  9.8102E-03 -5.8327E-01
  1.7680E+00  5.8974E+00 -6.6115E-08  1.4035E-01  5.8327E-01  9.8102E-03 -5.8327E-01
  1.7720E+00  5.9108E+00 -6.4911E-08  1.3802E-01  5.8327E-01  9.8102E-03 -5.8327E-01
  1.7760E+00  5.9241E+00 -6.3707E-08  1.3568E-01  5.8327E-01  9.8102E-03 -5.8327E-01
  1.7800E+00  5.9374E+00 -6.2503E-08  1.3335E-01  5.8327E-01  9.8102E-03 -5.8327E-01
  1.7840E+00  5.9508E+00 -6.1299E-08  1.3102E-01  5.8327E-01  9.8102E-03 -5.8327E-01
  1.7880E+00  5.9641E+00 -6.0095E-08  1.2868E-01  5.8327E-01  9.8102E-03 -5.8327E-01
  1.7920E+00  5.9775E+00 -5.8891E-08  1.2635E-01  5.8327E-01  9.8102E-03 -5.8327E-01
  1.7960E+00  5.9908E+00 -5.7687E-08  1.2402E-01  5.8327E-01  9.8102E-03 -5.8327E-01
  1.8000E+00  6.0042E+00 -5.6483E-08  1.2169E-01  5.8327E-01  9.8102E-03 -5.8327E-01
  1.8040E+00  6.0175E+00 -5.5279E-08  1.1935E-01  5.8327E-01  9.8102E-03 -5.8327E-01
  1.8080E+00  6.0308E+00 -5.4075E-08  1.1702E-01  5.8327E-01  9.8102E-03 -5.8327E-01
  1.8120E+00  6.0442E+00 -5.2871E-08  1.1469E-01  5.8327E-01  9.8102E-03 -5.8327E-01
  1.8160E+00  6.0575E+00 -5.1667E-08  1.1235E-01  5.8327E-01  9.8102E-03 -5.8327E-01
  1.8200E+00  6.0709E+00 -5.0463E-08  1.1002E-01  5.8327E-01  9.8102E-03 -5.8327E-01
  1.8240E+00  6.0842E+00 -4.9259E-08  1.0769E-01  5.8327E-01  9.8102E-03 -5.8327E-01
  1.8280E+00  6.0976E+00 -4.8055E-08  1.0535E-01  5.8327E-01  9.8102E-03 -5.8327E-01
  1.8320E+00  6.1109E+00 -4.6851E-08  1.0302E-01  5.8327E-01  9.8102E-03 -5.8327E-01
  1.8360E+00  6.1242E+00 -4.5647E-08  1.0069E-01  5.8327E-01  9.8102E-03 -5.8327E-01
  1.8400E+00  6.1376E+00 -4.4443E-08  9.8355E-02  5.8327E-01  9.8102E-03 -5.8327E-01
  1.8440E+00  6.1509E+00 -4.3239E-08  9.6022E-02  5.8327E-01  9.8102E-03 -5.8327E-01
  1.8480E+00  6.1643E+00 -4.2035E-08  9.3689E-02  5.8327E-01  9.8102E-03 -5.8327E-01
  1.8520E+00  6.1776E+00 -4.0831E-08  9.1355E-02  5.8327E-01  9.8102E-03 -5.8327E-01
  1.8560E+00  6.1910E+00 -3.9627E-08  8.9022E-02  5.8327E-01  9.8102E-03 -5.8327E-01
  1.8600E+00  6.2043E+00 -3.8423E-08  8.6689E-02  5.8327E-01  9.8102E-03 -5.8327E-01
  1.8640E+00  6.2176E+00 -3.7219E-08  8.4356E-02  5.8327E-01  9.8102E-03 -5.8327E-01
  1.8680E+00  6.2310E+00 -3.6015E-08  8.2023E-02  5.8327E-01  9.8102E-03 -5.8327E-01
  1.8720E+00  6.2443E+00 -3.4811E-08  7.9690E-02  5.8327E-01  9.8102E-03 -5.8327E-01
  1.8760E+00  6.2577E+00 -3.3607E-08  7.7357E-02  5.8327E-01  9.8102E-03 -5.8327E-01
  1.8800E+00  6.2710E+00 -3.2403E-08  7.5024E-02  5.8327E-01  9.8102E-03 -5.8327E-01
  1.8840E+00  6.2844E+00 -3.1199E-08  7.2691E-02  5.8327E-01  9.8102E-03 -5.8327E-01
  1.8880E+00  6.2977E+00 -2.9995E-08  7.0358E-02  5.8327E-01  9.8102E-03 -5.8327E-01
  1.8920E+00  6.3110E+00 -2.8791E-08  6.8025E-02  5.8327E-01  9.8102E-03 -5.8327E-01
  1.8960E+00  6.3244E+00 -2.7587E-08  6.5692E-02  5.8327E-01  9.8102E-03 -5.8327E-01
  1.9000E+00  6.3377E+00 -2.6383E-08  6.3359E-02  5.8327E-01  9.8102E-03 -5.8327E-01
  1.9040E+00  6.3511E+00 -2.5179E-08  6.1025E-02  5.8327E-01  9.8102E-03 -5.8327E-01
  1.9080E+00  6.3644E+00 -2.3975E-08  5.8692E-02  5.8327E-01  9.8102E-03 -5.8327E-01
  1.9120E+00  6.3778E+00 -2.2771E-08  5.6359E-02  5.8327E-01  9.8102E-03 -5.8327E-01
  1.9160E+00  6.3911E+00 -2.1567E-08  5.4026E-02  5.8327E-01  9.8102E-03 -5.8327E-01
  1.9200E+00  6.4044E+00 -2.0363E-08  5.1693E-02  5.8327E-01  9.8102E-03 -5.8327E-01
  1.9240E+00  6.4178E+00 -1.9159E-08  4.9360E-02  5.8327E-01  9.8102E-03 -5.8327E-01
  1.9280E+00  6.4311E+00 -1.7955E-08  4.7027E-02  5.8327E-01  9.8102E-03 -5.8327E-01
  1.9320E+00  6.4445E+00 -1.6751E-08  4.4694E-02  5.8327E-01  9.8102E-03 -5.8327E-01
  1.9360E+00  6.4578E+00 -1.5547E-08  4.2361E-02  5.8327E-01  9.8102E-03 -5.8327E-01
  1.9400E+00  6.4712E+00 -1.4343E-08  4.0028E-02  5.8327E-01  9.8102E-03 -5.8327E-01
  1.9440E+00  6.4845E+00 -1.3139E-08  3.7695E-02  5.8327E-01  9.8102E-03 -5.8327E-01
  1.9480E+00  6.4978E+00 -1.1935E-08  3.5362E-02  5.8327E-01  9.8102E-03 -5.8327E-01
  1.9520E+00  6.5112E+00 -1.0731E-08  3.3028E-02  5.8327E-01  9.8102E-03 -5.8327E-01
  1.9560E+00  6.5245E+00 -9.5272E-09  3.0695E-02  5.8327E-01  9.8102E-03 -5.8327E-01
  1.9600E+00  6.5379E+00 -8.3232E-09  2.8362E-02  5.8327E-01  9.8102E-03 -5.8327E-01
  1.9640E+00  6.5512E+00 -7.1193E-09  2.6029E-02  5.8327E-01  9.8102E-03 -5.8327E-01
  1.9680E+00  6.5645E+00 -5.9153E-09  2.3696E-02  5.8327E-01  9.8102E-03 -5.8327E-01
  1.9720E+00  6.5779E+00 -4.7113E-09  2.1363E-02  5.8327E-01  9.8102E-03 -5.8327E-01
  1.9760E+00  6.5912E+00 -3.5073E-09  1.9030E-02  5.8327E-01  9.8102E-03 -5.8327E-01
  1.9800E+00  6.6046E+00 -2.3033E-09  1.6697E-02  5.8327E-01  9.8102E-03 -5.8327E-01
  1.9840E+00  6.6179E+00 -1.0993E-09  1.4364E-02  5.8327E-01  9.8102E-03 -5.8327E-01
  1.9880E+00  6.6313E+00  1.0471E-10  1.2031E-02  5.8327E-01  9.8102E-03 -5.8327E-01
  1.9920E+00  6.6446E+00  1.3087E-09  9.6977E-03  5.8327E-01  9.8102E-03 -5.8327E-01
  2.0000E+00  6.6713E+00  3.7167E-09  5.0315E-03  5.8327E-01  9.8102E-03 -5.8327E-01
