-0.05 0.004539786607945985
-0.048 0.0067724145148734954
-0.046 0.010102918628667832
-0.044000000000000004 0.015071034506944811
-0.042 0.022481674809159233
-0.04 0.03353500927277968
-0.038 0.050020104276063404
-0.036000000000000004 0.07460287242253025
-0.034 0.11125358460847398
-0.032 0.16588007619699782
-0.030000000000000002 0.24726226146641084
-0.028 0.3684238976712305
-0.026 0.5486297329416088
-0.024 0.8162568484073849
-0.022 1.212843045272953
-0.020000000000000004 1.798620228340265
-0.018000000000000002 2.6596980602508173
-0.016 3.916570096617983
-0.013999999999999999 5.732413938961678
-0.011999999999999997 8.317263596655456
-0.010000000000000002 11.920282290154688
-0.008 16.798145526179912
-0.005999999999999998 23.14749652006039
-0.003999999999999997 31.002513428773394
-0.001999999999999995 40.13117710570473
0.0 49.99991902029154
0.002 60.16799849433135
0.004 69.68727523638584
0.006000000000000001 78.00507705283276
0.008 84.86564098892634
0.01 90.28141569605233
0.012000000000000002 94.43287187982722
0.014000000000000002 97.56654595799266
0.016 99.92629457336035
0.018000000000000002 101.72006719691312
0.02 103.11081441924067
0.022000000000000002 104.21971842771096
0.024000000000000004 105.13392408231758
0.026000000000000002 105.91473834342432
0.028000000000000004 106.60466981162601
0.03 107.23290972316673
0.032 107.81937514006582
0.034 108.3775964884194
0.036000000000000004 108.91673835556966
0.038000000000000006 109.44299539601688
0.04 109.96054840410422
0.042 110.47221546335784
0.044000000000000004 110.97989375652435
0.046000000000000006 111.48485857155032
0.04800000000000001 111.987965299007
0.05 112.48978571140067
0.052000000000000005 112.99069980099956
0.054000000000000006 113.49095759709368
0.05600000000000001 113.99072071547862
0.05800000000000001 114.49009022571836
0.06 114.98912527784378
0.062 115.4878554811262
0.064 115.98628904909076
0.066 116.48441806449563
0.068 116.98222177223647
0.07 117.47966850712022
0.07200000000000001 117.9767166599565
0.07400000000000001 118.47331494755004
0.07600000000000001 118.96940215843466
0.07800000000000001 119.46490648204167
0.08 119.95974448465323
0.08200000000000002 120.45381976432739
0.084 120.9470212945182
0.086 121.4392214493143
0.08800000000000001 121.93027369001129
0.09 122.42000988169552
0.09200000000000001 122.90823719867272
0.094 123.39473456822788
0.09600000000000002 123.87924859286787
0.098 124.36148888151224
0.1 124.8411227097981
0.10200000000000001 125.31776891855066
0.10400000000000001 125.79099094739846
0.10600000000000001 126.26028888738
0.10800000000000001 126.72509042214935
0.11 127.18474051205129
0.11200000000000002 127.63848965898445
0.114 128.08548057278685
0.11600000000000002 128.5247330421745
0.11800000000000001 128.95512679552897
0.12 129.37538211978514
0.12200000000000001 129.78403799033745
0.124 130.17942745268948
0.126 130.55964998944708
0.128 130.92254060678502
0.13 131.26563538610804
0.132 131.58613327369218
0.134 131.88085392929662
0.136 132.14619153120523
0.138 132.37806454876463
0.14 132.57186165502597
0.14200000000000002 132.72238417447997
0.14400000000000002 132.82378575908987
0.14600000000000002 132.86951037673012
0.14800000000000002 132.85223019776922
0.15 132.76378559588358
0.15200000000000002 132.59513025403822
0.154 132.3362852961677
0.15600000000000003 131.9763074492738
0.158 131.50327746210533
0.16 130.90431632198536
0.162 130.16563814065682
0.16400000000000003 129.2726497943562
0.166 128.21010831327266
0.168 126.96234736249934
0.17 125.51358361184802
0.172 123.84831196965735
0.17400000000000002 121.95179514740681
0.17600000000000002 119.81064745928508
0.17800000000000002 117.41350491211534
0.18 114.75176353772349
0.182 111.82035599910708
0.18400000000000002 108.61852373341463
0.18600000000000003 105.15052984430888
0.188 101.42624872575905
0.19 97.46156439295805
0.19200000000000003 93.27851299182714
0.19400000000000003 88.90511752669906
0.196 84.37488473512045
0.198 79.72596371854414
0.2 75.0
0.20600000000000002 60.19685098313219
0.21200000000000002 46.50382783085811
0.218 34.72128247514737
0.224 25.197242229911335
0.23 17.880438303317632
0.23600000000000002 12.475904474088352
0.24200000000000002 8.598626384830306
0.248 5.874858419514658
0.254 3.98954903652988
0.26 2.697931494313734
0.266 1.8192652476411355
0.272 1.2243856729739835
0.278 0.82294483491756
0.28400000000000003 0.5526359849153974
0.29000000000000004 0.3708934734952155
0.29600000000000004 0.24882016202616275
0.302 0.16688040492904838
0.308 0.11190432507550464
0.314 0.07503016606193465
0.32 0.05030251956997171
0.326 0.03372251553499429
0.332 0.02260655370896361
0.33799999999999997 0.015154379086165962
0.344 0.010158622442965552
0.35 0.006809680305365171
