0.09 0.24097779216860374 0.24965852772294073 8.5E+8
0.1 0.23443665344372686 0.2494875751407101 8.5E+8
0.01 0.29948415335654516 0.28887156403113695 9.0E+8
0.02 0.2991823391905869 0.2833847926438748 9.0E+8
0.03 0.2990683140036149 0.27871923824549066 9.0E+8
0.04 0.29248732439386654 0.27739785731612426 9.0E+8
0.05 0.2850320296100942 0.2766163514252905 9.0E+8
0.06 0.28328902239776976 0.27633195614707595 9.0E+8
0.07 0.2725303410811939 0.2739214072354559 9.0E+8
0.08 0.2725923577605476 0.2622884910346305 9.0E+8
0.09 0.2601679838463493 0.2703052274873099 9.0E+8
0.1 0.2539701823389465 0.2696433246714146 9.0E+8
0.01 0.2991969296600764 0.2998125084112098 9.5E+8
0.02 0.29814852573747486 0.2974078706316825 9.5E+8
0.03 0.29893874509600254 0.29914885596104296 9.5E+8
0.04 0.2985443737433237 0.29873192482030764 9.5E+8
0.07 0.043179731857627225 0.02653672483718868 3.0E+8
0.08 0.04044269091760572 0.024321385159691813 3.0E+8
0.09 0.03852394287427848 0.021982563380254363 3.0E+8
0.1 0.03662397122515668 0.019585788351636695 3.0E+8
0.01 0.08787592936146638 0.056449173285551546 3.5E+8
0.02 0.0822270921381302 0.054603858723622535 3.5E+8
0.03 0.07606990402294919 0.053720710396054104 3.5E+8
0.04 0.07138658864582516 0.052287386963059554 3.5E+8
0.05 0.06736426667526493 0.05114030729851611 3.5E+8
0.06 0.06338226742893092 0.04865123145070672 3.5E+8
0.07 0.06069323728954323 0.045837272959505425 3.5E+8
0.08 0.05676601590477593 0.044881986871454636 3.5E+8
0.09 0.054453010175143826 0.042166636869390574 3.5E+8
0.1 0.05258964345993875 0.03948049032114809 3.5E+8
0.01 0.10831203017500701 0.07523570182016408 4.0E+8
0.02 0.10163804272243376 0.07502096209310963 4.0E+8
0.01 0.04709514621361626 0.017710503540035984 2.5E+8
0.02 0.04308717870360614 0.015393373350561868 2.5E+8
0.03 0.038400220639252095 0.01408579002576175 2.5E+8
0.04 0.03509575971412676 0.012423054873640392 2.5E+8
0.05 0.03160249660993284 0.010901665657849462 2.5E+8
0.06 0.02881776237416602 0.008766513332909993 2.5E+8
0.07 0.027264466189002103 0.0067068876763495934 2.5E+8
0.08 0.025818298180210593 0.004658100622618845 2.5E+8
0.09 0.023075001503324023 0.00187187359178333 2.5E+8
0.1 0.022069478611207505 0.0006035715808114179 2.5E+8
0.01 0.06830762329056705 0.03558360939590227 3.0E+8
0.02 0.06194278197652052 0.03508664784337533 3.0E+8
0.03 0.05671453195839804 0.033552818798878795 3.0E+8
0.04 0.05592858413385775 0.03241184214514523 3.0E+8
0.05 0.04767403184990583 0.03312043839768474 3.0E+8
0.06 0.04557633566509056 0.029144359320294053 3.0E+8
0.03 0.09604466508008687 0.07365960748088131 4.0E+8
0.04 0.0914464114221751 0.07202476099475183 4.0E+8
0.05 0.08572920769208511 0.0708203992183754 4.0E+8
0.06 0.08135447074303515 0.06924779858353641 4.0E+8
0.07 0.07713406931006533 0.06718658397752587 4.0E+8
0.08 0.0743198241132241 0.06506211425060965 4.0E+8
0.09 0.07055142433370237 0.06293154185529347 4.0E+8
0.1 0.06879879884809775 0.06032336063816141 4.0E+8
0.01 0.12844080283475295 0.09622235823520177 4.5E+8
0.02 0.12448514269991266 0.09388345533349177 4.5E+8
0.03 0.11552895121987876 0.09413812054208885 4.5E+8
0.04 0.11017360950622461 0.09274198253284678 4.5E+8
0.05 0.10428731611328107 0.09128956096716909 4.5E+8
0.06 0.10014030964316069 0.08970852809187319 4.5E+8
0.07 0.09581387299784344 0.08791508380596022 4.5E+8
0.08 0.09092686434134674 0.08673076619129774 4.5E+8
0.01 0.21072700981640155 0.17780445435409983 6.5E+8
0.02 0.20355529037849096 0.17673968715470204 6.5E+8
0.03 0.19665621059693694 0.17557886083456037 6.5E+8
0.04 0.1902111192595136 0.17447242671410856 6.5E+8
0.05 0.1833424613916707 0.17366712726385125 6.5E+8
0.06 0.17835861928668423 0.17167047432483187 6.5E+8
0.07 0.17234109659609423 0.1702903826014157 6.5E+8
0.08 0.16668912115390783 0.16844521338530422 6.5E+8
0.09 0.16274354361459384 0.16659850962917655 6.5E+8
0.1 0.1574534282759621 0.16571947154196545 6.5E+8
0.01 0.2317140376576811 0.19678879434356336 7.0E+8
0.02 0.2242710756010006 0.19629879394996394 7.0E+8
0.03 0.2179314449807688 0.19519821871289922 7.0E+8
0.04 0.20905424840354242 0.1957343780263341 7.0E+8
0.05 0.20466620378080616 0.19374921840165746 7.0E+8
0.06 0.1982783429084996 0.1922561665872534 7.0E+8
0.03 0.2585453738238477 0.23883614834758202 8.0E+8
0.04 0.25079253853372896 0.2386869030572092 8.0E+8
0.05 0.2440366794070938 0.23478187563104178 8.0E+8
0.06 0.23731567220009675 0.22916928009456775 8.0E+8
0.07 0.2320647227564709 0.23261678615414808 8.0E+8
0.08 0.22579100741835448 0.23182992634984412 8.0E+8
0.09 0.22059261838772962 0.22976168133957858 8.0E+8
0.1 0.21501934340969261 0.22755871344686665 8.0E+8
0.01 0.2967032417418714 0.25687840141040097 8.5E+8
0.02 0.28966322351754303 0.252621511371276 8.5E+8
0.03 0.28328157299112383 0.24721415693609672 8.5E+8
0.04 0.2709947697374307 0.2562416597004478 8.5E+8
0.05 0.26456988808572074 0.25341610332155096 8.5E+8
0.06 0.25777371975266916 0.25493981268505894 8.5E+8
0.07 0.2515796683724492 0.2537922131540621 8.5E+8
0.08 0.24585459627365577 0.2520798708145392 8.5E+8
0.05 0.1438224064561654 0.13228482731424976 5.5E+8
0.06 0.1358316043272462 0.13342614078918183 5.5E+8
0.07 0.133422781624969 0.12900501859609798 5.5E+8
0.08 0.12886890387690497 0.12727292353595382 5.5E+8
0.09 0.12484613825924962 0.12485522911480897 5.5E+8
0.1 0.12144804562331653 0.12154027913520894 5.5E+8
0.01 0.1905089330535927 0.1569045339781166 6.0E+8
0.02 0.18302531454953416 0.15605512585403794 6.0E+8
0.03 0.17546667320875772 0.1552441284067809 6.0E+8
0.04 0.1694956017679987 0.15605324157652997 6.0E+8
0.05 0.1631056823692289 0.15269141780194337 6.0E+8
0.06 0.158078774170758 0.15159494910001384 6.0E+8
0.07 0.15303206830033916 0.1497009309508475 6.0E+8
0.08 0.1486460747606217 0.14782607116197083 6.0E+8
0.09 0.14078107331547424 0.14765303379126227 6.0E+8
0.1 0.13664852837626607 0.14536311636689345 6.0E+8
0.07 0.1915062563311595 0.19157359939527271 7.0E+8
0.08 0.1868154615968699 0.18971843726798626 7.0E+8
0.09 0.18152739860903722 0.18801328406161325 7.0E+8
0.1 0.17691428523926514 0.18589080050883477 7.0E+8
0.01 0.2528442710875205 0.2182712268054112 7.5E+8
0.02 0.2439054713073965 0.21766849470597904 7.5E+8
0.03 0.2363332795660731 0.21728712396321803 7.5E+8
0.04 0.2303192347014511 0.21548477039377276 7.5E+8
0.05 0.2252017428640806 0.21342272788411795 7.5E+8
0.06 0.21759456654405349 0.21440727338485635 7.5E+8
0.07 0.2118053479232315 0.21200352025701377 7.5E+8
0.08 0.20734731600876224 0.20873851495228626 7.5E+8
0.09 0.20054493200162618 0.20890928823857705 7.5E+8
0.1 0.19635714257841785 0.20693771251848264 7.5E+8
0.01 0.2737572780845558 0.23810618365486236 8.0E+8
0.02 0.26548249290197196 0.23766679764354195 8.0E+8
0.05 0.29904091527903 0.29963138236688003 9.5E+8
0.06 0.29744471529691136 0.2958108989679217 9.5E+8
0.07 0.2921079236785406 0.29314420809316044 9.5E+8
0.08 0.28602709578401586 0.2945096804994944 9.5E+8
0.09 0.2832815730828258 0.28134353987713334 9.5E+8
0.1 0.27837896898700576 0.2789993751567551 9.5E+8
0.01 0.29794168749049416 0.2987216231386186 1.0E+9
0.02 0.29907182868470444 0.2993383294661565 1.0E+9
0.03 0.2994426209303578 0.2987469751077423 1.0E+9
0.04 0.2994279963335726 0.2996158624302599 1.0E+9
0.05 0.2981570292232965 0.29906831399262995 1.0E+9
0.06 0.29925229374349105 0.2991611020181171 1.0E+9
0.07 0.29851515676901086 0.2997192901390568 1.0E+9
0.08 0.2996441276030214 0.29906839217264874 1.0E+9
0.09 0.29849798427010604 0.2997645383916033 1.0E+9
0.09 0.08863465989364497 0.08332994268461744 4.5E+8
0.1 0.08518512631793725 0.08148637350455555 4.5E+8
0.01 0.14938192452607071 0.11600279660453079 5.0E+8
0.02 0.14212629881644262 0.11520262385685721 5.0E+8
0.03 0.13548782673558554 0.11449516978547704 5.0E+8
0.04 0.12999482416610755 0.11277109285205039 5.0E+8
0.05 0.12307080331946334 0.11208022559110177 5.0E+8
0.06 0.11903304890914368 0.11019016616379626 5.0E+8
0.07 0.11458980338977841 0.10840894326229891 5.0E+8
0.08 0.11052411742949618 0.10653723579633062 5.0E+8
0.09 0.10786748838643168 0.10329695070932181 5.0E+8
0.1 0.10311124520299901 0.10215046796846411 5.0E+8
0.01 0.1697994114855117 0.13422928938991716 5.5E+8
0.02 0.16483231147348415 0.13625221532817733 5.5E+8
0.03 0.15572568490177316 0.13459403546242998 5.5E+8
0.04 0.14959357304180654 0.13165756696042133 5.5E+8
