0.05 0.1438224064561654 0.13228482731424976 5.5E+8
0.06 0.1358316043272462 0.13342614078918183 5.5E+8
0.07 0.133422781624969 0.12900501859609798 5.5E+8
0.08 0.12886890387690497 0.12727292353595382 5.5E+8
0.09 0.12484613825924962 0.12485522911480897 5.5E+8
0.1 0.12144804562331653 0.12154027913520894 5.5E+8
0.01 0.1905089330535927 0.1569045339781166 6.0E+8
0.02 0.18302531454953416 0.15605512585403794 6.0E+8
0.03 0.17546667320875772 0.1552441284067809 6.0E+8
0.04 0.1694956017679987 0.15605324157652997 6.0E+8
0.05 0.1631056823692289 0.15269141780194337 6.0E+8
0.06 0.158078774170758 0.15159494910001384 6.0E+8
0.07 0.15303206830033916 0.1497009309508475 6.0E+8
0.08 0.1486460747606217 0.14782607116197083 6.0E+8
0.09 0.14078107331547424 0.14765303379126227 6.0E+8
0.1 0.13664852837626607 0.14536311636689345 6.0E+8
