 -1.8303E-08  0.0000E+00  1.6003E-07  2.0000E-03  6.6667E-07  1.1742E+00  2.1059E-12
  2.9979E-03  1.0000E-02  1.6002E-07  2.0000E-03  6.6667E-07  1.1742E+00  2.7721E-12
  5.9958E-03  2.0000E-02  1.6002E-07  2.0000E-03  6.6667E-07  1.1742E+00  3.4383E-12
  8.9938E-03  3.0000E-02  1.6001E-07  2.0000E-03  6.6667E-07  1.1742E+00  4.1045E-12
  1.1992E-02  4.0000E-02  1.6001E-07  2.0000E-03  6.6667E-07  1.1742E+00  4.7707E-12
  1.4990E-02  5.0000E-02  1.6001E-07  2.0000E-03  6.6667E-07  1.1742E+00  5.4369E-12
  1.7988E-02  6.0000E-02  1.6000E-07  2.0000E-03  6.6667E-07  1.1742E+00  6.1031E-12
  2.0985E-02  7.0000E-02  1.6000E-07  2.0000E-03  6.6667E-07  1.1742E+00  6.7693E-12
  2.3983E-02  8.0000E-02  1.5999E-07  2.0000E-03  6.6667E-07  1.1742E+00  7.4355E-12
  2.6981E-02  9.0000E-02  1.5999E-07  2.0000E-03  6.6667E-07  1.1742E+00  8.1017E-12
  2.9979E-02  1.0000E-01  1.5999E-07  2.0000E-03  6.6667E-07  1.1742E+00  8.7679E-12
  3.2977E-02  1.1000E-01  1.5998E-07  2.0000E-03  6.6667E-07  1.1742E+00  9.4341E-12
  3.5975E-02  1.2000E-01  1.5998E-07  2.0000E-03  6.6667E-07  1.1742E+00  1.0100E-11
  3.8973E-02  1.3000E-01  1.5997E-07  2.0000E-03  6.6667E-07  1.1742E+00  1.0767E-11
  4.1971E-02  1.4000E-01  1.5997E-07  2.0000E-03  6.6667E-07  1.1742E+00  1.1433E-11
  4.4969E-02  1.5000E-01  1.5997E-07  2.0000E-03  6.6667E-07  1.1742E+00  1.2099E-11
  4.7967E-02  1.6000E-01  1.5996E-07  2.0000E-03  6.6667E-07  1.1742E+00  1.2765E-11
  5.0965E-02  1.7000E-01  1.5996E-07  2.0000E-03  6.6667E-07  1.1742E+00  1.3431E-11
  5.3963E-02  1.8000E-01  1.5995E-07  2.0000E-03  6.6667E-07  1.1742E+00  1.4098E-11
  5.6961E-02  1.9000E-01  1.5995E-07  2.0000E-03  6.6667E-07  1.1742E+00  1.4764E-11
  5.9958E-02  2.0000E-01  1.5995E-07  2.0000E-03  6.6667E-07  1.1742E+00  1.5809E-11
  6.2956E-02  2.1000E-01  1.5994E-07  2.0000E-03  6.6667E-07  1.1742E+00  2.3963E-11
  6.5954E-02  2.2000E-01  1.5994E-07  2.0000E-03  6.6667E-07  1.1742E+00  6.4296E-11
  6.8952E-02  2.3000E-01  1.5993E-07  2.0000E-03  6.6667E-07  1.1742E+00  2.4242E-10
  7.1950E-02  2.4000E-01  1.5993E-07  2.0000E-03  6.6667E-07  1.1742E+00  7.3941E-10
  7.4948E-02  2.5000E-01  1.5993E-07  2.0000E-03  6.6667E-07  1.1742E+00  1.5093E-09
  7.7946E-02  2.6000E-01  1.5992E-07  2.0000E-03  6.6667E-07  1.1742E+00  2.3723E-09
  8.0944E-02  2.7000E-01  1.5992E-07  2.0000E-03  6.6667E-07  1.1742E+00  3.2543E-09
  8.3942E-02  2.8000E-01  1.5991E-07  2.0000E-03  6.6668E-07  1.1742E+00  4.1392E-09
  8.6940E-02  2.9000E-01  1.5991E-07  2.0000E-03  6.6668E-07  1.1742E+00  5.0217E-09
  8.9938E-02  3.0000E-01  1.5991E-07  2.0000E-03  6.6669E-07  1.1742E+00  5.8998E-09
  9.2936E-02  3.1000E-01  1.5990E-07  2.0000E-03  6.6670E-07  1.1742E+00  6.7694E-09
  9.5934E-02  3.2000E-01  1.5990E-07  2.0000E-03  6.6671E-07  1.1742E+00  7.6220E-09
  9.8931E-02  3.3000E-01  1.5989E-07  2.0000E-03  6.6672E-07  1.1742E+00  8.4370E-09
  1.0193E-01  3.4000E-01  1.5989E-07  2.0000E-03  6.6673E-07  1.1742E+00  9.1575E-09
  1.0493E-01  3.5000E-01  1.5989E-07  2.0000E-03  6.6674E-07  1.1742E+00  9.6244E-09
  1.0793E-01  3.6000E-01  1.5988E-07  2.0000E-03  6.6674E-07  1.1742E+00  9.6894E-09
  1.1092E-01  3.7000E-01  1.5988E-07  2.0000E-03  6.6673E-07  1.1742E+00  9.4897E-09
  1.1392E-01  3.8000E-01  1.5987E-07  2.0000E-03  6.6673E-07  1.1742E+00  9.1903E-09
  1.1692E-01  3.9000E-01  1.5987E-07  2.0000E-03  6.6673E-07  1.1742E+00  8.8516E-09
  1.1992E-01  4.0000E-01  1.5987E-07  2.0000E-03  6.6672E-07  1.1742E+00  8.4952E-09
  1.2291E-01  4.1000E-01  1.5986E-07  2.0000E-03  6.6672E-07  1.1742E+00  8.1301E-09
  1.2591E-01  4.2000E-01  1.5986E-07  2.0000E-03  6.6671E-07  1.1742E+00  7.7604E-09
  1.2891E-01  4.3000E-01  1.5986E-07  2.0000E-03  6.6671E-07  1.1742E+00  7.3882E-09
  1.3191E-01  4.4000E-01  1.5985E-07  2.0000E-03  6.6670E-07  1.1742E+00  7.0147E-09
  1.3491E-01  4.5000E-01  1.5985E-07  2.0000E-03  6.6670E-07  1.1742E+00  6.6399E-09
  1.3790E-01  4.6000E-01  1.5984E-07  2.0000E-03  6.6670E-07  1.1742E+00  6.2651E-09
  1.4090E-01  4.7000E-01  1.5984E-07  2.0000E-03  6.6669E-07  1.1742E+00  5.8903E-09
  1.4390E-01  4.8000E-01  1.5984E-07  2.0000E-03  6.6669E-07  1.1742E+00  5.5155E-09
  1.4700E-01  4.9034E-01  1.5983E-07  2.0000E-03  6.6669E-07  1.1742E+00  5.1280E-09
  1.5000E-01  5.0034E-01  1.5983E-07  2.0000E-03  6.6668E-07  1.1742E+00  4.7531E-09
  1.5300E-01  5.1034E-01  1.5982E-07  2.0000E-03  6.6668E-07  1.1742E+00  4.3783E-09
  1.5599E-01  5.2034E-01  1.5982E-07  2.0000E-03  6.6668E-07  1.1742E+00  4.0035E-09
  1.5899E-01  5.3034E-01  1.5982E-07  2.0000E-03  6.6668E-07  1.1742E+00  3.6287E-09
  1.6199E-01  5.4034E-01  1.5981E-07  2.0000E-03  6.6668E-07  1.1742E+00  3.2539E-09
  1.6499E-01  5.5034E-01  1.5981E-07  2.0000E-03  6.6667E-07  1.1742E+00  2.8791E-09
  1.6799E-01  5.6034E-01  1.5980E-07  2.0000E-03  6.6667E-07  1.1742E+00  2.5043E-09
  1.7098E-01  5.7034E-01  1.5980E-07  2.0000E-03  6.6667E-07  1.1742E+00  2.1294E-09
  1.7398E-01  5.8034E-01  1.5980E-07  2.0000E-03  6.6667E-07  1.1742E+00  1.7546E-09
  1.7698E-01  5.9034E-01  1.5979E-07  2.0000E-03  6.6667E-07  1.1742E+00  1.3798E-09
  1.7998E-01  6.0034E-01  1.5979E-07  2.0000E-03  6.6667E-07  1.1742E+00  1.0050E-09
  1.8298E-01  6.1034E-01  1.5978E-07  2.0000E-03  6.6667E-07  1.1742E+00  6.3019E-10
  1.8597E-01  6.2034E-01  1.5978E-07  2.0000E-03  6.6667E-07  1.1742E+00  2.5538E-10
  1.8897E-01  6.3034E-01  1.5978E-07  2.0000E-03  6.6667E-07  1.1742E+00 -1.1944E-10
  1.9197E-01  6.4034E-01  1.5977E-07  2.0000E-03  6.6667E-07  1.1742E+00 -4.9425E-10
  1.9497E-01  6.5034E-01  1.5977E-07  2.0000E-03  6.6667E-07  1.1742E+00 -8.6906E-10
  1.9796E-01  6.6034E-01  1.5976E-07  2.0000E-03  6.6667E-07  1.1742E+00 -1.2439E-09
  2.0096E-01  6.7034E-01  1.5976E-07  2.0000E-03  6.6667E-07  1.1742E+00 -1.6174E-09
  2.0396E-01  6.8034E-01  1.5976E-07  2.0000E-03  6.6667E-07  1.1742E+00 -1.9897E-09
  2.0696E-01  6.9034E-01  1.5975E-07  2.0000E-03  6.6667E-07  1.1742E+00 -2.3596E-09
  2.0996E-01  7.0034E-01  1.5975E-07  2.0000E-03  6.6667E-07  1.1742E+00 -2.7250E-09
  2.1295E-01  7.1034E-01  1.5974E-07  2.0000E-03  6.6667E-07  1.1742E+00 -3.0819E-09
  2.1595E-01  7.2034E-01  1.5974E-07  2.0000E-03  6.6668E-07  1.1742E+00 -3.4234E-09
  2.1895E-01  7.3034E-01  1.5974E-07  2.0000E-03  6.6668E-07  1.1742E+00 -3.7385E-09
  2.2195E-01  7.4034E-01  1.5973E-07  2.0000E-03  6.6668E-07  1.1742E+00 -4.0127E-09
  2.2495E-01  7.5034E-01  1.5973E-07  2.0000E-03  6.6668E-07  1.1742E+00 -4.2316E-09
  2.2794E-01  7.6034E-01  1.5972E-07  2.0000E-03  6.6668E-07  1.1742E+00 -4.3892E-09
  2.3094E-01  7.7034E-01  1.5972E-07  2.0000E-03  6.6668E-07  1.1742E+00 -4.4912E-09
  2.3394E-01  7.8034E-01  1.5972E-07  2.0000E-03  6.6668E-07  1.1742E+00 -4.5515E-09
  2.3694E-01  7.9034E-01  1.5971E-07  2.0000E-03  6.6668E-07  1.1742E+00 -4.5850E-09
  2.3994E-01  8.0034E-01  1.5971E-07  2.0000E-03  6.6668E-07  1.1742E+00 -4.6027E-09
  2.4293E-01  8.1034E-01  1.5970E-07  2.0000E-03  6.6668E-07  1.1742E+00 -4.6117E-09
  2.4593E-01  8.2034E-01  1.5970E-07  2.0000E-03  6.6668E-07  1.1742E+00 -4.6161E-09
  2.4893E-01  8.3034E-01  1.5970E-07  2.0000E-03  6.6668E-07  1.1742E+00 -4.6180E-09
  2.5193E-01  8.4034E-01  1.5969E-07  2.0000E-03  6.6668E-07  1.1742E+00 -4.6187E-09
  2.5493E-01  8.5034E-01  1.5969E-07  2.0000E-03  6.6668E-07  1.1742E+00 -4.6180E-09
  2.5792E-01  8.6034E-01  1.5968E-07  2.0000E-03  6.6668E-07  1.1742E+00 -4.6174E-09
  2.6092E-01  8.7034E-01  1.5968E-07  2.0000E-03  6.6668E-07  1.1742E+00 -4.6167E-09
  2.6392E-01  8.8034E-01  1.5968E-07  2.0000E-03  6.6668E-07  1.1742E+00 -4.6160E-09
  2.6692E-01  8.9034E-01  1.5967E-07  2.0000E-03  6.6668E-07  1.1742E+00 -4.6154E-09
  2.6991E-01  9.0034E-01  1.5967E-07  2.0000E-03  6.6668E-07  1.1742E+00 -4.6147E-09
  2.7291E-01  9.1034E-01  1.5967E-07  2.0000E-03  6.6668E-07  1.1742E+00 -4.6140E-09
  2.7591E-01  9.2034E-01  1.5966E-07  2.0000E-03  6.6668E-07  1.1742E+00 -4.6134E-09
  2.7891E-01  9.3034E-01  1.5966E-07  2.0000E-03  6.6668E-07  1.1742E+00 -4.6127E-09
  2.8191E-01  9.4034E-01  1.5965E-07  2.0000E-03  6.6668E-07  1.1742E+00 -4.6120E-09
  2.8490E-01  9.5034E-01  1.5965E-07  2.0000E-03  6.6668E-07  1.1742E+00 -4.6114E-09
  2.8790E-01  9.6034E-01  1.5965E-07  2.0000E-03  6.6668E-07  1.1742E+00 -4.6107E-09
  2.9090E-01  9.7034E-01  1.5964E-07  2.0000E-03  6.6668E-07  1.1742E+00 -4.6100E-09
  2.9400E-01  9.8068E-01  1.5964E-07  2.0000E-03  6.6668E-07  1.1742E+00 -4.6093E-09
  2.9700E-01  9.9068E-01  1.5963E-07  2.0000E-03  6.6668E-07  1.1742E+00 -4.6087E-09
  3.0000E-01  1.0007E+00  1.5963E-07  2.0000E-03  6.6668E-07  1.1742E+00 -4.6080E-09
  3.0299E-01  1.0107E+00  1.5963E-07  2.0000E-03  6.6668E-07  1.1742E+00 -4.6073E-09
  3.0599E-01  1.0207E+00  1.5962E-07  2.0000E-03  6.6668E-07  1.1742E+00 -4.6067E-09
  3.0899E-01  1.0307E+00  1.5962E-07  2.0000E-03  6.6668E-07  1.1742E+00 -4.6060E-09
  3.1199E-01  1.0407E+00  1.5961E-07  2.0000E-03  6.6668E-07  1.1742E+00 -4.6053E-09
  3.1499E-01  1.0507E+00  1.5961E-07  2.0000E-03  6.6668E-07  1.1742E+00 -4.6047E-09
  3.1798E-01  1.0607E+00  1.5961E-07  2.0000E-03  6.6668E-07  1.1742E+00 -4.6040E-09
  3.2098E-01  1.0707E+00  1.5960E-07  2.0000E-03  6.6668E-07  1.1742E+00 -4.6033E-09
  3.2398E-01  1.0807E+00  1.5960E-07  2.0000E-03  6.6668E-07  1.1742E+00 -4.6027E-09
  3.2698E-01  1.0907E+00  1.5959E-07  2.0000E-03  6.6668E-07  1.1742E+00 -4.6020E-09
  3.2998E-01  1.1007E+00  1.5959E-07  2.0000E-03  6.6668E-07  1.1742E+00 -4.6013E-09
  3.3297E-01  1.1107E+00  1.5959E-07  2.0000E-03  6.6668E-07  1.1742E+00 -4.6007E-09
  3.3597E-01  1.1207E+00  1.5958E-07  2.0000E-03  6.6668E-07  1.1742E+00 -4.5999E-09
  3.3897E-01  1.1307E+00  1.5958E-07  2.0000E-03  6.6668E-07  1.1742E+00 -4.5985E-09
  3.4197E-01  1.1407E+00  1.5957E-07  2.0000E-03  6.6668E-07  1.1742E+00 -4.5967E-09
  3.4496E-01  1.1507E+00  1.5957E-07  2.0000E-03  6.6668E-07  1.1742E+00 -4.5943E-09
  3.4796E-01  1.1607E+00  1.5957E-07  2.0000E-03  6.6668E-07  1.1742E+00 -4.5911E-09
  3.5096E-01  1.1707E+00  1.5956E-07  2.0000E-03  6.6668E-07  1.1742E+00 -4.5868E-09
  3.5396E-01  1.1807E+00  1.5956E-07  2.0000E-03  6.6668E-07  1.1742E+00 -4.5806E-09
  3.5696E-01  1.1907E+00  1.5955E-07  2.0000E-03  6.6668E-07  1.1742E+00 -4.5719E-09
  3.5995E-01  1.2007E+00  1.5955E-07  2.0000E-03  6.6668E-07  1.1742E+00 -4.5594E-09
  3.6295E-01  1.2107E+00  1.5955E-07  2.0000E-03  6.6668E-07  1.1742E+00 -4.5415E-09
  3.6595E-01  1.2207E+00  1.5954E-07  2.0000E-03  6.6668E-07  1.1742E+00 -4.5161E-09
  3.6895E-01  1.2307E+00  1.5954E-07  2.0000E-03  6.6668E-07  1.1742E+00 -4.4805E-09
  3.7195E-01  1.2407E+00  1.5953E-07  2.0000E-03  6.6668E-07  1.1742E+00 -4.4313E-09
  3.7494E-01  1.2507E+00  1.5953E-07  2.0000E-03  6.6668E-07  1.1742E+00 -4.3652E-09
  3.7794E-01  1.2607E+00  1.5953E-07  2.0000E-03  6.6668E-07  1.1742E+00 -4.2791E-09
  3.8094E-01  1.2707E+00  1.5952E-07  2.0000E-03  6.6668E-07  1.1742E+00 -4.1710E-09
  3.8394E-01  1.2807E+00  1.5952E-07  2.0000E-03  6.6668E-07  1.1742E+00 -4.0402E-09
  3.8694E-01  1.2907E+00  1.5951E-07  2.0000E-03  6.6668E-07  1.1742E+00 -3.8882E-09
  3.8993E-01  1.3007E+00  1.5951E-07  2.0000E-03  6.6668E-07  1.1742E+00 -3.7174E-09
  3.9293E-01  1.3107E+00  1.5951E-07  2.0000E-03  6.6668E-07  1.1742E+00 -3.5311E-09
  3.9593E-01  1.3207E+00  1.5950E-07  2.0000E-03  6.6667E-07  1.1742E+00 -3.3329E-09
  3.9893E-01  1.3307E+00  1.5950E-07  2.0000E-03  6.6667E-07  1.1742E+00 -3.1256E-09
  4.0193E-01  1.3407E+00  1.5949E-07  2.0000E-03  6.6667E-07  1.1742E+00 -2.9119E-09
  4.0492E-01  1.3507E+00  1.5949E-07  2.0000E-03  6.6667E-07  1.1742E+00 -2.6935E-09
  4.0792E-01  1.3607E+00  1.5949E-07  2.0000E-03  6.6667E-07  1.1742E+00 -2.4720E-09
  4.1092E-01  1.3707E+00  1.5948E-07  2.0000E-03  6.6667E-07  1.1742E+00 -2.2483E-09
  4.1392E-01  1.3807E+00  1.5948E-07  2.0000E-03  6.6667E-07  1.1742E+00 -2.0230E-09
  4.1691E-01  1.3907E+00  1.5948E-07  2.0000E-03  6.6667E-07  1.1742E+00 -1.7968E-09
  4.1991E-01  1.4007E+00  1.5947E-07  2.0000E-03  6.6667E-07  1.1742E+00 -1.5698E-09
  4.2291E-01  1.4107E+00  1.5947E-07  2.0000E-03  6.6667E-07  1.1742E+00 -1.3424E-09
  4.2591E-01  1.4207E+00  1.5946E-07  2.0000E-03  6.6667E-07  1.1742E+00 -1.1146E-09
  4.2891E-01  1.4307E+00  1.5946E-07  2.0000E-03  6.6667E-07  1.1742E+00 -8.8624E-10
  4.3190E-01  1.4407E+00  1.5946E-07  2.0000E-03  6.6667E-07  1.1742E+00 -6.5789E-10
  4.3490E-01  1.4507E+00  1.5945E-07  2.0000E-03  6.6667E-07  1.1742E+00 -4.2954E-10
  4.3790E-01  1.4607E+00  1.5945E-07  2.0000E-03  6.6667E-07  1.1742E+00 -2.0119E-10
  4.4100E-01  1.4710E+00  1.5944E-07  2.0000E-03  6.6667E-07  1.1742E+00  3.4767E-11
  4.4400E-01  1.4810E+00  1.5944E-07  2.0000E-03  6.6667E-07  1.1742E+00  2.6236E-10
  4.4700E-01  1.4910E+00  1.5944E-07  2.0000E-03  6.6667E-07  1.1742E+00  4.8957E-10
  4.4999E-01  1.5010E+00  1.5943E-07  2.0000E-03  6.6667E-07  1.1742E+00  7.1624E-10
  4.5299E-01  1.5110E+00  1.5943E-07  2.0000E-03  6.6667E-07  1.1742E+00  9.4208E-10
  4.5599E-01  1.5210E+00  1.5942E-07  2.0000E-03  6.6667E-07  1.1742E+00  1.1667E-09
  4.5899E-01  1.5310E+00  1.5942E-07  2.0000E-03  6.6667E-07  1.1742E+00  1.3896E-09
  4.6199E-01  1.5410E+00  1.5942E-07  2.0000E-03  6.6667E-07  1.1742E+00  1.6098E-09
  4.6498E-01  1.5510E+00  1.5941E-07  2.0000E-03  6.6667E-07  1.1742E+00  1.8263E-09
  4.6798E-01  1.5610E+00  1.5941E-07  2.0000E-03  6.6667E-07  1.1742E+00  2.0374E-09
  4.7098E-01  1.5710E+00  1.5940E-07  2.0000E-03  6.6667E-07  1.1742E+00  2.2409E-09
  4.7398E-01  1.5810E+00  1.5940E-07  2.0000E-03  6.6667E-07  1.1742E+00  2.4342E-09
  4.7698E-01  1.5910E+00  1.5940E-07  2.0000E-03  6.6667E-07  1.1742E+00  2.6139E-09
  4.7997E-01  1.6010E+00  1.5939E-07  2.0000E-03  6.6667E-07  1.1742E+00  2.7766E-09
  4.8297E-01  1.6110E+00  1.5939E-07  2.0000E-03  6.6667E-07  1.1742E+00  2.9193E-09
  4.8597E-01  1.6210E+00  1.5938E-07  2.0000E-03  6.6667E-07  1.1742E+00  3.0400E-09
  4.8897E-01  1.6310E+00  1.5938E-07  2.0000E-03  6.6667E-07  1.1742E+00  3.1380E-09
  4.9196E-01  1.6410E+00  1.5938E-07  2.0000E-03  6.6667E-07  1.1742E+00  3.2148E-09
  4.9496E-01  1.6510E+00  1.5937E-07  2.0000E-03  6.6667E-07  1.1742E+00  3.2728E-09
  4.9796E-01  1.6610E+00  1.5937E-07  2.0000E-03  6.6667E-07  1.1742E+00  3.3155E-09
  5.0096E-01  1.6710E+00  1.5936E-07  2.0000E-03  6.6667E-07  1.1742E+00  3.3461E-09
  5.0396E-01  1.6810E+00  1.5936E-07  2.0000E-03  6.6668E-07  1.1742E+00  3.3678E-09
  5.0695E-01  1.6910E+00  1.5936E-07  2.0000E-03  6.6668E-07  1.1742E+00  3.3831E-09
  5.0995E-01  1.7010E+00  1.5935E-07  2.0000E-03  6.6668E-07  1.1742E+00  3.3937E-09
  5.1295E-01  1.7110E+00  1.5935E-07  2.0000E-03  6.6668E-07  1.1742E+00  3.4011E-09
  5.1595E-01  1.7210E+00  1.5934E-07  2.0000E-03  6.6668E-07  1.1742E+00  3.4064E-09
  5.1895E-01  1.7310E+00  1.5934E-07  2.0000E-03  6.6668E-07  1.1742E+00  3.4102E-09
  5.2194E-01  1.7410E+00  1.5934E-07  2.0000E-03  6.6668E-07  1.1742E+00  3.4129E-09
  5.2494E-01  1.7510E+00  1.5933E-07  2.0000E-03  6.6668E-07  1.1742E+00  3.4150E-09
  5.2794E-01  1.7610E+00  1.5933E-07  2.0000E-03  6.6668E-07  1.1742E+00  3.4166E-09
  5.3094E-01  1.7710E+00  1.5932E-07  2.0000E-03  6.6668E-07  1.1742E+00  3.4178E-09
  5.3394E-01  1.7810E+00  1.5932E-07  2.0000E-03  6.6668E-07  1.1742E+00  3.4185E-09
  5.3693E-01  1.7910E+00  1.5932E-07  2.0000E-03  6.6668E-07  1.1742E+00  3.4191E-09
  5.3993E-01  1.8010E+00  1.5931E-07  2.0000E-03  6.6668E-07  1.1742E+00  3.4198E-09
  5.4293E-01  1.8110E+00  1.5931E-07  2.0000E-03  6.6668E-07  1.1742E+00  3.4205E-09
  5.4593E-01  1.8210E+00  1.5930E-07  2.0000E-03  6.6668E-07  1.1742E+00  3.4211E-09
  5.4893E-01  1.8310E+00  1.5930E-07  2.0000E-03  6.6668E-07  1.1742E+00  3.4218E-09
  5.5192E-01  1.8410E+00  1.5930E-07  2.0000E-03  6.6668E-07  1.1742E+00  3.4225E-09
  5.5492E-01  1.8510E+00  1.5929E-07  2.0000E-03  6.6668E-07  1.1742E+00  3.4231E-09
  5.5792E-01  1.8610E+00  1.5929E-07  2.0000E-03  6.6668E-07  1.1742E+00  3.4238E-09
  5.6092E-01  1.8710E+00  1.5929E-07  2.0000E-03  6.6668E-07  1.1742E+00  3.4244E-09
  5.6391E-01  1.8810E+00  1.5928E-07  2.0000E-03  6.6668E-07  1.1742E+00  3.4251E-09
  5.6691E-01  1.8910E+00  1.5928E-07  2.0000E-03  6.6668E-07  1.1742E+00  3.4258E-09
  5.6991E-01  1.9010E+00  1.5927E-07  2.0000E-03  6.6668E-07  1.1742E+00  3.4264E-09
  5.7291E-01  1.9110E+00  1.5927E-07  2.0000E-03  6.6668E-07  1.1742E+00  3.4271E-09
  5.7591E-01  1.9210E+00  1.5927E-07  2.0000E-03  6.6668E-07  1.1742E+00  3.4278E-09
  5.7890E-01  1.9310E+00  1.5926E-07  2.0000E-03  6.6668E-07  1.1742E+00  3.4284E-09
  5.8190E-01  1.9410E+00  1.5926E-07  2.0000E-03  6.6668E-07  1.1742E+00  3.4291E-09
  5.8490E-01  1.9510E+00  1.5925E-07  2.0000E-03  6.6668E-07  1.1742E+00  3.4298E-09
  5.8800E-01  1.9614E+00  1.5925E-07  2.0000E-03  6.6668E-07  1.1742E+00  3.4305E-09
  5.9100E-01  1.9714E+00  1.5925E-07  2.0000E-03  6.6668E-07  1.1742E+00  3.4311E-09
  5.9400E-01  1.9814E+00  1.5924E-07  2.0000E-03  6.6668E-07  1.1742E+00  3.4318E-09
  5.9699E-01  1.9914E+00  1.5924E-07  2.0000E-03  6.6668E-07  1.1742E+00  3.4325E-09
  5.9999E-01  2.0014E+00  1.5923E-07  2.0000E-03  6.6668E-07  1.1742E+00  3.4331E-09
  6.0299E-01  2.0114E+00  1.5923E-07  2.0000E-03  6.6668E-07  1.1742E+00  3.4338E-09
  6.0599E-01  2.0214E+00  1.5923E-07  2.0000E-03  6.6668E-07  1.1742E+00  3.4345E-09
  6.0899E-01  2.0314E+00  1.5922E-07  2.0000E-03  6.6668E-07  1.1742E+00  3.4351E-09
  6.1198E-01  2.0414E+00  1.5922E-07  2.0000E-03  6.6668E-07  1.1742E+00  3.4358E-09
  6.1498E-01  2.0514E+00  1.5921E-07  2.0000E-03  6.6668E-07  1.1742E+00  3.4365E-09
  6.1798E-01  2.0614E+00  1.5921E-07  2.0000E-03  6.6668E-07  1.1742E+00  3.4371E-09
  6.2098E-01  2.0714E+00  1.5921E-07  2.0000E-03  6.6668E-07  1.1742E+00  3.4378E-09
  6.2398E-01  2.0814E+00  1.5920E-07  2.0000E-03  6.6668E-07  1.1742E+00  3.4385E-09
  6.2697E-01  2.0914E+00  1.5920E-07  2.0000E-03  6.6668E-07  1.1742E+00  3.4391E-09
  6.2997E-01  2.1014E+00  1.5919E-07  2.0000E-03  6.6668E-07  1.1742E+00  3.4398E-09
  6.3297E-01  2.1114E+00  1.5919E-07  2.0000E-03  6.6668E-07  1.1742E+00  3.4405E-09
  6.3597E-01  2.1214E+00  1.5919E-07  2.0000E-03  6.6668E-07  1.1742E+00  3.4411E-09
  6.3896E-01  2.1314E+00  1.5918E-07  2.0000E-03  6.6668E-07  1.1742E+00  3.4418E-09
  6.4196E-01  2.1414E+00  1.5918E-07  2.0000E-03  6.6668E-07  1.1742E+00  3.4425E-09
  6.4496E-01  2.1514E+00  1.5917E-07  2.0000E-03  6.6668E-07  1.1742E+00  3.4431E-09
  6.4796E-01  2.1614E+00  1.5917E-07  2.0000E-03  6.6668E-07  1.1742E+00  3.4438E-09
  6.5096E-01  2.1714E+00  1.5917E-07  2.0000E-03  6.6668E-07  1.1742E+00  3.4445E-09
  6.5395E-01  2.1814E+00  1.5916E-07  2.0000E-03  6.6668E-07  1.1742E+00  3.4451E-09
  6.5695E-01  2.1914E+00  1.5916E-07  2.0000E-03  6.6668E-07  1.1742E+00  3.4458E-09
  6.5995E-01  2.2014E+00  1.5915E-07  2.0000E-03  6.6668E-07  1.1742E+00  3.4465E-09
  6.6295E-01  2.2114E+00  1.5915E-07  2.0000E-03  6.6668E-07  1.1742E+00  3.4471E-09
  6.6595E-01  2.2214E+00  1.5915E-07  2.0000E-03  6.6668E-07  1.1742E+00  3.4478E-09
  6.6894E-01  2.2314E+00  1.5914E-07  2.0000E-03  6.6668E-07  1.1742E+00  3.4485E-09
  6.7194E-01  2.2414E+00  1.5914E-07  2.0000E-03  6.6668E-07  1.1742E+00  3.4491E-09
  6.7494E-01  2.2514E+00  1.5913E-07  2.0000E-03  6.6668E-07  1.1742E+00  3.4498E-09
  6.7794E-01  2.2614E+00  1.5913E-07  2.0000E-03  6.6668E-07  1.1742E+00  3.4505E-09
  6.8094E-01  2.2714E+00  1.5913E-07  2.0000E-03  6.6668E-07  1.1742E+00  3.4511E-09
  6.8393E-01  2.2814E+00  1.5912E-07  2.0000E-03  6.6668E-07  1.1742E+00  3.4518E-09
  6.8693E-01  2.2914E+00  1.5912E-07  2.0000E-03  6.6668E-07  1.1742E+00  3.4525E-09
  6.8993E-01  2.3014E+00  1.5911E-07  2.0000E-03  6.6668E-07  1.1742E+00  3.4531E-09
  6.9293E-01  2.3114E+00  1.5911E-07  2.0000E-03  6.6668E-07  1.1742E+00  3.4538E-09
  6.9593E-01  2.3214E+00  1.5911E-07  2.0000E-03  6.6668E-07  1.1742E+00  3.4545E-09
  6.9892E-01  2.3314E+00  1.5910E-07  2.0000E-03  6.6668E-07  1.1742E+00  3.4551E-09
  7.0192E-01  2.3414E+00  1.5910E-07  2.0000E-03  6.6668E-07  1.1742E+00  3.4558E-09
  7.0492E-01  2.3514E+00  1.5910E-07  2.0000E-03  6.6668E-07  1.1742E+00  3.4564E-09
  7.0792E-01  2.3614E+00  1.5909E-07  2.0000E-03  6.6668E-07  1.1742E+00  3.4571E-09
  7.1091E-01  2.3714E+00  1.5909E-07  2.0000E-03  6.6668E-07  1.1742E+00  3.4578E-09
  7.1391E-01  2.3814E+00  1.5908E-07  2.0000E-03  6.6668E-07  1.1742E+00  3.4584E-09
  7.1691E-01  2.3914E+00  1.5908E-07  2.0000E-03  6.6668E-07  1.1742E+00  3.4591E-09
  7.1991E-01  2.4014E+00  1.5908E-07  2.0000E-03  6.6668E-07  1.1742E+00  3.4598E-09
  7.2291E-01  2.4114E+00  1.5907E-07  2.0000E-03  6.6668E-07  1.1742E+00  3.4604E-09
  7.2590E-01  2.4214E+00  1.5907E-07  2.0000E-03  6.6668E-07  1.1742E+00  3.4611E-09
  7.2890E-01  2.4314E+00  1.5906E-07  2.0000E-03  6.6668E-07  1.1742E+00  3.4618E-09
  7.3190E-01  2.4414E+00  1.5906E-07  2.0000E-03  6.6668E-07  1.1742E+00  3.4624E-09
  7.3500E-01  2.4517E+00  1.5906E-07  2.0000E-03  6.6668E-07  1.1742E+00  3.4631E-09
  7.3800E-01  2.4617E+00  1.5905E-07  2.0000E-03  6.6668E-07  1.1742E+00  3.4638E-09
  7.4100E-01  2.4717E+00  1.5905E-07  2.0000E-03  6.6668E-07  1.1742E+00  3.4645E-09
  7.4399E-01  2.4817E+00  1.5904E-07  2.0000E-03  6.6668E-07  1.1742E+00  3.4651E-09
  7.4699E-01  2.4917E+00  1.5904E-07  2.0000E-03  6.6668E-07  1.1742E+00  3.4658E-09
  7.4999E-01  2.5017E+00  1.5904E-07  2.0000E-03  6.6668E-07  1.1742E+00  3.4665E-09
  7.5299E-01  2.5117E+00  1.5903E-07  2.0000E-03  6.6668E-07  1.1742E+00  3.4671E-09
  7.5599E-01  2.5217E+00  1.5903E-07  2.0000E-03  6.6668E-07  1.1742E+00  3.4678E-09
  7.5898E-01  2.5317E+00  1.5902E-07  2.0000E-03  6.6668E-07  1.1742E+00  3.4685E-09
  7.6198E-01  2.5417E+00  1.5902E-07  2.0000E-03  6.6668E-07  1.1742E+00  3.4691E-09
  7.6498E-01  2.5517E+00  1.5902E-07  2.0000E-03  6.6668E-07  1.1742E+00  3.4698E-09
  7.6798E-01  2.5617E+00  1.5901E-07  2.0000E-03  6.6668E-07  1.1742E+00  3.4705E-09
  7.7098E-01  2.5717E+00  1.5901E-07  2.0000E-03  6.6668E-07  1.1742E+00  3.4711E-09
  7.7397E-01  2.5817E+00  1.5900E-07  2.0000E-03  6.6668E-07  1.1742E+00  3.4718E-09
  7.7697E-01  2.5917E+00  1.5900E-07  2.0000E-03  6.6668E-07  1.1742E+00  3.4725E-09
  7.7997E-01  2.6017E+00  1.5900E-07  2.0000E-03  6.6668E-07  1.1742E+00  3.4731E-09
  7.8297E-01  2.6117E+00  1.5899E-07  2.0000E-03  6.6668E-07  1.1742E+00  3.4738E-09
  7.8596E-01  2.6217E+00  1.5899E-07  2.0000E-03  6.6668E-07  1.1742E+00  3.4745E-09
  7.8896E-01  2.6317E+00  1.5898E-07  2.0000E-03  6.6668E-07  1.1742E+00  3.4751E-09
  7.9196E-01  2.6417E+00  1.5898E-07  2.0000E-03  6.6668E-07  1.1742E+00  3.4758E-09
  7.9496E-01  2.6517E+00  1.5898E-07  2.0000E-03  6.6668E-07  1.1742E+00  3.4765E-09
  7.9796E-01  2.6617E+00  1.5897E-07  2.0000E-03  6.6668E-07  1.1742E+00  3.4771E-09
  8.0095E-01  2.6717E+00  1.5897E-07  2.0000E-03  6.6668E-07  1.1742E+00  3.4778E-09
  8.0395E-01  2.6817E+00  1.5896E-07  2.0000E-03  6.6668E-07  1.1742E+00  3.4785E-09
  8.0695E-01  2.6917E+00  1.5896E-07  2.0000E-03  6.6668E-07  1.1742E+00  3.4791E-09
  8.0995E-01  2.7017E+00  1.5896E-07  2.0000E-03  6.6668E-07  1.1742E+00  3.4798E-09
  8.1295E-01  2.7117E+00  1.5895E-07  2.0000E-03  6.6668E-07  1.1742E+00  3.4805E-09
  8.1594E-01  2.7217E+00  1.5895E-07  2.0000E-03  6.6668E-07  1.1742E+00  3.4811E-09
  8.1894E-01  2.7317E+00  1.5894E-07  2.0000E-03  6.6668E-07  1.1742E+00  3.4818E-09
  8.2194E-01  2.7417E+00  1.5894E-07  2.0000E-03  6.6668E-07  1.1742E+00  3.4825E-09
  8.2494E-01  2.7517E+00  1.5894E-07  2.0000E-03  6.6668E-07  1.1742E+00  3.4831E-09
  8.2794E-01  2.7617E+00  1.5893E-07  2.0000E-03  6.6668E-07  1.1742E+00  3.4838E-09
  8.3093E-01  2.7717E+00  1.5893E-07  2.0000E-03  6.6668E-07  1.1742E+00  3.4845E-09
  8.3393E-01  2.7817E+00  1.5892E-07  2.0000E-03  6.6668E-07  1.1742E+00  3.4851E-09
  8.3693E-01  2.7917E+00  1.5892E-07  2.0000E-03  6.6668E-07  1.1742E+00  3.4858E-09
  8.3993E-01  2.8017E+00  1.5892E-07  2.0000E-03  6.6668E-07  1.1742E+00  3.4865E-09
  8.4293E-01  2.8117E+00  1.5891E-07  2.0000E-03  6.6668E-07  1.1742E+00  3.4871E-09
  8.4592E-01  2.8217E+00  1.5891E-07  2.0000E-03  6.6668E-07  1.1742E+00  3.4878E-09
  8.4892E-01  2.8317E+00  1.5891E-07  2.0000E-03  6.6668E-07  1.1742E+00  3.4884E-09
  8.5192E-01  2.8417E+00  1.5890E-07  2.0000E-03  6.6668E-07  1.1742E+00  3.4891E-09
  8.5492E-01  2.8517E+00  1.5890E-07  2.0000E-03  6.6668E-07  1.1742E+00  3.4898E-09
  8.5791E-01  2.8617E+00  1.5889E-07  2.0000E-03  6.6668E-07  1.1742E+00  3.4904E-09
  8.6091E-01  2.8717E+00  1.5889E-07  2.0000E-03  6.6668E-07  1.1742E+00  3.4911E-09
  8.6391E-01  2.8817E+00  1.5889E-07  2.0000E-03  6.6668E-07  1.1742E+00  3.4918E-09
  8.6691E-01  2.8917E+00  1.5888E-07  2.0000E-03  6.6668E-07  1.1742E+00  3.4924E-09
  8.6991E-01  2.9017E+00  1.5888E-07  2.0000E-03  6.6668E-07  1.1742E+00  3.4931E-09
  8.7290E-01  2.9117E+00  1.5887E-07  2.0000E-03  6.6668E-07  1.1742E+00  3.4938E-09
  8.7590E-01  2.9217E+00  1.5887E-07  2.0000E-03  6.6668E-07  1.1742E+00  3.4944E-09
  8.7890E-01  2.9317E+00  1.5887E-07  2.0000E-03  6.6668E-07  1.1742E+00  3.4951E-09
  8.8200E-01  2.9420E+00  1.5886E-07  2.0000E-03  6.6668E-07  1.1742E+00  3.4958E-09
  8.8500E-01  2.9520E+00  1.5886E-07  2.0000E-03  6.6668E-07  1.1742E+00  3.4965E-09
  8.8800E-01  2.9620E+00  1.5885E-07  2.0000E-03  6.6668E-07  1.1742E+00  3.4971E-09
  8.9099E-01  2.9720E+00  1.5885E-07  2.0000E-03  6.6668E-07  1.1742E+00  3.4978E-09
  8.9399E-01  2.9820E+00  1.5885E-07  2.0000E-03  6.6668E-07  1.1742E+00  3.4985E-09
  8.9699E-01  2.9920E+00  1.5884E-07  2.0000E-03  6.6668E-07  1.1742E+00  3.4991E-09
  8.9999E-01  3.0020E+00  1.5884E-07  2.0000E-03  6.6668E-07  1.1742E+00  3.4998E-09
  9.0299E-01  3.0120E+00  1.5883E-07  2.0000E-03  6.6668E-07  1.1742E+00  3.5005E-09
  9.0598E-01  3.0220E+00  1.5883E-07  2.0000E-03  6.6668E-07  1.1742E+00  3.5011E-09
  9.0898E-01  3.0320E+00  1.5883E-07  2.0000E-03  6.6668E-07  1.1742E+00  3.5018E-09
  9.1198E-01  3.0420E+00  1.5882E-07  2.0000E-03  6.6668E-07  1.1742E+00  3.5025E-09
  9.1498E-01  3.0520E+00  1.5882E-07  2.0000E-03  6.6668E-07  1.1742E+00  3.5031E-09
  9.1798E-01  3.0620E+00  1.5881E-07  2.0000E-03  6.6668E-07  1.1742E+00  3.5038E-09
  9.2097E-01  3.0720E+00  1.5881E-07  2.0000E-03  6.6668E-07  1.1742E+00  3.5045E-09
  9.2397E-01  3.0820E+00  1.5881E-07  2.0000E-03  6.6668E-07  1.1742E+00  3.5051E-09
  9.2697E-01  3.0920E+00  1.5880E-07  2.0000E-03  6.6668E-07  1.1742E+00  3.5058E-09
  9.2997E-01  3.1020E+00  1.5880E-07  2.0000E-03  6.6668E-07  1.1742E+00  3.5065E-09
  9.3296E-01  3.1120E+00  1.5879E-07  2.0000E-03  6.6668E-07  1.1742E+00  3.5071E-09
  9.3596E-01  3.1220E+00  1.5879E-07  2.0000E-03  6.6668E-07  1.1742E+00  3.5078E-09
  9.3896E-01  3.1320E+00  1.5879E-07  2.0000E-03  6.6668E-07  1.1742E+00  3.5085E-09
  9.4196E-01  3.1420E+00  1.5878E-07  2.0000E-03  6.6668E-07  1.1742E+00  3.5091E-09
  9.4496E-01  3.1520E+00  1.5878E-07  2.0000E-03  6.6668E-07  1.1742E+00  3.5098E-09
  9.4795E-01  3.1620E+00  1.5877E-07  2.0000E-03  6.6668E-07  1.1742E+00  3.5105E-09
  9.5095E-01  3.1720E+00  1.5877E-07  2.0000E-03  6.6668E-07  1.1742E+00  3.5111E-09
  9.5395E-01  3.1820E+00  1.5877E-07  2.0000E-03  6.6668E-07  1.1742E+00  3.5118E-09
  9.5695E-01  3.1920E+00  1.5876E-07  2.0000E-03  6.6668E-07  1.1742E+00  3.5125E-09
  9.5995E-01  3.2020E+00  1.5876E-07  2.0000E-03  6.6668E-07  1.1742E+00  3.5131E-09
  9.6294E-01  3.2120E+00  1.5875E-07  2.0000E-03  6.6668E-07  1.1742E+00  3.5138E-09
  9.6594E-01  3.2220E+00  1.5875E-07  2.0000E-03  6.6668E-07  1.1742E+00  3.5145E-09
  9.6894E-01  3.2320E+00  1.5875E-07  2.0000E-03  6.6668E-07  1.1742E+00  3.5151E-09
  9.7194E-01  3.2420E+00  1.5874E-07  2.0000E-03  6.6668E-07  1.1742E+00  3.5158E-09
  9.7494E-01  3.2520E+00  1.5874E-07  2.0000E-03  6.6668E-07  1.1742E+00  3.5165E-09
  9.7793E-01  3.2620E+00  1.5873E-07  2.0000E-03  6.6668E-07  1.1742E+00  3.5171E-09
  9.8093E-01  3.2720E+00  1.5873E-07  2.0000E-03  6.6668E-07  1.1742E+00  3.5178E-09
  9.8393E-01  3.2820E+00  1.5873E-07  2.0000E-03  6.6668E-07  1.1742E+00  3.5185E-09
  9.8693E-01  3.2920E+00  1.5872E-07  2.0000E-03  6.6668E-07  1.1742E+00  3.5191E-09
  9.8993E-01  3.3020E+00  1.5872E-07  2.0000E-03  6.6668E-07  1.1742E+00  3.5198E-09
  9.9292E-01  3.3120E+00  1.5872E-07  2.0000E-03  6.6668E-07  1.1742E+00  3.5205E-09
  9.9592E-01  3.3220E+00  1.5871E-07  2.0000E-03  6.6668E-07  1.1742E+00  3.5211E-09
  9.9892E-01  3.3320E+00  1.5871E-07  2.0000E-03  6.6668E-07  1.1742E+00  3.5218E-09
  1.0019E+00  3.3420E+00  1.5870E-07  2.0000E-03  6.6668E-07  1.1742E+00  3.5224E-09
  1.0049E+00  3.3520E+00  1.5870E-07  2.0000E-03  6.6668E-07  1.1742E+00  3.5231E-09
  1.0079E+00  3.3620E+00  1.5870E-07  2.0000E-03  6.6668E-07  1.1742E+00  3.5238E-09
  1.0109E+00  3.3720E+00  1.5869E-07  2.0000E-03  6.6668E-07  1.1742E+00  3.5244E-09
  1.0139E+00  3.3820E+00  1.5869E-07  2.0000E-03  6.6668E-07  1.1742E+00  3.5251E-09
  1.0169E+00  3.3920E+00  1.5868E-07  2.0000E-03  6.6668E-07  1.1742E+00  3.5258E-09
  1.0199E+00  3.4020E+00  1.5868E-07  2.0000E-03  6.6668E-07  1.1742E+00  3.5264E-09
  1.0229E+00  3.4120E+00  1.5868E-07  2.0000E-03  6.6668E-07  1.1742E+00  3.5271E-09
  1.0259E+00  3.4220E+00  1.5867E-07  2.0000E-03  6.6668E-07  1.1742E+00  3.5278E-09
  1.0290E+00  3.4324E+00  1.5867E-07  2.0000E-03  6.6668E-07  1.1742E+00  3.5285E-09
  1.0320E+00  3.4424E+00  1.5866E-07  2.0000E-03  6.6668E-07  1.1742E+00  3.5291E-09
  1.0350E+00  3.4524E+00  1.5866E-07  2.0000E-03  6.6668E-07  1.1742E+00  3.5298E-09
  1.0380E+00  3.4624E+00  1.5866E-07  2.0000E-03  6.6668E-07  1.1742E+00  3.5305E-09
  1.0410E+00  3.4724E+00  1.5865E-07  2.0000E-03  6.6668E-07  1.1742E+00  3.5311E-09
  1.0440E+00  3.4824E+00  1.5865E-07  2.0000E-03  6.6668E-07  1.1742E+00  3.5318E-09
  1.0470E+00  3.4924E+00  1.5864E-07  2.0000E-03  6.6668E-07  1.1742E+00  3.5325E-09
  1.0500E+00  3.5024E+00  1.5864E-07  2.0000E-03  6.6668E-07  1.1742E+00  3.5331E-09
  1.0530E+00  3.5124E+00  1.5864E-07  2.0000E-03  6.6668E-07  1.1742E+00  3.5338E-09
  1.0560E+00  3.5224E+00  1.5863E-07  2.0000E-03  6.6668E-07  1.1742E+00  3.5345E-09
  1.0590E+00  3.5324E+00  1.5863E-07  2.0000E-03  6.6668E-07  1.1742E+00  3.5351E-09
  1.0620E+00  3.5424E+00  1.5862E-07  2.0000E-03  6.6668E-07  1.1742E+00  3.5358E-09
  1.0650E+00  3.5524E+00  1.5862E-07  2.0000E-03  6.6668E-07  1.1742E+00  3.5365E-09
  1.0680E+00  3.5624E+00  1.5862E-07  2.0000E-03  6.6668E-07  1.1742E+00  3.5371E-09
  1.0710E+00  3.5724E+00  1.5861E-07  2.0000E-03  6.6668E-07  1.1742E+00  3.5378E-09
  1.0740E+00  3.5824E+00  1.5861E-07  2.0000E-03  6.6668E-07  1.1742E+00  3.5385E-09
  1.0770E+00  3.5924E+00  1.5860E-07  2.0000E-03  6.6668E-07  1.1742E+00  3.5391E-09
  1.0800E+00  3.6024E+00  1.5860E-07  2.0000E-03  6.6668E-07  1.1742E+00  3.5398E-09
  1.0830E+00  3.6124E+00  1.5860E-07  2.0000E-03  6.6668E-07  1.1742E+00  3.5405E-09
  1.0860E+00  3.6224E+00  1.5859E-07  2.0000E-03  6.6668E-07  1.1742E+00  3.5411E-09
  1.0890E+00  3.6324E+00  1.5859E-07  2.0000E-03  6.6668E-07  1.1742E+00  3.5418E-09
  1.0920E+00  3.6424E+00  1.5858E-07  2.0000E-03  6.6668E-07  1.1742E+00  3.5425E-09
  1.0950E+00  3.6524E+00  1.5858E-07  2.0000E-03  6.6668E-07  1.1742E+00  3.5431E-09
  1.0980E+00  3.6624E+00  1.5858E-07  2.0000E-03  6.6668E-07  1.1742E+00  3.5438E-09
  1.1010E+00  3.6724E+00  1.5857E-07  2.0000E-03  6.6668E-07  1.1742E+00  3.5445E-09
  1.1039E+00  3.6824E+00  1.5857E-07  2.0000E-03  6.6668E-07  1.1742E+00  3.5451E-09
  1.1069E+00  3.6924E+00  1.5856E-07  2.0000E-03  6.6668E-07  1.1742E+00  3.5458E-09
  1.1099E+00  3.7024E+00  1.5856E-07  2.0000E-03  6.6668E-07  1.1742E+00  3.5465E-09
  1.1129E+00  3.7124E+00  1.5856E-07  2.0000E-03  6.6668E-07  1.1742E+00  3.5471E-09
  1.1159E+00  3.7224E+00  1.5855E-07  2.0000E-03  6.6668E-07  1.1742E+00  3.5478E-09
  1.1189E+00  3.7324E+00  1.5855E-07  2.0000E-03  6.6668E-07  1.1742E+00  3.5485E-09
  1.1219E+00  3.7424E+00  1.5854E-07  2.0000E-03  6.6668E-07  1.1742E+00  3.5491E-09
  1.1249E+00  3.7524E+00  1.5854E-07  2.0000E-03  6.6668E-07  1.1742E+00  3.5498E-09
  1.1279E+00  3.7624E+00  1.5854E-07  2.0000E-03  6.6668E-07  1.1742E+00  3.5505E-09
  1.1309E+00  3.7724E+00  1.5853E-07  2.0000E-03  6.6668E-07  1.1742E+00  3.5511E-09
  1.1339E+00  3.7824E+00  1.5853E-07  2.0000E-03  6.6668E-07  1.1742E+00  3.5518E-09
  1.1369E+00  3.7924E+00  1.5853E-07  2.0000E-03  6.6668E-07  1.1742E+00  3.5525E-09
  1.1399E+00  3.8024E+00  1.5852E-07  2.0000E-03  6.6668E-07  1.1742E+00  3.5531E-09
  1.1429E+00  3.8124E+00  1.5852E-07  2.0000E-03  6.6668E-07  1.1742E+00  3.5538E-09
  1.1459E+00  3.8224E+00  1.5851E-07  2.0000E-03  6.6668E-07  1.1742E+00  3.5544E-09
  1.1489E+00  3.8324E+00  1.5851E-07  2.0000E-03  6.6668E-07  1.1742E+00  3.5551E-09
  1.1519E+00  3.8424E+00  1.5851E-07  2.0000E-03  6.6668E-07  1.1742E+00  3.5558E-09
  1.1549E+00  3.8524E+00  1.5850E-07  2.0000E-03  6.6668E-07  1.1742E+00  3.5564E-09
  1.1579E+00  3.8624E+00  1.5850E-07  2.0000E-03  6.6668E-07  1.1742E+00  3.5571E-09
  1.1609E+00  3.8724E+00  1.5849E-07  2.0000E-03  6.6668E-07  1.1742E+00  3.5578E-09
  1.1639E+00  3.8824E+00  1.5849E-07  2.0000E-03  6.6668E-07  1.1742E+00  3.5584E-09
  1.1669E+00  3.8924E+00  1.5849E-07  2.0000E-03  6.6668E-07  1.1742E+00  3.5591E-09
  1.1699E+00  3.9024E+00  1.5848E-07  2.0000E-03  6.6668E-07  1.1742E+00  3.5598E-09
  1.1729E+00  3.9124E+00  1.5848E-07  2.0000E-03  6.6668E-07  1.1742E+00  3.5604E-09
  1.1760E+00  3.9227E+00  1.5847E-07  2.0000E-03  6.6668E-07  1.1742E+00  3.5611E-09
  1.1790E+00  3.9327E+00  1.5847E-07  2.0000E-03  6.6668E-07  1.1742E+00  3.5618E-09
  1.1820E+00  3.9427E+00  1.5847E-07  2.0000E-03  6.6668E-07  1.1742E+00  3.5625E-09
  1.1850E+00  3.9527E+00  1.5846E-07  2.0000E-03  6.6668E-07  1.1742E+00  3.5631E-09
  1.1880E+00  3.9627E+00  1.5846E-07  2.0000E-03  6.6668E-07  1.1742E+00  3.5638E-09
  1.1910E+00  3.9727E+00  1.5845E-07  2.0000E-03  6.6668E-07  1.1742E+00  3.5645E-09
  1.1940E+00  3.9827E+00  1.5845E-07  2.0000E-03  6.6668E-07  1.1742E+00  3.5651E-09
  1.1970E+00  3.9927E+00  1.5845E-07  2.0000E-03  6.6668E-07  1.1742E+00  3.5658E-09
  1.2000E+00  4.0027E+00  1.5844E-07  2.0000E-03  6.6668E-07  1.1742E+00  3.5665E-09
  1.2030E+00  4.0127E+00  1.5844E-07  2.0000E-03  6.6668E-07  1.1742E+00  3.5671E-09
  1.2060E+00  4.0227E+00  1.5843E-07  2.0000E-03  6.6668E-07  1.1742E+00  3.5678E-09
  1.2090E+00  4.0327E+00  1.5843E-07  2.0000E-03  6.6668E-07  1.1742E+00  3.5685E-09
  1.2120E+00  4.0427E+00  1.5843E-07  2.0000E-03  6.6668E-07  1.1742E+00  3.5691E-09
  1.2150E+00  4.0527E+00  1.5842E-07  2.0000E-03  6.6668E-07  1.1742E+00  3.5698E-09
  1.2180E+00  4.0627E+00  1.5842E-07  2.0000E-03  6.6668E-07  1.1742E+00  3.5705E-09
  1.2210E+00  4.0727E+00  1.5841E-07  2.0000E-03  6.6668E-07  1.1742E+00  3.5711E-09
  1.2240E+00  4.0827E+00  1.5841E-07  2.0000E-03  6.6668E-07  1.1742E+00  3.5718E-09
  1.2270E+00  4.0927E+00  1.5841E-07  2.0000E-03  6.6668E-07  1.1742E+00  3.5725E-09
  1.2300E+00  4.1027E+00  1.5840E-07  2.0000E-03  6.6668E-07  1.1742E+00  3.5731E-09
  1.2330E+00  4.1127E+00  1.5840E-07  2.0000E-03  6.6668E-07  1.1742E+00  3.5738E-09
  1.2360E+00  4.1227E+00  1.5839E-07  2.0000E-03  6.6668E-07  1.1742E+00  3.5745E-09
  1.2390E+00  4.1327E+00  1.5839E-07  2.0000E-03  6.6668E-07  1.1742E+00  3.5751E-09
  1.2420E+00  4.1427E+00  1.5839E-07  2.0000E-03  6.6668E-07  1.1742E+00  3.5758E-09
  1.2450E+00  4.1527E+00  1.5838E-07  2.0000E-03  6.6668E-07  1.1742E+00  3.5765E-09
  1.2480E+00  4.1627E+00  1.5838E-07  2.0000E-03  6.6668E-07  1.1742E+00  3.5771E-09
  1.2509E+00  4.1727E+00  1.5837E-07  2.0000E-03  6.6668E-07  1.1742E+00  3.5778E-09
  1.2539E+00  4.1827E+00  1.5837E-07  2.0000E-03  6.6668E-07  1.1742E+00  3.5785E-09
  1.2569E+00  4.1927E+00  1.5837E-07  2.0000E-03  6.6668E-07  1.1742E+00  3.5791E-09
  1.2599E+00  4.2027E+00  1.5836E-07  2.0000E-03  6.6668E-07  1.1742E+00  3.5798E-09
  1.2629E+00  4.2127E+00  1.5836E-07  2.0000E-03  6.6668E-07  1.1742E+00  3.5805E-09
  1.2659E+00  4.2227E+00  1.5835E-07  2.0000E-03  6.6668E-07  1.1742E+00  3.5811E-09
  1.2689E+00  4.2327E+00  1.5835E-07  2.0000E-03  6.6668E-07  1.1742E+00  3.5818E-09
  1.2719E+00  4.2427E+00  1.5835E-07  2.0000E-03  6.6668E-07  1.1742E+00  3.5825E-09
  1.2749E+00  4.2527E+00  1.5834E-07  2.0000E-03  6.6668E-07  1.1742E+00  3.5831E-09
  1.2779E+00  4.2627E+00  1.5834E-07  2.0000E-03  6.6668E-07  1.1742E+00  3.5838E-09
  1.2809E+00  4.2727E+00  1.5834E-07  2.0000E-03  6.6668E-07  1.1742E+00  3.5845E-09
  1.2839E+00  4.2827E+00  1.5833E-07  2.0000E-03  6.6668E-07  1.1742E+00  3.5851E-09
  1.2869E+00  4.2927E+00  1.5833E-07  2.0000E-03  6.6668E-07  1.1742E+00  3.5858E-09
  1.2899E+00  4.3027E+00  1.5832E-07  2.0000E-03  6.6668E-07  1.1742E+00  3.5864E-09
  1.2929E+00  4.3127E+00  1.5832E-07  2.0000E-03  6.6668E-07  1.1742E+00  3.5871E-09
  1.2959E+00  4.3227E+00  1.5832E-07  2.0000E-03  6.6668E-07  1.1742E+00  3.5878E-09
  1.2989E+00  4.3327E+00  1.5831E-07  2.0000E-03  6.6668E-07  1.1742E+00  3.5884E-09
  1.3019E+00  4.3427E+00  1.5831E-07  2.0000E-03  6.6668E-07  1.1742E+00  3.5891E-09
  1.3049E+00  4.3527E+00  1.5830E-07  2.0000E-03  6.6668E-07  1.1742E+00  3.5898E-09
  1.3079E+00  4.3627E+00  1.5830E-07  2.0000E-03  6.6668E-07  1.1742E+00  3.5904E-09
  1.3109E+00  4.3727E+00  1.5830E-07  2.0000E-03  6.6668E-07  1.1742E+00  3.5911E-09
  1.3139E+00  4.3827E+00  1.5829E-07  2.0000E-03  6.6668E-07  1.1742E+00  3.5918E-09
  1.3169E+00  4.3927E+00  1.5829E-07  2.0000E-03  6.6668E-07  1.1742E+00  3.5924E-09
  1.3199E+00  4.4027E+00  1.5828E-07  2.0000E-03  6.6668E-07  1.1742E+00  3.5931E-09
  1.3230E+00  4.4131E+00  1.5828E-07  2.0000E-03  6.6668E-07  1.1742E+00  3.5938E-09
  1.3260E+00  4.4231E+00  1.5828E-07  2.0000E-03  6.6668E-07  1.1742E+00  3.5945E-09
  1.3290E+00  4.4331E+00  1.5827E-07  2.0000E-03  6.6668E-07  1.1742E+00  3.5951E-09
  1.3320E+00  4.4431E+00  1.5827E-07  2.0000E-03  6.6668E-07  1.1742E+00  3.5958E-09
  1.3350E+00  4.4531E+00  1.5826E-07  2.0000E-03  6.6668E-07  1.1742E+00  3.5965E-09
  1.3380E+00  4.4631E+00  1.5826E-07  2.0000E-03  6.6668E-07  1.1742E+00  3.5971E-09
  1.3410E+00  4.4731E+00  1.5826E-07  2.0000E-03  6.6668E-07  1.1742E+00  3.5978E-09
  1.3440E+00  4.4831E+00  1.5825E-07  2.0000E-03  6.6668E-07  1.1742E+00  3.5985E-09
  1.3470E+00  4.4931E+00  1.5825E-07  2.0000E-03  6.6668E-07  1.1742E+00  3.5991E-09
  1.3500E+00  4.5031E+00  1.5824E-07  2.0000E-03  6.6668E-07  1.1742E+00  3.5998E-09
  1.3530E+00  4.5131E+00  1.5824E-07  2.0000E-03  6.6668E-07  1.1742E+00  3.6005E-09
  1.3560E+00  4.5231E+00  1.5824E-07  2.0000E-03  6.6668E-07  1.1742E+00  3.6011E-09
  1.3590E+00  4.5331E+00  1.5823E-07  2.0000E-03  6.6668E-07  1.1742E+00  3.6018E-09
  1.3620E+00  4.5431E+00  1.5823E-07  2.0000E-03  6.6668E-07  1.1742E+00  3.6025E-09
  1.3650E+00  4.5531E+00  1.5822E-07  2.0000E-03  6.6668E-07  1.1742E+00  3.6031E-09
  1.3680E+00  4.5631E+00  1.5822E-07  2.0000E-03  6.6668E-07  1.1742E+00  3.6038E-09
  1.3710E+00  4.5731E+00  1.5822E-07  2.0000E-03  6.6668E-07  1.1742E+00  3.6045E-09
  1.3740E+00  4.5831E+00  1.5821E-07  2.0000E-03  6.6668E-07  1.1742E+00  3.6051E-09
  1.3770E+00  4.5931E+00  1.5821E-07  2.0000E-03  6.6668E-07  1.1742E+00  3.6058E-09
  1.3800E+00  4.6031E+00  1.5820E-07  2.0000E-03  6.6668E-07  1.1742E+00  3.6065E-09
  1.3830E+00  4.6131E+00  1.5820E-07  2.0000E-03  6.6668E-07  1.1742E+00  3.6071E-09
  1.3860E+00  4.6231E+00  1.5820E-07  2.0000E-03  6.6668E-07  1.1742E+00  3.6078E-09
  1.3890E+00  4.6331E+00  1.5819E-07  2.0000E-03  6.6668E-07  1.1742E+00  3.6085E-09
  1.3920E+00  4.6431E+00  1.5819E-07  2.0000E-03  6.6668E-07  1.1742E+00  3.6091E-09
  1.3950E+00  4.6531E+00  1.5818E-07  2.0000E-03  6.6668E-07  1.1742E+00  3.6098E-09
  1.3979E+00  4.6631E+00  1.5818E-07  2.0000E-03  6.6668E-07  1.1742E+00  3.6105E-09
  1.4009E+00  4.6731E+00  1.5818E-07  2.0000E-03  6.6668E-07  1.1742E+00  3.6111E-09
  1.4039E+00  4.6831E+00  1.5817E-07  2.0000E-03  6.6668E-07  1.1742E+00  3.6118E-09
  1.4069E+00  4.6931E+00  1.5817E-07  2.0000E-03  6.6668E-07  1.1742E+00  3.6125E-09
  1.4099E+00  4.7031E+00  1.5816E-07  2.0000E-03  6.6668E-07  1.1742E+00  3.6131E-09
  1.4129E+00  4.7131E+00  1.5816E-07  2.0000E-03  6.6668E-07  1.1742E+00  3.6138E-09
  1.4159E+00  4.7231E+00  1.5816E-07  2.0000E-03  6.6668E-07  1.1742E+00  3.6145E-09
  1.4189E+00  4.7331E+00  1.5815E-07  2.0000E-03  6.6668E-07  1.1742E+00  3.6151E-09
  1.4219E+00  4.7431E+00  1.5815E-07  2.0000E-03  6.6668E-07  1.1742E+00  3.6158E-09
  1.4249E+00  4.7531E+00  1.5815E-07  2.0000E-03  6.6668E-07  1.1742E+00  3.6165E-09
  1.4279E+00  4.7631E+00  1.5814E-07  2.0000E-03  6.6668E-07  1.1742E+00  3.6171E-09
  1.4309E+00  4.7731E+00  1.5814E-07  2.0000E-03  6.6668E-07  1.1742E+00  3.6178E-09
  1.4339E+00  4.7831E+00  1.5813E-07  2.0000E-03  6.6668E-07  1.1742E+00  3.6184E-09
  1.4369E+00  4.7931E+00  1.5813E-07  2.0000E-03  6.6668E-07  1.1742E+00  3.6191E-09
  1.4399E+00  4.8031E+00  1.5813E-07  2.0000E-03  6.6668E-07  1.1742E+00  3.6198E-09
  1.4429E+00  4.8131E+00  1.5812E-07  2.0000E-03  6.6668E-07  1.1742E+00  3.6204E-09
  1.4459E+00  4.8231E+00  1.5812E-07  2.0000E-03  6.6668E-07  1.1742E+00  3.6211E-09
  1.4489E+00  4.8331E+00  1.5811E-07  2.0000E-03  6.6668E-07  1.1742E+00  3.6218E-09
  1.4519E+00  4.8431E+00  1.5811E-07  2.0000E-03  6.6668E-07  1.1742E+00  3.6224E-09
  1.4549E+00  4.8531E+00  1.5811E-07  2.0000E-03  6.6668E-07  1.1742E+00  3.6231E-09
  1.4579E+00  4.8631E+00  1.5810E-07  2.0000E-03  6.6668E-07  1.1742E+00  3.6238E-09
  1.4609E+00  4.8731E+00  1.5810E-07  2.0000E-03  6.6668E-07  1.1742E+00  3.6244E-09
  1.4639E+00  4.8831E+00  1.5809E-07  2.0000E-03  6.6668E-07  1.1742E+00  3.6251E-09
  1.4669E+00  4.8931E+00  1.5809E-07  2.0000E-03  6.6668E-07  1.1742E+00  3.6258E-09
  1.4700E+00  4.9034E+00  1.5809E-07  2.0000E-03  6.6668E-07  1.1742E+00  3.6265E-09
  1.4730E+00  4.9134E+00  1.5808E-07  2.0000E-03  6.6668E-07  1.1742E+00  3.6271E-09
  1.4760E+00  4.9234E+00  1.5808E-07  2.0000E-03  6.6668E-07  1.1742E+00  3.6278E-09
  1.4790E+00  4.9334E+00  1.5807E-07  2.0000E-03  6.6668E-07  1.1742E+00  3.6285E-09
  1.4820E+00  4.9434E+00  1.5807E-07  2.0000E-03  6.6668E-07  1.1742E+00  3.6291E-09
  1.4850E+00  4.9534E+00  1.5807E-07  2.0000E-03  6.6668E-07  1.1742E+00  3.6298E-09
  1.4880E+00  4.9634E+00  1.5806E-07  2.0000E-03  6.6668E-07  1.1742E+00  3.6305E-09
  1.4910E+00  4.9734E+00  1.5806E-07  2.0000E-03  6.6668E-07  1.1742E+00  3.6311E-09
  1.4940E+00  4.9834E+00  1.5805E-07  2.0000E-03  6.6668E-07  1.1742E+00  3.6318E-09
  1.5000E+00  5.0035E+00  1.5805E-07  2.0000E-03  6.6668E-07  1.1742E+00  3.6331E-09
