  0.0000E+00  0.0000E+00  1.5000E+00  0.0000E+00  0.0000E+00  4.5000E+14  5.0035E+00 -2.0000E-03   1   5
 -2.0841E-07 -2.9385E-06  2.8445E-05  6.4570E+05 -1.7435E+05  3.6074E+06  0.0000E+00 -2.0000E-03   1   5
 -1.9859E-06  2.7134E-06 -2.7376E-05 -3.3047E+05  3.5198E+05  3.9592E+06  0.0000E+00 -2.0000E-03   1   5
 -2.1821E-06 -2.9989E-06 -1.5454E-04 -4.7723E+05 -1.8688E+04 -1.4310E+06  0.0000E+00 -2.0000E-03   1   5
 -9.5487E-07  1.2449E-06 -1.5306E-05 -2.3810E+05 -1.1052E+05 -2.7848E+06  0.0000E+00 -2.0000E-03   1   5
  1.0102E-06 -2.7870E-06 -2.3679E-05  1.9683E+05 -1.5406E+05  3.2755E+05  0.0000E+00 -2.0000E-03   1   5
 -1.4523E-06 -2.3588E-06 -5.7679E-05 -8.9632E+04  1.6408E+05  9.3561E+05  0.0000E+00 -2.0000E-03   1   5
  1.5006E-06 -3.2949E-07  6.9526E-05 -7.2691E+05 -2.7976E+05 -6.0316E+05  0.0000E+00 -2.0000E-03   1   5
  9.6887E-07 -8.9720E-07 -1.7531E-05  4.5824E+05 -2.1045E+05 -1.4005E+06  0.0000E+00 -2.0000E-03   1   5
 -1.2582E-06  7.3685E-07 -2.0545E-05 -1.2436E+05 -2.2326E+05  4.3287E+06  0.0000E+00 -2.0000E-03   1   5
  8.3006E-08  1.1991E-06 -4.8546E-05 -8.1122E+04 -5.3200E+05 -4.8401E+06  0.0000E+00 -2.0000E-03   1   5
  5.2216E-07  3.5681E-06 -3.8568E-05  1.6484E+05  6.2235E+03 -4.6576E+06  0.0000E+00 -2.0000E-03   1   5
 -3.1415E-06 -9.3998E-07  8.4980E-05 -3.0747E+05  2.5289E+04  1.5621E+06  0.0000E+00 -2.0000E-03   1   5
 -2.1798E-06 -5.8330E-07  3.9378E-05 -3.4536E+04  2.3911E+05  1.0160E+06  0.0000E+00 -2.0000E-03   1   5
 -1.8539E-06  2.8330E-06  1.2613E-04 -4.5375E+05  5.4348E+05  5.0789E+06  0.0000E+00 -2.0000E-03   1   5
  1.6036E-06  3.1074E-07 -2.2790E-05  4.1208E+03 -5.1115E+05 -6.8292E+06  0.0000E+00 -2.0000E-03   1   5
  2.1841E-06  5.3982E-07  7.2824E-05 -2.6065E+05 -3.5698E+05  2.5732E+06  0.0000E+00 -2.0000E-03   1   5
 -2.0909E-06  2.6539E-06 -5.1485E-05  5.0851E+05  2.4952E+05 -9.8825E+05  0.0000E+00 -2.0000E-03   1   5
  6.1409E-07 -1.5632E-06  4.6311E-05  1.9504E+05  1.5962E+05 -2.2973E+05  0.0000E+00 -2.0000E-03   1   5
  1.5588E-06  1.5064E-07  1.1065E-04  7.5351E+05 -1.5370E+05  1.7416E+06  0.0000E+00 -2.0000E-03   1   5
  2.2284E-06 -1.8446E-06  9.6027E-05 -3.9401E+05  9.6270E+04 -3.3150E+06  0.0000E+00 -2.0000E-03   1   5
  2.8171E-07 -1.6708E-06 -7.8396E-05  3.2525E+04  2.2430E+05  1.6294E+06  0.0000E+00 -2.0000E-03   1   5
 -3.7544E-06  1.1349E-06  1.7969E-04  2.8837E+05 -5.6792E+05  2.0088E+06  0.0000E+00 -2.0000E-03   1   5
  1.1926E-06  1.7414E-06 -6.5176E-05 -4.2801E+04  1.3333E+05  2.3829E+06  0.0000E+00 -2.0000E-03   1   5
  9.8897E-07  2.0999E-06  1.6914E-04  4.0210E+05 -4.5280E+05 -7.4528E+05  0.0000E+00 -2.0000E-03   1   5
 -4.7134E-07  9.3939E-08 -1.1305E-04 -3.4460E+05 -4.0792E+05  4.4244E+06  0.0000E+00 -2.0000E-03   1   5
  1.3408E-06  2.5800E-07 -2.6805E-05  4.2049E+05 -1.5780E+05 -5.3306E+06  0.0000E+00 -2.0000E-03   1   5
 -2.7645E-07  5.1517E-07 -2.9411E-05  1.2897E+05  2.9317E+05  1.2378E+06  0.0000E+00 -2.0000E-03   1   5
 -1.2385E-06 -1.1266E-06 -4.8518E-05  2.8725E+05  1.0818E+05 -3.8635E+05  0.0000E+00 -2.0000E-03   1   5
 -2.9769E-06 -1.7924E-06 -5.5315E-05  2.9002E+05 -3.4353E+05 -3.9691E+06  0.0000E+00 -2.0000E-03   1   5
  1.2720E-06  2.3099E-06  3.9951E-05  4.6769E+04  1.4514E+05 -9.4894E+05  0.0000E+00 -2.0000E-03   1   5
  1.4924E-06 -1.9631E-06 -3.5830E-05 -4.7141E+05  1.0033E+05  1.5632E+06  0.0000E+00 -2.0000E-03   1   5
  4.9317E-06 -3.2580E-06 -5.2355E-05 -1.3922E+05  6.0831E+04  2.0782E+04  0.0000E+00 -2.0000E-03   1   5
  3.3130E-06 -2.0080E-06 -6.7779E-05  1.5321E+05  1.7957E+05 -1.3247E+06  0.0000E+00 -2.0000E-03   1   5
  4.2911E-07  4.6942E-08  2.8200E-05  1.6908E+05 -3.0926E+04 -1.6722E+06  0.0000E+00 -2.0000E-03   1   5
 -2.1229E-06 -9.9747E-07  6.4751E-06 -1.7395E+05 -3.1294E+05  2.7848E+06  0.0000E+00 -2.0000E-03   1   5
 -8.2272E-07  7.1077E-07 -1.8297E-04 -2.7074E+05 -5.5577E+05  3.0534E+06  0.0000E+00 -2.0000E-03   1   5
 -1.8448E-06  5.8277E-07  1.3367E-04  2.9336E+04  2.3807E+05 -1.8489E+06  0.0000E+00 -2.0000E-03   1   5
  3.2837E-06  4.0392E-07  3.9857E-05  2.9226E+05 -2.5239E+05  5.2090E+05  0.0000E+00 -2.0000E-03   1   5
 -2.9932E-06 -6.5610E-07  7.2322E-05  3.4173E+05  3.4871E+05 -1.9177E+06  0.0000E+00 -2.0000E-03   1   5
  3.2530E-07 -1.1131E-06 -2.9123E-06 -8.4157E+04  2.8684E+03 -2.6084E+05  0.0000E+00 -2.0000E-03   1   5
 -1.3197E-06 -7.7082E-07 -8.2686E-05 -5.7974E+04  1.0210E+05 -7.2012E+05  0.0000E+00 -2.0000E-03   1   5
 -5.7919E-06  1.9542E-06 -8.6302E-05 -2.2213E+04 -2.1704E+05  1.7114E+06  0.0000E+00 -2.0000E-03   1   5
  1.8979E-06  5.1400E-07 -7.5833E-05  7.9439E+05  2.0038E+05 -5.1556E+05  0.0000E+00 -2.0000E-03   1   5
 -3.6350E-06 -3.1747E-07  7.4001E-06  4.2957E+05 -3.9998E+05 -5.4976E+06  0.0000E+00 -2.0000E-03   1   5
 -8.4850E-08 -2.5534E-08  6.6505E-05 -3.1827E+05  4.3215E+04  1.5196E+06  0.0000E+00 -2.0000E-03   1   5
  2.5356E-06  1.0836E-07  1.8557E-05 -6.0023E+05  1.5188E+05 -4.5917E+06  0.0000E+00 -2.0000E-03   1   5
  3.5502E-06  3.7952E-06 -1.6332E-04 -1.3556E+04 -1.8635E+05 -2.6731E+06  0.0000E+00 -2.0000E-03   1   5
  3.1782E-06 -6.1208E-06  1.3886E-05 -6.7656E+05 -3.7417E+05  3.3817E+06  0.0000E+00 -2.0000E-03   1   5
  3.8074E-06  7.4479E-07  3.3781E-05 -2.5155E+05 -3.7885E+04 -3.7584E+06  0.0000E+00 -2.0000E-03   1   5
 -1.9654E-06 -2.2972E-06  2.7395E-05 -5.8044E+05 -3.7994E+05  3.7333E+05  0.0000E+00 -2.0000E-03   1   5
 -2.0439E-07 -9.6436E-07  9.2933E-05  2.4881E+05  2.3198E+05 -2.2465E+06  0.0000E+00 -2.0000E-03   1   5
  6.3637E-07  2.1999E-06  1.3372E-04  7.5734E+03  4.9512E+04 -1.9308E+06  0.0000E+00 -2.0000E-03   1   5
 -3.4126E-06 -2.5060E-06  8.8414E-05 -5.4881E+04  2.0601E+04  3.9983E+06  0.0000E+00 -2.0000E-03   1   5
 -4.3392E-08  1.2381E-07 -2.1595E-05  4.3164E+05 -3.4346E+05  6.7631E+05  0.0000E+00 -2.0000E-03   1   5
 -1.8530E-06 -2.4868E-06  3.2201E-05  1.7890E+05 -1.2423E+05  1.7370E+06  0.0000E+00 -2.0000E-03   1   5
  2.3023E-06  1.0104E-09 -9.9023E-05 -9.5532E+04  7.9631E+02 -2.9840E+06  0.0000E+00 -2.0000E-03   1   5
  4.8870E-06  1.6177E-06 -1.0140E-04  2.4056E+05  1.8601E+05 -1.9311E+06  0.0000E+00 -2.0000E-03   1   5
  1.8412E-06  7.5079E-07 -7.9362E-05 -2.4920E+05  1.4654E+05 -3.2173E+06  0.0000E+00 -2.0000E-03   1   5
 -2.9604E-06  5.1978E-06 -2.6594E-05  2.2372E+05  1.6534E+05  4.4900E+06  0.0000E+00 -2.0000E-03   1   5
 -1.5378E-06  5.0099E-08  8.1347E-05 -2.4654E+05  5.2121E+04 -5.0450E+05  0.0000E+00 -2.0000E-03   1   5
  1.4007E-07  1.6393E-06  1.1047E-04  1.3666E+05 -4.1422E+03 -1.2831E+06  0.0000E+00 -2.0000E-03   1   5
 -2.8584E-06 -1.1666E-06 -5.0474E-05 -2.9202E+05  1.5767E+05  7.4318E+06  0.0000E+00 -2.0000E-03   1   5
  5.4715E-07  2.1074E-06 -3.0640E-05  2.6103E+05 -1.7173E+05  2.7754E+06  0.0000E+00 -2.0000E-03   1   5
  5.4084E-07  3.7803E-07 -7.9856E-05  1.5988E+05  7.1370E+04  2.2723E+06  0.0000E+00 -2.0000E-03   1   5
 -2.0747E-06 -4.3002E-07  4.0251E-05  5.0755E+05 -2.3569E+05 -1.1336E+05  0.0000E+00 -2.0000E-03   1   5
 -1.5180E-06  1.8822E-06 -5.6828E-05  1.1425E+05  2.6602E+05  6.0351E+05  0.0000E+00 -2.0000E-03   1   5
 -1.1949E-06 -5.0776E-07  7.0684E-07 -8.7433E+04  1.1329E+05 -1.4263E+06  0.0000E+00 -2.0000E-03   1   5
  2.2142E-06 -4.0412E-06  1.1039E-04 -3.5591E+05  2.1023E+05  1.7607E+06  0.0000E+00 -2.0000E-03   1   5
 -1.7610E-06  3.1651E-06  9.4920E-05  2.1712E+05 -4.5614E+05 -4.6628E+05  0.0000E+00 -2.0000E-03   1   5
  2.1019E-06 -1.2437E-06  2.0799E-04 -1.0335E+05  4.3392E+05  2.3687E+06  0.0000E+00 -2.0000E-03   1   5
 -2.0765E-06  4.0427E-06 -1.0849E-04  1.7377E+05 -5.9426E+05  6.1609E+05  0.0000E+00 -2.0000E-03   1   5
  6.2865E-07  2.7440E-06  1.2811E-04 -2.8520E+04  2.1747E+05  9.2491E+05  0.0000E+00 -2.0000E-03   1   5
 -3.4263E-06  1.0592E-06 -4.5372E-05  7.0329E+05  4.9496E+05  3.3669E+06  0.0000E+00 -2.0000E-03   1   5
 -4.0327E-06  3.5900E-06  2.2890E-04  1.8568E+05 -1.5923E+05  4.3727E+06  0.0000E+00 -2.0000E-03   1   5
 -1.3084E-06 -1.6823E-06 -6.5281E-05 -2.7065E+04  5.7079E+04  3.5936E+06  0.0000E+00 -2.0000E-03   1   5
 -1.4064E-06 -8.4815E-07 -3.6646E-05 -5.2050E+04 -2.7059E+05  3.0565E+06  0.0000E+00 -2.0000E-03   1   5
  1.1072E-06 -1.6740E-06 -8.4930E-05 -7.5952E+05  3.4627E+05  4.4204E+06  0.0000E+00 -2.0000E-03   1   5
 -8.7628E-07 -8.1353E-07  8.4893E-05  2.0432E+05  2.7984E+05  1.9189E+06  0.0000E+00 -2.0000E-03   1   5
  2.3565E-06  9.3464E-07 -5.1798E-05 -5.0015E+05 -2.2551E+05 -6.5793E+06  0.0000E+00 -2.0000E-03   1   5
  3.4387E-07  1.6363E-07  1.7536E-04 -4.3548E+04  1.0754E+05 -2.4585E+06  0.0000E+00 -2.0000E-03   1   5
 -7.6969E-07  6.5685E-07  1.3947E-05 -8.9018E+04 -2.6271E+05  5.0510E+05  0.0000E+00 -2.0000E-03   1   5
  1.4225E-06  2.3428E-06 -1.2089E-04  1.0448E+05  3.8379E+04  1.7133E+06  0.0000E+00 -2.0000E-03   1   5
  1.5492E-06  1.8203E-06  2.5808E-04  7.9598E+04  3.2504E+05 -9.3768E+05  0.0000E+00 -2.0000E-03   1   5
  6.9699E-07 -1.0984E-07 -6.0318E-05  4.4794E+05  2.3325E+05  3.9279E+06  0.0000E+00 -2.0000E-03   1   5
 -9.1134E-07 -8.4906E-07 -1.3066E-04  2.3362E+05 -2.8702E+05  1.1695E+06  0.0000E+00 -2.0000E-03   1   5
 -3.1217E-06  5.6386E-08 -2.5199E-04 -4.7424E+05 -4.7172E+05 -5.3950E+06  0.0000E+00 -2.0000E-03   1   5
 -1.4432E-07 -8.6962E-07  7.5747E-05 -2.0764E+05  2.8354E+05 -8.6438E+05  0.0000E+00 -2.0000E-03   1   5
 -2.5707E-06  2.5179E-06 -1.0818E-04  2.3457E+05  2.7826E+04 -7.2047E+05  0.0000E+00 -2.0000E-03   1   5
  8.3083E-07  8.8128E-07  4.6782E-05 -7.8185E+04  1.5662E+05  4.8807E+06  0.0000E+00 -2.0000E-03   1   5
 -1.1411E-06 -2.9427E-07 -1.3139E-05  4.3770E+05  2.0193E+05 -3.9784E+06  0.0000E+00 -2.0000E-03   1   5
 -8.0141E-07  2.7497E-06  3.5145E-05 -6.3791E+04  1.2957E+05 -3.1516E+06  0.0000E+00 -2.0000E-03   1   5
 -6.3669E-08 -2.2072E-06  5.0684E-05 -1.1340E+05  4.3822E+05 -5.2462E+06  0.0000E+00 -2.0000E-03   1   5
  2.2805E-06 -2.3756E-06  3.2423E-05  4.2470E+05 -1.6223E+05  1.7216E+06  0.0000E+00 -2.0000E-03   1   5
  3.1918E-06  3.2191E-06 -2.1492E-06  8.3517E+05 -1.8668E+05  3.1417E+06  0.0000E+00 -2.0000E-03   1   5
  1.1435E-06 -3.5678E-06  6.3589E-05  1.7481E+04  2.7743E+05 -2.4678E+05  0.0000E+00 -2.0000E-03   1   5
 -1.2658E-06 -5.2291E-07  1.0405E-04 -2.6749E+05  2.5522E+05  2.6426E+06  0.0000E+00 -2.0000E-03   1   5
  9.5342E-07  4.3046E-06  2.8176E-05 -6.9773E+04 -3.0068E+05 -1.0098E+06  0.0000E+00 -2.0000E-03   1   5
 -1.0383E-06 -1.9630E-06 -1.2062E-04  1.0028E+05 -2.6932E+05 -1.5001E+06  0.0000E+00 -2.0000E-03   1   5
 -1.5712E-06 -1.3533E-07  3.4425E-07 -2.4874E+05  1.1390E+05 -3.8840E+05  0.0000E+00 -2.0000E-03   1   5
 -7.8095E-08  1.7128E-06 -2.0338E-04 -2.1040E+05  8.2484E+04 -7.7469E+05  0.0000E+00 -2.0000E-03   1   5
 -6.2260E-07 -1.3726E-06 -1.0904E-04 -4.1309E+05  3.6263E+05  6.3801E+06  0.0000E+00 -2.0000E-03   1   5
  3.4081E-07  1.9889E-06  1.7961E-05  1.5775E+05 -1.0531E+05  2.4047E+06  0.0000E+00 -2.0000E-03   1   5
 -3.0661E-08 -5.9932E-06 -2.4421E-05 -2.7320E+05  1.4052E+05 -2.9079E+05  0.0000E+00 -2.0000E-03   1   5
 -6.1020E-06 -4.5314E-06 -1.4757E-04  2.4409E+05 -2.5035E+05  5.0053E+06  0.0000E+00 -2.0000E-03   1   5
 -3.0195E-06 -2.4566E-06 -1.4490E-04  3.4338E+05  2.0979E+05 -4.2530E+06  0.0000E+00 -2.0000E-03   1   5
 -5.0367E-07 -3.6204E-06 -2.9689E-06 -1.3567E+05 -3.4586E+04  3.1714E+05  0.0000E+00 -2.0000E-03   1   5
  1.7506E-06 -1.7649E-07  2.2909E-05 -4.7949E+05  1.1533E+05 -1.6216E+06  0.0000E+00 -2.0000E-03   1   5
  2.3902E-06  1.6224E-06  3.7415E-05  1.3585E+05  1.0540E+05  2.9446E+06  0.0000E+00 -2.0000E-03   1   5
 -6.0529E-08  1.4072E-07  7.9189E-05 -2.0816E+05 -2.3311E+05  4.7664E+05  0.0000E+00 -2.0000E-03   1   5
  3.8080E-06  1.5541E-08 -2.6812E-05 -2.1918E+04  5.4422E+05  1.0138E+06  0.0000E+00 -2.0000E-03   1   5
 -2.8186E-07  6.9269E-08  2.8909E-04  3.7522E+03  4.2978E+04 -1.7945E+05  0.0000E+00 -2.0000E-03   1   5
  1.2686E-06 -7.1473E-07  2.6521E-04  1.2848E+05  1.6734E+05 -1.4943E+06  0.0000E+00 -2.0000E-03   1   5
  5.5351E-07 -3.4570E-07 -4.7215E-05  1.4483E+05  1.1959E+05 -5.2430E+05  0.0000E+00 -2.0000E-03   1   5
 -3.2341E-06 -1.3267E-06 -6.1016E-05 -1.3716E+05  3.3118E+05  1.8169E+06  0.0000E+00 -2.0000E-03   1   5
  5.6490E-07  3.2081E-07  1.7805E-04 -4.5104E+04  4.4859E+05  1.9000E+06  0.0000E+00 -2.0000E-03   1   5
  5.4295E-07 -1.4547E-06 -3.0552E-05 -3.2708E+05  8.3027E+03 -1.1444E+06  0.0000E+00 -2.0000E-03   1   5
  1.3838E-06  1.9444E-06 -5.6886E-05  1.1825E+05 -8.6177E+04  1.4736E+06  0.0000E+00 -2.0000E-03   1   5
  1.6703E-06 -3.3346E-07  1.2648E-04  1.3361E+05 -5.0887E+05  1.1798E+06  0.0000E+00 -2.0000E-03   1   5
  1.6034E-06  3.7776E-06  9.8393E-05 -3.1538E+05  1.0174E+05  1.9844E+06  0.0000E+00 -2.0000E-03   1   5
 -8.3308E-07 -8.9645E-07 -5.1174E-05 -2.8189E+05  4.0785E+05 -1.3826E+06  0.0000E+00 -2.0000E-03   1   5
 -5.8183E-07 -4.4819E-07 -2.2678E-04  2.2384E+05  4.1799E+05 -1.8359E+06  0.0000E+00 -2.0000E-03   1   5
  1.7791E-06  1.7398E-06  6.4083E-05  3.5115E+05 -2.4313E+05  1.9921E+06  0.0000E+00 -2.0000E-03   1   5
 -2.8424E-06  1.1728E-06 -1.5798E-06 -8.5984E+04 -1.6186E+05  1.2932E+06  0.0000E+00 -2.0000E-03   1   5
  5.3847E-07 -3.6563E-06 -7.1828E-05 -2.5371E+04  5.4401E+05  2.6067E+05  0.0000E+00 -2.0000E-03   1   5
  1.9934E-06 -2.7271E-06 -7.9875E-05  3.9614E+05 -4.2029E+05 -2.1411E+06  0.0000E+00 -2.0000E-03   1   5
  2.4487E-06 -1.5226E-06  1.1243E-04  8.5381E+04 -6.7575E+04 -4.0145E+06  0.0000E+00 -2.0000E-03   1   5
 -2.7677E-06  3.0973E-06 -7.8689E-05 -1.5014E+05  5.0339E+05 -6.0328E+06  0.0000E+00 -2.0000E-03   1   5
  3.1220E-06 -2.6812E-06 -9.3809E-05 -1.8210E+05 -2.5576E+05  7.2080E+05  0.0000E+00 -2.0000E-03   1   5
  1.7706E-06  4.9273E-07 -6.7605E-05  1.4972E+05  6.4832E+04  4.9532E+06  0.0000E+00 -2.0000E-03   1   5
 -9.8999E-07  7.2800E-07  2.8922E-05  3.1547E+05  3.2125E+05  7.9167E+05  0.0000E+00 -2.0000E-03   1   5
  9.7130E-07  1.3034E-06  2.4185E-04 -1.2029E+05  2.7215E+05  3.0027E+06  0.0000E+00 -2.0000E-03   1   5
 -5.5452E-06  1.1302E-07 -1.4173E-04  1.9810E+05  6.2500E+05 -1.9333E+06  0.0000E+00 -2.0000E-03   1   5
 -8.2546E-07 -2.3470E-06  1.4611E-06  1.8262E+05 -6.5917E+04 -2.4620E+06  0.0000E+00 -2.0000E-03   1   5
  5.2346E-07 -3.1353E-06 -5.4072E-05 -1.3969E+05  9.3925E+04  6.2090E+06  0.0000E+00 -2.0000E-03   1   5
 -8.0665E-07  7.1065E-07  3.4794E-05  6.0123E+04 -3.4661E+05  1.7514E+06  0.0000E+00 -2.0000E-03   1   5
  3.8838E-08 -9.1030E-07 -6.4365E-05  4.1549E+05 -3.6520E+05  4.6056E+06  0.0000E+00 -2.0000E-03   1   5
  4.9921E-07 -7.6798E-07  2.3070E-04  1.4100E+04  5.3636E+04  3.3867E+06  0.0000E+00 -2.0000E-03   1   5
  3.0801E-06 -7.7221E-07  3.2150E-05 -2.9655E+05 -7.9140E+04  3.0190E+05  0.0000E+00 -2.0000E-03   1   5
 -6.8696E-06 -2.5357E-06  1.3704E-04 -2.2151E+05 -1.3369E+05 -3.3231E+06  0.0000E+00 -2.0000E-03   1   5
  1.0647E-06 -4.9687E-07 -1.5654E-05 -4.6952E+02 -1.9581E+05 -6.4304E+04  0.0000E+00 -2.0000E-03   1   5
  3.5332E-07 -2.2665E-06  4.5957E-05  2.3577E+05  3.7009E+05  3.7120E+06  0.0000E+00 -2.0000E-03   1   5
  7.5599E-07  1.7265E-06 -4.1366E-05 -3.3112E+05 -1.1386E+05  5.2803E+05  0.0000E+00 -2.0000E-03   1   5
  3.7676E-06  8.0799E-07 -5.3583E-05 -3.3135E+05 -1.2029E+05  1.8020E+05  0.0000E+00 -2.0000E-03   1   5
 -1.7545E-06 -5.3798E-07 -8.0437E-05 -1.4728E+05 -1.2833E+05 -1.3031E+06  0.0000E+00 -2.0000E-03   1   5
  2.4973E-07  1.5216E-06 -7.3767E-05 -3.2647E+03  2.7471E+05 -1.1389E+06  0.0000E+00 -2.0000E-03   1   5
 -7.0924E-07  2.7046E-06  3.2472E-05  3.3997E+05  1.0665E+05  1.5370E+05  0.0000E+00 -2.0000E-03   1   5
 -9.1708E-07 -3.5244E-07  2.2481E-04  1.5313E+05 -3.4663E+05 -2.9671E+06  0.0000E+00 -2.0000E-03   1   5
  2.9614E-07  1.4989E-06  6.2624E-05 -3.3775E+05 -6.4773E+05 -4.6522E+06  0.0000E+00 -2.0000E-03   1   5
  2.3357E-06  1.7814E-06 -1.5718E-04  9.4229E+03  1.5855E+05  2.1031E+06  0.0000E+00 -2.0000E-03   1   5
  1.4514E-07  1.3730E-06 -4.8893E-07 -4.0353E+05 -3.9067E+05 -1.8158E+06  0.0000E+00 -2.0000E-03   1   5
 -3.8077E-06 -1.8848E-06  1.6160E-04  1.1122E+05 -9.1703E+04 -8.2231E+05  0.0000E+00 -2.0000E-03   1   5
 -1.5005E-06  1.5424E-07  1.0102E-04 -2.1371E+04  7.5128E+04 -3.9244E+06  0.0000E+00 -2.0000E-03   1   5
 -2.6057E-06  5.9438E-07  1.7431E-05 -1.8169E+05  3.3920E+05 -4.0282E+06  0.0000E+00 -2.0000E-03   1   5
 -3.3908E-06 -6.9297E-07  8.0208E-05  1.2564E+05 -2.8854E+05 -2.3374E+06  0.0000E+00 -2.0000E-03   1   5
  1.5134E-07 -3.0196E-06 -2.9344E-05 -9.9050E+04 -1.3498E+05  3.1130E+06  0.0000E+00 -2.0000E-03   1   5
  4.7849E-07 -2.1791E-06 -9.2493E-05 -1.9423E+05 -5.1771E+05 -2.4899E+06  0.0000E+00 -2.0000E-03   1   5
 -2.8291E-06  2.1359E-06 -1.6190E-05  2.7638E+05 -5.9502E+04 -3.7272E+06  0.0000E+00 -2.0000E-03   1   5
 -3.3929E-06 -2.0283E-06  5.7189E-05 -4.9160E+05 -1.4453E+05 -1.2295E+06  0.0000E+00 -2.0000E-03   1   5
 -2.0895E-06  2.3458E-06 -1.1444E-04  2.9117E+05 -9.4686E+04 -2.3642E+06  0.0000E+00 -2.0000E-03   1   5
 -1.4373E-06 -4.1784E-07  2.2668E-04  3.9848E+05 -1.6912E+05  8.4430E+05  0.0000E+00 -2.0000E-03   1   5
 -1.3056E-06  3.6100E-06  9.7075E-05  6.3852E+05  1.3594E+05 -5.2952E+06  0.0000E+00 -2.0000E-03   1   5
 -9.3334E-07  3.2529E-06  4.7273E-05 -4.5874E+05 -1.1603E+05 -2.0759E+06  0.0000E+00 -2.0000E-03   1   5
 -2.8943E-06 -1.0929E-06 -4.5727E-05  1.6745E+04 -2.8064E+05 -1.2952E+06  0.0000E+00 -2.0000E-03   1   5
 -3.6962E-06 -8.9791E-07  2.0898E-04  4.0045E+05  1.6338E+04 -3.5815E+06  0.0000E+00 -2.0000E-03   1   5
  9.8892E-07 -1.0402E-06 -5.7552E-05  3.2377E+05 -6.7979E+05 -2.3519E+06  0.0000E+00 -2.0000E-03   1   5
  4.3300E-07  4.4293E-07  8.3632E-05  2.2629E+04  1.3722E+05 -5.1370E+06  0.0000E+00 -2.0000E-03   1   5
  1.2216E-06  1.1335E-07  3.9538E-05  3.9410E+04 -2.9978E+05 -9.8719E+05  0.0000E+00 -2.0000E-03   1   5
  1.1419E-06 -2.4074E-07  1.0657E-04 -2.9960E+05 -2.8042E+05  4.0963E+06  0.0000E+00 -2.0000E-03   1   5
  5.4567E-07  9.5576E-07  1.0287E-05  2.5165E+05  1.6982E+05  1.9698E+06  0.0000E+00 -2.0000E-03   1   5
 -6.7568E-07 -8.7946E-07 -1.0476E-04 -5.2655E+05  1.9803E+05  3.6073E+06  0.0000E+00 -2.0000E-03   1   5
 -2.1409E-07  4.9953E-07 -2.0953E-05  5.9355E+04  1.1970E+05  3.0780E+05  0.0000E+00 -2.0000E-03   1   5
 -3.5792E-07 -2.9605E-06  4.6861E-06  2.6416E+05 -1.2985E+05 -1.3282E+06  0.0000E+00 -2.0000E-03   1   5
  1.8433E-06  4.1456E-06 -1.4962E-04  1.9597E+05 -6.6995E+04  1.0385E+06  0.0000E+00 -2.0000E-03   1   5
  3.1036E-06  1.4646E-06 -5.4093E-05  9.8697E+04  1.4734E+05  3.5002E+06  0.0000E+00 -2.0000E-03   1   5
 -2.7742E-06  1.9070E-06  1.0775E-04  1.6329E+05  4.2486E+05  4.5192E+05  0.0000E+00 -2.0000E-03   1   5
 -9.1606E-07  2.5825E-06  8.5039E-05  6.1253E+05  2.5695E+05  3.1552E+05  0.0000E+00 -2.0000E-03   1   5
 -1.2352E-06  3.4391E-06 -1.1517E-04  5.6522E+05  2.8878E+04 -4.0364E+06  0.0000E+00 -2.0000E-03   1   5
  1.5224E-06 -3.4574E-07  1.7555E-05 -1.7797E+05  5.9896E+04 -2.6806E+06  0.0000E+00 -2.0000E-03   1   5
  1.1099E-06  4.1137E-06  1.3955E-05 -2.6654E+05 -8.7753E+04 -2.2347E+06  0.0000E+00 -2.0000E-03   1   5
  6.3772E-07 -1.4236E-06 -3.5605E-05 -2.7002E+05  2.9653E+05 -5.1627E+06  0.0000E+00 -2.0000E-03   1   5
  2.1496E-07 -1.7120E-06 -3.1614E-06 -3.2478E+04  2.5547E+05  1.0357E+06  0.0000E+00 -2.0000E-03   1   5
  9.2044E-07  5.2878E-07 -7.4751E-05  1.3656E+05 -2.2173E+04  2.1687E+06  0.0000E+00 -2.0000E-03   1   5
 -1.5940E-06  4.9548E-06  4.3383E-05  5.9259E+03  6.1759E+04 -4.4767E+06  0.0000E+00 -2.0000E-03   1   5
  7.4760E-07  2.2353E-06 -1.0440E-04 -1.0763E+05  2.2347E+05  2.8446E+05  0.0000E+00 -2.0000E-03   1   5
 -2.7174E-06  8.6455E-07  1.6759E-04  3.9616E+05  2.3402E+05 -5.5699E+06  0.0000E+00 -2.0000E-03   1   5
  8.5737E-08  1.0165E-06  2.8090E-05 -2.0597E+05  2.9926E+05 -3.1974E+06  0.0000E+00 -2.0000E-03   1   5
  7.1884E-07  4.0308E-06  1.0964E-04 -2.3713E+05 -1.9279E+05  1.4391E+06  0.0000E+00 -2.0000E-03   1   5
 -8.2916E-09  4.8106E-07  4.6683E-05 -3.7286E+05  2.3475E+05 -2.5431E+06  0.0000E+00 -2.0000E-03   1   5
 -2.3233E-07 -4.0913E-06  8.8674E-05 -3.7325E+05  2.5774E+05  1.4763E+06  0.0000E+00 -2.0000E-03   1   5
  1.4988E-06 -1.2154E-06  2.7633E-05 -2.6579E+05 -3.1863E+05 -7.4765E+05  0.0000E+00 -2.0000E-03   1   5
  1.1920E-06 -1.0158E-06  4.1190E-05 -2.2298E+05  3.1074E+05  1.9688E+06  0.0000E+00 -2.0000E-03   1   5
  8.8171E-07 -2.6734E-07 -1.6706E-04  2.7577E+05 -2.1293E+05 -4.5689E+06  0.0000E+00 -2.0000E-03   1   5
 -1.0746E-06  4.6923E-07  2.4213E-05  2.7843E+05  2.4941E+05  4.3552E+05  0.0000E+00 -2.0000E-03   1   5
 -2.3886E-06  1.7252E-06 -5.0445E-05 -1.5618E+04 -7.7507E+05 -2.5453E+06  0.0000E+00 -2.0000E-03   1   5
  1.0618E-07  1.4309E-06  1.2712E-04  7.2117E+04 -4.5121E+05  7.7429E+05  0.0000E+00 -2.0000E-03   1   5
  3.0561E-09 -1.1755E-07  1.8691E-04 -2.5653E+04 -2.5978E+05 -2.1001E+06  0.0000E+00 -2.0000E-03   1   5
  1.4697E-07  6.0175E-07  9.1160E-05 -7.0013E+03 -3.4957E+05  6.8219E+06  0.0000E+00 -2.0000E-03   1   5
  7.6903E-08 -1.4114E-06 -2.0864E-05 -7.2194E+04 -4.4748E+05 -2.1207E+06  0.0000E+00 -2.0000E-03   1   5
 -1.1060E-06 -1.7144E-06 -3.8534E-05 -7.3335E+04 -1.0077E+05  2.8387E+06  0.0000E+00 -2.0000E-03   1   5
 -2.2110E-06 -3.6420E-07  8.8424E-05 -3.4415E+05 -1.1001E+04 -1.2386E+06  0.0000E+00 -2.0000E-03   1   5
  9.6790E-07  3.5457E-07 -5.2307E-05 -2.6393E+05  1.2128E+05  1.5389E+06  0.0000E+00 -2.0000E-03   1   5
  3.5591E-06 -4.6093E-06 -3.5369E-05 -2.0732E+05  3.8649E+05  3.7482E+06  0.0000E+00 -2.0000E-03   1   5
  6.6204E-07 -1.7349E-06  6.3916E-05  4.5169E+05  2.7604E+05 -2.2732E+05  0.0000E+00 -2.0000E-03   1   5
 -2.1399E-06  3.3540E-07  2.9029E-05 -9.1321E+04  2.0939E+05 -6.4898E+05  0.0000E+00 -2.0000E-03   1   5
  2.3944E-07  4.2798E-06  3.5218E-05 -1.8627E+04  8.9955E+04 -2.5636E+06  0.0000E+00 -2.0000E-03   1   5
  6.4399E-08  2.2044E-06  3.4652E-05  9.3622E+04 -2.0637E+05  1.1321E+06  0.0000E+00 -2.0000E-03   1   5
  3.4146E-06 -1.7766E-07 -1.0053E-04  1.4591E+05  5.1681E+05 -9.2587E+05  0.0000E+00 -2.0000E-03   1   5
 -1.8495E-06  2.2170E-06  1.0051E-04 -6.2005E+05  2.6462E+05  4.9830E+06  0.0000E+00 -2.0000E-03   1   5
  1.0453E-06  1.1028E-07 -8.6380E-05  2.8724E+04  1.5099E+05 -2.2582E+06  0.0000E+00 -2.0000E-03   1   5
  1.7083E-06 -4.7294E-07 -1.0223E-04  5.0052E+05 -1.7911E+05 -6.6825E+05  0.0000E+00 -2.0000E-03   1   5
  2.6929E-07  5.8828E-07 -3.0965E-05  2.7534E+05  1.7079E+05 -1.5204E+06  0.0000E+00 -2.0000E-03   1   5
 -1.9836E-06 -1.4519E-06 -9.7377E-06 -1.6204E+05  3.8040E+05  1.6649E+06  0.0000E+00 -2.0000E-03   1   5
  2.1623E-06  1.0535E-06 -6.8609E-05  1.6540E+05 -4.1004E+05  3.5228E+06  0.0000E+00 -2.0000E-03   1   5
  2.6866E-08 -5.2295E-06  5.2262E-05 -1.3202E+05  2.2705E+05  1.0130E+06  0.0000E+00 -2.0000E-03   1   5
 -8.1755E-07 -8.2618E-07 -2.4426E-05 -2.5746E+05 -4.0119E+04  3.1237E+06  0.0000E+00 -2.0000E-03   1   5
 -7.9284E-07  1.0743E-06 -9.0358E-06 -3.3305E+05 -6.3869E+05  8.7478E+05  0.0000E+00 -2.0000E-03   1   5
 -2.4686E-06 -1.8398E-06 -1.2210E-04  8.5512E+04 -3.5772E+05  5.4792E+06  0.0000E+00 -2.0000E-03   1   5
  4.8529E-07 -3.2628E-07  6.4879E-05  7.5781E+05 -5.2163E+05  1.0076E+06  0.0000E+00 -2.0000E-03   1   5
 -7.6801E-07 -1.5297E-06  5.5346E-05 -2.0647E+05  4.2603E+05 -1.9228E+06  0.0000E+00 -2.0000E-03   1   5
 -4.9197E-07  2.7221E-06 -9.3700E-05 -1.6163E+05  8.3583E+04 -2.0980E+06  0.0000E+00 -2.0000E-03   1   5
 -7.2193E-07 -8.4801E-07  5.0575E-05  1.3871E+05  1.4431E+05  2.1090E+05  0.0000E+00 -2.0000E-03   1   5
 -1.8110E-07  2.9576E-06 -1.6914E-04 -8.9769E+04  4.2767E+05 -1.6599E+06  0.0000E+00 -2.0000E-03   1   5
 -1.5290E-06  3.5137E-06  1.8911E-06  9.1717E+04 -4.1527E+05  2.4667E+06  0.0000E+00 -2.0000E-03   1   5
  2.3683E-06 -2.3105E-06  5.4430E-05 -1.8161E+04 -3.3026E+04 -1.7793E+06  0.0000E+00 -2.0000E-03   1   5
  2.6688E-06 -2.2939E-06 -5.2090E-05 -3.2781E+04 -7.2025E+04 -2.1123E+06  0.0000E+00 -2.0000E-03   1   5
 -1.7448E-06 -2.1330E-06  2.9052E-05  5.4139E+05  7.9877E+04 -4.5732E+05  0.0000E+00 -2.0000E-03   1   5
 -5.5701E-07 -2.0542E-06  2.5184E-05  2.8370E+05  2.6584E+05 -4.4505E+06  0.0000E+00 -2.0000E-03   1   5
  2.1248E-06  1.2606E-06  1.4118E-05 -2.0031E+04 -3.0250E+05 -1.2856E+06  0.0000E+00 -2.0000E-03   1   5
  4.9689E-08 -3.2018E-06 -1.0135E-04 -3.8513E+05 -5.8520E+05  4.4141E+06  0.0000E+00 -2.0000E-03   1   5
  1.5052E-06  2.8530E-07  2.5366E-05 -2.5855E+05  3.3643E+04 -4.6277E+06  0.0000E+00 -2.0000E-03   1   5
 -3.1130E-07 -1.7285E-06 -5.2067E-05  2.5352E+05  1.2370E+05  3.3438E+05  0.0000E+00 -2.0000E-03   1   5
  1.1494E-06 -1.1452E-06  6.3472E-05 -2.7131E+05 -1.4071E+05  4.2102E+06  0.0000E+00 -2.0000E-03   1   5
  2.1181E-06 -1.1817E-06 -5.7096E-05 -1.9041E+05 -2.4602E+04  1.2673E+06  0.0000E+00 -2.0000E-03   1   5
 -4.7326E-07 -2.9640E-06  2.2840E-05 -6.6299E+04 -1.1003E+05 -3.4539E+06  0.0000E+00 -2.0000E-03   1   5
  6.6943E-07  4.7721E-07 -9.8963E-05  6.0911E+05  1.7757E+03 -2.4750E+06  0.0000E+00 -2.0000E-03   1   5
 -1.8404E-06 -4.2859E-07 -1.5594E-04 -3.7180E+05  3.8470E+05  1.4326E+06  0.0000E+00 -2.0000E-03   1   5
 -1.3778E-06  1.0913E-07 -6.1894E-05  2.4342E+04  3.7217E+04 -3.2113E+06  0.0000E+00 -2.0000E-03   1   5
  3.9998E-07 -1.4593E-06 -1.6894E-04 -1.4976E+05  1.0854E+05 -1.8261E+06  0.0000E+00 -2.0000E-03   1   5
  4.1626E-07  5.8517E-06 -2.1030E-04  7.2293E+04  2.9554E+05 -5.7280E+05  0.0000E+00 -2.0000E-03   1   5
  2.1360E-06 -6.1967E-07  2.0393E-05  3.3525E+05  4.3373E+04 -2.2550E+06  0.0000E+00 -2.0000E-03   1   5
 -4.8205E-07 -2.9226E-06 -1.6234E-04 -7.2445E+04 -5.5857E+05  1.2758E+06  0.0000E+00 -2.0000E-03   1   5
 -3.3198E-07  1.2135E-07  1.0315E-04  7.5790E+05 -2.0703E+04  2.5335E+06  0.0000E+00 -2.0000E-03   1   5
 -4.0934E-07  1.3000E-06  5.5129E-05 -3.2806E+05 -9.0138E+03  2.7161E+06  0.0000E+00 -2.0000E-03   1   5
 -2.0659E-06 -2.6314E-06  1.3369E-05  1.0452E+05 -2.2776E+05 -6.7533E+05  0.0000E+00 -2.0000E-03   1   5
 -3.2307E-06  1.2962E-06  1.0619E-04  2.9734E+04 -6.9111E+05  2.3700E+06  0.0000E+00 -2.0000E-03   1   5
  1.1465E-06 -3.9165E-06  1.2060E-04 -1.1324E+05 -3.8770E+05 -2.4130E+05  0.0000E+00 -2.0000E-03   1   5
  1.6465E-06  1.5401E-06 -7.1652E-05 -5.3505E+05 -3.3279E+05  3.4036E+05  0.0000E+00 -2.0000E-03   1   5
  1.7435E-06  6.0250E-07 -9.5820E-05 -5.8141E+02  7.0789E+04  9.4381E+05  0.0000E+00 -2.0000E-03   1   5
  2.4023E-06  5.7361E-08  9.6171E-06 -2.6942E+05  8.3036E+05 -8.0028E+06  0.0000E+00 -2.0000E-03   1   5
  7.1068E-07 -2.1189E-06 -9.5763E-05  1.3625E+05 -3.8489E+05  4.0555E+05  0.0000E+00 -2.0000E-03   1   5
  9.6839E-08  1.0475E-06  1.8982E-04 -4.6562E+05  2.3516E+03  1.3841E+06  0.0000E+00 -2.0000E-03   1   5
 -1.5364E-06 -2.6943E-06 -2.6403E-05  2.8252E+05 -2.7572E+05  1.5350E+06  0.0000E+00 -2.0000E-03   1   5
  1.3979E-06  2.5436E-06 -3.4010E-05  7.4819E+04  6.3206E+05 -3.8959E+06  0.0000E+00 -2.0000E-03   1   5
  6.0959E-07  9.9645E-07 -1.8743E-05 -1.2279E+05 -2.9360E+05  2.5334E+06  0.0000E+00 -2.0000E-03   1   5
  5.9911E-07 -8.8305E-07  8.3997E-05  5.9994E+05  3.0762E+05 -7.3686E+06  0.0000E+00 -2.0000E-03   1   5
 -9.0074E-07  4.3523E-07 -2.3958E-05 -1.8593E+05  2.5694E+05 -1.4937E+06  0.0000E+00 -2.0000E-03   1   5
 -7.2954E-07  8.2886E-07  9.5436E-06 -4.9937E+05  2.9825E+05  5.7021E+06  0.0000E+00 -2.0000E-03   1   5
 -3.3491E-06  1.0836E-06 -1.2483E-04  7.7517E+04 -1.7703E+05 -4.7772E+06  0.0000E+00 -2.0000E-03   1   5
 -1.6074E-06  3.9593E-07  6.6960E-05  4.4149E+05 -2.2619E+05  9.3082E+05  0.0000E+00 -2.0000E-03   1   5
 -3.0002E-06 -1.8336E-06  2.1131E-05 -2.6685E+05  4.1279E+04 -2.7154E+06  0.0000E+00 -2.0000E-03   1   5
 -2.7522E-07 -4.1051E-08 -6.1606E-05  5.3851E+05  1.0801E+05 -1.9897E+06  0.0000E+00 -2.0000E-03   1   5
 -1.5994E-06 -2.9429E-06  1.7667E-04  1.7512E+05  5.0479E+05 -1.3665E+06  0.0000E+00 -2.0000E-03   1   5
 -1.9624E-06 -1.7425E-06 -4.0058E-06  4.6559E+05 -1.2218E+05  3.7460E+06  0.0000E+00 -2.0000E-03   1   5
 -3.4064E-07 -8.1867E-07 -3.5818E-05 -5.9894E+04  4.3789E+04 -2.0271E+06  0.0000E+00 -2.0000E-03   1   5
  2.3819E-06 -3.7848E-07 -1.1855E-04 -5.8476E+05  7.4023E+04  1.1901E+06  0.0000E+00 -2.0000E-03   1   5
  2.8096E-06 -7.5192E-07 -1.3837E-04 -1.1231E+05  2.5151E+05 -1.2738E+06  0.0000E+00 -2.0000E-03   1   5
  4.2590E-06  1.7072E-07 -1.1061E-04  2.3534E+05 -3.0642E+05  3.7591E+06  0.0000E+00 -2.0000E-03   1   5
  6.8399E-07  4.2839E-07  3.0294E-05  4.6315E+05  2.1190E+05  1.7461E+06  0.0000E+00 -2.0000E-03   1   5
  5.4731E-07  6.6899E-07  2.8687E-05 -3.8181E+05 -3.1569E+05  2.6068E+06  0.0000E+00 -2.0000E-03   1   5
 -5.9070E-07  4.7388E-06 -1.0634E-05  8.8373E+04 -2.1923E+05  1.1681E+06  0.0000E+00 -2.0000E-03   1   5
  5.5104E-07 -1.7868E-07  1.3235E-04 -1.7757E+05 -1.3639E+05 -2.0151E+06  0.0000E+00 -2.0000E-03   1   5
  3.5866E-06 -9.9791E-07  1.4453E-05  3.4901E+04 -8.4834E+04 -5.4493E+06  0.0000E+00 -2.0000E-03   1   5
  1.1798E-06 -3.5853E-08  4.4720E-05 -6.5989E+05  6.3478E+03  1.4447E+06  0.0000E+00 -2.0000E-03   1   5
 -5.2200E-06  1.5108E-06 -6.5298E-05 -2.4420E+04  3.7479E+05 -2.4336E+06  0.0000E+00 -2.0000E-03   1   5
 -1.3807E-07 -9.3790E-07  4.0249E-06 -3.4648E+04  6.4824E+05 -2.9991E+06  0.0000E+00 -2.0000E-03   1   5
  3.4282E-08  2.4849E-06  5.5503E-05 -4.6814E+05 -1.4463E+04  4.2070E+06  0.0000E+00 -2.0000E-03   1   5
  9.0882E-07 -9.8411E-07 -7.3261E-05 -2.5260E+05 -5.9134E+04 -3.3298E+05  0.0000E+00 -2.0000E-03   1   5
  1.3734E-06 -2.5552E-06 -8.0926E-06 -2.8668E+05 -3.0887E+05 -9.6179E+05  0.0000E+00 -2.0000E-03   1   5
  1.3745E-06 -6.9857E-07 -1.9219E-04  1.7137E+05 -2.1559E+05 -3.8323E+06  0.0000E+00 -2.0000E-03   1   5
 -1.9307E-06 -4.1561E-06  7.1521E-05  7.3437E+04 -1.1666E+05 -1.2711E+06  0.0000E+00 -2.0000E-03   1   5
 -1.6641E-06 -6.6541E-07  3.7128E-05 -1.2822E+05 -1.9752E+05  3.6021E+06  0.0000E+00 -2.0000E-03   1   5
 -3.6998E-06 -1.9840E-07 -4.6833E-05  1.7462E+05  2.0374E+05  3.4824E+06  0.0000E+00 -2.0000E-03   1   5
 -2.0498E-06  9.5291E-07 -8.1892E-05 -1.7088E+05  3.3390E+05 -1.2247E+06  0.0000E+00 -2.0000E-03   1   5
 -1.5392E-06  1.0313E-06  1.2312E-04  2.6351E+05 -3.8300E+05  4.9588E+06  0.0000E+00 -2.0000E-03   1   5
 -1.0022E-06  2.3118E-06  1.1559E-04  2.9016E+05  2.0858E+05  1.2422E+06  0.0000E+00 -2.0000E-03   1   5
 -1.5422E-07 -8.1666E-07  3.0887E-05 -4.3068E+05 -2.0218E+05 -2.1626E+06  0.0000E+00 -2.0000E-03   1   5
  1.8284E-06  2.6325E-06 -1.0749E-04 -6.9226E+04  3.6112E+05  1.0298E+06  0.0000E+00 -2.0000E-03   1   5
  1.2130E-06  1.4422E-06 -7.9511E-05  2.1193E+05  2.7313E+04  3.1391E+06  0.0000E+00 -2.0000E-03   1   5
  3.1076E-07  1.9059E-06  1.5133E-04  4.5773E+05  2.7608E+04  1.3293E+06  0.0000E+00 -2.0000E-03   1   5
  3.3518E-06  6.8168E-07  1.1441E-04 -1.0350E+05 -1.0699E+05 -2.7020E+06  0.0000E+00 -2.0000E-03   1   5
 -3.7353E-06  1.0675E-07  6.1903E-05  3.3560E+04 -4.1736E+05  2.5009E+06  0.0000E+00 -2.0000E-03   1   5
  5.4550E-07 -3.2493E-07 -7.6702E-05  3.7481E+05 -1.5038E+05  5.5362E+06  0.0000E+00 -2.0000E-03   1   5
  5.6846E-08  7.5343E-07 -5.6273E-05 -4.5185E+05  5.7017E+05 -5.3152E+06  0.0000E+00 -2.0000E-03   1   5
 -1.2839E-06 -6.5081E-07  3.0763E-04 -2.3181E+05 -7.2282E+05 -3.0676E+06  0.0000E+00 -2.0000E-03   1   5
 -4.9772E-06  6.2192E-07 -1.4775E-04 -7.5862E+05  4.7040E+05  1.4339E+06  0.0000E+00 -2.0000E-03   1   5
  3.2425E-08 -9.9906E-07  6.8923E-05  1.6399E+05  4.0203E+05  6.8010E+06  0.0000E+00 -2.0000E-03   1   5
  2.2453E-06  3.7170E-06  1.5525E-04 -1.9974E+05 -3.6673E+05  3.0198E+06  0.0000E+00 -2.0000E-03   1   5
 -2.8076E-06  9.2727E-07  9.3643E-05  1.5771E+05 -1.9009E+05  3.9982E+05  0.0000E+00 -2.0000E-03   1   5
  9.3546E-07  2.0098E-07  1.1340E-04 -1.9749E+05 -1.5408E+05  2.7609E+06  0.0000E+00 -2.0000E-03   1   5
 -5.3861E-07 -1.9219E-06 -5.2513E-05 -2.6246E+05  1.6741E+05  6.1152E+06  0.0000E+00 -2.0000E-03   1   5
  2.0340E-07 -2.5822E-06 -2.3176E-05  2.6130E+05 -2.3769E+05 -4.8406E+05  0.0000E+00 -2.0000E-03   1   5
 -1.1013E-06  8.2331E-08  1.4306E-04  2.7976E+05  4.7895E+05 -2.1159E+06  0.0000E+00 -2.0000E-03   1   5
  2.1156E-06 -1.2241E-06  2.6556E-05 -3.7080E+04 -3.4604E+05  4.3593E+06  0.0000E+00 -2.0000E-03   1   5
  4.1503E-06  2.9299E-06 -4.3174E-05  1.3308E+04  1.9333E+05  1.9271E+06  0.0000E+00 -2.0000E-03   1   5
  7.6435E-07  3.3346E-06 -3.5834E-05  2.1051E+05  4.5705E+05 -1.4559E+06  0.0000E+00 -2.0000E-03   1   5
 -2.1242E-06  1.6500E-06 -1.6051E-04  3.9037E+05 -5.3628E+05 -3.0470E+06  0.0000E+00 -2.0000E-03   1   5
 -1.4742E-06 -2.1513E-06 -4.5079E-05  4.0337E+05  7.5585E+04 -2.1195E+05  0.0000E+00 -2.0000E-03   1   5
  2.1182E-06 -5.2851E-07  2.2691E-04  1.3258E+05  1.8125E+05  2.5740E+06  0.0000E+00 -2.0000E-03   1   5
  4.8293E-08  4.8438E-08 -1.5414E-06 -1.9248E+04  5.0156E+04  4.4440E+05  0.0000E+00 -2.0000E-03   1   5
  1.0434E-06 -2.5979E-06  9.2522E-05 -5.2832E+03  1.5548E+05  1.9267E+05  0.0000E+00 -2.0000E-03   1   5
 -2.3807E-06 -2.1089E-06  3.1327E-05 -3.5765E+04 -2.5262E+05  1.6515E+05  0.0000E+00 -2.0000E-03   1   5
  1.8301E-06 -2.8791E-06 -8.5244E-07 -2.7903E+05  1.0639E+05 -5.5302E+06  0.0000E+00 -2.0000E-03   1   5
  1.5114E-06 -2.0607E-06 -5.2502E-05  4.0173E+05  2.9924E+05 -1.8416E+06  0.0000E+00 -2.0000E-03   1   5
 -2.9286E-06  2.0609E-06  3.4890E-07 -8.5848E+04 -5.1589E+05  2.5907E+05  0.0000E+00 -2.0000E-03   1   5
 -5.9160E-07 -1.5265E-06 -9.0153E-05  4.2497E+04 -3.6313E+05 -3.8465E+06  0.0000E+00 -2.0000E-03   1   5
 -1.6884E-06 -1.9068E-06 -5.0679E-05 -1.7770E+05  2.7287E+05  3.0162E+06  0.0000E+00 -2.0000E-03   1   5
  1.2315E-06  6.0690E-07 -4.4555E-05  6.8829E+04  2.1291E+05 -3.4123E+06  0.0000E+00 -2.0000E-03   1   5
 -1.5168E-06  2.0404E-06 -1.6119E-04 -2.0015E+05  3.5859E+05 -1.1080E+06  0.0000E+00 -2.0000E-03   1   5
 -1.2579E-06  1.0360E-06  1.0353E-04 -3.7801E+05 -7.5016E+05 -2.9680E+06  0.0000E+00 -2.0000E-03   1   5
 -2.8028E-06  1.5272E-06 -1.4162E-05 -2.3669E+05 -3.5960E+05  1.9429E+06  0.0000E+00 -2.0000E-03   1   5
  2.3627E-06  6.4791E-07  4.4682E-05 -4.6937E+04  5.1730E+05 -1.7012E+06  0.0000E+00 -2.0000E-03   1   5
  2.2689E-06  2.8093E-06  9.8970E-05 -2.1548E+05  1.4302E+05  4.7852E+05  0.0000E+00 -2.0000E-03   1   5
  2.0875E-06  4.9256E-06  3.7465E-05  2.9308E+05 -1.9657E+05  5.4562E+06  0.0000E+00 -2.0000E-03   1   5
 -5.6641E-07  8.8331E-07  3.3324E-05  5.0905E+05 -4.9928E+05 -2.7262E+06  0.0000E+00 -2.0000E-03   1   5
 -8.5835E-07 -1.8912E-08 -1.1786E-04 -1.4356E+05  2.9727E+05  3.9606E+06  0.0000E+00 -2.0000E-03   1   5
 -7.3242E-07 -3.7129E-06 -2.4993E-05  2.0965E+03 -6.6012E+04  1.3626E+05  0.0000E+00 -2.0000E-03   1   5
 -3.8289E-06  2.3316E-06  2.9258E-05 -2.1995E+05  8.1199E+04  4.0964E+06  0.0000E+00 -2.0000E-03   1   5
 -2.9864E-06  1.1057E-06  3.2929E-05  2.0156E+04  1.4955E+05 -3.7519E+05  0.0000E+00 -2.0000E-03   1   5
 -5.9414E-07  2.6442E-06 -8.8119E-05  6.8267E+04  1.8158E+04 -6.4944E+06  0.0000E+00 -2.0000E-03   1   5
 -1.3517E-06  2.3755E-06  1.1875E-04 -1.9197E+05 -2.7557E+05 -1.2911E+06  0.0000E+00 -2.0000E-03   1   5
  1.8423E-06  1.0488E-06 -1.0770E-04  4.0468E+05 -3.4659E+04 -2.2828E+06  0.0000E+00 -2.0000E-03   1   5
  1.7247E-07  3.0142E-07  8.6417E-05 -2.1672E+05  3.9470E+05 -1.7074E+06  0.0000E+00 -2.0000E-03   1   5
 -7.6148E-07 -8.9347E-07  9.1607E-05  5.6083E+05  1.2701E+05 -2.5699E+06  0.0000E+00 -2.0000E-03   1   5
 -1.5460E-06  5.6456E-07  1.6869E-05  2.9686E+05  4.6963E+05  2.2681E+06  0.0000E+00 -2.0000E-03   1   5
 -5.4418E-06 -6.8122E-07 -7.6119E-05  2.0352E+05  1.1261E+06 -5.4945E+06  0.0000E+00 -2.0000E-03   1   5
 -1.4554E-06  1.7807E-06 -4.0174E-05  1.5603E+05  5.2895E+05 -5.4169E+06  0.0000E+00 -2.0000E-03   1   5
 -2.3807E-06  2.0340E-07  6.5735E-05  3.5687E+05  1.2463E+05  4.7032E+06  0.0000E+00 -2.0000E-03   1   5
  3.8917E-06 -1.8192E-07  4.2682E-06 -4.7199E+05  2.7309E+04 -4.3641E+06  0.0000E+00 -2.0000E-03   1   5
  1.2270E-06 -2.1318E-06 -5.7723E-05 -3.1394E+04 -1.1611E+05 -3.0078E+06  0.0000E+00 -2.0000E-03   1   5
  5.1151E-07  1.2015E-06 -1.0304E-04 -5.1973E+05  3.1984E+05 -2.0337E+06  0.0000E+00 -2.0000E-03   1   5
  1.2571E-06  2.9648E-06 -1.8473E-04  5.2996E+05 -1.6332E+05 -1.5804E+06  0.0000E+00 -2.0000E-03   1   5
  3.1293E-06 -1.3722E-07 -1.7231E-04 -3.6490E+04  1.5614E+05  3.6909E+05  0.0000E+00 -2.0000E-03   1   5
  7.3462E-07  1.6346E-06 -5.9110E-05  2.0556E+05 -1.7000E+04 -1.0836E+06  0.0000E+00 -2.0000E-03   1   5
 -2.2574E-06  3.0667E-06  1.1006E-04 -3.5151E+04 -4.9728E+04  3.4615E+06  0.0000E+00 -2.0000E-03   1   5
 -4.4351E-07 -8.7229E-07  1.0979E-04  2.6527E+05 -3.4429E+05  1.1598E+06  0.0000E+00 -2.0000E-03   1   5
  1.7803E-06 -4.4607E-06 -2.8901E-06 -1.8577E+05  2.7151E+05 -3.1196E+06  0.0000E+00 -2.0000E-03   1   5
  4.1480E-07 -2.7315E-06  6.5040E-05 -1.7587E+05 -1.3705E+05  1.8872E+06  0.0000E+00 -2.0000E-03   1   5
  2.2460E-06  3.3064E-06 -9.8553E-06  5.6775E+05  4.9716E+05 -1.0555E+06  0.0000E+00 -2.0000E-03   1   5
 -8.1678E-07  6.4008E-07 -1.5110E-04  1.0047E+04  5.1246E+05 -4.1768E+05  0.0000E+00 -2.0000E-03   1   5
 -2.2236E-06 -1.3359E-06  2.6104E-04  5.4743E+04  1.4099E+05 -4.7388E+05  0.0000E+00 -2.0000E-03   1   5
 -2.2336E-06  3.7786E-07  1.9561E-05 -1.0282E+05 -3.1149E+05  3.7664E+05  0.0000E+00 -2.0000E-03   1   5
 -3.2747E-06 -2.0782E-06  8.0316E-05  3.5282E+04 -1.5201E+05  5.8793E+06  0.0000E+00 -2.0000E-03   1   5
 -6.8194E-07 -5.4283E-07  5.6219E-05  2.0277E+05 -4.1103E+05 -5.0539E+06  0.0000E+00 -2.0000E-03   1   5
 -2.1696E-06 -2.1477E-06 -1.4499E-04 -2.3601E+05 -5.3818E+04  3.8586E+06  0.0000E+00 -2.0000E-03   1   5
  6.0645E-07  7.5850E-07 -1.9606E-04  3.4238E+05  6.0936E+01  9.8952E+05  0.0000E+00 -2.0000E-03   1   5
 -3.0914E-06 -8.4340E-07  1.1737E-04 -1.2348E+05 -3.3716E+05 -1.0081E+06  0.0000E+00 -2.0000E-03   1   5
 -3.1450E-07  4.8589E-06  1.9474E-04 -5.6594E+05 -1.5474E+04  9.0388E+06  0.0000E+00 -2.0000E-03   1   5
 -1.2705E-06 -5.6127E-07  1.4235E-04 -7.6042E+04 -2.7344E+05 -1.0408E+06  0.0000E+00 -2.0000E-03   1   5
  3.1035E-07  5.4729E-07 -9.1198E-05 -1.8383E+05 -3.7666E+05  8.9724E+06  0.0000E+00 -2.0000E-03   1   5
 -3.0829E-06 -2.9314E-07  1.1500E-04 -2.8209E+05  2.0563E+04 -3.3591E+06  0.0000E+00 -2.0000E-03   1   5
  2.4031E-06  2.5702E-06  7.2214E-05  2.2677E+05  4.3587E+04  1.0831E+06  0.0000E+00 -2.0000E-03   1   5
 -2.0354E-06 -9.0236E-09  1.8566E-04 -5.6010E+05  2.5485E+05  1.5336E+06  0.0000E+00 -2.0000E-03   1   5
  3.4585E-06  1.1735E-06  1.4305E-04 -1.5050E+05 -2.4793E+04  1.7498E+06  0.0000E+00 -2.0000E-03   1   5
  6.5059E-06  1.5158E-06  9.8923E-05 -1.8045E+05  3.8657E+05  6.9924E+04  0.0000E+00 -2.0000E-03   1   5
 -6.6961E-07 -1.6962E-06 -1.0138E-04 -6.3480E+05  9.1612E+04  3.8120E+06  0.0000E+00 -2.0000E-03   1   5
  8.5731E-07  1.0627E-06  8.8905E-05  2.6071E+05  1.3828E+05  5.4688E+06  0.0000E+00 -2.0000E-03   1   5
  3.0663E-07  2.3818E-06 -1.1677E-04 -1.4705E+05  2.7670E+05  4.7079E+06  0.0000E+00 -2.0000E-03   1   5
 -9.2823E-07 -3.8148E-06  1.7234E-05 -4.6871E+05 -2.0069E+05  2.5657E+06  0.0000E+00 -2.0000E-03   1   5
  2.5059E-06 -1.6352E-06  6.3068E-05  2.8721E+05  3.2867E+05  6.5455E+05  0.0000E+00 -2.0000E-03   1   5
  1.0750E-06  2.7440E-06 -2.1627E-04 -7.1048E+05  8.7866E+04 -2.9095E+06  0.0000E+00 -2.0000E-03   1   5
 -3.7185E-07 -2.0958E-06 -1.0999E-04 -1.5373E+04  4.0342E+03  4.5424E+06  0.0000E+00 -2.0000E-03   1   5
  2.3521E-06 -5.7343E-08  2.8247E-05  4.2396E+05  6.3394E+04 -2.9066E+06  0.0000E+00 -2.0000E-03   1   5
  4.4792E-06  7.6305E-07 -1.5157E-04 -1.0526E+05 -3.5055E+05  2.6224E+06  0.0000E+00 -2.0000E-03   1   5
  3.7906E-06 -2.6859E-06  9.7363E-05  2.6305E+05  3.3050E+04 -4.1326E+06  0.0000E+00 -2.0000E-03   1   5
  1.0391E-06  3.9777E-06 -8.4850E-05 -1.3899E+05  5.3464E+05 -2.7203E+06  0.0000E+00 -2.0000E-03   1   5
  1.2904E-06 -1.4657E-06  1.1455E-04 -3.3971E+05 -2.2588E+05  4.8026E+05  0.0000E+00 -2.0000E-03   1   5
  2.4719E-06  2.7212E-07  5.4089E-05  4.1554E+05 -2.1148E+05 -3.3207E+06  0.0000E+00 -2.0000E-03   1   5
  9.8380E-07  2.8639E-06 -2.7359E-04  3.8504E+05 -2.3602E+05  9.0181E+05  0.0000E+00 -2.0000E-03   1   5
  1.2363E-06 -1.7574E-06 -4.3662E-05  7.0722E+04 -4.8765E+05  5.0096E+06  0.0000E+00 -2.0000E-03   1   5
  1.5070E-06  1.7986E-06  1.5061E-04  2.1122E+05 -2.0235E+05  8.6712E+05  0.0000E+00 -2.0000E-03   1   5
  1.9694E-06  1.1734E-06 -6.2319E-06 -1.4794E+05  3.4240E+05 -6.1399E+06  0.0000E+00 -2.0000E-03   1   5
 -1.7436E-06  1.4829E-07  1.1679E-04 -1.9497E+05 -2.8034E+05  1.0357E+06  0.0000E+00 -2.0000E-03   1   5
  6.2065E-07 -1.9693E-06  1.0594E-04  6.5125E+05  1.6764E+05 -9.7790E+05  0.0000E+00 -2.0000E-03   1   5
 -1.8911E-06  2.7118E-06  9.2926E-05 -3.5532E+04 -1.6448E+05 -3.1177E+06  0.0000E+00 -2.0000E-03   1   5
  6.7589E-06 -2.9583E-06 -2.3001E-04  3.0934E+05  3.7910E+05  5.1320E+05  0.0000E+00 -2.0000E-03   1   5
  9.1034E-07  1.2730E-06  8.8776E-05  6.7949E+05  1.9587E+05  4.7270E+05  0.0000E+00 -2.0000E-03   1   5
  1.1588E-06 -5.4502E-07  4.0359E-05  5.7522E+04 -5.8012E+03  5.5515E+05  0.0000E+00 -2.0000E-03   1   5
 -3.5393E-07 -1.6214E-06 -1.1942E-04 -3.0240E+04 -2.5344E+05  3.2852E+05  0.0000E+00 -2.0000E-03   1   5
 -8.1014E-08 -1.4677E-06  5.1218E-05 -2.5609E+05 -2.3319E+05 -2.5937E+06  0.0000E+00 -2.0000E-03   1   5
  2.3315E-06  1.2792E-06  7.4139E-05  7.9003E+04  6.4112E+04 -1.2252E+06  0.0000E+00 -2.0000E-03   1   5
 -3.1857E-07 -1.5731E-06 -5.8133E-05  6.5140E+05  2.3456E+05  1.4960E+06  0.0000E+00 -2.0000E-03   1   5
  8.1724E-07  1.0828E-06  4.0453E-05 -6.9738E+03  2.7609E+05  9.4026E+05  0.0000E+00 -2.0000E-03   1   5
 -4.0188E-06  5.1291E-07 -3.4008E-06  1.5463E+05 -1.3009E+05  4.4751E+05  0.0000E+00 -2.0000E-03   1   5
  2.1833E-06  1.1859E-06  5.9365E-05 -4.1963E+04  4.2751E+04  3.9339E+06  0.0000E+00 -2.0000E-03   1   5
 -3.6167E-07 -2.1196E-06  1.4004E-06 -1.5346E+05  4.9129E+05 -2.4687E+06  0.0000E+00 -2.0000E-03   1   5
  2.7484E-06 -4.4655E-06 -2.1240E-05 -4.6933E+04  2.5663E+04  4.0716E+06  0.0000E+00 -2.0000E-03   1   5
  6.8816E-07 -1.8553E-07 -4.5727E-05 -2.2862E+05 -2.0107E+05  1.4215E+06  0.0000E+00 -2.0000E-03   1   5
 -2.4637E-06 -1.3040E-06 -1.8518E-04  2.7690E+04  4.6223E+05 -2.9037E+06  0.0000E+00 -2.0000E-03   1   5
  2.2280E-07  2.2903E-06 -1.2264E-04 -2.7250E+04  6.3548E+04 -2.1651E+06  0.0000E+00 -2.0000E-03   1   5
  2.4810E-06 -6.1664E-07  1.7433E-04  3.5020E+05 -1.8572E+05 -4.3749E+05  0.0000E+00 -2.0000E-03   1   5
 -2.8610E-06 -3.7671E-07 -4.8413E-05 -3.7860E+05  1.5658E+05 -2.3206E+06  0.0000E+00 -2.0000E-03   1   5
 -2.2381E-06 -5.7173E-08 -2.0245E-04 -2.7805E+05  2.9277E+05  1.6134E+06  0.0000E+00 -2.0000E-03   1   5
 -8.7149E-07 -1.8280E-06 -6.1235E-05 -5.3420E+05 -1.6372E+05 -1.3691E+06  0.0000E+00 -2.0000E-03   1   5
  2.0208E-06  4.5091E-07 -3.1616E-04  9.0571E+04 -1.1891E+05 -5.0824E+06  0.0000E+00 -2.0000E-03   1   5
 -3.4266E-06  3.8301E-07  3.5574E-06  2.8952E+05  9.4619E+04  6.0132E+05  0.0000E+00 -2.0000E-03   1   5
 -1.3631E-06  3.4854E-06 -1.7186E-04  2.1171E+05  2.1737E+05  4.5022E+06  0.0000E+00 -2.0000E-03   1   5
 -4.0245E-06 -1.9592E-06  2.1731E-05 -4.9374E+05 -2.9933E+05  9.4096E+05  0.0000E+00 -2.0000E-03   1   5
  5.7744E-07  1.2183E-06 -8.0432E-06  2.5417E+05 -2.9898E+05 -9.1243E+05  0.0000E+00 -2.0000E-03   1   5
 -2.2066E-06 -2.6167E-06 -2.8748E-05 -2.6292E+05 -4.0136E+05 -9.2745E+05  0.0000E+00 -2.0000E-03   1   5
  1.7083E-06  6.1224E-07 -3.0000E-05  3.9301E+05 -1.6935E+05 -6.7314E+05  0.0000E+00 -2.0000E-03   1   5
 -5.4664E-07 -1.5753E-06 -7.4714E-05 -1.9113E+05  8.0312E+04  9.9839E+05  0.0000E+00 -2.0000E-03   1   5
  3.9774E-07 -3.2536E-06 -6.1284E-05 -3.5915E+05  3.9090E+05  5.8428E+06  0.0000E+00 -2.0000E-03   1   5
 -2.8250E-06 -2.4343E-06 -1.3510E-04 -1.7650E+05  1.8637E+05 -4.8839E+06  0.0000E+00 -2.0000E-03   1   5
 -2.7203E-07 -9.3697E-07 -9.4872E-05 -4.1575E+05  5.3779E+05  1.7194E+05  0.0000E+00 -2.0000E-03   1   5
  7.4058E-08  1.0905E-06 -5.8917E-05  4.2607E+05 -5.5809E+05  2.4837E+06  0.0000E+00 -2.0000E-03   1   5
 -3.2869E-07 -6.2246E-07  6.2581E-05  1.0526E+05  3.1536E+05 -5.4693E+06  0.0000E+00 -2.0000E-03   1   5
  4.2780E-07 -2.0421E-06 -1.2230E-04 -1.4363E+05  6.2173E+05 -2.1768E+06  0.0000E+00 -2.0000E-03   1   5
 -1.4437E-06 -2.1512E-06  8.6716E-05  2.6857E+04  2.6934E+05  6.3207E+06  0.0000E+00 -2.0000E-03   1   5
 -1.8812E-06 -2.7684E-06 -4.0825E-06  3.7373E+05 -1.4073E+04 -1.5197E+06  0.0000E+00 -2.0000E-03   1   5
 -5.4012E-07  2.6160E-07 -1.0685E-04 -4.5447E+04  3.6113E+05 -4.0780E+05  0.0000E+00 -2.0000E-03   1   5
  1.1716E-07  5.0060E-07 -8.3889E-05 -1.8474E+05  4.7665E+05 -2.4135E+06  0.0000E+00 -2.0000E-03   1   5
  2.7144E-06 -1.5561E-06 -1.6565E-05  1.4505E+05  2.3771E+05 -5.8274E+05  0.0000E+00 -2.0000E-03   1   5
  1.9500E-06  3.6608E-07  1.3762E-04 -2.0282E+05  2.4891E+05  2.2358E+06  0.0000E+00 -2.0000E-03   1   5
  1.6790E-06  1.5557E-06 -1.5353E-05 -1.4950E+05  8.1396E+04 -2.6969E+05  0.0000E+00 -2.0000E-03   1   5
  2.4243E-06 -1.1865E-06 -4.5235E-05 -8.0075E+04 -5.8174E+05  1.4633E+06  0.0000E+00 -2.0000E-03   1   5
  2.5967E-06 -2.0118E-06  4.1896E-05 -1.7504E+05  2.9406E+05  7.5403E+05  0.0000E+00 -2.0000E-03   1   5
 -4.5751E-07 -8.1956E-08 -8.9903E-05  5.5760E+05  9.7964E+04  2.9375E+05  0.0000E+00 -2.0000E-03   1   5
  2.8406E-06  2.1830E-07  1.1448E-04  1.6134E+05  1.8836E+05 -1.2528E+06  0.0000E+00 -2.0000E-03   1   5
 -1.3909E-06 -1.4318E-06  2.2018E-05 -2.6346E+05 -1.1248E+05 -3.7515E+06  0.0000E+00 -2.0000E-03   1   5
 -1.7041E-06  4.2010E-06  3.8169E-05 -7.7622E+04  2.7456E+05  1.0485E+06  0.0000E+00 -2.0000E-03   1   5
  1.4837E-06  3.1086E-06 -1.7331E-04 -5.2266E+05 -1.3466E+05  4.0270E+06  0.0000E+00 -2.0000E-03   1   5
  9.4836E-07 -1.4511E-06  3.1085E-05 -3.4337E+05  4.4941E+03  6.3539E+06  0.0000E+00 -2.0000E-03   1   5
 -2.4605E-07  2.6500E-06 -1.5661E-04 -2.9675E+05  1.0744E+04  1.7758E+05  0.0000E+00 -2.0000E-03   1   5
  9.9816E-08 -2.0771E-06  4.6636E-05  2.9420E+03 -4.5314E+05 -4.2533E+06  0.0000E+00 -2.0000E-03   1   5
  1.2326E-06 -7.6354E-07 -3.2974E-05 -5.8056E+04 -3.9710E+05  6.4776E+06  0.0000E+00 -2.0000E-03   1   5
 -1.4842E-07 -1.4495E-06 -1.2156E-05 -4.6897E+05 -3.6687E+05 -9.0875E+05  0.0000E+00 -2.0000E-03   1   5
 -1.1013E-06 -2.0788E-06 -9.0537E-08  5.6485E+04  6.5594E+04 -5.5960E+06  0.0000E+00 -2.0000E-03   1   5
 -6.3148E-08  1.5721E-06 -5.6612E-05  4.6880E+05 -1.8257E+05  2.4106E+06  0.0000E+00 -2.0000E-03   1   5
  2.5963E-06  1.6336E-06 -7.1336E-05 -1.8775E+05 -1.7518E+05 -1.9739E+06  0.0000E+00 -2.0000E-03   1   5
  5.1004E-07  1.4457E-06 -1.7281E-04 -4.7076E+04  1.7536E+05  2.9133E+06  0.0000E+00 -2.0000E-03   1   5
 -2.1010E-06 -1.9858E-06 -7.8268E-05 -2.7200E+04  8.6481E+04  1.6663E+06  0.0000E+00 -2.0000E-03   1   5
  5.4514E-07 -3.9577E-07  1.1627E-04  6.3535E+04 -1.9578E+05 -1.9546E+06  0.0000E+00 -2.0000E-03   1   5
  1.8645E-06  1.9452E-06 -1.0752E-04 -4.1147E+03 -2.0076E+05 -1.5699E+06  0.0000E+00 -2.0000E-03   1   5
 -1.6316E-06 -9.9446E-07  1.1113E-04  9.7975E+04 -2.9178E+05 -3.9033E+06  0.0000E+00 -2.0000E-03   1   5
  3.1990E-06 -4.2351E-06 -4.9615E-05  2.5770E+05 -6.2882E+05 -3.9870E+06  0.0000E+00 -2.0000E-03   1   5
  8.9671E-08  5.2291E-06  1.1702E-04  3.2181E+04 -2.2475E+05 -2.9900E+06  0.0000E+00 -2.0000E-03   1   5
  2.0746E-06 -1.4133E-06  1.5773E-04  1.3401E+05 -2.5431E+05 -6.8023E+06  0.0000E+00 -2.0000E-03   1   5
  9.3518E-07  1.6777E-07  3.8355E-05 -1.8976E+05 -4.0018E+05 -3.9669E+06  0.0000E+00 -2.0000E-03   1   5
 -7.2550E-07 -8.4290E-07 -6.0541E-05 -4.0233E+04 -6.3459E+05 -8.5961E+06  0.0000E+00 -2.0000E-03   1   5
  3.3360E-06 -1.3651E-06 -1.0214E-04  2.1055E+05 -1.3103E+05  1.5497E+06  0.0000E+00 -2.0000E-03   1   5
  2.1207E-06 -1.2158E-06  1.4655E-06 -4.2640E+04  4.1865E+05  2.2310E+06  0.0000E+00 -2.0000E-03   1   5
  3.1950E-06 -1.4233E-06 -1.0700E-04  5.9911E+04  1.1441E+05 -2.8812E+06  0.0000E+00 -2.0000E-03   1   5
 -1.6146E-06 -2.0237E-06 -9.1283E-05  3.2824E+04  3.1256E+05 -2.9549E+06  0.0000E+00 -2.0000E-03   1   5
  1.7148E-06  5.5227E-07  1.5910E-04 -1.0960E+05  4.9730E+05  3.9734E+06  0.0000E+00 -2.0000E-03   1   5
 -2.6218E-06  1.9307E-06 -1.6568E-04  1.4286E+05  7.3079E+05 -3.2034E+06  0.0000E+00 -2.0000E-03   1   5
  1.8145E-06 -1.2063E-06  9.1576E-05 -2.8993E+05  5.7441E+03 -2.6499E+06  0.0000E+00 -2.0000E-03   1   5
 -2.0276E-06  7.4571E-07  3.0676E-05  6.3889E+05 -6.1807E+04  1.0741E+06  0.0000E+00 -2.0000E-03   1   5
  9.3291E-08 -2.3021E-06  6.9199E-05 -3.3620E+05 -1.0679E+05  8.0568E+05  0.0000E+00 -2.0000E-03   1   5
 -1.9643E-06  3.4792E-07 -4.4401E-05 -4.0929E+05 -2.1144E+05  9.3169E+05  0.0000E+00 -2.0000E-03   1   5
 -2.6091E-06 -1.5745E-06  4.6108E-05 -1.1045E+05 -3.4999E+05  3.4187E+06  0.0000E+00 -2.0000E-03   1   5
  1.1109E-06 -4.5936E-07 -1.0998E-04  4.9468E+05  1.0566E+05 -8.2173E+06  0.0000E+00 -2.0000E-03   1   5
  2.4405E-06  1.9518E-06 -1.0283E-04 -4.3467E+05 -1.3394E+05 -8.7850E+05  0.0000E+00 -2.0000E-03   1   5
  1.8970E-06 -3.0078E-06 -4.4189E-06  6.2243E+04 -3.3383E+05 -2.7047E+06  0.0000E+00 -2.0000E-03   1   5
  2.3520E-06  1.8037E-06 -4.2547E-05  6.6969E+04 -3.9371E+04 -1.0624E+06  0.0000E+00 -2.0000E-03   1   5
  2.4296E-06 -2.8749E-06 -6.1464E-05  2.6877E+05  3.0370E+05 -4.9464E+06  0.0000E+00 -2.0000E-03   1   5
  1.9480E-06  4.7629E-07  8.6589E-05  3.0366E+05  8.0126E+04  1.1878E+06  0.0000E+00 -2.0000E-03   1   5
  2.1960E-06 -2.1639E-06 -1.2402E-04 -3.6103E+05  6.8605E+05 -1.0160E+05  0.0000E+00 -2.0000E-03   1   5
 -1.4456E-06 -1.4601E-06  1.8143E-04  3.4271E+05  4.5776E+05  1.2157E+06  0.0000E+00 -2.0000E-03   1   5
  5.5662E-07  7.2874E-07 -1.4218E-04 -1.9402E+05  1.3982E+05  3.7460E+06  0.0000E+00 -2.0000E-03   1   5
 -1.1279E-07  7.5514E-07 -1.1163E-04  6.9100E+04 -8.5651E+05  1.9097E+06  0.0000E+00 -2.0000E-03   1   5
  7.2870E-07 -2.6126E-06  9.8931E-05  4.3120E+03  1.6821E+05  2.2583E+06  0.0000E+00 -2.0000E-03   1   5
 -6.3049E-07  9.3113E-07  1.8577E-04  6.8230E+05 -3.1107E+05  3.3749E+05  0.0000E+00 -2.0000E-03   1   5
  7.7583E-07  2.6138E-06 -1.3001E-04  1.0231E+04  1.8734E+05  1.5624E+06  0.0000E+00 -2.0000E-03   1   5
  1.9596E-06 -2.5614E-06  9.3973E-06  2.2160E+05  4.7987E+05  1.2374E+06  0.0000E+00 -2.0000E-03   1   5
 -1.8185E-06  4.3144E-06 -4.3466E-05 -2.5235E+05 -3.6767E+04 -3.3292E+06  0.0000E+00 -2.0000E-03   1   5
 -1.0434E-06  9.2931E-07  7.7826E-05 -4.3838E+05 -2.8152E+05 -7.0668E+05  0.0000E+00 -2.0000E-03   1   5
  7.0150E-07 -2.8514E-06 -1.7225E-04  1.2995E+05 -1.7040E+05  2.1836E+06  0.0000E+00 -2.0000E-03   1   5
  2.9964E-06 -4.4327E-07  1.1005E-04  1.4732E+05  3.8021E+05 -4.9345E+06  0.0000E+00 -2.0000E-03   1   5
  6.3712E-07  3.1382E-06  2.4198E-05  4.8602E+05 -3.3469E+05 -7.0053E+06  0.0000E+00 -2.0000E-03   1   5
 -3.6577E-06 -1.1788E-06 -6.5181E-05  1.5599E+05 -3.0774E+05 -1.2283E+06  0.0000E+00 -2.0000E-03   1   5
  1.4231E-08  2.8982E-06  9.4988E-05 -6.2137E+05  2.0497E+04  2.8615E+06  0.0000E+00 -2.0000E-03   1   5
  5.6703E-07 -5.9579E-07 -1.1028E-04 -3.1427E+05 -4.5979E+05  4.6328E+06  0.0000E+00 -2.0000E-03   1   5
 -5.3296E-07 -2.1865E-07  1.6555E-05  3.4164E+05 -4.9564E+05 -1.1019E+06  0.0000E+00 -2.0000E-03   1   5
  3.8954E-08 -1.1307E-07 -6.6718E-06 -2.4615E+05  6.2748E+04  3.3099E+05  0.0000E+00 -2.0000E-03   1   5
 -8.3317E-07 -4.8225E-07 -2.6270E-05 -8.2887E+05  1.4005E+05  1.5729E+06  0.0000E+00 -2.0000E-03   1   5
 -5.9604E-07 -6.8585E-08  3.7054E-05  3.7754E+05 -1.3682E+05  1.7432E+05  0.0000E+00 -2.0000E-03   1   5
 -1.1927E-06  1.7357E-06  9.4575E-05  6.1022E+04  1.9665E+05 -3.2549E+06  0.0000E+00 -2.0000E-03   1   5
  2.4955E-06  2.7617E-06  6.4021E-05  1.7266E+05 -1.9813E+05  1.3100E+06  0.0000E+00 -2.0000E-03   1   5
 -2.7923E-07  1.0203E-06  6.1930E-05 -2.0607E+05 -5.0579E+05 -2.8556E+05  0.0000E+00 -2.0000E-03   1   5
  3.8644E-07  1.7163E-06 -6.3074E-05  6.6509E+04  7.3331E+05  1.2318E+05  0.0000E+00 -2.0000E-03   1   5
 -1.7368E-06  2.8504E-06  3.4570E-05  2.4579E+05 -4.3004E+05 -4.0309E+06  0.0000E+00 -2.0000E-03   1   5
  4.5219E-06 -2.3010E-06  7.5697E-05  3.0202E+04  1.5724E+04  2.8123E+06  0.0000E+00 -2.0000E-03   1   5
  3.7408E-06  4.6908E-06  1.8330E-04 -7.8533E+04  2.5085E+05 -5.8201E+05  0.0000E+00 -2.0000E-03   1   5
 -3.4312E-06  1.4656E-06 -1.9392E-04  2.5952E+05 -3.2038E+04  3.5955E+06  0.0000E+00 -2.0000E-03   1   5
  4.2531E-08  7.1579E-07  2.3139E-04 -4.8797E+05 -3.9562E+05  1.7902E+06  0.0000E+00 -2.0000E-03   1   5
  1.1908E-06 -1.3280E-06  1.3317E-04 -4.2133E+05 -2.7725E+04  1.7984E+06  0.0000E+00 -2.0000E-03   1   5
  2.5741E-06 -4.0879E-06 -4.1934E-05  3.0858E+05  2.4664E+05  1.7694E+06  0.0000E+00 -2.0000E-03   1   5
 -2.6481E-06 -7.3771E-07 -1.0012E-04 -2.5525E+05 -5.2378E+05 -5.7972E+06  0.0000E+00 -2.0000E-03   1   5
  6.2155E-07  1.2329E-07 -2.6310E-05 -3.9746E+05 -7.9522E+04  2.6200E+06  0.0000E+00 -2.0000E-03   1   5
