# units are Tesla, degrees, mm and s
# Local coordinate system origin: x0=219.5, y0=23.0, z0=55.5
# gaussmeter probe H068256Z   
# mag ang       probe ang       x glob  y glob  z glob  x local y local z local X Bfield                Y Bfield        Z Bfield        V Bfield        time                    range
0	0		218.5	19.0	35.5	-1.0	-4.0	-20.0	0.0017762	0.0011242	0.0010981	0.0023716	20211115	25	aaa
0	0		218.5	19.0	45.5	-1.0	-4.0	-10.0	0.006656	0.0026049	0.003261	0.007856	20211115	35	aaa
0	0		218.5	19.0	55.5	-1.0	-4.0	0.0	0.0313	0.007327	0.012986	0.03467	20211115	44	aaa
0	0		218.5	19.0	65.5	-1.0	-4.0	10.0	0.24816	0.06217	0.03322	0.25798	20211115	54	aaa
0	0		218.5	19.0	75.5	-1.0	-4.0	20.0	0.38	0.07968	0.0018387	0.3884	20211115	64	aaa
0	0		218.5	19.0	85.5	-1.0	-4.0	30.0	0.4126	0.10195	0.009594	0.4252	20211115	74	aaa
0	0		218.5	19.0	95.5	-1.0	-4.0	40.0	0.4223	0.10116	0.009012	0.4344	20211115	84	aaa
0	0		218.5	19.0	105.5	-1.0	-4.0	50.0	0.4259	0.09889	0.008019	0.4373	20211115	93	aaa
0	0		218.5	19.0	115.5	-1.0	-4.0	60.0	0.4212	0.10695	0.006099	0.4346	20211115	103	aaa
0	0		218.5	19.0	125.5	-1.0	-4.0	70.0	0.4123	0.11359	0.00474	0.4277	20211115	113	aaa
0	0		218.5	19.0	135.5	-1.0	-4.0	80.0	0.4092	0.1108	0.0003885	0.4239	20211115	123	aaa
0	0		218.5	19.0	145.5	-1.0	-4.0	90.0	0.4164	0.10575	0.005894	0.4296	20211115	133	aaa
0	0		218.5	19.0	155.5	-1.0	-4.0	100.0	0.4092	0.1203	0.006159	0.4265	20211115	143	aaa
0	0		218.5	19.0	165.5	-1.0	-4.0	110.0	0.402	0.11705	-0.003939	0.4186	20211115	152	aaa
0	0		218.5	19.0	175.5	-1.0	-4.0	120.0	0.3746	0.10899	-0.007028	0.3901	20211115	162	aaa
0	0		218.5	19.0	185.5	-1.0	-4.0	130.0	0.18343	0.04629	-0.04438	0.19432	20211115	172	aaa
0	0		218.5	19.0	195.5	-1.0	-4.0	140.0	0.02346	0.004564	-0.006019	0.02463	20211115	182	aaa
0	0		218.5	19.0	205.5	-1.0	-4.0	150.0	0.005612	0.0011838	-0.000517	0.005759	20211115	192	aaa
0	0		218.5	19.0	215.5	-1.0	-4.0	160.0	0.0017206	0.000405	0.0001486	0.0017739	20211115	201	aaa
0	0		219.5	19.0	35.5	0.0	-4.0	-20.0	0.0018637	0.0005902	0.0008389	0.0021274	20211115	300	aaa
0	0		219.5	19.0	45.5	0.0	-4.0	-10.0	0.006986	0.0009281	0.0021866	0.007379	20211115	310	aaa
0	0		219.5	19.0	55.5	0.0	-4.0	0.0	0.03352	0.0010857	0.006214	0.03411	20211115	320	aaa
0	0		219.5	19.0	65.5	0.0	-4.0	10.0	0.24218	0.005717	0.0012136	0.24225	20211115	330	aaa
0	0		219.5	19.0	75.5	0.0	-4.0	20.0	0.3801	-0.003324	-0.003214	0.3802	20211115	340	aaa
0	0		219.5	19.0	85.5	0.0	-4.0	30.0	0.4112	0.009261	0.007021	0.4114	20211115	349	aaa
0	0		219.5	19.0	95.5	0.0	-4.0	40.0	0.4204	0.006377	0.006405	0.4205	20211115	359	aaa
0	0		219.5	19.0	105.5	0.0	-4.0	50.0	0.424	0.005327	0.004617	0.424	20211115	369	aaa
0	0		219.5	19.0	115.5	0.0	-4.0	60.0	0.4197	0.014442	0.002395	0.4199	20211115	379	aaa
0	0		219.5	19.0	125.5	0.0	-4.0	70.0	0.4142	0.020843	0.0013631	0.4148	20211115	389	aaa
0	0		219.5	19.0	135.5	0.0	-4.0	80.0	0.4109	0.017931	-0.0009178	0.4113	20211115	398	aaa
0	0		219.5	19.0	145.5	0.0	-4.0	90.0	0.4148	0.011484	0.00408	0.4151	20211115	408	aaa
0	0		219.5	19.0	155.5	0.0	-4.0	100.0	0.4092	0.025203	0.004867	0.41	20211115	418	aaa
0	0		219.5	19.0	165.5	0.0	-4.0	110.0	0.4012	0.021265	-0.00594	0.4018	20211115	428	aaa
0	0		219.5	19.0	175.5	0.0	-4.0	120.0	0.3727	0.017875	-0.00372	0.3732	20211115	438	aaa
0	0		219.5	19.0	185.5	0.0	-4.0	130.0	0.18399	0.007293	-0.014342	0.18469	20211115	448	aaa
0	0		219.5	19.0	195.5	0.0	-4.0	140.0	0.0248	-0.0001757	-0.0017198	0.02486	20211115	457	aaa
0	0		219.5	19.0	205.5	0.0	-4.0	150.0	0.005752	-0.0001264	0.0002134	0.005757	20211115	467	aaa
0	0		219.5	19.0	215.5	0.0	-4.0	160.0	0.0017408	-2.72e-05	0.0003378	0.0017735	20211115	477	aaa
0	0		220.5	19.0	35.5	1.0	-4.0	-20.0	0.0019398	5.67e-05	0.000577	0.0020246	20211115	576	aaa
0	0		220.5	19.0	45.5	1.0	-4.0	-10.0	0.007261	-0.0007565	0.0010993	0.007382	20211115	586	aaa
0	0		220.5	19.0	55.5	1.0	-4.0	0.0	0.0351	-0.005208	-0.0005709	0.03549	20211115	595	aaa
0	0		220.5	19.0	65.5	1.0	-4.0	10.0	0.23766	-0.04905	-0.03081	0.24461	20211115	605	aaa
0	0		220.5	19.0	75.5	1.0	-4.0	20.0	0.3805	-0.08737	-0.00869	0.3905	20211115	615	aaa
0	0		220.5	19.0	85.5	1.0	-4.0	30.0	0.4105	-0.08286	0.004476	0.4187	20211115	625	aaa
0	0		220.5	19.0	95.5	1.0	-4.0	40.0	0.4186	-0.08626	0.003892	0.4275	20211115	635	aaa
0	0		220.5	19.0	105.5	1.0	-4.0	50.0	0.422	-0.08713	0.0012554	0.4309	20211115	644	aaa
0	0		220.5	19.0	115.5	1.0	-4.0	60.0	0.4183	-0.07663	-0.0013984	0.4253	20211115	654	aaa
0	0		220.5	19.0	125.5	1.0	-4.0	70.0	0.4156	-0.07076	-0.0021578	0.4216	20211115	664	aaa
0	0		220.5	19.0	135.5	1.0	-4.0	80.0	0.4119	-0.07414	-0.002153	0.4185	20211115	674	aaa
0	0		220.5	19.0	145.5	1.0	-4.0	90.0	0.4136	-0.08203	0.0020886	0.4217	20211115	683	aaa
0	0		220.5	19.0	155.5	1.0	-4.0	100.0	0.409	-0.06937	0.003684	0.4148	20211115	693	aaa
0	0		220.5	19.0	165.5	1.0	-4.0	110.0	0.4001	-0.07399	-0.008041	0.407	20211115	703	aaa
0	0		220.5	19.0	175.5	1.0	-4.0	120.0	0.3713	-0.07244	-0.0001092	0.3783	20211115	713	aaa
0	0		220.5	19.0	185.5	1.0	-4.0	130.0	0.18367	-0.03143	0.015168	0.18696	20211115	723	aaa
0	0		220.5	19.0	195.5	1.0	-4.0	140.0	0.02572	-0.004978	0.002626	0.02633	20211115	732	aaa
0	0		220.5	19.0	205.5	1.0	-4.0	150.0	0.005847	-0.0014486	0.0009468	0.006098	20211115	742	aaa
0	0		220.5	19.0	215.5	1.0	-4.0	160.0	0.0017519	-0.0004643	0.0005284	0.0018879	20211115	752	aaa
0	0		217.5	20.0	35.5	-2.0	-3.0	-20.0	0.0011288	0.0017431	0.0011696	0.0023834	20211115	855	aaa
0	0		217.5	20.0	45.5	-2.0	-3.0	-10.0	0.004517	0.004603	0.003711	0.00744	20211115	865	aaa
0	0		217.5	20.0	55.5	-2.0	-3.0	0.0	0.021855	0.015686	0.016389	0.031502	20211115	874	aaa
0	0		217.5	20.0	65.5	-2.0	-3.0	10.0	0.19223	0.12475	0.04879	0.23431	20211115	884	aaa
0	0		217.5	20.0	75.5	-2.0	-3.0	20.0	0.2896	0.17326	0.004525	0.3375	20211115	894	aaa
0	0		217.5	20.0	85.5	-2.0	-3.0	30.0	0.3144	0.20136	0.011323	0.3736	20211115	904	aaa
0	0		217.5	20.0	95.5	-2.0	-3.0	40.0	0.3233	0.20191	0.011564	0.3813	20211115	914	aaa
0	0		217.5	20.0	105.5	-2.0	-3.0	50.0	0.3268	0.20173	0.009217	0.3841	20211115	924	aaa
0	0		217.5	20.0	115.5	-2.0	-3.0	60.0	0.3214	0.20922	0.007536	0.3836	20211115	933	aaa
0	0		217.5	20.0	125.5	-2.0	-3.0	70.0	0.3097	0.21408	0.006147	0.3765	20211115	943	aaa
0	0		217.5	20.0	135.5	-2.0	-3.0	80.0	0.3071	0.21114	0.0021161	0.3727	20211115	953	aaa
0	0		217.5	20.0	145.5	-2.0	-3.0	90.0	0.3159	0.20921	0.007267	0.3789	20211115	963	aaa
0	0		217.5	20.0	155.5	-2.0	-3.0	100.0	0.3074	0.22054	0.005975	0.3783	20211115	973	aaa
0	0		217.5	20.0	165.5	-2.0	-3.0	110.0	0.3017	0.21793	-0.0023511	0.3722	20211115	982	aaa
0	0		217.5	20.0	175.5	-2.0	-3.0	120.0	0.2817	0.20331	-0.009008	0.3476	20211115	992	aaa
0	0		217.5	20.0	185.5	-2.0	-3.0	130.0	0.13624	0.09211	-0.05539	0.17353	20211115	1002	aaa
0	0		217.5	20.0	195.5	-2.0	-3.0	140.0	0.01641	0.01072	-0.0078	0.021096	20211115	1012	aaa
0	0		217.5	20.0	205.5	-2.0	-3.0	150.0	0.003998	0.002679	-0.0008319	0.004884	20211115	1022	aaa
0	0		217.5	20.0	215.5	-2.0	-3.0	160.0	0.0012226	0.0008743	6.65e-05	0.0015045	20211115	1031	aaa
0	0		218.5	20.0	35.5	-1.0	-3.0	-20.0	0.0012145	0.0011906	0.0009836	0.0019647	20211115	1130	aaa
0	0		218.5	20.0	45.5	-1.0	-3.0	-10.0	0.004849	0.002841	0.002913	0.00633	20211115	1140	aaa
0	0		218.5	20.0	55.5	-1.0	-3.0	0.0	0.024091	0.00874	0.011158	0.027951	20211115	1150	aaa
0	0		218.5	20.0	65.5	-1.0	-3.0	10.0	0.18778	0.06459	0.02419	0.20003	20211115	1160	aaa
0	0		218.5	20.0	75.5	-1.0	-3.0	20.0	0.2904	0.08619	0.0008574	0.3029	20211115	1169	aaa
0	0		218.5	20.0	85.5	-1.0	-3.0	30.0	0.3142	0.10551	0.009022	0.3315	20211115	1179	aaa
0	0		218.5	20.0	95.5	-1.0	-3.0	40.0	0.3224	0.10498	0.009111	0.3393	20211115	1189	aaa
0	0		218.5	20.0	105.5	-1.0	-3.0	50.0	0.3264	0.10444	0.006384	0.3427	20211115	1199	aaa
0	0		218.5	20.0	115.5	-1.0	-3.0	60.0	0.3216	0.11257	0.004549	0.3408	20211115	1209	aaa
0	0		218.5	20.0	125.5	-1.0	-3.0	70.0	0.3138	0.1177	0.003487	0.3352	20211115	1218	aaa
0	0		218.5	20.0	135.5	-1.0	-3.0	80.0	0.3107	0.11521	0.0007934	0.3314	20211115	1228	aaa
0	0		218.5	20.0	145.5	-1.0	-3.0	90.0	0.3158	0.11113	0.005693	0.3348	20211115	1238	aaa
0	0		218.5	20.0	155.5	-1.0	-3.0	100.0	0.309	0.12256	0.004792	0.3325	20211115	1248	aaa
0	0		218.5	20.0	165.5	-1.0	-3.0	110.0	0.3023	0.12032	-0.003961	0.3254	20211115	1258	aaa
0	0		218.5	20.0	175.5	-1.0	-3.0	120.0	0.2811	0.11119	-0.006785	0.3024	20211115	1268	aaa
0	0		218.5	20.0	185.5	-1.0	-3.0	130.0	0.13782	0.05076	-0.03271	0.15046	20211115	1277	aaa
0	0		218.5	20.0	195.5	-1.0	-3.0	140.0	0.017717	0.005516	-0.004662	0.019132	20211115	1287	aaa
0	0		218.5	20.0	205.5	-1.0	-3.0	150.0	0.004136	0.0013109	-0.0003004	0.004349	20211115	1297	aaa
0	0		218.5	20.0	215.5	-1.0	-3.0	160.0	0.0012442	0.0004274	0.000203	0.0013311	20211115	1307	aaa
0	0		219.5	20.0	35.5	0.0	-3.0	-20.0	0.0012911	0.0006329	0.000791	0.0016411	20211115	1406	aaa
0	0		219.5	20.0	45.5	0.0	-3.0	-10.0	0.005135	0.0010539	0.0020881	0.005643	20211115	1415	aaa
0	0		219.5	20.0	55.5	0.0	-3.0	0.0	0.025863	0.0016374	0.0058	0.026556	20211115	1425	aaa
0	0		219.5	20.0	65.5	0.0	-3.0	10.0	0.18403	0.007344	0.0003449	0.18418	20211115	1435	aaa
0	0		219.5	20.0	75.5	0.0	-3.0	20.0	0.2908	-0.0008201	-0.003444	0.2908	20211115	1445	aaa
0	0		219.5	20.0	85.5	0.0	-3.0	30.0	0.3138	0.010432	0.00665	0.314	20211115	1455	aaa
0	0		219.5	20.0	95.5	0.0	-3.0	40.0	0.3216	0.008969	0.006653	0.3218	20211115	1464	aaa
0	0		219.5	20.0	105.5	0.0	-3.0	50.0	0.3257	0.008545	0.003611	0.3259	20211115	1474	aaa
0	0		219.5	20.0	115.5	0.0	-3.0	60.0	0.3213	0.017279	0.0015657	0.3217	20211115	1484	aaa
0	0		219.5	20.0	125.5	0.0	-3.0	70.0	0.3164	0.022266	0.0006972	0.3172	20211115	1494	aaa
0	0		219.5	20.0	135.5	0.0	-3.0	80.0	0.313	0.01988	-0.0005233	0.3136	20211115	1504	aaa
0	0		219.5	20.0	145.5	0.0	-3.0	90.0	0.3153	0.014271	0.003898	0.3156	20211115	1513	aaa
0	0		219.5	20.0	155.5	0.0	-3.0	100.0	0.3101	0.025425	0.003631	0.3112	20211115	1523	aaa
0	0		219.5	20.0	165.5	0.0	-3.0	110.0	0.3024	0.02319	-0.005595	0.3034	20211115	1533	aaa
0	0		219.5	20.0	175.5	0.0	-3.0	120.0	0.2802	0.019638	-0.00415	0.2809	20211115	1543	aaa
0	0		219.5	20.0	185.5	0.0	-3.0	130.0	0.13831	0.009352	-0.011014	0.13906	20211115	1553	aaa
0	0		219.5	20.0	195.5	0.0	-3.0	140.0	0.01875	0.0001949	-0.0013647	0.0188	20211115	1562	aaa
0	0		219.5	20.0	205.5	0.0	-3.0	150.0	0.004242	-7.82e-05	0.0002427	0.00425	20211115	1572	aaa
0	0		219.5	20.0	215.5	0.0	-3.0	160.0	0.0012586	-2.35e-05	0.0003417	0.0013044	20211115	1582	aaa
0	0		220.5	20.0	35.5	1.0	-3.0	-20.0	0.0013582	7.51e-05	0.0005938	0.0014842	20211115	1681	aaa
0	0		220.5	20.0	45.5	1.0	-3.0	-10.0	0.005373	-0.0007357	0.0012507	0.005566	20211115	1691	aaa
0	0		220.5	20.0	55.5	1.0	-3.0	0.0	0.027117	-0.005504	0.0004402	0.027674	20211115	1700	aaa
0	0		220.5	20.0	65.5	1.0	-3.0	10.0	0.18104	-0.04885	-0.023561	0.189	20211115	1710	aaa
0	0		220.5	20.0	75.5	1.0	-3.0	20.0	0.2913	-0.08876	-0.008065	0.3046	20211115	1720	aaa
0	0		220.5	20.0	85.5	1.0	-3.0	30.0	0.3139	-0.08444	0.004297	0.325	20211115	1730	aaa
0	0		220.5	20.0	95.5	1.0	-3.0	40.0	0.3211	-0.0865	0.004236	0.3326	20211115	1740	aaa
0	0		220.5	20.0	105.5	1.0	-3.0	50.0	0.3248	-0.08677	0.0008515	0.3362	20211115	1750	aaa
0	0		220.5	20.0	115.5	1.0	-3.0	60.0	0.3209	-0.07733	-0.0015016	0.3301	20211115	1759	aaa
0	0		220.5	20.0	125.5	1.0	-3.0	70.0	0.3185	-0.07279	-0.0022462	0.3268	20211115	1769	aaa
0	0		220.5	20.0	135.5	1.0	-3.0	80.0	0.3148	-0.07547	-0.0017599	0.3237	20211115	1779	aaa
0	0		220.5	20.0	145.5	1.0	-3.0	90.0	0.3149	-0.08211	0.0019602	0.3254	20211115	1788	aaa
0	0		220.5	20.0	155.5	1.0	-3.0	100.0	0.3107	-0.07158	0.002539	0.3188	20211115	1798	aaa
0	0		220.5	20.0	165.5	1.0	-3.0	110.0	0.3025	-0.07367	-0.007285	0.3114	20211115	1808	aaa
0	0		220.5	20.0	175.5	1.0	-3.0	120.0	0.2793	-0.07177	-0.0012972	0.2884	20211115	1818	aaa
0	0		220.5	20.0	185.5	1.0	-3.0	130.0	0.13814	-0.03205	0.010456	0.1422	20211115	1828	aaa
0	0		220.5	20.0	195.5	1.0	-3.0	140.0	0.019458	-0.005194	0.0019648	0.020235	20211115	1837	aaa
0	0		220.5	20.0	205.5	1.0	-3.0	150.0	0.004314	-0.0014779	0.0007885	0.004628	20211115	1847	aaa
0	0		220.5	20.0	215.5	1.0	-3.0	160.0	0.0012651	-0.0004767	0.0004807	0.0014348	20211115	1857	aaa
0	0		216.5	21.0	35.5	-3.0	-2.0	-20.0	0.0004975	0.002387	0.0010943	0.002673	20211115	1961	aaa
0	0		216.5	21.0	45.5	-3.0	-2.0	-10.0	0.0024362	0.006738	0.003588	0.008013	20211115	1971	aaa
0	0		216.5	21.0	55.5	-3.0	-2.0	0.0	0.012823	0.025125	0.016364	0.032611	20211115	1981	aaa
0	0		216.5	21.0	65.5	-3.0	-2.0	10.0	0.13452	0.18546	0.04986	0.23447	20211115	1990	aaa
0	0		216.5	21.0	75.5	-3.0	-2.0	20.0	0.19811	0.26686	0.004632	0.33238	20211115	2000	aaa
0	0		216.5	21.0	85.5	-3.0	-2.0	30.0	0.2146	0.3001	0.011988	0.3691	20211115	2010	aaa
0	0		216.5	21.0	95.5	-3.0	-2.0	40.0	0.22176	0.3028	0.013623	0.3755	20211115	2020	aaa
0	0		216.5	21.0	105.5	-3.0	-2.0	50.0	0.22496	0.3025	0.008856	0.3771	20211115	2029	aaa
0	0		216.5	21.0	115.5	-3.0	-2.0	60.0	0.21923	0.3102	0.007694	0.3799	20211115	2039	aaa
0	0		216.5	21.0	125.5	-3.0	-2.0	70.0	0.20447	0.3126	0.006507	0.3736	20211115	2049	aaa
0	0		216.5	21.0	135.5	-3.0	-2.0	80.0	0.20223	0.3105	0.002881	0.3706	20211115	2059	aaa
0	0		216.5	21.0	145.5	-3.0	-2.0	90.0	0.21318	0.3112	0.008095	0.3773	20211115	2069	aaa
0	0		216.5	21.0	155.5	-3.0	-2.0	100.0	0.20256	0.3188	0.005136	0.3777	20211115	2078	aaa
0	0		216.5	21.0	165.5	-3.0	-2.0	110.0	0.19908	0.3168	-0.0016238	0.3742	20211115	2088	aaa
0	0		216.5	21.0	175.5	-3.0	-2.0	120.0	0.18643	0.2957	-0.009017	0.3497	20211115	2098	aaa
0	0		216.5	21.0	185.5	-3.0	-2.0	130.0	0.08793	0.13905	-0.05221	0.17261	20211115	2107	aaa
0	0		216.5	21.0	195.5	-3.0	-2.0	140.0	0.009766	0.017557	-0.007168	0.02133	20211115	2117	aaa
0	0		216.5	21.0	205.5	-3.0	-2.0	150.0	0.002425	0.004261	-0.0007314	0.004958	20211115	2127	aaa
0	0		216.5	21.0	215.5	-3.0	-2.0	160.0	0.0007333	0.0013639	9.22e-05	0.0015513	20211115	2137	aaa
0	0		217.5	21.0	35.5	-2.0	-2.0	-20.0	0.0005726	0.0018224	0.0009826	0.0021481	20211115	2236	aaa
0	0		217.5	21.0	45.5	-2.0	-2.0	-10.0	0.0027254	0.00491	0.003076	0.006403	20211115	2246	aaa
0	0		217.5	21.0	55.5	-2.0	-2.0	0.0	0.01474	0.017716	0.012824	0.026375	20211115	2255	aaa
0	0		217.5	21.0	65.5	-2.0	-2.0	10.0	0.13197	0.12423	0.03226	0.18409	20211115	2265	aaa
0	0		217.5	21.0	75.5	-2.0	-2.0	20.0	0.19981	0.17833	0.00243	0.26782	20211115	2275	aaa
0	0		217.5	21.0	85.5	-2.0	-2.0	30.0	0.21593	0.20297	0.01015	0.29652	20211115	2285	aaa
0	0		217.5	21.0	95.5	-2.0	-2.0	40.0	0.223	0.2046	0.011397	0.30285	20211115	2295	aaa
0	0		217.5	21.0	105.5	-2.0	-2.0	50.0	0.22697	0.2042	0.006708	0.30538	20211115	2304	aaa
0	0		217.5	21.0	115.5	-2.0	-2.0	60.0	0.22145	0.21208	0.005357	0.30667	20211115	2314	aaa
0	0		217.5	21.0	125.5	-2.0	-2.0	70.0	0.21167	0.21557	0.00457	0.30215	20211115	2324	aaa
0	0		217.5	21.0	135.5	-2.0	-2.0	80.0	0.20879	0.21349	0.0017409	0.29862	20211115	2334	aaa
0	0		217.5	21.0	145.5	-2.0	-2.0	90.0	0.21496	0.21212	0.00688	0.30208	20211115	2344	aaa
0	0		217.5	21.0	155.5	-2.0	-2.0	100.0	0.20713	0.22003	0.004246	0.30221	20211115	2353	aaa
0	0		217.5	21.0	165.5	-2.0	-2.0	110.0	0.20215	0.21848	-0.002922	0.29768	20211115	2363	aaa
0	0		217.5	21.0	175.5	-2.0	-2.0	120.0	0.18835	0.20348	-0.007903	0.27738	20211115	2373	aaa
0	0		217.5	21.0	185.5	-2.0	-2.0	130.0	0.0905	0.09667	-0.0366	0.13739	20211115	2383	aaa
0	0		217.5	21.0	195.5	-2.0	-2.0	140.0	0.010784	0.01208	-0.005228	0.017017	20211115	2392	aaa
0	0		217.5	21.0	205.5	-2.0	-2.0	150.0	0.002533	0.002854	-0.0004042	0.003837	20211115	2402	aaa
0	0		217.5	21.0	215.5	-2.0	-2.0	160.0	0.0007484	0.0009084	0.000175	0.00119	20211115	2412	aaa
0	0		218.5	21.0	35.5	-1.0	-2.0	-20.0	0.0006407	0.0012496	0.0008632	0.0016484	20211115	2511	aaa
0	0		218.5	21.0	45.5	-1.0	-2.0	-10.0	0.002987	0.003051	0.0025361	0.004966	20211115	2521	aaa
0	0		218.5	21.0	55.5	-1.0	-2.0	0.0	0.016364	0.010007	0.009111	0.021234	20211115	2531	aaa
0	0		218.5	21.0	65.5	-1.0	-2.0	10.0	0.12931	0.06537	0.015581	0.14572	20211115	2541	aaa
0	0		218.5	21.0	75.5	-1.0	-2.0	20.0	0.20052	0.09003	-0.0003981	0.2198	20211115	2550	aaa
0	0		218.5	21.0	85.5	-1.0	-2.0	30.0	0.21651	0.10706	0.008201	0.24167	20211115	2560	aaa
0	0		218.5	21.0	95.5	-1.0	-2.0	40.0	0.22334	0.10766	0.00913	0.2481	20211115	2570	aaa
0	0		218.5	21.0	105.5	-1.0	-2.0	50.0	0.22757	0.10723	0.004614	0.25161	20211115	2580	aaa
0	0		218.5	21.0	115.5	-1.0	-2.0	60.0	0.22246	0.11528	0.003073	0.25058	20211115	2590	aaa
0	0		218.5	21.0	125.5	-1.0	-2.0	70.0	0.216	0.11892	0.002435	0.24658	20211115	2599	aaa
0	0		218.5	21.0	135.5	-1.0	-2.0	80.0	0.21288	0.11727	0.0006151	0.24304	20211115	2609	aaa
0	0		218.5	21.0	145.5	-1.0	-2.0	90.0	0.21571	0.11424	0.005429	0.24415	20211115	2619	aaa
0	0		218.5	21.0	155.5	-1.0	-2.0	100.0	0.20966	0.12258	0.003332	0.24289	20211115	2629	aaa
0	0		218.5	21.0	165.5	-1.0	-2.0	110.0	0.20366	0.12127	-0.004176	0.23707	20211115	2638	aaa
0	0		218.5	21.0	175.5	-1.0	-2.0	120.0	0.18872	0.11219	-0.006355	0.21964	20211115	2648	aaa
0	0		218.5	21.0	185.5	-1.0	-2.0	130.0	0.09165	0.05385	-0.021955	0.10855	20211115	2658	aaa
0	0		218.5	21.0	195.5	-1.0	-2.0	140.0	0.011651	0.006384	-0.003132	0.01365	20211115	2668	aaa
0	0		218.5	21.0	205.5	-1.0	-2.0	150.0	0.002621	0.0014193	-6.54e-05	0.002982	20211115	2678	aaa
0	0		218.5	21.0	215.5	-1.0	-2.0	160.0	0.0007587	0.000447	0.0002598	0.0009181	20211115	2688	aaa
0	0		219.5	21.0	35.5	0.0	-2.0	-20.0	0.0007051	0.0006729	0.0007388	0.0012231	20211115	2786	aaa
0	0		219.5	21.0	45.5	0.0	-2.0	-10.0	0.003212	0.001172	0.0019732	0.003948	20211115	2796	aaa
0	0		219.5	21.0	55.5	0.0	-2.0	0.0	0.017638	0.0021462	0.005326	0.01855	20211115	2806	aaa
0	0		219.5	21.0	65.5	0.0	-2.0	10.0	0.12676	0.008241	-0.0006454	0.12703	20211115	2816	aaa
0	0		219.5	21.0	75.5	0.0	-2.0	20.0	0.20059	0.001323	-0.003679	0.20062	20211115	2826	aaa
0	0		219.5	21.0	85.5	0.0	-2.0	30.0	0.21669	0.011275	0.006205	0.21707	20211115	2835	aaa
0	0		219.5	21.0	95.5	0.0	-2.0	40.0	0.22333	0.011091	0.00686	0.22368	20211115	2845	aaa
0	0		219.5	21.0	105.5	0.0	-2.0	50.0	0.22763	0.010917	0.002544	0.22791	20211115	2855	aaa
0	0		219.5	21.0	115.5	0.0	-2.0	60.0	0.22271	0.019133	0.0007783	0.22354	20211115	2865	aaa
0	0		219.5	21.0	125.5	0.0	-2.0	70.0	0.21909	0.022847	0.0001714	0.22028	20211115	2875	aaa
0	0		219.5	21.0	135.5	0.0	-2.0	80.0	0.21557	0.020979	-0.0004548	0.21659	20211115	2885	aaa
0	0		219.5	21.0	145.5	0.0	-2.0	90.0	0.21584	0.016732	0.003808	0.21652	20211115	2894	aaa
0	0		219.5	21.0	155.5	0.0	-2.0	100.0	0.21125	0.025194	0.002419	0.21276	20211115	2904	aaa
0	0		219.5	21.0	165.5	0.0	-2.0	110.0	0.20438	0.02428	-0.005419	0.20589	20211115	2914	aaa
0	0		219.5	21.0	175.5	0.0	-2.0	120.0	0.18829	0.021042	-0.004528	0.18951	20211115	2924	aaa
0	0		219.5	21.0	185.5	0.0	-2.0	130.0	0.09205	0.010991	-0.007896	0.09304	20211115	2933	aaa
0	0		219.5	21.0	195.5	0.0	-2.0	140.0	0.012335	0.0005518	-0.0009419	0.012383	20211115	2943	aaa
0	0		219.5	21.0	205.5	0.0	-2.0	150.0	0.002686	-3.51e-05	0.0002811	0.0027	20211115	2953	aaa
0	0		219.5	21.0	215.5	0.0	-2.0	160.0	0.0007649	-1.76e-05	0.000346	0.0008397	20211115	2963	aaa
0	0		220.5	21.0	35.5	1.0	-2.0	-20.0	0.0007629	9.64e-05	0.0006094	0.0009812	20211115	3062	aaa
0	0		220.5	21.0	45.5	1.0	-2.0	-10.0	0.003405	-0.0007043	0.0014008	0.003749	20211115	3072	aaa
0	0		220.5	21.0	55.5	1.0	-2.0	0.0	0.018543	-0.00575	0.0015462	0.019475	20211115	3081	aaa
0	0		220.5	21.0	65.5	1.0	-2.0	10.0	0.12468	-0.04805	-0.016866	0.13468	20211115	3091	aaa
0	0		220.5	21.0	75.5	1.0	-2.0	20.0	0.20111	-0.08801	-0.007201	0.21964	20211115	3101	aaa
0	0		220.5	21.0	85.5	1.0	-2.0	30.0	0.21696	-0.08439	0.004225	0.23283	20211115	3110	aaa
0	0		220.5	21.0	95.5	1.0	-2.0	40.0	0.22322	-0.08521	0.004625	0.23897	20211115	3120	aaa
0	0		220.5	21.0	105.5	1.0	-2.0	50.0	0.22742	-0.08511	0.0004634	0.24283	20211115	3130	aaa
0	0		220.5	21.0	115.5	1.0	-2.0	60.0	0.22318	-0.07682	-0.0016005	0.23604	20211115	3140	aaa
0	0		220.5	21.0	125.5	1.0	-2.0	70.0	0.2213	-0.07322	-0.0022366	0.23311	20211115	3150	aaa
0	0		220.5	21.0	135.5	1.0	-2.0	80.0	0.21744	-0.07506	-0.0014336	0.23004	20211115	3159	aaa
0	0		220.5	21.0	145.5	1.0	-2.0	90.0	0.21618	-0.0807	0.0020715	0.23076	20211115	3169	aaa
0	0		220.5	21.0	155.5	1.0	-2.0	100.0	0.21256	-0.07207	0.0015393	0.22445	20211115	3179	aaa
0	0		220.5	21.0	165.5	1.0	-2.0	110.0	0.20485	-0.07259	-0.006685	0.21744	20211115	3189	aaa
0	0		220.5	21.0	175.5	1.0	-2.0	120.0	0.18814	-0.07006	-0.002552	0.20077	20211115	3199	aaa
0	0		220.5	21.0	185.5	1.0	-2.0	130.0	0.09199	-0.03193	0.006072	0.09757	20211115	3208	aaa
0	0		220.5	21.0	195.5	1.0	-2.0	140.0	0.012808	-0.005346	0.0012685	0.013937	20211115	3218	aaa
0	0		220.5	21.0	205.5	1.0	-2.0	150.0	0.00273	-0.0015003	0.0006302	0.003178	20211115	3228	aaa
0	0		220.5	21.0	215.5	1.0	-2.0	160.0	0.0007663	-0.000486	0.0004326	0.0010053	20211115	3237	aaa
0	0		221.5	21.0	35.5	2.0	-2.0	-20.0	0.0008126	-0.0004798	0.0004769	0.0010573	20211115	3336	aaa
0	0		221.5	21.0	45.5	2.0	-2.0	-10.0	0.003554	-0.002574	0.0008233	0.004464	20211115	3346	aaa
0	0		221.5	21.0	55.5	2.0	-2.0	0.0	0.019048	-0.013477	-0.0021374	0.023431	20211115	3356	aaa
0	0		221.5	21.0	65.5	2.0	-2.0	10.0	0.12286	-0.10452	-0.03349	0.16475	20211115	3366	aaa
0	0		221.5	21.0	75.5	2.0	-2.0	20.0	0.20169	-0.17835	-0.010833	0.26944	20211115	3376	aaa
0	0		221.5	21.0	85.5	2.0	-2.0	30.0	0.2172	-0.18054	0.0023124	0.28245	20211115	3385	aaa
0	0		221.5	21.0	95.5	2.0	-2.0	40.0	0.2232	-0.18168	0.0024572	0.2878	20211115	3395	aaa
0	0		221.5	21.0	105.5	2.0	-2.0	50.0	0.22703	-0.18109	-0.0016703	0.29041	20211115	3405	aaa
0	0		221.5	21.0	115.5	2.0	-2.0	60.0	0.22317	-0.17272	-0.004103	0.28223	20211115	3415	aaa
0	0		221.5	21.0	125.5	2.0	-2.0	70.0	0.22269	-0.16971	-0.004768	0.28003	20211115	3424	aaa
0	0		221.5	21.0	135.5	2.0	-2.0	80.0	0.21864	-0.17139	-0.002283	0.27784	20211115	3434	aaa
0	0		221.5	21.0	145.5	2.0	-2.0	90.0	0.21618	-0.17846	0.0002584	0.28032	20211115	3444	aaa
0	0		221.5	21.0	155.5	2.0	-2.0	100.0	0.21345	-0.16993	0.0007118	0.27283	20211115	3454	aaa
0	0		221.5	21.0	165.5	2.0	-2.0	110.0	0.20503	-0.16958	-0.008014	0.2662	20211115	3464	aaa
0	0		221.5	21.0	175.5	2.0	-2.0	120.0	0.18775	-0.16194	-0.0005737	0.24794	20211115	3473	aaa
0	0		221.5	21.0	185.5	2.0	-2.0	130.0	0.09156	-0.07473	0.020144	0.11989	20211115	3483	aaa
0	0		221.5	21.0	195.5	2.0	-2.0	140.0	0.013026	-0.011149	0.00344	0.017487	20211115	3493	aaa
0	0		221.5	21.0	205.5	2.0	-2.0	150.0	0.002745	-0.002957	0.0009789	0.004152	20211115	3503	aaa
0	0		221.5	21.0	215.5	2.0	-2.0	160.0	0.0007623	-0.0009522	0.0005194	0.0013257	20211115	3513	aaa
0	0		215.5	22.0	35.5	-4.0	-1.0	-20.0	-9.87e-05	0.00304	0.000872	0.003164	20211115	3618	aaa
0	0		215.5	22.0	45.5	-4.0	-1.0	-10.0	0.0004974	0.008923	0.002888	0.009392	20211115	3627	aaa
0	0		215.5	22.0	55.5	-4.0	-1.0	0.0	0.004829	0.03501	0.012896	0.03761	20211115	3637	aaa
0	0		215.5	22.0	65.5	-4.0	-1.0	10.0	0.07519	0.24426	0.03644	0.25816	20211115	3647	aaa
0	0		215.5	22.0	75.5	-4.0	-1.0	20.0	0.1056	0.3589	0.0021952	0.3741	20211115	3657	aaa
0	0		215.5	22.0	85.5	-4.0	-1.0	30.0	0.11326	0.3971	0.011532	0.4132	20211115	3667	aaa
0	0		215.5	22.0	95.5	-4.0	-1.0	40.0	0.11803	0.4017	0.015165	0.4189	20211115	3677	aaa
0	0		215.5	22.0	105.5	-4.0	-1.0	50.0	0.12055	0.4007	0.006681	0.4185	20211115	3686	aaa
0	0		215.5	22.0	115.5	-4.0	-1.0	60.0	0.11431	0.4101	0.006609	0.4258	20211115	3696	aaa
0	0		215.5	22.0	125.5	-4.0	-1.0	70.0	0.09834	0.4092	0.006038	0.4209	20211115	3706	aaa
0	0		215.5	22.0	135.5	-4.0	-1.0	80.0	0.09668	0.4074	0.0024887	0.4187	20211115	3716	aaa
0	0		215.5	22.0	145.5	-4.0	-1.0	90.0	0.10874	0.411	0.008481	0.4252	20211115	3725	aaa
0	0		215.5	22.0	155.5	-4.0	-1.0	100.0	0.09572	0.4157	0.003517	0.4266	20211115	3735	aaa
0	0		215.5	22.0	165.5	-4.0	-1.0	110.0	0.09506	0.4132	-0.001659	0.424	20211115	3745	aaa
0	0		215.5	22.0	175.5	-4.0	-1.0	120.0	0.09028	0.3857	-0.007276	0.3962	20211115	3755	aaa
0	0		215.5	22.0	185.5	-4.0	-1.0	130.0	0.04031	0.18559	-0.03465	0.19305	20211115	3765	aaa
0	0		215.5	22.0	195.5	-4.0	-1.0	140.0	0.003918	0.02467	-0.004196	0.02532	20211115	3775	aaa
0	0		215.5	22.0	205.5	-4.0	-1.0	150.0	0.0009516	0.005879	-0.000223	0.00596	20211115	3784	aaa
0	0		215.5	22.0	215.5	-4.0	-1.0	160.0	0.0002667	0.0018625	0.0002243	0.0018947	20211115	3794	aaa
0	0		216.5	22.0	35.5	-3.0	-1.0	-20.0	-4.6e-05	0.002473	0.0008334	0.00261	20211115	3893	aaa
0	0		216.5	22.0	45.5	-3.0	-1.0	-10.0	0.0006986	0.007079	0.0026618	0.007595	20211115	3903	aaa
0	0		216.5	22.0	55.5	-3.0	-1.0	0.0	0.006134	0.027494	0.011049	0.03026	20211115	3912	aaa
0	0		216.5	22.0	65.5	-3.0	-1.0	10.0	0.07503	0.18267	0.02606	0.1992	20211115	3922	aaa
0	0		216.5	22.0	75.5	-3.0	-1.0	20.0	0.10853	0.27098	0.0013416	0.29191	20211115	3932	aaa
0	0		216.5	22.0	85.5	-3.0	-1.0	30.0	0.11664	0.3006	0.010179	0.3226	20211115	3942	aaa
0	0		216.5	22.0	95.5	-3.0	-1.0	40.0	0.12222	0.3035	0.013203	0.3275	20211115	3952	aaa
0	0		216.5	22.0	105.5	-3.0	-1.0	50.0	0.12594	0.3027	0.005312	0.3279	20211115	3962	aaa
0	0		216.5	22.0	115.5	-3.0	-1.0	60.0	0.11948	0.3118	0.00492	0.334	20211115	3971	aaa
0	0		216.5	22.0	125.5	-3.0	-1.0	70.0	0.10804	0.3125	0.004761	0.3307	20211115	3981	aaa
0	0		216.5	22.0	135.5	-3.0	-1.0	80.0	0.10618	0.3106	0.0015562	0.3283	20211115	3991	aaa
0	0		216.5	22.0	145.5	-3.0	-1.0	90.0	0.11296	0.3121	0.007573	0.332	20211115	4001	aaa
0	0		216.5	22.0	155.5	-3.0	-1.0	100.0	0.10335	0.3173	0.00296	0.3337	20211115	4010	aaa
0	0		216.5	22.0	165.5	-3.0	-1.0	110.0	0.10049	0.3156	-0.0027232	0.3312	20211115	4020	aaa
0	0		216.5	22.0	175.5	-3.0	-1.0	120.0	0.09473	0.294	-0.007133	0.3089	20211115	4030	aaa
0	0		216.5	22.0	185.5	-3.0	-1.0	130.0	0.04336	0.14319	-0.026507	0.15193	20211115	4040	aaa
0	0		216.5	22.0	195.5	-3.0	-1.0	140.0	0.004437	0.019174	-0.003383	0.019969	20211115	4050	aaa
0	0		216.5	22.0	205.5	-3.0	-1.0	150.0	0.0009972	0.004469	-9.61e-05	0.00458	20211115	4060	aaa
0	0		216.5	22.0	215.5	-3.0	-1.0	160.0	0.0002675	0.0014052	0.0002548	0.001453	20211115	4069	aaa
0	0		217.5	22.0	35.5	-2.0	-1.0	-20.0	7.3e-06	0.0018923	0.0007892	0.0020503	20211115	4168	aaa
0	0		217.5	22.0	45.5	-2.0	-1.0	-10.0	0.0008961	0.005177	0.0024114	0.005781	20211115	4178	aaa
0	0		217.5	22.0	55.5	-2.0	-1.0	0.0	0.007302	0.019452	0.009042	0.02266	20211115	4188	aaa
0	0		217.5	22.0	65.5	-2.0	-1.0	10.0	0.0738	0.12325	0.016431	0.14459	20211115	4198	aaa
0	0		217.5	22.0	75.5	-2.0	-1.0	20.0	0.10988	0.18184	-3.82e-05	0.21246	20211115	4208	aaa
0	0		217.5	22.0	85.5	-2.0	-1.0	30.0	0.11854	0.20384	0.008733	0.23596	20211115	4217	aaa
0	0		217.5	22.0	95.5	-2.0	-1.0	40.0	0.12399	0.20571	0.011154	0.24045	20211115	4227	aaa
0	0		217.5	22.0	105.5	-2.0	-1.0	50.0	0.1287	0.20507	0.003993	0.24214	20211115	4237	aaa
0	0		217.5	22.0	115.5	-2.0	-1.0	60.0	0.12234	0.2139	0.003289	0.24644	20211115	4247	aaa
0	0		217.5	22.0	125.5	-2.0	-1.0	70.0	0.11474	0.21547	0.003247	0.24414	20211115	4256	aaa
0	0		217.5	22.0	135.5	-2.0	-1.0	80.0	0.11226	0.21424	0.0007211	0.24188	20211115	4266	aaa
0	0		217.5	22.0	145.5	-2.0	-1.0	90.0	0.11513	0.21362	0.006447	0.24276	20211115	4276	aaa
0	0		217.5	22.0	155.5	-2.0	-1.0	100.0	0.1082	0.21889	0.002387	0.24418	20211115	4286	aaa
0	0		217.5	22.0	165.5	-2.0	-1.0	110.0	0.10385	0.21826	-0.003683	0.24174	20211115	4296	aaa
0	0		217.5	22.0	175.5	-2.0	-1.0	120.0	0.09684	0.20292	-0.006632	0.22494	20211115	4305	aaa
0	0		217.5	22.0	185.5	-2.0	-1.0	130.0	0.04491	0.09972	-0.018962	0.11101	20211115	4315	aaa
0	0		217.5	22.0	195.5	-2.0	-1.0	140.0	0.004935	0.01329	-0.002483	0.014393	20211115	4325	aaa
0	0		217.5	22.0	205.5	-2.0	-1.0	150.0	0.0010397	0.003009	3.81e-05	0.003184	20211115	4335	aaa
0	0		217.5	22.0	215.5	-2.0	-1.0	160.0	0.0002693	0.0009369	0.000286	0.0010159	20211115	4344	aaa
0	0		218.5	22.0	35.5	-1.0	-1.0	-20.0	5.98e-05	0.0013027	0.000739	0.0014989	20211115	4443	aaa
0	0		218.5	22.0	45.5	-1.0	-1.0	-10.0	0.0010784	0.003244	0.0021383	0.004032	20211115	4453	aaa
0	0		218.5	22.0	55.5	-1.0	-1.0	0.0	0.008279	0.011102	0.00695	0.015495	20211115	4463	aaa
0	0		218.5	22.0	65.5	-1.0	-1.0	10.0	0.07214	0.06551	0.007287	0.09772	20211115	4473	aaa
0	0		218.5	22.0	75.5	-1.0	-1.0	20.0	0.11029	0.09284	-0.0018277	0.14418	20211115	4482	aaa
0	0		218.5	22.0	85.5	-1.0	-1.0	30.0	0.11931	0.10792	0.007236	0.16104	20211115	4492	aaa
0	0		218.5	22.0	95.5	-1.0	-1.0	40.0	0.12489	0.10908	0.009093	0.16606	20211115	4502	aaa
0	0		218.5	22.0	105.5	-1.0	-1.0	50.0	0.13027	0.10864	0.002704	0.16964	20211115	4512	aaa
0	0		218.5	22.0	115.5	-1.0	-1.0	60.0	0.12384	0.11697	0.0016781	0.17036	20211115	4521	aaa
0	0		218.5	22.0	125.5	-1.0	-1.0	70.0	0.11923	0.11904	0.0015617	0.16849	20211115	4531	aaa
0	0		218.5	22.0	135.5	-1.0	-1.0	80.0	0.11625	0.11814	-1.45e-05	0.16574	20211115	4541	aaa
0	0		218.5	22.0	145.5	-1.0	-1.0	90.0	0.11643	0.11596	0.005185	0.16441	20211115	4551	aaa
0	0		218.5	22.0	155.5	-1.0	-1.0	100.0	0.11141	0.12165	0.0018112	0.16496	20211115	4560	aaa
0	0		218.5	22.0	165.5	-1.0	-1.0	110.0	0.10595	0.12146	-0.00457	0.16124	20211115	4570	aaa
0	0		218.5	22.0	175.5	-1.0	-1.0	120.0	0.09759	0.11261	-0.00586	0.14913	20211115	4580	aaa
0	0		218.5	22.0	185.5	-1.0	-1.0	130.0	0.04559	0.05605	-0.011817	0.07321	20211115	4590	aaa
0	0		218.5	22.0	195.5	-1.0	-1.0	140.0	0.005361	0.007154	-0.0015026	0.009065	20211115	4600	aaa
0	0		218.5	22.0	205.5	-1.0	-1.0	150.0	0.001076	0.0015187	0.0001781	0.0018698	20211115	4609	aaa
0	0		218.5	22.0	215.5	-1.0	-1.0	160.0	0.0002684	0.0004636	0.0003184	0.0006231	20211115	4619	aaa
0	0		219.5	22.0	35.5	0.0	-1.0	-20.0	0.00011	0.0007101	0.0006833	0.0009916	20211115	4718	aaa
0	0		219.5	22.0	45.5	0.0	-1.0	-10.0	0.001246	0.0012906	0.0018487	0.0025761	20211115	4728	aaa
0	0		219.5	22.0	55.5	0.0	-1.0	0.0	0.00905	0.0025959	0.004827	0.01058	20211115	4738	aaa
0	0		219.5	22.0	65.5	0.0	-1.0	10.0	0.07036	0.008794	-0.0016778	0.07091	20211115	4747	aaa
0	0		219.5	22.0	75.5	0.0	-1.0	20.0	0.11045	0.003499	-0.00391	0.11058	20211115	4757	aaa
0	0		219.5	22.0	85.5	0.0	-1.0	30.0	0.11978	0.011978	0.00573	0.12049	20211115	4767	aaa
0	0		219.5	22.0	95.5	0.0	-1.0	40.0	0.1255	0.012427	0.007043	0.12629	20211115	4777	aaa
0	0		219.5	22.0	105.5	0.0	-1.0	50.0	0.13073	0.012266	0.0013982	0.13132	20211115	4787	aaa
0	0		219.5	22.0	115.5	0.0	-1.0	60.0	0.12471	0.020394	4.28e-05	0.12637	20211115	4797	aaa
0	0		219.5	22.0	125.5	0.0	-1.0	70.0	0.12231	0.022791	-0.00025	0.12442	20211115	4806	aaa
0	0		219.5	22.0	135.5	0.0	-1.0	80.0	0.119	0.021792	-0.0006599	0.12098	20211115	4816	aaa
0	0		219.5	22.0	145.5	0.0	-1.0	90.0	0.11717	0.018342	0.003818	0.11866	20211115	4826	aaa
0	0		219.5	22.0	155.5	0.0	-1.0	100.0	0.11349	0.024544	0.0012281	0.11612	20211115	4836	aaa
0	0		219.5	22.0	165.5	0.0	-1.0	110.0	0.10719	0.02487	-0.005414	0.11016	20211115	4845	aaa
0	0		219.5	22.0	175.5	0.0	-1.0	120.0	0.09759	0.022176	-0.004909	0.10019	20211115	4855	aaa
0	0		219.5	22.0	185.5	0.0	-1.0	130.0	0.04588	0.012337	-0.004932	0.04776	20211115	4865	aaa
0	0		219.5	22.0	195.5	0.0	-1.0	140.0	0.00569	0.0008956	-0.0004768	0.00578	20211115	4875	aaa
0	0		219.5	22.0	205.5	0.0	-1.0	150.0	0.0011	9.6e-06	0.0003239	0.0011468	20211115	4885	aaa
0	0		219.5	22.0	215.5	0.0	-1.0	160.0	0.0002658	-1.29e-05	0.0003512	0.0004406	20211115	4895	aaa
0	0		220.5	22.0	35.5	1.0	-1.0	-20.0	0.0001598	0.000117	0.000623	0.0006537	20211115	4994	aaa
0	0		220.5	22.0	45.5	1.0	-1.0	-10.0	0.0013993	-0.0006657	0.001547	0.0021896	20211115	5003	aaa
0	0		220.5	22.0	55.5	1.0	-1.0	0.0	0.009602	-0.005935	0.002725	0.011612	20211115	5013	aaa
0	0		220.5	22.0	65.5	1.0	-1.0	10.0	0.06885	-0.04736	-0.010665	0.08424	20211115	5023	aaa
0	0		220.5	22.0	75.5	1.0	-1.0	20.0	0.11086	-0.08654	-0.006206	0.14077	20211115	5033	aaa
0	0		220.5	22.0	85.5	1.0	-1.0	30.0	0.12038	-0.08396	0.004231	0.14682	20211115	5042	aaa
0	0		220.5	22.0	95.5	1.0	-1.0	40.0	0.12583	-0.08395	0.00503	0.15135	20211115	5052	aaa
0	0		220.5	22.0	105.5	1.0	-1.0	50.0	0.13111	-0.08373	4.94e-05	0.15557	20211115	5062	aaa
0	0		220.5	22.0	115.5	1.0	-1.0	60.0	0.12544	-0.07608	-0.0016719	0.14672	20211115	5072	aaa
0	0		220.5	22.0	125.5	1.0	-1.0	70.0	0.12475	-0.07353	-0.0021776	0.14482	20211115	5082	aaa
0	0		220.5	22.0	135.5	1.0	-1.0	80.0	0.12088	-0.07449	-0.0012178	0.14199	20211115	5092	aaa
0	0		220.5	22.0	145.5	1.0	-1.0	90.0	0.11778	-0.07945	0.0023667	0.14209	20211115	5101	aaa
0	0		220.5	22.0	155.5	1.0	-1.0	100.0	0.11513	-0.07238	0.0006428	0.13599	20211115	5111	aaa
0	0		220.5	22.0	165.5	1.0	-1.0	110.0	0.10809	-0.07144	-0.00626	0.12972	20211115	5121	aaa
0	0		220.5	22.0	175.5	1.0	-1.0	120.0	0.09765	-0.06815	-0.00386	0.11914	20211115	5131	aaa
0	0		220.5	22.0	185.5	1.0	-1.0	130.0	0.04581	-0.03151	0.0019572	0.05563	20211115	5141	aaa
0	0		220.5	22.0	195.5	1.0	-1.0	140.0	0.00592	-0.005445	0.0005651	0.008063	20211115	5150	aaa
0	0		220.5	22.0	205.5	1.0	-1.0	150.0	0.0011201	-0.0015096	0.0004722	0.0019382	20211115	5160	aaa
0	0		220.5	22.0	215.5	1.0	-1.0	160.0	0.0002629	-0.0004937	0.0003848	0.0006789	20211115	5170	aaa
0	0		221.5	22.0	35.5	2.0	-1.0	-20.0	0.0002046	-0.0004746	0.000559	0.0007614	20211115	5269	aaa
0	0		221.5	22.0	45.5	2.0	-1.0	-10.0	0.0015269	-0.002608	0.0012381	0.0032659	20211115	5279	aaa
0	0		221.5	22.0	55.5	2.0	-1.0	0.0	0.009936	-0.014295	0.0006883	0.017423	20211115	5289	aaa
0	0		221.5	22.0	65.5	2.0	-1.0	10.0	0.0674	-0.10352	-0.019876	0.12511	20211115	5299	aaa
0	0		221.5	22.0	75.5	2.0	-1.0	20.0	0.11131	-0.17699	-0.008643	0.20927	20211115	5308	aaa
0	0		221.5	22.0	85.5	2.0	-1.0	30.0	0.12075	-0.17992	0.0027654	0.2167	20211115	5318	aaa
0	0		221.5	22.0	95.5	2.0	-1.0	40.0	0.12617	-0.18046	0.003055	0.22022	20211115	5328	aaa
0	0		221.5	22.0	105.5	2.0	-1.0	50.0	0.13078	-0.1796	-0.0013821	0.22217	20211115	5338	aaa
0	0		221.5	22.0	115.5	2.0	-1.0	60.0	0.12583	-0.1723	-0.003489	0.21338	20211115	5347	aaa
0	0		221.5	22.0	125.5	2.0	-1.0	70.0	0.12616	-0.16976	-0.004191	0.21155	20211115	5357	aaa
0	0		221.5	22.0	135.5	2.0	-1.0	80.0	0.12222	-0.17074	-0.0016858	0.20998	20211115	5367	aaa
0	0		221.5	22.0	145.5	2.0	-1.0	90.0	0.11806	-0.17696	0.0008422	0.21273	20211115	5377	aaa
0	0		221.5	22.0	155.5	2.0	-1.0	100.0	0.1162	-0.16967	5.33e-05	0.20565	20211115	5387	aaa
0	0		221.5	22.0	165.5	2.0	-1.0	110.0	0.10839	-0.16794	-0.007147	0.20001	20211115	5397	aaa
0	0		221.5	22.0	175.5	2.0	-1.0	120.0	0.09738	-0.15913	-0.002805	0.18658	20211115	5406	aaa
0	0		221.5	22.0	185.5	2.0	-1.0	130.0	0.04549	-0.0752	0.008857	0.08834	20211115	5416	aaa
0	0		221.5	22.0	195.5	2.0	-1.0	140.0	0.00602	-0.011681	0.0015889	0.013237	20211115	5426	aaa
0	0		221.5	22.0	205.5	2.0	-1.0	150.0	0.0011235	-0.003022	0.0006217	0.003284	20211115	5436	aaa
0	0		221.5	22.0	215.5	2.0	-1.0	160.0	0.0002574	-0.0009713	0.0004185	0.0010885	20211115	5446	aaa
0	0		222.5	22.0	35.5	3.0	-1.0	-20.0	0.0002462	-0.0010586	0.000492	0.0011929	20211115	5544	aaa
0	0		222.5	22.0	45.5	3.0	-1.0	-10.0	0.0016329	-0.004514	0.0009263	0.004889	20211115	5554	aaa
0	0		222.5	22.0	55.5	3.0	-1.0	0.0	0.010044	-0.022351	-0.001242	0.024536	20211115	5564	aaa
0	0		222.5	22.0	65.5	3.0	-1.0	10.0	0.06625	-0.16006	-0.02961	0.17574	20211115	5574	aaa
0	0		222.5	22.0	75.5	3.0	-1.0	20.0	0.11211	-0.2687	-0.01116	0.29137	20211115	5584	aaa
0	0		222.5	22.0	85.5	3.0	-1.0	30.0	0.12136	-0.27664	0.0013617	0.30208	20211115	5594	aaa
0	0		222.5	22.0	95.5	3.0	-1.0	40.0	0.12633	-0.27746	0.001154	0.30487	20211115	5603	aaa
0	0		222.5	22.0	105.5	3.0	-1.0	50.0	0.13051	-0.27613	-0.002905	0.30543	20211115	5613	aaa
0	0		222.5	22.0	115.5	3.0	-1.0	60.0	0.12623	-0.26898	-0.005433	0.29718	20211115	5623	aaa
0	0		222.5	22.0	125.5	3.0	-1.0	70.0	0.12712	-0.2664	-0.006261	0.29523	20211115	5632	aaa
0	0		222.5	22.0	135.5	3.0	-1.0	80.0	0.12293	-0.26742	-0.002037	0.29432	20211115	5642	aaa
0	0		222.5	22.0	145.5	3.0	-1.0	90.0	0.11799	-0.27556	-0.0007596	0.29976	20211115	5652	aaa
0	0		222.5	22.0	155.5	3.0	-1.0	100.0	0.11705	-0.26745	-0.0005266	0.29194	20211115	5662	aaa
0	0		222.5	22.0	165.5	3.0	-1.0	110.0	0.1084	-0.26477	-0.008094	0.28621	20211115	5672	aaa
0	0		222.5	22.0	175.5	3.0	-1.0	120.0	0.09712	-0.25077	-0.0018214	0.26892	20211115	5682	aaa
0	0		222.5	22.0	185.5	3.0	-1.0	130.0	0.04505	-0.11862	0.015974	0.12788	20211115	5691	aaa
0	0		222.5	22.0	195.5	3.0	-1.0	140.0	0.005998	-0.017746	0.002571	0.018908	20211115	5701	aaa
0	0		222.5	22.0	205.5	3.0	-1.0	150.0	0.0011174	-0.004508	0.0007698	0.004708	20211115	5711	aaa
0	0		222.5	22.0	215.5	3.0	-1.0	160.0	0.000249	-0.0014437	0.0004523	0.0015332	20211115	5721	aaa
0	0		223.5	22.0	35.5	4.0	-1.0	-20.0	0.0002839	-0.0016299	0.0004222	0.0017075	20211115	5820	aaa
0	0		223.5	22.0	45.5	4.0	-1.0	-10.0	0.0017175	-0.006354	0.0006157	0.006611	20211115	5829	aaa
0	0		223.5	22.0	55.5	4.0	-1.0	0.0	0.009948	-0.02994	-0.003021	0.0317	20211115	5839	aaa
0	0		223.5	22.0	65.5	4.0	-1.0	10.0	0.06538	-0.21746	-0.04015	0.2306	20211115	5849	aaa
0	0		223.5	22.0	75.5	4.0	-1.0	20.0	0.11325	-0.3609	-0.013661	0.3784	20211115	5859	aaa
0	0		223.5	22.0	85.5	4.0	-1.0	30.0	0.12207	-0.3734	6.52e-05	0.3928	20211115	5868	aaa
0	0		223.5	22.0	95.5	4.0	-1.0	40.0	0.12654	-0.3743	-0.0006666	0.3951	20211115	5878	aaa
0	0		223.5	22.0	105.5	4.0	-1.0	50.0	0.13016	-0.3727	-0.004524	0.3948	20211115	5888	aaa
0	0		223.5	22.0	115.5	4.0	-1.0	60.0	0.12659	-0.3658	-0.007533	0.3871	20211115	5898	aaa
0	0		223.5	22.0	125.5	4.0	-1.0	70.0	0.12771	-0.3626	-0.008381	0.3845	20211115	5908	aaa
0	0		223.5	22.0	135.5	4.0	-1.0	80.0	0.12316	-0.3639	-0.002212	0.3842	20211115	5918	aaa
0	0		223.5	22.0	145.5	4.0	-1.0	90.0	0.11784	-0.3745	-0.002426	0.3926	20211115	5927	aaa
0	0		223.5	22.0	155.5	4.0	-1.0	100.0	0.11785	-0.3657	-0.0010779	0.3843	20211115	5937	aaa
0	0		223.5	22.0	165.5	4.0	-1.0	110.0	0.10823	-0.3623	-0.009125	0.3782	20211115	5947	aaa
0	0		223.5	22.0	175.5	4.0	-1.0	120.0	0.09699	-0.3433	-0.0009816	0.3568	20211115	5957	aaa
0	0		223.5	22.0	185.5	4.0	-1.0	130.0	0.04446	-0.16147	0.02352	0.16912	20211115	5966	aaa
0	0		223.5	22.0	195.5	4.0	-1.0	140.0	0.005858	-0.02351	0.003489	0.02448	20211115	5976	aaa
0	0		223.5	22.0	205.5	4.0	-1.0	150.0	0.0011009	-0.005951	0.0009157	0.006121	20211115	5986	aaa
0	0		223.5	22.0	215.5	4.0	-1.0	160.0	0.0002402	-0.0019068	0.0004861	0.0019824	20211115	5996	aaa
0	0		215.5	23.0	35.5	-4.0	0.0	-20.0	-0.0006144	0.00312	0.000541	0.003225	20211115	6102	aaa
0	0		215.5	23.0	45.5	-4.0	0.0	-10.0	-0.0011322	0.009256	0.0016872	0.009476	20211115	6112	aaa
0	0		215.5	23.0	55.5	-4.0	0.0	0.0	-0.0012088	0.03732	0.005963	0.03781	20211115	6122	aaa
0	0		215.5	23.0	65.5	-4.0	0.0	10.0	0.019157	0.23993	0.005086	0.24074	20211115	6131	aaa
0	0		215.5	23.0	75.5	-4.0	0.0	20.0	0.020195	0.3621	-0.002055	0.3627	20211115	6141	aaa
0	0		215.5	23.0	85.5	-4.0	0.0	30.0	0.020119	0.3965	0.009288	0.3972	20211115	6151	aaa
0	0		215.5	23.0	95.5	-4.0	0.0	40.0	0.021587	0.4014	0.01473	0.4022	20211115	6161	aaa
0	0		215.5	23.0	105.5	-4.0	0.0	50.0	0.0252	0.3989	0.0018499	0.3997	20211115	6171	aaa
0	0		215.5	23.0	115.5	-4.0	0.0	60.0	0.01941	0.4099	0.00329	0.4104	20211115	6180	aaa
0	0		215.5	23.0	125.5	-4.0	0.0	70.0	0.00803	0.4068	0.004394	0.4069	20211115	6190	aaa
0	0		215.5	23.0	135.5	-4.0	0.0	80.0	0.006749	0.4061	0.0001942	0.4061	20211115	6200	aaa
0	0		215.5	23.0	145.5	-4.0	0.0	90.0	0.012506	0.4106	0.008146	0.4108	20211115	6210	aaa
0	0		215.5	23.0	155.5	-4.0	0.0	100.0	0.001605	0.4121	0.0009057	0.4122	20211115	6220	aaa
0	0		215.5	23.0	165.5	-4.0	0.0	110.0	0.0024364	0.4108	-0.003188	0.4109	20211115	6230	aaa
0	0		215.5	23.0	175.5	-4.0	0.0	120.0	0.004687	0.383	-0.004874	0.3831	20211115	6239	aaa
0	0		215.5	23.0	185.5	-4.0	0.0	130.0	-0.0006248	0.18887	-0.0015293	0.18887	20211115	6249	aaa
0	0		215.5	23.0	195.5	-4.0	0.0	140.0	-0.0008885	0.02619	0.0006818	0.02622	20211115	6259	aaa
0	0		215.5	23.0	205.5	-4.0	0.0	150.0	-0.0003968	0.006077	0.0005994	0.00612	20211115	6269	aaa
0	0		215.5	23.0	215.5	-4.0	0.0	160.0	-0.0001813	0.0019012	0.000439	0.0019596	20211115	6279	aaa
0	0		216.5	23.0	35.5	-3.0	0.0	-20.0	-0.0005861	0.002542	0.0005689	0.00267	20211115	6377	aaa
0	0		216.5	23.0	45.5	-3.0	0.0	-10.0	-0.0010393	0.007362	0.0017143	0.00763	20211115	6387	aaa
0	0		216.5	23.0	55.5	-3.0	0.0	0.0	-0.0007496	0.02935	0.005575	0.02989	20211115	6397	aaa
0	0		216.5	23.0	65.5	-3.0	0.0	10.0	0.018463	0.18055	0.002976	0.18151	20211115	6407	aaa
0	0		216.5	23.0	75.5	-3.0	0.0	20.0	0.020186	0.27379	-0.002287	0.27454	20211115	6417	aaa
0	0		216.5	23.0	85.5	-3.0	0.0	30.0	0.021333	0.3008	0.008238	0.3017	20211115	6427	aaa
0	0		216.5	23.0	95.5	-3.0	0.0	40.0	0.023887	0.3042	0.012872	0.3055	20211115	6437	aaa
0	0		216.5	23.0	105.5	-3.0	0.0	50.0	0.02928	0.3021	0.0014336	0.3035	20211115	6446	aaa
0	0		216.5	23.0	115.5	-3.0	0.0	60.0	0.02212	0.3125	0.0023011	0.3133	20211115	6456	aaa
0	0		216.5	23.0	125.5	-3.0	0.0	70.0	0.014375	0.3111	0.0034	0.3114	20211115	6466	aaa
0	0		216.5	23.0	135.5	-3.0	0.0	80.0	0.012309	0.3103	-0.0004198	0.3106	20211115	6476	aaa
0	0		216.5	23.0	145.5	-3.0	0.0	90.0	0.014427	0.3125	0.007164	0.3129	20211115	6485	aaa
0	0		216.5	23.0	155.5	-3.0	0.0	100.0	0.006735	0.3149	0.0006506	0.315	20211115	6495	aaa
0	0		216.5	23.0	165.5	-3.0	0.0	110.0	0.005072	0.3142	-0.003967	0.3142	20211115	6505	aaa
0	0		216.5	23.0	175.5	-3.0	0.0	120.0	0.005898	0.293	-0.005195	0.2932	20211115	6515	aaa
0	0		216.5	23.0	185.5	-3.0	0.0	130.0	-0.0004814	0.14596	-0.0017183	0.14597	20211115	6525	aaa
0	0		216.5	23.0	195.5	-3.0	0.0	140.0	-0.0009552	0.02043	0.0005143	0.02046	20211115	6535	aaa
0	0		216.5	23.0	205.5	-3.0	0.0	150.0	-0.000427	0.004629	0.0005425	0.00468	20211115	6544	aaa
0	0		216.5	23.0	215.5	-3.0	0.0	160.0	-0.0001959	0.0014377	0.0004186	0.0015102	20211115	6554	aaa
0	0		217.5	23.0	35.5	-2.0	0.0	-20.0	-0.0005543	0.0019501	0.0005919	0.002112	20211115	6653	aaa
0	0		217.5	23.0	45.5	-2.0	0.0	-10.0	-0.0009392	0.005407	0.0017276	0.005753	20211115	6663	aaa
0	0		217.5	23.0	55.5	-2.0	0.0	0.0	-0.0003408	0.020852	0.005163	0.021484	20211115	6673	aaa
0	0		217.5	23.0	65.5	-2.0	0.0	10.0	0.017424	0.12248	0.0010441	0.12371	20211115	6683	aaa
0	0		217.5	23.0	75.5	-2.0	0.0	20.0	0.020269	0.18446	-0.002721	0.18559	20211115	6692	aaa
0	0		217.5	23.0	85.5	-2.0	0.0	30.0	0.022155	0.20458	0.007211	0.2059	20211115	6702	aaa
0	0		217.5	23.0	95.5	-2.0	0.0	40.0	0.025868	0.20669	0.010961	0.2086	20211115	6712	aaa
0	0		217.5	23.0	105.5	-2.0	0.0	50.0	0.03227	0.20512	0.0010425	0.20765	20211115	6722	aaa
0	0		217.5	23.0	115.5	-2.0	0.0	60.0	0.02444	0.21506	0.0013302	0.21645	20211115	6732	aaa
0	0		217.5	23.0	125.5	-2.0	0.0	70.0	0.019468	0.21476	0.002189	0.21565	20211115	6741	aaa
0	0		217.5	23.0	135.5	-2.0	0.0	80.0	0.017117	0.21404	-0.000799	0.21473	20211115	6751	aaa
0	0		217.5	23.0	145.5	-2.0	0.0	90.0	0.016544	0.21463	0.006121	0.21535	20211115	6761	aaa
0	0		217.5	23.0	155.5	-2.0	0.0	100.0	0.011129	0.21756	0.0004404	0.21786	20211115	6771	aaa
0	0		217.5	23.0	165.5	-2.0	0.0	110.0	0.007559	0.21786	-0.0046	0.21804	20211115	6780	aaa
0	0		217.5	23.0	175.5	-2.0	0.0	120.0	0.006851	0.20268	-0.005366	0.20286	20211115	6790	aaa
0	0		217.5	23.0	185.5	-2.0	0.0	130.0	-0.0003233	0.10188	-0.001877	0.10189	20211115	6800	aaa
0	0		217.5	23.0	195.5	-2.0	0.0	140.0	-0.0010009	0.014252	0.0003426	0.014291	20211115	6810	aaa
0	0		217.5	23.0	205.5	-2.0	0.0	150.0	-0.0004497	0.003133	0.0004836	0.003202	20211115	6820	aaa
0	0		217.5	23.0	215.5	-2.0	0.0	160.0	-0.0002098	0.0009615	0.0003982	0.0010616	20211115	6829	aaa
0	0		218.5	23.0	35.5	-1.0	0.0	-20.0	-0.0005193	0.0013502	0.0006113	0.0015705	20211115	6928	aaa
0	0		218.5	23.0	45.5	-1.0	0.0	-10.0	-0.0008368	0.003417	0.0017274	0.003919	20211115	6938	aaa
0	0		218.5	23.0	55.5	-1.0	0.0	0.0	-6.2e-06	0.012002	0.004742	0.012904	20211115	6948	aaa
0	0		218.5	23.0	65.5	-1.0	0.0	10.0	0.016087	0.06547	-0.0008593	0.06743	20211115	6958	aaa
0	0		218.5	23.0	75.5	-1.0	0.0	20.0	0.02031	0.09524	-0.003348	0.09744	20211115	6967	aaa
0	0		218.5	23.0	85.5	-1.0	0.0	30.0	0.022768	0.10886	0.006219	0.11139	20211115	6977	aaa
0	0		218.5	23.0	95.5	-1.0	0.0	40.0	0.02716	0.11013	0.009074	0.11379	20211115	6987	aaa
0	0		218.5	23.0	105.5	-1.0	0.0	50.0	0.03394	0.10934	0.000626	0.11448	20211115	6997	aaa
0	0		218.5	23.0	115.5	-1.0	0.0	60.0	0.02597	0.11842	0.0003556	0.12124	20211115	7007	aaa
0	0		218.5	23.0	125.5	-1.0	0.0	70.0	0.02363	0.11905	0.0008545	0.12138	20211115	7016	aaa
0	0		218.5	23.0	135.5	-1.0	0.0	80.0	0.02076	0.11842	-0.0010117	0.12024	20211115	7026	aaa
0	0		218.5	23.0	145.5	-1.0	0.0	90.0	0.01808	0.11711	0.005047	0.11861	20211115	7036	aaa
0	0		218.5	23.0	155.5	-1.0	0.0	100.0	0.014528	0.12093	0.0002488	0.1218	20211115	7046	aaa
0	0		218.5	23.0	165.5	-1.0	0.0	110.0	0.009359	0.12176	-0.005126	0.12222	20211115	7055	aaa
0	0		218.5	23.0	175.5	-1.0	0.0	120.0	0.00745	0.11323	-0.005405	0.1136	20211115	7065	aaa
0	0		218.5	23.0	185.5	-1.0	0.0	130.0	-0.0002197	0.05776	-0.0019668	0.0578	20211115	7075	aaa
0	0		218.5	23.0	195.5	-1.0	0.0	140.0	-0.001034	0.007791	0.0001758	0.007861	20211115	7085	aaa
0	0		218.5	23.0	205.5	-1.0	0.0	150.0	-0.0004679	0.001606	0.0004262	0.0017262	20211115	7095	aaa
0	0		218.5	23.0	215.5	-1.0	0.0	160.0	-0.0002206	0.0004797	0.0003776	0.0006493	20211115	7104	aaa
0	0		219.5	23.0	35.5	0.0	0.0	-20.0	-0.0004825	0.0007449	0.0006258	0.001086	20211115	7203	aaa
0	0		219.5	23.0	45.5	0.0	0.0	-10.0	-0.0007312	0.0014043	0.0017145	0.0023337	20211115	7213	aaa
0	0		219.5	23.0	55.5	0.0	0.0	0.0	0.0002477	0.002991	0.004334	0.005272	20211115	7223	aaa
0	0		219.5	23.0	65.5	0.0	0.0	10.0	0.014682	0.00921	-0.0027601	0.01755	20211115	7233	aaa
0	0		219.5	23.0	75.5	0.0	0.0	20.0	0.020406	0.005574	-0.004161	0.021557	20211115	7242	aaa
0	0		219.5	23.0	85.5	0.0	0.0	30.0	0.023389	0.012918	0.005257	0.027231	20211115	7252	aaa
0	0		219.5	23.0	95.5	0.0	0.0	40.0	0.02812	0.013706	0.007236	0.03211	20211115	7262	aaa
0	0		219.5	23.0	105.5	0.0	0.0	50.0	0.03493	0.013504	0.0001561	0.03745	20211115	7272	aaa
0	0		219.5	23.0	115.5	0.0	0.0	60.0	0.02718	0.021549	-0.0006464	0.0347	20211115	7282	aaa
0	0		219.5	23.0	125.5	0.0	0.0	70.0	0.02661	0.022702	-0.0005804	0.03499	20211115	7292	aaa
0	0		219.5	23.0	135.5	0.0	0.0	80.0	0.02338	0.02261	-0.0011082	0.03254	20211115	7301	aaa
0	0		219.5	23.0	145.5	0.0	0.0	90.0	0.019171	0.019812	0.003956	0.02785	20211115	7311	aaa
0	0		219.5	23.0	155.5	0.0	0.0	100.0	0.016911	0.024382	4.83e-05	0.029679	20211115	7321	aaa
0	0		219.5	23.0	165.5	0.0	0.0	110.0	0.010836	0.025677	-0.005578	0.028423	20211115	7331	aaa
0	0		219.5	23.0	175.5	0.0	0.0	120.0	0.007717	0.023497	-0.005351	0.025304	20211115	7341	aaa
0	0		219.5	23.0	185.5	0.0	0.0	130.0	-0.000219	0.013492	-0.002012	0.013643	20211115	7351	aaa
0	0		219.5	23.0	195.5	0.0	0.0	140.0	-0.0010648	0.0011953	1.68e-05	0.0016009	20211115	7360	aaa
0	0		219.5	23.0	205.5	0.0	0.0	150.0	-0.0004844	6.02e-05	0.0003705	0.0006128	20211115	7370	aaa
0	0		219.5	23.0	215.5	0.0	0.0	160.0	-0.0002315	-6.4e-06	0.0003574	0.0004259	20211115	7380	aaa
0	0		220.5	23.0	35.5	1.0	0.0	-20.0	-0.0004444	0.000141	0.0006352	0.0007879	20211115	7479	aaa
0	0		220.5	23.0	45.5	1.0	0.0	-10.0	-0.0006257	-0.0006062	0.0016894	0.0019009	20211115	7489	aaa
0	0		220.5	23.0	55.5	1.0	0.0	0.0	0.0004407	-0.006021	0.003957	0.007218	20211115	7498	aaa
0	0		220.5	23.0	65.5	1.0	0.0	10.0	0.013321	-0.04662	-0.004707	0.04872	20211115	7508	aaa
0	0		220.5	23.0	75.5	1.0	0.0	20.0	0.020593	-0.08438	-0.00516	0.08701	20211115	7518	aaa
0	0		220.5	23.0	85.5	1.0	0.0	30.0	0.023863	-0.08285	0.0043	0.08633	20211115	7528	aaa
0	0		220.5	23.0	95.5	1.0	0.0	40.0	0.02882	-0.08243	0.005446	0.08749	20211115	7538	aaa
0	0		220.5	23.0	105.5	1.0	0.0	50.0	0.03527	-0.08216	-0.0004082	0.08941	20211115	7547	aaa
0	0		220.5	23.0	115.5	1.0	0.0	60.0	0.02836	-0.0746	-0.0017023	0.07982	20211115	7557	aaa
0	0		220.5	23.0	125.5	1.0	0.0	70.0	0.02883	-0.07326	-0.002086	0.07875	20211115	7567	aaa
0	0		220.5	23.0	135.5	1.0	0.0	80.0	0.02522	-0.07335	-0.0011321	0.07757	20211115	7577	aaa
0	0		220.5	23.0	145.5	1.0	0.0	90.0	0.019889	-0.0777	0.002823	0.08024	20211115	7587	aaa
0	0		220.5	23.0	155.5	1.0	0.0	100.0	0.018765	-0.07196	-0.0001894	0.07437	20211115	7597	aaa
0	0		220.5	23.0	165.5	1.0	0.0	110.0	0.011836	-0.07015	-0.006013	0.0714	20211115	7606	aaa
0	0		220.5	23.0	175.5	1.0	0.0	120.0	0.007929	-0.06607	-0.005242	0.06675	20211115	7616	aaa
0	0		220.5	23.0	185.5	1.0	0.0	130.0	-0.0002698	-0.03074	-0.002049	0.03081	20211115	7626	aaa
0	0		220.5	23.0	195.5	1.0	0.0	140.0	-0.0010848	-0.005441	-0.000138	0.00555	20211115	7636	aaa
0	0		220.5	23.0	205.5	1.0	0.0	150.0	-0.0004946	-0.0015025	0.0003164	0.0016132	20211115	7646	aaa
0	0		220.5	23.0	215.5	1.0	0.0	160.0	-0.0002403	-0.0004959	0.0003373	0.0006461	20211115	7656	aaa
0	0		221.5	23.0	35.5	2.0	0.0	-20.0	-0.0004039	-0.0004625	0.0006402	0.0008871	20211115	7754	aaa
0	0		221.5	23.0	45.5	2.0	0.0	-10.0	-0.0005202	-0.0026083	0.0016537	0.003132	20211115	7764	aaa
0	0		221.5	23.0	55.5	2.0	0.0	0.0	0.0005913	-0.014869	0.00361	0.015313	20211115	7774	aaa
0	0		221.5	23.0	65.5	2.0	0.0	10.0	0.012037	-0.10254	-0.00675	0.10347	20211115	7784	aaa
0	0		221.5	23.0	75.5	2.0	0.0	20.0	0.021067	-0.1747	-0.006345	0.17608	20211115	7794	aaa
0	0		221.5	23.0	85.5	2.0	0.0	30.0	0.02435	-0.17874	0.003331	0.18042	20211115	7803	aaa
0	0		221.5	23.0	95.5	2.0	0.0	40.0	0.02929	-0.17868	0.003676	0.1811	20211115	7813	aaa
0	0		221.5	23.0	105.5	2.0	0.0	50.0	0.03522	-0.17764	-0.0010909	0.1811	20211115	7823	aaa
0	0		221.5	23.0	115.5	2.0	0.0	60.0	0.0287	-0.17088	-0.002854	0.1733	20211115	7833	aaa
0	0		221.5	23.0	125.5	2.0	0.0	70.0	0.03013	-0.16912	-0.003657	0.17182	20211115	7843	aaa
0	0		221.5	23.0	135.5	2.0	0.0	80.0	0.02633	-0.16921	-0.0011117	0.17125	20211115	7852	aaa
0	0		221.5	23.0	145.5	2.0	0.0	90.0	0.02052	-0.17458	0.0016195	0.17577	20211115	7862	aaa
0	0		221.5	23.0	155.5	2.0	0.0	100.0	0.019787	-0.16859	-0.0004927	0.16974	20211115	7872	aaa
0	0		221.5	23.0	165.5	2.0	0.0	110.0	0.012404	-0.16593	-0.006476	0.16652	20211115	7882	aaa
0	0		221.5	23.0	175.5	2.0	0.0	120.0	0.007771	-0.15611	-0.005118	0.15639	20211115	7891	aaa
0	0		221.5	23.0	185.5	2.0	0.0	130.0	-0.0004173	-0.07482	-0.002104	0.07485	20211115	7901	aaa
0	0		221.5	23.0	195.5	2.0	0.0	140.0	-0.0011055	-0.012009	-0.0002902	0.012063	20211115	7911	aaa
0	0		221.5	23.0	205.5	2.0	0.0	150.0	-0.0005031	-0.003057	0.000264	0.003109	20211115	7921	aaa
0	0		221.5	23.0	215.5	2.0	0.0	160.0	-0.0002479	-0.0009826	0.000318	0.0010621	20211115	7931	aaa
0	0		222.5	23.0	35.5	3.0	0.0	-20.0	-0.0003635	-0.0010582	0.0006411	0.0012895	20211115	8030	aaa
0	0		222.5	23.0	45.5	3.0	0.0	-10.0	-0.0004168	-0.004571	0.0016079	0.004863	20211115	8039	aaa
0	0		222.5	23.0	55.5	3.0	0.0	0.0	0.0006909	-0.023411	0.003302	0.023653	20211115	8049	aaa
0	0		222.5	23.0	65.5	3.0	0.0	10.0	0.010841	-0.15862	-0.008956	0.15924	20211115	8059	aaa
0	0		222.5	23.0	75.5	3.0	0.0	20.0	0.021703	-0.26591	-0.007725	0.26691	20211115	8069	aaa
0	0		222.5	23.0	85.5	3.0	0.0	30.0	0.024926	-0.2751	0.0023424	0.27623	20211115	8078	aaa
0	0		222.5	23.0	95.5	3.0	0.0	40.0	0.02964	-0.27526	0.0019287	0.27685	20211115	8088	aaa
0	0		222.5	23.0	105.5	3.0	0.0	50.0	0.03471	-0.27394	-0.001903	0.27614	20211115	8098	aaa
0	0		222.5	23.0	115.5	3.0	0.0	60.0	0.02939	-0.26749	-0.004121	0.26913	20211115	8108	aaa
0	0		222.5	23.0	125.5	3.0	0.0	70.0	0.03115	-0.26533	-0.005282	0.2672	20211115	8118	aaa
0	0		222.5	23.0	135.5	3.0	0.0	80.0	0.02711	-0.26533	-0.0010564	0.26672	20211115	8127	aaa
0	0		222.5	23.0	145.5	3.0	0.0	90.0	0.02038	-0.27299	0.0002956	0.27375	20211115	8137	aaa
0	0		222.5	23.0	155.5	3.0	0.0	100.0	0.02063	-0.266	-0.0008718	0.26679	20211115	8147	aaa
0	0		222.5	23.0	165.5	3.0	0.0	110.0	0.012549	-0.26211	-0.006997	0.2625	20211115	8156	aaa
0	0		222.5	23.0	175.5	3.0	0.0	120.0	0.007511	-0.24665	-0.005001	0.2468	20211115	8166	aaa
0	0		222.5	23.0	185.5	3.0	0.0	130.0	-0.0005944	-0.11882	-0.002178	0.11884	20211115	8176	aaa
0	0		222.5	23.0	195.5	3.0	0.0	140.0	-0.0011004	-0.018389	-0.0004319	0.018426	20211115	8186	aaa
0	0		222.5	23.0	205.5	3.0	0.0	150.0	-0.0005055	-0.004585	0.0002148	0.004618	20211115	8196	aaa
0	0		222.5	23.0	215.5	3.0	0.0	160.0	-0.0002541	-0.0014643	0.0002993	0.001516	20211115	8205	aaa
0	0		223.5	23.0	35.5	4.0	0.0	-20.0	-0.0003225	-0.0016418	0.0006378	0.0017906	20211115	8304	aaa
0	0		223.5	23.0	45.5	4.0	0.0	-10.0	-0.0003149	-0.006463	0.0015532	0.006655	20211115	8314	aaa
0	0		223.5	23.0	55.5	4.0	0.0	0.0	0.000769	-0.03146	0.003027	0.03161	20211115	8324	aaa
0	0		223.5	23.0	65.5	4.0	0.0	10.0	0.009895	-0.21504	-0.011449	0.21557	20211115	8334	aaa
0	0		223.5	23.0	75.5	4.0	0.0	20.0	0.02241	-0.3575	-0.009276	0.3583	20211115	8344	aaa
0	0		223.5	23.0	85.5	4.0	0.0	30.0	0.025453	-0.3711	0.0013456	0.372	20211115	8353	aaa
0	0		223.5	23.0	95.5	4.0	0.0	40.0	0.02977	-0.3713	0.0002085	0.3724	20211115	8363	aaa
0	0		223.5	23.0	105.5	4.0	0.0	50.0	0.03437	-0.3694	-0.002839	0.371	20211115	8373	aaa
0	0		223.5	23.0	115.5	4.0	0.0	60.0	0.02982	-0.3637	-0.005503	0.365	20211115	8382	aaa
0	0		223.5	23.0	125.5	4.0	0.0	70.0	0.03146	-0.3611	-0.006919	0.3626	20211115	8392	aaa
0	0		223.5	23.0	135.5	4.0	0.0	80.0	0.02707	-0.3612	-0.0009441	0.3622	20211115	8402	aaa
0	0		223.5	23.0	145.5	4.0	0.0	90.0	0.02015	-0.3708	-0.0011698	0.3713	20211115	8412	aaa
0	0		223.5	23.0	155.5	4.0	0.0	100.0	0.02128	-0.3626	-0.0013187	0.3632	20211115	8422	aaa
0	0		223.5	23.0	165.5	4.0	0.0	110.0	0.012195	-0.3583	-0.007584	0.3586	20211115	8431	aaa
0	0		223.5	23.0	175.5	4.0	0.0	120.0	0.007079	-0.3377	-0.004901	0.3378	20211115	8441	aaa
0	0		223.5	23.0	185.5	4.0	0.0	130.0	-0.0008978	-0.16213	-0.002316	0.16215	20211115	8451	aaa
0	0		223.5	23.0	195.5	4.0	0.0	140.0	-0.0011088	-0.02448	-0.0005763	0.02451	20211115	8461	aaa
0	0		223.5	23.0	205.5	4.0	0.0	150.0	-0.0005026	-0.006065	0.0001697	0.006088	20211115	8470	aaa
0	0		223.5	23.0	215.5	4.0	0.0	160.0	-0.0002585	-0.0019363	0.0002817	0.0019737	20211115	8480	aaa
0	0		215.5	24.0	35.5	-4.0	1.0	-20.0	-0.001132	0.003181	0.0002062	0.003381	20211115	8586	aaa
0	0		215.5	24.0	45.5	-4.0	1.0	-10.0	-0.0027668	0.009507	0.0004675	0.009913	20211115	8596	aaa
0	0		215.5	24.0	55.5	-4.0	1.0	0.0	-0.007287	0.03896	-0.0010448	0.03966	20211115	8606	aaa
0	0		215.5	24.0	65.5	-4.0	1.0	10.0	-0.03493	0.23683	-0.026479	0.24085	20211115	8616	aaa
0	0		215.5	24.0	75.5	-4.0	1.0	20.0	-0.06533	0.3647	-0.006486	0.3705	20211115	8625	aaa
0	0		215.5	24.0	85.5	-4.0	1.0	30.0	-0.0723	0.396	0.007059	0.4027	20211115	8635	aaa
0	0		215.5	24.0	95.5	-4.0	1.0	40.0	-0.07378	0.4007	0.014591	0.4077	20211115	8645	aaa
0	0		215.5	24.0	105.5	-4.0	1.0	50.0	-0.06838	0.3965	-0.003618	0.4024	20211115	8655	aaa
0	0		215.5	24.0	115.5	-4.0	1.0	60.0	-0.07449	0.4097	0.0001769	0.4164	20211115	8665	aaa
0	0		215.5	24.0	125.5	-4.0	1.0	70.0	-0.08142	0.4033	0.003294	0.4115	20211115	8674	aaa
0	0		215.5	24.0	135.5	-4.0	1.0	80.0	-0.08285	0.4035	-0.0027695	0.412	20211115	8684	aaa
0	0		215.5	24.0	145.5	-4.0	1.0	90.0	-0.08357	0.4097	0.008176	0.4182	20211115	8694	aaa
0	0		215.5	24.0	155.5	-4.0	1.0	100.0	-0.09188	0.4085	-0.0019034	0.4187	20211115	8704	aaa
0	0		215.5	24.0	165.5	-4.0	1.0	110.0	-0.0899	0.4083	-0.004852	0.4181	20211115	8714	aaa
0	0		215.5	24.0	175.5	-4.0	1.0	120.0	-0.08039	0.3808	-0.002642	0.3892	20211115	8723	aaa
0	0		215.5	24.0	185.5	-4.0	1.0	130.0	-0.04167	0.19105	0.0318	0.19811	20211115	8733	aaa
0	0		215.5	24.0	195.5	-4.0	1.0	140.0	-0.005653	0.02727	0.00553	0.02839	20211115	8743	aaa
0	0		215.5	24.0	205.5	-4.0	1.0	150.0	-0.0017365	0.006214	0.0014224	0.006607	20211115	8753	aaa
0	0		215.5	24.0	215.5	-4.0	1.0	160.0	-0.0006263	0.0019275	0.0006537	0.0021295	20211115	8763	aaa
0	0		216.5	24.0	35.5	-3.0	1.0	-20.0	-0.001129	0.002596	0.0002995	0.002846	20211115	8861	aaa
0	0		216.5	24.0	45.5	-3.0	1.0	-10.0	-0.0027828	0.007579	0.0007487	0.008108	20211115	8871	aaa
0	0		216.5	24.0	55.5	-3.0	1.0	0.0	-0.00767	0.03069	4.44e-05	0.03163	20211115	8881	aaa
0	0		216.5	24.0	65.5	-3.0	1.0	10.0	-0.03702	0.17902	-0.020288	0.18393	20211115	8891	aaa
0	0		216.5	24.0	75.5	-3.0	1.0	20.0	-0.06866	0.27635	-0.006019	0.28482	20211115	8901	aaa
0	0		216.5	24.0	85.5	-3.0	1.0	30.0	-0.07422	0.3009	0.006294	0.31	20211115	8911	aaa
0	0		216.5	24.0	95.5	-3.0	1.0	40.0	-0.07372	0.3043	0.012747	0.3134	20211115	8920	aaa
0	0		216.5	24.0	105.5	-3.0	1.0	50.0	-0.06614	0.3008	-0.002918	0.308	20211115	8930	aaa
0	0		216.5	24.0	115.5	-3.0	1.0	60.0	-0.07481	0.3128	-0.0001727	0.3216	20211115	8940	aaa
0	0		216.5	24.0	125.5	-3.0	1.0	70.0	-0.07889	0.3089	0.002439	0.3189	20211115	8950	aaa
0	0		216.5	24.0	135.5	-3.0	1.0	80.0	-0.08066	0.3093	-0.002905	0.3197	20211115	8960	aaa
0	0		216.5	24.0	145.5	-3.0	1.0	90.0	-0.08347	0.3125	0.007062	0.3235	20211115	8969	aaa
0	0		216.5	24.0	155.5	-3.0	1.0	100.0	-0.08897	0.3124	-0.0018014	0.3249	20211115	8979	aaa
0	0		216.5	24.0	165.5	-3.0	1.0	110.0	-0.09026	0.313	-0.005339	0.3258	20211115	8989	aaa
0	0		216.5	24.0	175.5	-3.0	1.0	120.0	-0.08255	0.2923	-0.003407	0.3037	20211115	8999	aaa
0	0		216.5	24.0	185.5	-3.0	1.0	130.0	-0.0443	0.1479	0.023129	0.15612	20211115	9009	aaa
0	0		216.5	24.0	195.5	-3.0	1.0	140.0	-0.006322	0.02129	0.004402	0.02264	20211115	9018	aaa
0	0		216.5	24.0	205.5	-3.0	1.0	150.0	-0.0018421	0.004744	0.0011827	0.005225	20211115	9028	aaa
0	0		216.5	24.0	215.5	-3.0	1.0	160.0	-0.0006586	0.0014585	0.0005833	0.0017033	20211115	9038	aaa
0	0		217.5	24.0	35.5	-2.0	1.0	-20.0	-0.001117	0.0019953	0.0003923	0.0023201	20211115	9137	aaa
0	0		217.5	24.0	45.5	-2.0	1.0	-10.0	-0.0027766	0.005584	0.0010305	0.006321	20211115	9147	aaa
0	0		217.5	24.0	55.5	-2.0	1.0	0.0	-0.008027	0.021855	0.0012425	0.023316	20211115	9157	aaa
0	0		217.5	24.0	65.5	-2.0	1.0	10.0	-0.03851	0.12186	-0.014536	0.12862	20211115	9166	aaa
0	0		217.5	24.0	75.5	-2.0	1.0	20.0	-0.06992	0.18669	-0.005463	0.19943	20211115	9176	aaa
0	0		217.5	24.0	85.5	-2.0	1.0	30.0	-0.07429	0.20497	0.005691	0.21808	20211115	9186	aaa
0	0		217.5	24.0	95.5	-2.0	1.0	40.0	-0.07258	0.20766	0.010904	0.22025	20211115	9196	aaa
0	0		217.5	24.0	105.5	-2.0	1.0	50.0	-0.06364	0.20493	-0.0022598	0.2146	20211115	9205	aaa
0	0		217.5	24.0	115.5	-2.0	1.0	60.0	-0.07353	0.21588	-0.000543	0.22807	20211115	9215	aaa
0	0		217.5	24.0	125.5	-2.0	1.0	70.0	-0.07513	0.21334	0.0014038	0.2262	20211115	9225	aaa
0	0		217.5	24.0	135.5	-2.0	1.0	80.0	-0.0774	0.21379	-0.002716	0.22739	20211115	9235	aaa
0	0		217.5	24.0	145.5	-2.0	1.0	90.0	-0.08213	0.21517	0.006028	0.23039	20211115	9244	aaa
0	0		217.5	24.0	155.5	-2.0	1.0	100.0	-0.08521	0.2161	-0.0016108	0.2323	20211115	9254	aaa
0	0		217.5	24.0	165.5	-2.0	1.0	110.0	-0.08872	0.21735	-0.005654	0.23482	20211115	9264	aaa
0	0		217.5	24.0	175.5	-2.0	1.0	120.0	-0.08276	0.2028	-0.00424	0.21907	20211115	9274	aaa
0	0		217.5	24.0	185.5	-2.0	1.0	130.0	-0.04564	0.10365	0.015289	0.11429	20211115	9283	aaa
0	0		217.5	24.0	195.5	-2.0	1.0	140.0	-0.006914	0.014923	0.003165	0.016749	20211115	9293	aaa
0	0		217.5	24.0	205.5	-2.0	1.0	150.0	-0.0019346	0.003225	0.0009336	0.003875	20211115	9303	aaa
0	0		217.5	24.0	215.5	-2.0	1.0	160.0	-0.000685	0.0009775	0.0005107	0.0012983	20211115	9313	aaa
0	0		218.5	24.0	35.5	-1.0	1.0	-20.0	-0.0011006	0.0013889	0.0004806	0.0018361	20211115	9412	aaa
0	0		218.5	24.0	45.5	-1.0	1.0	-10.0	-0.0027529	0.00356	0.0013048	0.004685	20211115	9421	aaa
0	0		218.5	24.0	55.5	-1.0	1.0	0.0	-0.008343	0.012683	0.0025186	0.015388	20211115	9431	aaa
0	0		218.5	24.0	65.5	-1.0	1.0	10.0	-0.03973	0.06547	-0.009138	0.07714	20211115	9441	aaa
0	0		218.5	24.0	75.5	-1.0	1.0	20.0	-0.07027	0.0974	-0.004911	0.1202	20211115	9451	aaa
0	0		218.5	24.0	85.5	-1.0	1.0	30.0	-0.074	0.10958	0.005207	0.13233	20211115	9461	aaa
0	0		218.5	24.0	95.5	-1.0	1.0	40.0	-0.07065	0.11101	0.009128	0.1319	20211115	9470	aaa
0	0		218.5	24.0	105.5	-1.0	1.0	50.0	-0.06161	0.10967	-0.0016886	0.1258	20211115	9480	aaa
0	0		218.5	24.0	115.5	-1.0	1.0	60.0	-0.07202	0.11934	-0.000918	0.13939	20211115	9490	aaa
0	0		218.5	24.0	125.5	-1.0	1.0	70.0	-0.07148	0.11832	0.0002999	0.13824	20211115	9499	aaa
0	0		218.5	24.0	135.5	-1.0	1.0	80.0	-0.07427	0.11878	-0.002312	0.14011	20211115	9509	aaa
0	0		218.5	24.0	145.5	-1.0	1.0	90.0	-0.08027	0.11834	0.005095	0.14309	20211115	9519	aaa
0	0		218.5	24.0	155.5	-1.0	1.0	100.0	-0.08166	0.12023	-0.0013785	0.14535	20211115	9529	aaa
0	0		218.5	24.0	165.5	-1.0	1.0	110.0	-0.08683	0.12181	-0.005828	0.1497	20211115	9539	aaa
0	0		218.5	24.0	175.5	-1.0	1.0	120.0	-0.08242	0.11403	-0.005081	0.14079	20211115	9548	aaa
0	0		218.5	24.0	185.5	-1.0	1.0	130.0	-0.0462	0.05924	0.007961	0.07555	20211115	9558	aaa
0	0		218.5	24.0	195.5	-1.0	1.0	140.0	-0.007403	0.008289	0.0018633	0.011269	20211115	9568	aaa
0	0		218.5	24.0	205.5	-1.0	1.0	150.0	-0.002009	0.0016736	0.0006781	0.002701	20211115	9578	aaa
0	0		218.5	24.0	215.5	-1.0	1.0	160.0	-0.0007086	0.0004906	0.0004375	0.0009666	20211115	9587	aaa
0	0		219.5	24.0	35.5	0.0	1.0	-20.0	-0.0010774	0.0007764	0.0005651	0.0014432	20211115	9686	aaa
0	0		219.5	24.0	45.5	0.0	1.0	-10.0	-0.0027099	0.0015119	0.0015706	0.003478	20211115	9696	aaa
0	0		219.5	24.0	55.5	0.0	1.0	0.0	-0.008601	0.003344	0.003853	0.01	20211115	9706	aaa
0	0		219.5	24.0	65.5	0.0	1.0	10.0	-0.04104	0.009531	-0.003946	0.04231	20211115	9716	aaa
0	0		219.5	24.0	75.5	0.0	1.0	20.0	-0.0703	0.007697	-0.004441	0.07086	20211115	9725	aaa
0	0		219.5	24.0	85.5	0.0	1.0	30.0	-0.07347	0.013843	0.00479	0.07491	20211115	9735	aaa
0	0		219.5	24.0	95.5	0.0	1.0	40.0	-0.06939	0.014954	0.007448	0.07138	20211115	9745	aaa
0	0		219.5	24.0	105.5	0.0	1.0	50.0	-0.06067	0.01435	-0.0012495	0.06236	20211115	9755	aaa
0	0		219.5	24.0	115.5	0.0	1.0	60.0	-0.07047	0.022638	-0.0013016	0.07403	20211115	9765	aaa
0	0		219.5	24.0	125.5	0.0	1.0	70.0	-0.06863	0.022757	-0.0008432	0.07231	20211115	9774	aaa
0	0		219.5	24.0	135.5	0.0	1.0	80.0	-0.07171	0.023664	-0.0017856	0.07553	20211115	9784	aaa
0	0		219.5	24.0	145.5	0.0	1.0	90.0	-0.07869	0.021416	0.004238	0.08167	20211115	9794	aaa
0	0		219.5	24.0	155.5	0.0	1.0	100.0	-0.07927	0.024122	-0.0011681	0.08287	20211115	9804	aaa
0	0		219.5	24.0	165.5	0.0	1.0	110.0	-0.08524	0.026371	-0.005909	0.08942	20211115	9813	aaa
0	0		219.5	24.0	175.5	0.0	1.0	120.0	-0.082	0.025065	-0.005907	0.08596	20211115	9823	aaa
0	0		219.5	24.0	185.5	0.0	1.0	130.0	-0.04639	0.01472	0.0009396	0.04868	20211115	9833	aaa
0	0		219.5	24.0	195.5	0.0	1.0	140.0	-0.007803	0.0014746	0.0005225	0.007959	20211115	9843	aaa
0	0		219.5	24.0	205.5	0.0	1.0	150.0	-0.002066	9.89e-05	0.0004197	0.00211	20211115	9853	aaa
0	0		219.5	24.0	215.5	0.0	1.0	160.0	-0.0007279	-5e-07	0.0003637	0.0008137	20211115	9863	aaa
0	0		220.5	24.0	35.5	1.0	1.0	-20.0	-0.0010487	0.0001651	0.000645	0.0012422	20211115	9961	aaa
0	0		220.5	24.0	45.5	1.0	1.0	-10.0	-0.0026456	-0.0005352	0.0018242	0.0032576	20211115	9971	aaa
0	0		220.5	24.0	55.5	1.0	1.0	0.0	-0.008751	-0.005999	0.005218	0.011824	20211115	9981	aaa
0	0		220.5	24.0	65.5	1.0	1.0	10.0	-0.04223	-0.04616	0.0011961	0.06257	20211115	9991	aaa
0	0		220.5	24.0	75.5	1.0	1.0	20.0	-0.07002	-0.0823	-0.004134	0.10813	20211115	10000	aaa
0	0		220.5	24.0	85.5	1.0	1.0	30.0	-0.07269	-0.08179	0.004384	0.10951	20211115	10010	aaa
0	0		220.5	24.0	95.5	1.0	1.0	40.0	-0.06817	-0.08091	0.005833	0.10596	20211115	10020	aaa
0	0		220.5	24.0	105.5	1.0	1.0	50.0	-0.06015	-0.08077	-0.0009606	0.10072	20211115	10030	aaa
0	0		220.5	24.0	115.5	1.0	1.0	60.0	-0.06922	-0.0735	-0.001727	0.10098	20211115	10040	aaa
0	0		220.5	24.0	125.5	1.0	1.0	70.0	-0.06632	-0.0727	-0.0020145	0.09843	20211115	10050	aaa
0	0		220.5	24.0	135.5	1.0	1.0	80.0	-0.06975	-0.07158	-0.0012124	0.09995	20211115	10059	aaa
0	0		220.5	24.0	145.5	1.0	1.0	90.0	-0.07764	-0.07572	0.003397	0.1085	20211115	10069	aaa
0	0		220.5	24.0	155.5	1.0	1.0	100.0	-0.07725	-0.07165	-0.0010278	0.10537	20211115	10079	aaa
0	0		220.5	24.0	165.5	1.0	1.0	110.0	-0.08401	-0.06888	-0.005953	0.10878	20211115	10089	aaa
0	0		220.5	24.0	175.5	1.0	1.0	120.0	-0.08175	-0.06406	-0.006713	0.10407	20211115	10098	aaa
0	0		220.5	24.0	185.5	1.0	1.0	130.0	-0.04641	-0.02982	-0.006019	0.05549	20211115	10108	aaa
0	0		220.5	24.0	195.5	1.0	1.0	140.0	-0.008073	-0.005395	-0.0008311	0.009745	20211115	10118	aaa
0	0		220.5	24.0	205.5	1.0	1.0	150.0	-0.002103	-0.0014879	0.0001627	0.002581	20211115	10128	aaa
0	0		220.5	24.0	215.5	1.0	1.0	160.0	-0.0007415	-0.0004954	0.0002905	0.0009379	20211115	10138	aaa
0	0		221.5	24.0	35.5	2.0	1.0	-20.0	-0.0010142	-0.0004453	0.0007198	0.001321	20211115	10237	aaa
0	0		221.5	24.0	45.5	2.0	1.0	-10.0	-0.0025624	-0.002575	0.0020635	0.0041779	20211115	10246	aaa
0	0		221.5	24.0	55.5	2.0	1.0	0.0	-0.008791	-0.015185	0.006578	0.018739	20211115	10256	aaa
0	0		221.5	24.0	65.5	2.0	1.0	10.0	-0.04348	-0.10184	0.006329	0.11092	20211115	10266	aaa
0	0		221.5	24.0	75.5	2.0	1.0	20.0	-0.0696	-0.17248	-0.004074	0.18604	20211115	10276	aaa
0	0		221.5	24.0	85.5	2.0	1.0	30.0	-0.0722	-0.17747	0.003923	0.19165	20211115	10286	aaa
0	0		221.5	24.0	95.5	2.0	1.0	40.0	-0.06765	-0.17685	0.004233	0.18938	20211115	10295	aaa
0	0		221.5	24.0	105.5	2.0	1.0	50.0	-0.06035	-0.1761	-0.0008484	0.18616	20211115	10305	aaa
0	0		221.5	24.0	115.5	2.0	1.0	60.0	-0.06841	-0.16971	-0.002228	0.18299	20211115	10315	aaa
0	0		221.5	24.0	125.5	2.0	1.0	70.0	-0.06514	-0.16825	-0.00323	0.18045	20211115	10325	aaa
0	0		221.5	24.0	135.5	2.0	1.0	80.0	-0.06871	-0.16707	-0.0006455	0.18064	20211115	10335	aaa
0	0		221.5	24.0	145.5	2.0	1.0	90.0	-0.07687	-0.17282	0.0024927	0.18916	20211115	10344	aaa
0	0		221.5	24.0	155.5	2.0	1.0	100.0	-0.07587	-0.16771	-0.0010155	0.18408	20211115	10354	aaa
0	0		221.5	24.0	165.5	2.0	1.0	110.0	-0.08342	-0.16432	-0.006016	0.18438	20211115	10364	aaa
0	0		221.5	24.0	175.5	2.0	1.0	120.0	-0.08166	-0.15333	-0.007483	0.17388	20211115	10374	aaa
0	0		221.5	24.0	185.5	2.0	1.0	130.0	-0.04632	-0.07427	-0.013017	0.0885	20211115	10383	aaa
0	0		221.5	24.0	195.5	2.0	1.0	140.0	-0.008202	-0.01217	-0.002167	0.014835	20211115	10393	aaa
0	0		221.5	24.0	205.5	2.0	1.0	150.0	-0.002121	-0.003066	-9.14e-05	0.00373	20211115	10403	aaa
0	0		221.5	24.0	215.5	2.0	1.0	160.0	-0.0007507	-0.0009882	0.0002179	0.00126	20211115	10413	aaa
0	0		222.5	24.0	35.5	3.0	1.0	-20.0	-0.0009745	-0.001049	0.0007891	0.0016348	20211115	10512	aaa
0	0		222.5	24.0	45.5	3.0	1.0	-10.0	-0.0024614	-0.004577	0.0022863	0.005678	20211115	10522	aaa
0	0		222.5	24.0	55.5	3.0	1.0	0.0	-0.008701	-0.024046	0.007901	0.026764	20211115	10531	aaa
0	0		222.5	24.0	65.5	3.0	1.0	10.0	-0.04487	-0.15767	0.011636	0.16436	20211115	10541	aaa
0	0		222.5	24.0	75.5	3.0	1.0	20.0	-0.06921	-0.26323	-0.004324	0.27221	20211115	10551	aaa
0	0		222.5	24.0	85.5	3.0	1.0	30.0	-0.07183	-0.27351	0.003365	0.2828	20211115	10561	aaa
0	0		222.5	24.0	95.5	3.0	1.0	40.0	-0.06727	-0.2729	0.002617	0.28108	20211115	10571	aaa
0	0		222.5	24.0	105.5	3.0	1.0	50.0	-0.0609	-0.27177	-0.0009142	0.27851	20211115	10580	aaa
0	0		222.5	24.0	115.5	3.0	1.0	60.0	-0.06781	-0.26596	-0.002815	0.27448	20211115	10590	aaa
0	0		222.5	24.0	125.5	3.0	1.0	70.0	-0.06455	-0.26395	-0.004486	0.27176	20211115	10600	aaa
0	0		222.5	24.0	135.5	3.0	1.0	80.0	-0.06825	-0.26273	-0.0001168	0.27145	20211115	10610	aaa
0	0		222.5	24.0	145.5	3.0	1.0	90.0	-0.07707	-0.2703	0.0014507	0.28107	20211115	10619	aaa
0	0		222.5	24.0	155.5	3.0	1.0	100.0	-0.07558	-0.26405	-0.0011624	0.27466	20211115	10629	aaa
0	0		222.5	24.0	165.5	3.0	1.0	110.0	-0.08333	-0.25975	-0.006135	0.27283	20211115	10639	aaa
0	0		222.5	24.0	175.5	3.0	1.0	120.0	-0.08206	-0.24299	-0.008194	0.2566	20211115	10649	aaa
0	0		222.5	24.0	185.5	3.0	1.0	130.0	-0.04637	-0.11847	-0.020346	0.12883	20211115	10659	aaa
0	0		222.5	24.0	195.5	3.0	1.0	140.0	-0.008212	-0.018764	-0.003459	0.020772	20211115	10668	aaa
0	0		222.5	24.0	205.5	3.0	1.0	150.0	-0.002122	-0.004619	-0.0003404	0.005094	20211115	10678	aaa
0	0		222.5	24.0	215.5	3.0	1.0	160.0	-0.000756	-0.0014754	0.0001465	0.0016642	20211115	10688	aaa
0	0		223.5	24.0	35.5	4.0	1.0	-20.0	-0.0009299	-0.0016405	0.0008526	0.0020694	20211115	10787	aaa
0	0		223.5	24.0	45.5	4.0	1.0	-10.0	-0.0023401	-0.006507	0.0024883	0.007349	20211115	10796	aaa
0	0		223.5	24.0	55.5	4.0	1.0	0.0	-0.008441	-0.0324	0.009128	0.0347	20211115	10806	aaa
0	0		223.5	24.0	65.5	4.0	1.0	10.0	-0.04614	-0.21375	0.017162	0.21935	20211115	10816	aaa
0	0		223.5	24.0	75.5	4.0	1.0	20.0	-0.06891	-0.3539	-0.004947	0.3607	20211115	10826	aaa
0	0		223.5	24.0	85.5	4.0	1.0	30.0	-0.07127	-0.369	0.0026728	0.3759	20211115	10835	aaa
0	0		223.5	24.0	95.5	4.0	1.0	40.0	-0.06687	-0.3685	0.0009612	0.3745	20211115	10845	aaa
0	0		223.5	24.0	105.5	4.0	1.0	50.0	-0.0617	-0.3667	-0.0011425	0.3718	20211115	10855	aaa
0	0		223.5	24.0	115.5	4.0	1.0	60.0	-0.06753	-0.3616	-0.003472	0.3679	20211115	10865	aaa
0	0		223.5	24.0	125.5	4.0	1.0	70.0	-0.06445	-0.3591	-0.005744	0.3648	20211115	10875	aaa
0	0		223.5	24.0	135.5	4.0	1.0	80.0	-0.06832	-0.3577	0.0003467	0.3642	20211115	10884	aaa
0	0		223.5	24.0	145.5	4.0	1.0	90.0	-0.07759	-0.3673	0.0001981	0.3753	20211115	10894	aaa
0	0		223.5	24.0	155.5	4.0	1.0	100.0	-0.0753	-0.3602	-0.0014808	0.368	20211115	10904	aaa
0	0		223.5	24.0	165.5	4.0	1.0	110.0	-0.08368	-0.3546	-0.006322	0.3644	20211115	10914	aaa
0	0		223.5	24.0	175.5	4.0	1.0	120.0	-0.08284	-0.3329	-0.008787	0.3432	20211115	10923	aaa
0	0		223.5	24.0	185.5	4.0	1.0	130.0	-0.04638	-0.16197	-0.02817	0.17082	20211115	10933	aaa
0	0		223.5	24.0	195.5	4.0	1.0	140.0	-0.008068	-0.02504	-0.004666	0.02672	20211115	10943	aaa
0	0		223.5	24.0	205.5	4.0	1.0	150.0	-0.0021	-0.006125	-0.0005782	0.006501	20211115	10953	aaa
0	0		223.5	24.0	215.5	4.0	1.0	160.0	-0.0007556	-0.0019525	7.73e-05	0.0020951	20211115	10963	aaa
0	0		216.5	25.0	35.5	-3.0	2.0	-20.0	-0.0016663	0.002631	3.18e-05	0.003114	20211115	11068	aaa
0	0		216.5	25.0	45.5	-3.0	2.0	-10.0	-0.00451	0.00772	-0.0002128	0.008944	20211115	11078	aaa
0	0		216.5	25.0	55.5	-3.0	2.0	0.0	-0.01451	0.0314	-0.005376	0.03501	20211115	11087	aaa
0	0		216.5	25.0	65.5	-3.0	2.0	10.0	-0.09303	0.17806	-0.04427	0.20572	20211115	11097	aaa
0	0		216.5	25.0	75.5	-3.0	2.0	20.0	-0.15883	0.27849	-0.009571	0.32075	20211115	11107	aaa
0	0		216.5	25.0	85.5	-3.0	2.0	30.0	-0.17079	0.3012	0.004524	0.3463	20211115	11117	aaa
0	0		216.5	25.0	95.5	-3.0	2.0	40.0	-0.17181	0.3042	0.012939	0.3496	20211115	11127	aaa
0	0		216.5	25.0	105.5	-3.0	2.0	50.0	-0.1612	0.2994	-0.007858	0.3401	20211115	11136	aaa
0	0		216.5	25.0	115.5	-3.0	2.0	60.0	-0.17208	0.3129	-0.00248	0.3571	20211115	11146	aaa
0	0		216.5	25.0	125.5	-3.0	2.0	70.0	-0.17209	0.3063	0.0019661	0.3513	20211115	11156	aaa
0	0		216.5	25.0	135.5	-3.0	2.0	80.0	-0.17378	0.3078	-0.005733	0.3535	20211115	11166	aaa
0	0		216.5	25.0	145.5	-3.0	2.0	90.0	-0.18254	0.3127	0.007459	0.3622	20211115	11176	aaa
0	0		216.5	25.0	155.5	-3.0	2.0	100.0	-0.18494	0.3098	-0.0044	0.3608	20211115	11186	aaa
0	0		216.5	25.0	165.5	-3.0	2.0	110.0	-0.18677	0.3117	-0.006787	0.3634	20211115	11195	aaa
0	0		216.5	25.0	175.5	-3.0	2.0	120.0	-0.17212	0.2919	-0.002042	0.3389	20211115	11205	aaa
0	0		216.5	25.0	185.5	-3.0	2.0	130.0	-0.08877	0.14944	0.04892	0.18057	20211115	11215	aaa
0	0		216.5	25.0	195.5	-3.0	2.0	140.0	-0.011601	0.02175	0.008182	0.02598	20211115	11225	aaa
0	0		216.5	25.0	205.5	-3.0	2.0	150.0	-0.003244	0.004811	0.0018152	0.00608	20211115	11234	aaa
0	0		216.5	25.0	215.5	-3.0	2.0	160.0	-0.0011151	0.0014707	0.0007461	0.0019908	20211115	11244	aaa
0	0		217.5	25.0	35.5	-2.0	2.0	-20.0	-0.0016758	0.002029	0.0001916	0.002639	20211115	11343	aaa
0	0		217.5	25.0	45.5	-2.0	2.0	-10.0	-0.004598	0.005713	0.0003339	0.007341	20211115	11353	aaa
0	0		217.5	25.0	55.5	-2.0	2.0	0.0	-0.015602	0.022438	-0.0025886	0.027452	20211115	11363	aaa
0	0		217.5	25.0	65.5	-2.0	2.0	10.0	-0.09444	0.12155	-0.0305	0.15691	20211115	11373	aaa
0	0		217.5	25.0	75.5	-2.0	2.0	20.0	-0.16058	0.18894	-0.008077	0.24809	20211115	11383	aaa
0	0		217.5	25.0	85.5	-2.0	2.0	30.0	-0.17125	0.20579	0.0043	0.26776	20211115	11392	aaa
0	0		217.5	25.0	95.5	-2.0	2.0	40.0	-0.17018	0.20786	0.011055	0.26887	20211115	11402	aaa
0	0		217.5	25.0	105.5	-2.0	2.0	50.0	-0.15804	0.20436	-0.005948	0.25841	20211115	11412	aaa
0	0		217.5	25.0	115.5	-2.0	2.0	60.0	-0.17091	0.21664	-0.00229	0.27595	20211115	11422	aaa
0	0		217.5	25.0	125.5	-2.0	2.0	70.0	-0.16863	0.21189	0.0009557	0.2708	20211115	11432	aaa
0	0		217.5	25.0	135.5	-2.0	2.0	80.0	-0.17079	0.21345	-0.004897	0.27341	20211115	11441	aaa
0	0		217.5	25.0	145.5	-2.0	2.0	90.0	-0.18024	0.21572	0.006314	0.28119	20211115	11451	aaa
0	0		217.5	25.0	155.5	-2.0	2.0	100.0	-0.18043	0.21473	-0.003735	0.28049	20211115	11461	aaa
0	0		217.5	25.0	165.5	-2.0	2.0	110.0	-0.18498	0.21677	-0.006797	0.28505	20211115	11471	aaa
0	0		217.5	25.0	175.5	-2.0	2.0	120.0	-0.1724	0.20347	-0.00342	0.26671	20211115	11481	aaa
0	0		217.5	25.0	185.5	-2.0	2.0	130.0	-0.09101	0.10507	0.03294	0.14285	20211115	11491	aaa
0	0		217.5	25.0	195.5	-2.0	2.0	140.0	-0.012717	0.015325	0.005922	0.020777	20211115	11500	aaa
0	0		217.5	25.0	205.5	-2.0	2.0	150.0	-0.003399	0.003283	0.0013769	0.004922	20211115	11510	aaa
0	0		217.5	25.0	215.5	-2.0	2.0	160.0	-0.0011571	0.0009888	0.0006229	0.0016447	20211115	11520	aaa
0	0		218.5	25.0	35.5	-1.0	2.0	-20.0	-0.0016769	0.0014204	0.0003487	0.0022251	20211115	11619	aaa
0	0		218.5	25.0	45.5	-1.0	2.0	-10.0	-0.004654	0.003673	0.0008786	0.005993	20211115	11629	aaa
0	0		218.5	25.0	55.5	-1.0	2.0	0.0	-0.016571	0.013112	0.0003583	0.021134	20211115	11638	aaa
0	0		218.5	25.0	65.5	-1.0	2.0	10.0	-0.09551	0.06544	-0.017628	0.11711	20211115	11648	aaa
0	0		218.5	25.0	75.5	-1.0	2.0	20.0	-0.16107	0.09951	-0.006414	0.18944	20211115	11658	aaa
0	0		218.5	25.0	85.5	-1.0	2.0	30.0	-0.1709	0.11037	0.004272	0.20348	20211115	11668	aaa
0	0		218.5	25.0	95.5	-1.0	2.0	40.0	-0.16823	0.11208	0.009295	0.20236	20211115	11678	aaa
0	0		218.5	25.0	105.5	-1.0	2.0	50.0	-0.15575	0.1096	-0.004267	0.19049	20211115	11688	aaa
0	0		218.5	25.0	115.5	-1.0	2.0	60.0	-0.16912	0.12034	-0.002106	0.20757	20211115	11697	aaa
0	0		218.5	25.0	125.5	-1.0	2.0	70.0	-0.16516	0.11757	-6.5e-05	0.20273	20211115	11707	aaa
0	0		218.5	25.0	135.5	-1.0	2.0	80.0	-0.16799	0.11884	-0.003827	0.20582	20211115	11717	aaa
0	0		218.5	25.0	145.5	-1.0	2.0	90.0	-0.17799	0.11911	0.005401	0.21424	20211115	11727	aaa
0	0		218.5	25.0	155.5	-1.0	2.0	100.0	-0.17674	0.11926	-0.003051	0.21323	20211115	11736	aaa
0	0		218.5	25.0	165.5	-1.0	2.0	110.0	-0.18279	0.12193	-0.006649	0.21983	20211115	11746	aaa
0	0		218.5	25.0	175.5	-1.0	2.0	120.0	-0.17199	0.11501	-0.004983	0.20698	20211115	11756	aaa
0	0		218.5	25.0	185.5	-1.0	2.0	130.0	-0.09198	0.06052	0.018136	0.11159	20211115	11766	aaa
0	0		218.5	25.0	195.5	-1.0	2.0	140.0	-0.013655	0.008593	0.003511	0.016512	20211115	11776	aaa
0	0		218.5	25.0	205.5	-1.0	2.0	150.0	-0.003529	0.0017224	0.0009275	0.004035	20211115	11785	aaa
0	0		218.5	25.0	215.5	-1.0	2.0	160.0	-0.0011908	0.0004992	0.0004972	0.0013836	20211115	11795	aaa
0	0		219.5	25.0	35.5	0.0	2.0	-20.0	-0.0016685	0.0008046	0.0005032	0.0019195	20211115	11894	aaa
0	0		219.5	25.0	45.5	0.0	2.0	-10.0	-0.004674	0.0016096	0.0014199	0.005143	20211115	11904	aaa
0	0		219.5	25.0	55.5	0.0	2.0	0.0	-0.017338	0.003628	0.003397	0.018036	20211115	11914	aaa
0	0		219.5	25.0	65.5	0.0	2.0	10.0	-0.09659	0.009729	-0.005239	0.09722	20211115	11923	aaa
0	0		219.5	25.0	75.5	0.0	2.0	20.0	-0.16097	0.009626	-0.004737	0.16132	20211115	11933	aaa
0	0		219.5	25.0	85.5	0.0	2.0	30.0	-0.17021	0.014644	0.004356	0.17089	20211115	11943	aaa
0	0		219.5	25.0	95.5	0.0	2.0	40.0	-0.16668	0.016113	0.00767	0.16763	20211115	11953	aaa
0	0		219.5	25.0	105.5	0.0	2.0	50.0	-0.15468	0.014992	-0.002831	0.15543	20211115	11963	aaa
0	0		219.5	25.0	115.5	0.0	2.0	60.0	-0.16751	0.023848	-0.0019203	0.16923	20211115	11972	aaa
0	0		219.5	25.0	125.5	0.0	2.0	70.0	-0.16243	0.022501	-0.0010529	0.16399	20211115	11982	aaa
0	0		219.5	25.0	135.5	0.0	2.0	80.0	-0.16569	0.024348	-0.002657	0.16749	20211115	11992	aaa
0	0		219.5	25.0	145.5	0.0	2.0	90.0	-0.17598	0.022781	0.004677	0.17751	20211115	12002	aaa
0	0		219.5	25.0	155.5	0.0	2.0	100.0	-0.17392	0.02408	-0.002419	0.17561	20211115	12011	aaa
0	0		219.5	25.0	165.5	0.0	2.0	110.0	-0.18063	0.026952	-0.006386	0.18274	20211115	12021	aaa
0	0		219.5	25.0	175.5	0.0	2.0	120.0	-0.1713	0.026533	-0.00662	0.17346	20211115	12031	aaa
0	0		219.5	25.0	185.5	0.0	2.0	130.0	-0.0924	0.015951	0.004026	0.09386	20211115	12041	aaa
0	0		219.5	25.0	195.5	0.0	2.0	140.0	-0.014413	0.001693	0.0010228	0.014548	20211115	12051	aaa
0	0		219.5	25.0	205.5	0.0	2.0	150.0	-0.003628	0.0001389	0.000471	0.003661	20211115	12060	aaa
0	0		219.5	25.0	215.5	0.0	2.0	160.0	-0.0012186	5.7e-06	0.0003708	0.0012738	20211115	12070	aaa
0	0		220.5	25.0	35.5	1.0	2.0	-20.0	-0.0016479	0.0001889	0.0006529	0.0017826	20211115	12169	aaa
0	0		220.5	25.0	45.5	1.0	2.0	-10.0	-0.00465	-0.0004586	0.0019503	0.005063	20211115	12179	aaa
0	0		220.5	25.0	55.5	1.0	2.0	0.0	-0.017834	-0.00588	0.006472	0.019862	20211115	12189	aaa
0	0		220.5	25.0	65.5	1.0	2.0	10.0	-0.0977	-0.04594	0.007091	0.1082	20211115	12199	aaa
0	0		220.5	25.0	75.5	1.0	2.0	20.0	-0.16053	-0.08035	-0.003196	0.17954	20211115	12208	aaa
0	0		220.5	25.0	85.5	1.0	2.0	30.0	-0.16909	-0.081	0.004453	0.18755	20211115	12218	aaa
0	0		220.5	25.0	95.5	1.0	2.0	40.0	-0.16475	-0.07993	0.006139	0.18322	20211115	12228	aaa
0	0		220.5	25.0	105.5	1.0	2.0	50.0	-0.15423	-0.07979	-0.0016405	0.1737	20211115	12238	aaa
0	0		220.5	25.0	115.5	1.0	2.0	60.0	-0.1659	-0.07237	-0.001751	0.18101	20211115	12247	aaa
0	0		220.5	25.0	125.5	1.0	2.0	70.0	-0.16048	-0.07248	-0.0020067	0.1761	20211115	12257	aaa
0	0		220.5	25.0	135.5	1.0	2.0	80.0	-0.16373	-0.07024	-0.0014732	0.17817	20211115	12267	aaa
0	0		220.5	25.0	145.5	1.0	2.0	90.0	-0.17421	-0.07384	0.004046	0.18926	20211115	12277	aaa
0	0		220.5	25.0	155.5	1.0	2.0	100.0	-0.17194	-0.07126	-0.0019089	0.18613	20211115	12287	aaa
0	0		220.5	25.0	165.5	1.0	2.0	110.0	-0.17915	-0.06804	-0.006074	0.19172	20211115	12296	aaa
0	0		220.5	25.0	175.5	1.0	2.0	120.0	-0.17072	-0.06205	-0.008276	0.18183	20211115	12306	aaa
0	0		220.5	25.0	185.5	1.0	2.0	130.0	-0.09234	-0.02877	-0.009992	0.09723	20211115	12316	aaa
0	0		220.5	25.0	195.5	1.0	2.0	140.0	-0.014918	-0.005246	-0.0014883	0.015883	20211115	12326	aaa
0	0		220.5	25.0	205.5	1.0	2.0	150.0	-0.00369	-0.0014597	1.37e-05	0.003968	20211115	12336	aaa
0	0		220.5	25.0	215.5	1.0	2.0	160.0	-0.0012376	-0.0004913	0.0002447	0.0013539	20211115	12345	aaa
0	0		221.5	25.0	35.5	2.0	2.0	-20.0	-0.0016178	-0.0004235	0.0007964	0.0018522	20211115	12444	aaa
0	0		221.5	25.0	45.5	2.0	2.0	-10.0	-0.004588	-0.0025143	0.0024614	0.005782	20211115	12454	aaa
0	0		221.5	25.0	55.5	2.0	2.0	0.0	-0.018045	-0.015209	0.009499	0.025439	20211115	12464	aaa
0	0		221.5	25.0	65.5	2.0	2.0	10.0	-0.099	-0.10158	0.019507	0.14318	20211115	12474	aaa
0	0		221.5	25.0	75.5	2.0	2.0	20.0	-0.16004	-0.17037	-0.0019593	0.23376	20211115	12484	aaa
0	0		221.5	25.0	85.5	2.0	2.0	30.0	-0.16842	-0.1765	0.00446	0.244	20211115	12493	aaa
0	0		221.5	25.0	95.5	2.0	2.0	40.0	-0.1638	-0.17558	0.004638	0.24017	20211115	12503	aaa
0	0		221.5	25.0	105.5	2.0	2.0	50.0	-0.15462	-0.17467	-0.0006996	0.23328	20211115	12513	aaa
0	0		221.5	25.0	115.5	2.0	2.0	60.0	-0.16504	-0.16835	-0.0016225	0.23576	20211115	12523	aaa
0	0		221.5	25.0	125.5	2.0	2.0	70.0	-0.15944	-0.1674	-0.002962	0.2312	20211115	12533	aaa
0	0		221.5	25.0	135.5	2.0	2.0	80.0	-0.16275	-0.16508	-0.0003471	0.23182	20211115	12542	aaa
0	0		221.5	25.0	145.5	2.0	2.0	90.0	-0.17347	-0.17062	0.003394	0.24333	20211115	12552	aaa
0	0		221.5	25.0	155.5	2.0	2.0	100.0	-0.17106	-0.16696	-0.0015873	0.23903	20211115	12562	aaa
0	0		221.5	25.0	165.5	2.0	2.0	110.0	-0.17831	-0.1628	-0.005775	0.24152	20211115	12572	aaa
0	0		221.5	25.0	175.5	2.0	2.0	120.0	-0.17056	-0.15096	-0.009877	0.22798	20211115	12582	aaa
0	0		221.5	25.0	185.5	2.0	2.0	130.0	-0.09214	-0.07335	-0.024138	0.1202	20211115	12592	aaa
0	0		221.5	25.0	195.5	2.0	2.0	140.0	-0.015171	-0.012116	-0.003977	0.019819	20211115	12601	aaa
0	0		221.5	25.0	205.5	2.0	2.0	150.0	-0.00372	-0.003047	-0.0004409	0.004829	20211115	12611	aaa
0	0		221.5	25.0	215.5	2.0	2.0	160.0	-0.0012497	-0.000987	0.0001191	0.0015969	20211115	12621	aaa
0	0		217.5	26.0	35.5	-2.0	3.0	-20.0	-0.002228	0.00205	-7.4e-06	0.003028	20211115	12725	aaa
0	0		217.5	26.0	45.5	-2.0	3.0	-10.0	-0.006393	0.00579	-0.0003555	0.008632	20211115	12735	aaa
0	0		217.5	26.0	55.5	-2.0	3.0	0.0	-0.022965	0.02261	-0.00624	0.032826	20211115	12745	aaa
0	0		217.5	26.0	65.5	-2.0	3.0	10.0	-0.15113	0.12175	-0.04746	0.19979	20211115	12754	aaa
0	0		217.5	26.0	75.5	-2.0	3.0	20.0	-0.25212	0.19124	-0.010425	0.31662	20211115	12764	aaa
0	0		217.5	26.0	85.5	-2.0	3.0	30.0	-0.26881	0.20673	0.003157	0.33912	20211115	12774	aaa
0	0		217.5	26.0	95.5	-2.0	3.0	40.0	-0.26904	0.20868	0.011451	0.34068	20211115	12784	aaa
0	0		217.5	26.0	105.5	-2.0	3.0	50.0	-0.25088	0.2035	-0.0101	0.3232	20211115	12794	aaa
0	0		217.5	26.0	115.5	-2.0	3.0	60.0	-0.26872	0.21712	-0.00391	0.34549	20211115	12804	aaa
0	0		217.5	26.0	125.5	-2.0	3.0	70.0	-0.26096	0.20989	0.0008832	0.33489	20211115	12813	aaa
0	0		217.5	26.0	135.5	-2.0	3.0	80.0	-0.2635	0.21286	-0.00721	0.33882	20211115	12823	aaa
0	0		217.5	26.0	145.5	-2.0	3.0	90.0	-0.2791	0.21638	0.007082	0.3532	20211115	12833	aaa
0	0		217.5	26.0	155.5	-2.0	3.0	100.0	-0.2749	0.21291	-0.005924	0.3478	20211115	12843	aaa
0	0		217.5	26.0	165.5	-2.0	3.0	110.0	-0.2814	0.21672	-0.007989	0.3553	20211115	12853	aaa
0	0		217.5	26.0	175.5	-2.0	3.0	120.0	-0.2628	0.2046	-0.003085	0.333	20211115	12862	aaa
0	0		217.5	26.0	185.5	-2.0	3.0	130.0	-0.13663	0.10638	0.05184	0.18077	20211115	12872	aaa
0	0		217.5	26.0	195.5	-2.0	3.0	140.0	-0.01829	0.015381	0.00851	0.025366	20211115	12882	aaa
0	0		217.5	26.0	205.5	-2.0	3.0	150.0	-0.004836	0.003303	0.0018075	0.006129	20211115	12892	aaa
0	0		217.5	26.0	215.5	-2.0	3.0	160.0	-0.001622	0.0009903	0.0007324	0.0020367	20211115	12902	aaa
0	0		218.5	26.0	35.5	-1.0	3.0	-20.0	-0.002246	0.0014433	0.0002171	0.002678	20211115	13001	aaa
0	0		218.5	26.0	45.5	-1.0	3.0	-10.0	-0.006528	0.003759	0.0004535	0.007546	20211115	13010	aaa
0	0		218.5	26.0	55.5	-1.0	3.0	0.0	-0.024548	0.01334	-0.0017215	0.027991	20211115	13020	aaa
0	0		218.5	26.0	65.5	-1.0	3.0	10.0	-0.1516	0.06591	-0.026722	0.16746	20211115	13030	aaa
0	0		218.5	26.0	75.5	-1.0	3.0	20.0	-0.25239	0.10169	-0.007782	0.27222	20211115	13040	aaa
0	0		218.5	26.0	85.5	-1.0	3.0	30.0	-0.26809	0.11153	0.003495	0.29039	20211115	13050	aaa
0	0		218.5	26.0	95.5	-1.0	3.0	40.0	-0.26624	0.11325	0.009579	0.28948	20211115	13059	aaa
0	0		218.5	26.0	105.5	-1.0	3.0	50.0	-0.24826	0.10995	-0.007141	0.27161	20211115	13069	aaa
0	0		218.5	26.0	115.5	-1.0	3.0	60.0	-0.26642	0.12129	-0.003216	0.29275	20211115	13079	aaa
0	0		218.5	26.0	125.5	-1.0	3.0	70.0	-0.25738	0.11658	-0.0002334	0.28255	20211115	13089	aaa
0	0		218.5	26.0	135.5	-1.0	3.0	80.0	-0.26054	0.11948	-0.005477	0.28668	20211115	13099	aaa
0	0		218.5	26.0	145.5	-1.0	3.0	90.0	-0.27583	0.12022	0.006021	0.30094	20211115	13108	aaa
0	0		218.5	26.0	155.5	-1.0	3.0	100.0	-0.27081	0.1187	-0.004763	0.29573	20211115	13118	aaa
0	0		218.5	26.0	165.5	-1.0	3.0	110.0	-0.2786	0.12233	-0.007547	0.30437	20211115	13128	aaa
0	0		218.5	26.0	175.5	-1.0	3.0	120.0	-0.26206	0.11668	-0.005202	0.28691	20211115	13138	aaa
0	0		218.5	26.0	185.5	-1.0	3.0	130.0	-0.13791	0.06187	0.02909	0.15393	20211115	13147	aaa
0	0		218.5	26.0	195.5	-1.0	3.0	140.0	-0.019686	0.008723	0.005088	0.022125	20211115	13157	aaa
0	0		218.5	26.0	205.5	-1.0	3.0	150.0	-0.005018	0.0017509	0.0011706	0.005442	20211115	13167	aaa
0	0		218.5	26.0	215.5	-1.0	3.0	160.0	-0.0016678	0.000503	0.000556	0.0018286	20211115	13177	aaa
0	0		219.5	26.0	35.5	0.0	3.0	-20.0	-0.002251	0.0008307	0.0004392	0.002439	20211115	13276	aaa
0	0		219.5	26.0	45.5	0.0	3.0	-10.0	-0.006607	0.0017011	0.0012629	0.006938	20211115	13285	aaa
0	0		219.5	26.0	55.5	0.0	3.0	0.0	-0.025793	0.003894	0.002957	0.026252	20211115	13295	aaa
0	0		219.5	26.0	65.5	0.0	3.0	10.0	-0.15238	0.010089	-0.006729	0.15286	20211115	13305	aaa
0	0		219.5	26.0	75.5	0.0	3.0	20.0	-0.25206	0.011842	-0.005041	0.25238	20211115	13315	aaa
0	0		219.5	26.0	85.5	0.0	3.0	30.0	-0.26705	0.015937	0.00398	0.26756	20211115	13324	aaa
0	0		219.5	26.0	95.5	0.0	3.0	40.0	-0.2638	0.017392	0.007889	0.26449	20211115	13334	aaa
0	0		219.5	26.0	105.5	0.0	3.0	50.0	-0.24722	0.015597	-0.00461	0.24775	20211115	13344	aaa
0	0		219.5	26.0	115.5	0.0	3.0	60.0	-0.26441	0.025059	-0.002504	0.26561	20211115	13354	aaa
0	0		219.5	26.0	125.5	0.0	3.0	70.0	-0.25487	0.022705	-0.0012117	0.25587	20211115	13364	aaa
0	0		219.5	26.0	135.5	0.0	3.0	80.0	-0.25833	0.025626	-0.003681	0.25962	20211115	13373	aaa
0	0		219.5	26.0	145.5	0.0	3.0	90.0	-0.2729	0.02421	0.005282	0.27402	20211115	13383	aaa
0	0		219.5	26.0	155.5	0.0	3.0	100.0	-0.2679	0.024006	-0.003715	0.269	20211115	13393	aaa
0	0		219.5	26.0	165.5	0.0	3.0	110.0	-0.27604	0.02775	-0.006981	0.27752	20211115	13403	aaa
0	0		219.5	26.0	175.5	0.0	3.0	120.0	-0.26087	0.02841	-0.007528	0.26252	20211115	13413	aaa
0	0		219.5	26.0	185.5	0.0	3.0	130.0	-0.13822	0.017205	0.007383	0.13949	20211115	13422	aaa
0	0		219.5	26.0	195.5	0.0	3.0	140.0	-0.02079	0.0018921	0.0015217	0.02093	20211115	13432	aaa
0	0		219.5	26.0	205.5	0.0	3.0	150.0	-0.005157	0.0001775	0.000523	0.005187	20211115	13442	aaa
0	0		219.5	26.0	215.5	0.0	3.0	160.0	-0.0017032	1.31e-05	0.0003785	0.0017448	20211115	13452	aaa
0	0		220.5	26.0	35.5	1.0	3.0	-20.0	-0.00224	0.0002167	0.0006575	0.002344	20211115	13551	aaa
0	0		220.5	26.0	45.5	1.0	3.0	-10.0	-0.006626	-0.0003593	0.0020613	0.006948	20211115	13560	aaa
0	0		220.5	26.0	55.5	1.0	3.0	0.0	-0.026636	-0.005591	0.007671	0.028277	20211115	13570	aaa
0	0		220.5	26.0	65.5	1.0	3.0	10.0	-0.15329	-0.04572	0.01313	0.1605	20211115	13580	aaa
0	0		220.5	26.0	75.5	1.0	3.0	20.0	-0.25122	-0.07812	-0.00241	0.26309	20211115	13590	aaa
0	0		220.5	26.0	85.5	1.0	3.0	30.0	-0.26571	-0.07991	0.004483	0.27748	20211115	13600	aaa
0	0		220.5	26.0	95.5	1.0	3.0	40.0	-0.26176	-0.07848	0.006336	0.27334	20211115	13610	aaa
0	0		220.5	26.0	105.5	1.0	3.0	50.0	-0.24731	-0.079	-0.0024546	0.25963	20211115	13619	aaa
0	0		220.5	26.0	115.5	1.0	3.0	60.0	-0.26279	-0.07107	-0.0017755	0.27224	20211115	13629	aaa
0	0		220.5	26.0	125.5	1.0	3.0	70.0	-0.25334	-0.0717	-0.0020737	0.2633	20211115	13639	aaa
0	0		220.5	26.0	135.5	1.0	3.0	80.0	-0.25669	-0.06886	-0.0019138	0.26577	20211115	13649	aaa
0	0		220.5	26.0	145.5	1.0	3.0	90.0	-0.27069	-0.0725	0.004742	0.28026	20211115	13658	aaa
0	0		220.5	26.0	155.5	1.0	3.0	100.0	-0.26612	-0.07102	-0.002861	0.27545	20211115	13668	aaa
0	0		220.5	26.0	165.5	1.0	3.0	110.0	-0.27424	-0.06703	-0.006352	0.28239	20211115	13678	aaa
0	0		220.5	26.0	175.5	1.0	3.0	120.0	-0.25967	-0.06037	-0.009927	0.26678	20211115	13688	aaa
0	0		220.5	26.0	185.5	1.0	3.0	130.0	-0.13788	-0.0276	-0.014065	0.14132	20211115	13698	aaa
0	0		220.5	26.0	195.5	1.0	3.0	140.0	-0.02153	-0.00502	-0.002099	0.02221	20211115	13708	aaa
0	0		220.5	26.0	205.5	1.0	3.0	150.0	-0.005249	-0.0014163	-0.0001295	0.005439	20211115	13717	aaa
0	0		220.5	26.0	215.5	1.0	3.0	160.0	-0.0017266	-0.0004839	0.0002002	0.0018042	20211115	13727	aaa
0	0		218.5	27.0	35.5	-1.0	4.0	-20.0	-0.002806	0.0014581	8.59e-05	0.003163	20211115	13830	aaa
0	0		218.5	27.0	45.5	-1.0	4.0	-10.0	-0.008355	0.00381	3.53e-05	0.009183	20211115	13840	aaa
0	0		218.5	27.0	55.5	-1.0	4.0	0.0	-0.03213	0.013331	-0.003651	0.03497	20211115	13850	aaa
0	0		218.5	27.0	65.5	-1.0	4.0	10.0	-0.20853	0.06626	-0.03652	0.22183	20211115	13860	aaa
0	0		218.5	27.0	75.5	-1.0	4.0	20.0	-0.3444	0.10402	-0.008924	0.3598	20211115	13869	aaa
0	0		218.5	27.0	85.5	-1.0	4.0	30.0	-0.3655	0.11263	0.002938	0.3824	20211115	13879	aaa
0	0		218.5	27.0	95.5	-1.0	4.0	40.0	-0.364	0.11378	0.00993	0.3815	20211115	13889	aaa
0	0		218.5	27.0	105.5	-1.0	4.0	50.0	-0.3385	0.10966	-0.010319	0.356	20211115	13899	aaa
0	0		218.5	27.0	115.5	-1.0	4.0	60.0	-0.3635	0.12199	-0.004267	0.3834	20211115	13909	aaa
0	0		218.5	27.0	125.5	-1.0	4.0	70.0	-0.3471	0.11597	-0.0002174	0.366	20211115	13918	aaa
0	0		218.5	27.0	135.5	-1.0	4.0	80.0	-0.3511	0.11975	-0.007107	0.371	20211115	13928	aaa
0	0		218.5	27.0	145.5	-1.0	4.0	90.0	-0.3728	0.12133	0.006968	0.3921	20211115	13938	aaa
0	0		218.5	27.0	155.5	-1.0	4.0	100.0	-0.3628	0.11815	-0.006475	0.3816	20211115	13948	aaa
0	0		218.5	27.0	165.5	-1.0	4.0	110.0	-0.3738	0.12288	-0.008491	0.3936	20211115	13958	aaa
0	0		218.5	27.0	175.5	-1.0	4.0	120.0	-0.3519	0.11843	-0.005856	0.3713	20211115	13967	aaa
0	0		218.5	27.0	185.5	-1.0	4.0	130.0	-0.18339	0.06276	0.04088	0.1981	20211115	13977	aaa
0	0		218.5	27.0	195.5	-1.0	4.0	140.0	-0.02538	0.008663	0.006535	0.0276	20211115	13987	aaa
0	0		218.5	27.0	205.5	-1.0	4.0	150.0	-0.006473	0.0017634	0.0014065	0.006855	20211115	13997	aaa
0	0		218.5	27.0	215.5	-1.0	4.0	160.0	-0.002135	0.0005049	0.0006142	0.002278	20211115	14007	aaa
0	0		219.5	27.0	35.5	0.0	4.0	-20.0	-0.002823	0.0008513	0.0003751	0.002972	20211115	14106	aaa
0	0		219.5	27.0	45.5	0.0	4.0	-10.0	-0.008494	0.0017792	0.0011027	0.008747	20211115	14115	aaa
0	0		219.5	27.0	55.5	0.0	4.0	0.0	-0.03383	0.004087	0.0025653	0.03418	20211115	14125	aaa
0	0		219.5	27.0	65.5	0.0	4.0	10.0	-0.20856	0.010365	-0.008396	0.20898	20211115	14135	aaa
0	0		219.5	27.0	75.5	0.0	4.0	20.0	-0.3435	0.013907	-0.005306	0.3438	20211115	14145	aaa
0	0		219.5	27.0	85.5	0.0	4.0	30.0	-0.3638	0.016786	0.003689	0.3642	20211115	14154	aaa
0	0		219.5	27.0	95.5	0.0	4.0	40.0	-0.3607	0.018023	0.00805	0.3613	20211115	14164	aaa
0	0		219.5	27.0	105.5	0.0	4.0	50.0	-0.3384	0.016015	-0.006563	0.3389	20211115	14174	aaa
0	0		219.5	27.0	115.5	0.0	4.0	60.0	-0.3609	0.02613	-0.003052	0.3619	20211115	14184	aaa
0	0		219.5	27.0	125.5	0.0	4.0	70.0	-0.3453	0.022565	-0.0013484	0.346	20211115	14194	aaa
0	0		219.5	27.0	135.5	0.0	4.0	80.0	-0.3495	0.026573	-0.004767	0.3505	20211115	14204	aaa
0	0		219.5	27.0	145.5	0.0	4.0	90.0	-0.3692	0.02541	0.006036	0.3701	20211115	14213	aaa
0	0		219.5	27.0	155.5	0.0	4.0	100.0	-0.3601	0.02393	-0.005035	0.3609	20211115	14223	aaa
0	0		219.5	27.0	165.5	0.0	4.0	110.0	-0.3704	0.02827	-0.007653	0.3716	20211115	14233	aaa
0	0		219.5	27.0	175.5	0.0	4.0	120.0	-0.3502	0.03022	-0.008669	0.3516	20211115	14243	aaa
0	0		219.5	27.0	185.5	0.0	4.0	130.0	-0.18376	0.018296	0.011046	0.18499	20211115	14252	aaa
0	0		219.5	27.0	195.5	0.0	4.0	140.0	-0.02679	0.002004	0.0019752	0.02694	20211115	14262	aaa
0	0		219.5	27.0	205.5	0.0	4.0	150.0	-0.006652	0.00021	0.0005741	0.00668	20211115	14272	aaa
0	0		219.5	27.0	215.5	0.0	4.0	160.0	-0.002179	1.82e-05	0.0003859	0.002213	20211115	14282	aaa
0	0		220.5	27.0	35.5	1.0	4.0	-20.0	-0.002821	0.0002438	0.0006602	0.002907	20211115	14381	aaa
0	0		220.5	27.0	45.5	1.0	4.0	-10.0	-0.008552	-0.0002554	0.0021605	0.008823	20211115	14390	aaa
0	0		220.5	27.0	55.5	1.0	4.0	0.0	-0.03499	-0.005167	0.008787	0.03644	20211115	14400	aaa
0	0		220.5	27.0	65.5	1.0	4.0	10.0	-0.20917	-0.04557	0.019451	0.21496	20211115	14410	aaa
0	0		220.5	27.0	75.5	1.0	4.0	20.0	-0.3419	-0.0765	-0.0017892	0.3503	20211115	14420	aaa
0	0		220.5	27.0	85.5	1.0	4.0	30.0	-0.3619	-0.07901	0.00446	0.3705	20211115	14430	aaa
0	0		220.5	27.0	95.5	1.0	4.0	40.0	-0.3581	-0.07771	0.006354	0.3664	20211115	14439	aaa
0	0		220.5	27.0	105.5	1.0	4.0	50.0	-0.3393	-0.07812	-0.003394	0.3483	20211115	14449	aaa
0	0		220.5	27.0	115.5	1.0	4.0	60.0	-0.3586	-0.07025	-0.0017724	0.3654	20211115	14459	aaa
0	0		220.5	27.0	125.5	1.0	4.0	70.0	-0.3446	-0.07121	-0.0022296	0.3519	20211115	14469	aaa
0	0		220.5	27.0	135.5	1.0	4.0	80.0	-0.3485	-0.06683	-0.002542	0.3548	20211115	14478	aaa
0	0		220.5	27.0	145.5	1.0	4.0	90.0	-0.3662	-0.07055	0.00544	0.373	20211115	14488	aaa
0	0		220.5	27.0	155.5	1.0	4.0	100.0	-0.3586	-0.07054	-0.003888	0.3655	20211115	14498	aaa
0	0		220.5	27.0	165.5	1.0	4.0	110.0	-0.3683	-0.06629	-0.006745	0.3743	20211115	14508	aaa
0	0		220.5	27.0	175.5	1.0	4.0	120.0	-0.3485	-0.0582	-0.011622	0.3535	20211115	14518	aaa
0	0		220.5	27.0	185.5	1.0	4.0	130.0	-0.18318	-0.02617	-0.018278	0.18594	20211115	14527	aaa
0	0		220.5	27.0	195.5	1.0	4.0	140.0	-0.02777	-0.004747	-0.002666	0.0283	20211115	14537	aaa
0	0		220.5	27.0	205.5	1.0	4.0	150.0	-0.006767	-0.0013642	-0.0002664	0.006907	20211115	14547	aaa
0	0		220.5	27.0	215.5	1.0	4.0	160.0	-0.002207	-0.0004734	0.0001572	0.002263	20211115	14556	aaa
