0 0 0 0 0 -4 -4 -20.0 0.0016989479779686018 0.0031625358274116606 0
0 0 0 0 0 -4 -4 -10.0 0.006625229987872062 0.00947024656437092 0
0 0 0 0 0 -4 -4 0.0 0.03337040184509814 0.037928100024602576 0
0 0 0 0 0 -4 -4 10.0 0.24852179038534813 0.2359410139416394 0
0 0 0 0 0 -4 -4 20.0 0.3777175052249556 0.3755173181177549 0
0 0 0 0 0 -4 -4 30.0 0.40420363091109474 0.4038573458852743 0
0 0 0 0 0 -4 -4 40.0 0.4095506761047949 0.41020957164482547 0
0 0 0 0 0 -4 -4 50.0 0.4157509867529967 0.39968575249476634 0
0 0 0 0 0 -4 -4 60.0 0.40811321522560196 0.41789157635177787 0
0 0 0 0 0 -4 -4 70.0 0.39833832297520655 0.4022103294698193 0
0 0 0 0 0 -4 -4 80.0 0.3961106102161332 0.40603818102033545 0
0 0 0 0 0 -4 -4 90.0 0.40478584594434835 0.41865064537530167 0
0 0 0 0 0 -4 -4 100.0 0.3945511657399557 0.408218506864636 0
0 0 0 0 0 -4 -4 110.0 0.3899903330068837 0.41408795111745295 0
0 0 0 0 0 -4 -4 120.0 0.36736395203732897 0.38942374949494996 0
0 0 0 0 0 -4 -4 130.0 0.17502663254728845 0.20264193872011602 0
0 0 0 0 0 -4 -4 140.0 0.024450337777912928 0.027852497802439265 0
0 0 0 0 0 -4 -4 150.0 0.005672675754985177 0.006384406841916578 0
0 0 0 0 0 -4 -4 160.0 0.0017377644482375434 0.0019680216776487135 0
0 0 0 0 0 -4 -3 -20.0 0.0011040539384501355 0.003127389369015675 0
0 0 0 0 0 -4 -3 -10.0 0.004660190160186192 0.009351067119262561 0
0 0 0 0 0 -4 -3 0.0 0.024764472344327514 0.03745174333260877 0
0 0 0 0 0 -4 -3 10.0 0.19179673908499154 0.23572001059787653 0
0 0 0 0 0 -4 -3 20.0 0.2880003361491845 0.37322082196602246 0
0 0 0 0 0 -4 -3 30.0 0.30833989006238816 0.40298325457765427 0
0 0 0 0 0 -4 -3 40.0 0.31311878119735714 0.40892810263353707 0
0 0 0 0 0 -4 -3 50.0 0.31992496636628176 0.3986928526587923 0
0 0 0 0 0 -4 -3 60.0 0.3116037427389408 0.4166280029460233 0
0 0 0 0 0 -4 -3 70.0 0.3025624686338946 0.4022875909085062 0
0 0 0 0 0 -4 -3 80.0 0.30044267580747674 0.40520221407209067 0
0 0 0 0 0 -4 -3 90.0 0.307355874391392 0.417115573729589 0
0 0 0 0 0 -4 -3 100.0 0.2978853770919185 0.4086050875262278 0
0 0 0 0 0 -4 -3 110.0 0.29393177057480485 0.41346329189166275 0
0 0 0 0 0 -4 -3 120.0 0.27734181561054494 0.38815209572391823 0
0 0 0 0 0 -4 -3 130.0 0.13121984841828851 0.20120685267523084 0
0 0 0 0 0 -4 -3 140.0 0.018113925002081293 0.027509904981096123 0
0 0 0 0 0 -4 -3 150.0 0.004154721597091364 0.006334318730229081 0
0 0 0 0 0 -4 -3 160.0 0.0012581302143301492 0.001960521152225112 0
0 0 0 0 0 -4 -2 -20.0 0.0005091598989316695 0.0030922429106196893 0
0 0 0 0 0 -4 -2 -10.0 0.0026951503325003223 0.009231887674154202 0
0 0 0 0 0 -4 -2 0.0 0.01615854284355689 0.036975386640614956 0
0 0 0 0 0 -4 -2 10.0 0.1350716877846349 0.23549900725411366 0
0 0 0 0 0 -4 -2 20.0 0.19828316707341334 0.37092432581428997 0
0 0 0 0 0 -4 -2 30.0 0.21247614921368163 0.40210916327003426 0
0 0 0 0 0 -4 -2 40.0 0.21668688628991936 0.40764663362224873 0
0 0 0 0 0 -4 -2 50.0 0.22409894597956678 0.3976999528228183 0
0 0 0 0 0 -4 -2 60.0 0.21509427025227967 0.41536442954026875 0
0 0 0 0 0 -4 -2 70.0 0.20678661429258252 0.40236485234719305 0
0 0 0 0 0 -4 -2 80.0 0.20477474139882026 0.40436624712384595 0
0 0 0 0 0 -4 -2 90.0 0.2099259028384356 0.41558050208387637 0
0 0 0 0 0 -4 -2 100.0 0.20121958844388116 0.4089916681878197 0
0 0 0 0 0 -4 -2 110.0 0.19787320814272605 0.4128386326658726 0
0 0 0 0 0 -4 -2 120.0 0.1873196791837609 0.3868804419528865 0
0 0 0 0 0 -4 -2 130.0 0.08741306428928859 0.19977176663034568 0
0 0 0 0 0 -4 -2 140.0 0.011777512226249655 0.027167312159752984 0
0 0 0 0 0 -4 -2 150.0 0.0026367674391975507 0.006284230618541584 0
0 0 0 0 0 -4 -2 160.0 0.0007784959804227553 0.0019530206268015102 0
0 0 0 0 0 -4 -1 -20.0 -8.573414058679672e-05 0.003057096452223704 0
0 0 0 0 0 -4 -1 -10.0 0.0007301105048144531 0.009112708229045845 0
0 0 0 0 0 -4 -1 0.0 0.007552613342786263 0.03649902994862114 0
0 0 0 0 0 -4 -1 10.0 0.07834663648427831 0.23527800391035078 0
0 0 0 0 0 -4 -1 20.0 0.1085659979976422 0.3686278296625575 0
0 0 0 0 0 -4 -1 30.0 0.11661240836497509 0.40123507196241426 0
0 0 0 0 0 -4 -1 40.0 0.12025499138248158 0.40636516461096034 0
0 0 0 0 0 -4 -1 50.0 0.12827292559285183 0.3967070529868442 0
0 0 0 0 0 -4 -1 60.0 0.11858479776561849 0.4141008561345142 0
0 0 0 0 0 -4 -1 70.0 0.1110107599512705 0.40244211378587985 0
0 0 0 0 0 -4 -1 80.0 0.10910680699016374 0.40353028017560116 0
0 0 0 0 0 -4 -1 90.0 0.11249593128547919 0.4140454304381637 0
0 0 0 0 0 -4 -1 100.0 0.10455379979584387 0.4093782488494115 0
0 0 0 0 0 -4 -1 110.0 0.10181464571064729 0.4122139734400824 0
0 0 0 0 0 -4 -1 120.0 0.09729754275697688 0.3856087881818548 0
0 0 0 0 0 -4 -1 130.0 0.04360628016028866 0.1983366805854605 0
0 0 0 0 0 -4 -1 140.0 0.005441099450418018 0.026824719338409842 0
0 0 0 0 0 -4 -1 150.0 0.0011188132813037377 0.006234142506854088 0
0 0 0 0 0 -4 -1 160.0 0.0002988617465153611 0.0019455201013779085 0
0 0 0 0 0 -4 0 -20.0 -0.0006806281801052629 0.0030219499938277184 0
0 0 0 0 0 -4 0 -10.0 -0.0012349293228714163 0.008993528783937487 0
0 0 0 0 0 -4 0 0.0 -0.001053316157984362 0.036022673256627336 0
0 0 0 0 0 -4 0 10.0 0.0216215851839217 0.2350570005665879 0
0 0 0 0 0 -4 0 20.0 0.018848828921871032 0.36633133351082503 0
0 0 0 0 0 -4 0 30.0 0.02074866751626856 0.4003609806547942 0
0 0 0 0 0 -4 0 40.0 0.023823096475043826 0.405083695599672 0
0 0 0 0 0 -4 0 50.0 0.03244690520613688 0.3957141531508702 0
0 0 0 0 0 -4 0 60.0 0.02207532527895734 0.41283728272875964 0
0 0 0 0 0 -4 0 70.0 0.015234905609958445 0.4025193752245667 0
0 0 0 0 0 -4 0 80.0 0.013438872581507257 0.40269431322735644 0
0 0 0 0 0 -4 0 90.0 0.015065959732522796 0.41251035879245107 0
0 0 0 0 0 -4 0 100.0 0.007888011147806585 0.4097648295110033 0
0 0 0 0 0 -4 0 110.0 0.005756083278568524 0.4115893142142923 0
0 0 0 0 0 -4 0 120.0 0.007275406330192883 0.38433713441082307 0
0 0 0 0 0 -4 0 130.0 -0.00020050396871127037 0.19690159454057535 0
0 0 0 0 0 -4 0 140.0 -0.0008953133254136184 0.026482126517066704 0
0 0 0 0 0 -4 0 150.0 -0.0003991408765900753 0.006184054395166591 0
0 0 0 0 0 -4 0 160.0 -0.000180772487392033 0.0019380195759543068 0
0 0 0 0 0 -4 1 -20.0 -0.001275522219623729 0.002986803535431733 0
0 0 0 0 0 -4 1 -10.0 -0.0031999691505572862 0.008874349338829128 0
0 0 0 0 0 -4 1 0.0 -0.009659245658754987 0.03554631656463352 0
0 0 0 0 0 -4 1 10.0 -0.03510346611643491 0.23483599722282505 0
0 0 0 0 0 -4 1 20.0 -0.07086834015390012 0.36403483735909253 0
0 0 0 0 0 -4 1 30.0 -0.07511507333243798 0.3994868893471742 0
0 0 0 0 0 -4 1 40.0 -0.07260879843239396 0.4038022265883836 0
0 0 0 0 0 -4 1 50.0 -0.06337911518057807 0.39472125331489616 0
0 0 0 0 0 -4 1 60.0 -0.07443414720770382 0.4115737093230051 0
0 0 0 0 0 -4 1 70.0 -0.08054094873135359 0.4025966366632535 0
0 0 0 0 0 -4 1 80.0 -0.08222906182714924 0.40185834627911166 0
0 0 0 0 0 -4 1 90.0 -0.0823640118204336 0.4109752871467384 0
0 0 0 0 0 -4 1 100.0 -0.08877777750023069 0.4101514101725951 0
0 0 0 0 0 -4 1 110.0 -0.09030247915351025 0.41096465498850215 0
0 0 0 0 0 -4 1 120.0 -0.08274673009659114 0.3830654806397913 0
0 0 0 0 0 -4 1 130.0 -0.04400728809771119 0.19546650849569017 0
0 0 0 0 0 -4 1 140.0 -0.007231726101245255 0.02613953369572356 0
0 0 0 0 0 -4 1 150.0 -0.0019170950344838884 0.006133966283479095 0
0 0 0 0 0 -4 1 160.0 -0.0006604067212994272 0.0019305190505307052 0
0 0 0 0 0 -4 2 -20.0 -0.0018704162591421953 0.002951657077035747 0
0 0 0 0 0 -4 2 -10.0 -0.005165008978243155 0.008755169893720771 0
0 0 0 0 0 -4 2 0.0 -0.01826517515952561 0.03506995987263971 0
0 0 0 0 0 -4 2 10.0 -0.09182851741679153 0.23461499387906218 0
0 0 0 0 0 -4 2 20.0 -0.16058550922967127 0.3617383412073601 0
0 0 0 0 0 -4 2 30.0 -0.1709788141811445 0.3986127980395542 0
0 0 0 0 0 -4 2 40.0 -0.1690406933398317 0.40252075757709527 0
0 0 0 0 0 -4 2 50.0 -0.15920513556729302 0.39372835347892216 0
0 0 0 0 0 -4 2 60.0 -0.17094361969436497 0.4103101359172506 0
0 0 0 0 0 -4 2 70.0 -0.17631680307266565 0.4026738981019404 0
0 0 0 0 0 -4 2 80.0 -0.1778969962358057 0.40102237933086693 0
0 0 0 0 0 -4 2 90.0 -0.17979398337338998 0.4094402155010258 0
0 0 0 0 0 -4 2 100.0 -0.18544356614826796 0.4105379908341869 0
0 0 0 0 0 -4 2 110.0 -0.18636104158558905 0.41033999576271196 0
0 0 0 0 0 -4 2 120.0 -0.17276886652337514 0.38179382686875957 0
0 0 0 0 0 -4 2 130.0 -0.08781407222671113 0.194031422450805 0
0 0 0 0 0 -4 2 140.0 -0.013568138877076889 0.02579694087438042 0
0 0 0 0 0 -4 2 150.0 -0.0034350491923777014 0.006083878171791598 0
0 0 0 0 0 -4 2 160.0 -0.0011400409552068216 0.0019230185251071035 0
0 0 0 0 0 -4 3 -20.0 -0.0024653102986606614 0.0029165106186397616 0
0 0 0 0 0 -4 3 -10.0 -0.007130048805929025 0.008635990448612412 0
0 0 0 0 0 -4 3 0.0 -0.026871104660296234 0.0345936031806459 0
0 0 0 0 0 -4 3 10.0 -0.14855356871714814 0.2343939905352993 0
0 0 0 0 0 -4 3 20.0 -0.2503026783054424 0.3594418450556276 0
0 0 0 0 0 -4 3 30.0 -0.26684255502985105 0.3977387067319342 0
0 0 0 0 0 -4 3 40.0 -0.26547258824726944 0.4012392885658069 0
0 0 0 0 0 -4 3 50.0 -0.25503115595400794 0.3927354536429481 0
0 0 0 0 0 -4 3 60.0 -0.26745309218102614 0.409046562511496 0
0 0 0 0 0 -4 3 70.0 -0.2720926574139777 0.4027511595406272 0
0 0 0 0 0 -4 3 80.0 -0.2735649306444622 0.40018641238262215 0
0 0 0 0 0 -4 3 90.0 -0.2772239549263464 0.4079051438553131 0
0 0 0 0 0 -4 3 100.0 -0.2821093547963052 0.4109245714957787 0
0 0 0 0 0 -4 3 110.0 -0.2824196040176678 0.4097153365369218 0
0 0 0 0 0 -4 3 120.0 -0.26279100295015917 0.38052217309772784 0
0 0 0 0 0 -4 3 130.0 -0.13162085635571108 0.19259633640591983 0
0 0 0 0 0 -4 3 140.0 -0.019904551652908525 0.02545434805303728 0
0 0 0 0 0 -4 3 150.0 -0.004953003350271514 0.006033790060104101 0
0 0 0 0 0 -4 3 160.0 -0.0016196751891142157 0.0019155179996835018 0
0 0 0 0 0 -4 4 -20.0 -0.003060204338179128 0.002881364160243776 0
0 0 0 0 0 -4 4 -10.0 -0.009095088633614894 0.008516811003504054 0
0 0 0 0 0 -4 4 0.0 -0.03547703416106686 0.03411724648865209 0
0 0 0 0 0 -4 4 10.0 -0.20527862001750477 0.23417298719153642 0
0 0 0 0 0 -4 4 20.0 -0.34001984738121355 0.35714534890389515 0
0 0 0 0 0 -4 4 30.0 -0.3627062958785576 0.39686461542431417 0
0 0 0 0 0 -4 4 40.0 -0.36190448315470725 0.39995781955451853 0
0 0 0 0 0 -4 4 50.0 -0.3508571763407229 0.3917425538069741 0
0 0 0 0 0 -4 4 60.0 -0.3639625646676873 0.40778298910574146 0
0 0 0 0 0 -4 4 70.0 -0.36786851175528973 0.40282842097931404 0
0 0 0 0 0 -4 4 80.0 -0.3692328650531187 0.3993504454343774 0
0 0 0 0 0 -4 4 90.0 -0.3746539264793028 0.4063700722096005 0
0 0 0 0 0 -4 4 100.0 -0.3787751434443425 0.4113111521573705 0
0 0 0 0 0 -4 4 110.0 -0.3784781664497466 0.4090906773111317 0
0 0 0 0 0 -4 4 120.0 -0.35281313937694314 0.3792505193266961 0
0 0 0 0 0 -4 4 130.0 -0.17542764048471102 0.19116125036103468 0
0 0 0 0 0 -4 4 140.0 -0.026240964428740163 0.02511175523169414 0
0 0 0 0 0 -4 4 150.0 -0.006470957508165327 0.005983701948416605 0
0 0 0 0 0 -4 4 160.0 -0.0020993094230216097 0.0019080174742599001 0
0 0 0 0 0 -3 -4 -20.0 0.001735757730702519 0.002579924481982096 0
0 0 0 0 0 -3 -4 -10.0 0.006728861122538663 0.007548114377305887 0
0 0 0 0 0 -3 -4 0.0 0.03361660562593255 0.02960360356149654 0
0 0 0 0 0 -3 -4 10.0 0.24705870497824423 0.17964797591580797 0
0 0 0 0 0 -3 -4 20.0 0.37799156712472254 0.285203343674878 0
0 0 0 0 0 -3 -4 30.0 0.40477653360841565 0.3070823882757658 0
0 0 0 0 0 -3 -4 40.0 0.41045861125764144 0.312515981049501 0
0 0 0 0 0 -3 -4 50.0 0.41653610263899554 0.30410028175632753 0
0 0 0 0 0 -3 -4 60.0 0.40923580479221267 0.3202676434231824 0
0 0 0 0 0 -3 -4 70.0 0.40110512302514617 0.307156646131095 0
0 0 0 0 0 -3 -4 80.0 0.3985349412937755 0.31099364486611436 0
0 0 0 0 0 -3 -4 90.0 0.40576479270867644 0.320506969174142 0
0 0 0 0 0 -3 -4 100.0 0.39680082535566774 0.31186354430164204 0
0 0 0 0 0 -3 -4 110.0 0.39120747743220086 0.3176548726422066 0
0 0 0 0 0 -3 -4 120.0 0.3675856146027749 0.29926118533503016 0
0 0 0 0 0 -3 -4 130.0 0.17500868383556437 0.15687993017011667 0
0 0 0 0 0 -3 -4 140.0 0.024421711548686425 0.021467668729661972 0
0 0 0 0 0 -3 -4 150.0 0.005658767989167348 0.00484242990617402 0
0 0 0 0 0 -3 -4 160.0 0.0017278718193604117 0.0014798571275106292 0
0 0 0 0 0 -3 -3 -20.0 0.0011408636911840527 0.0025447780235861106 0
0 0 0 0 0 -3 -3 -10.0 0.004763821294852794 0.007428934932197529 0
0 0 0 0 0 -3 -3 0.0 0.02501067612516193 0.02912724686950273 0
0 0 0 0 0 -3 -3 10.0 0.19033365367788763 0.1794269725720451 0
0 0 0 0 0 -3 -3 20.0 0.28827439804895144 0.28290684752314554 0
0 0 0 0 0 -3 -3 30.0 0.30891279275970907 0.3062082969681458 0
0 0 0 0 0 -3 -3 40.0 0.3140267163502037 0.3112345120382126 0
0 0 0 0 0 -3 -3 50.0 0.3207100822522806 0.30310738192035347 0
0 0 0 0 0 -3 -3 60.0 0.3127263323055516 0.31900407001742787 0
0 0 0 0 0 -3 -3 70.0 0.3053292686838342 0.30723390756978186 0
0 0 0 0 0 -3 -3 80.0 0.30286700688511903 0.3101576779178696 0
0 0 0 0 0 -3 -3 90.0 0.3083348211557201 0.31897189752842936 0
0 0 0 0 0 -3 -3 100.0 0.30013503670763053 0.31225012496323384 0
0 0 0 0 0 -3 -3 110.0 0.295148915000122 0.3170302134164164 0
0 0 0 0 0 -3 -3 120.0 0.27756347817599086 0.29798953156399843 0
0 0 0 0 0 -3 -3 130.0 0.13120189970656443 0.1554448441252315 0
0 0 0 0 0 -3 -3 140.0 0.01808529877285479 0.02112507590831883 0
0 0 0 0 0 -3 -3 150.0 0.004140813831273535 0.004792341794486523 0
0 0 0 0 0 -3 -3 160.0 0.0012482375854530176 0.0014723566020870276 0
0 0 0 0 0 -3 -2 -20.0 0.0005459696516655866 0.0025096315651901248 0
0 0 0 0 0 -3 -2 -10.0 0.0027987814671669243 0.007309755487089171 0
0 0 0 0 0 -3 -2 0.0 0.016404746624391304 0.02865089017750892 0
0 0 0 0 0 -3 -2 10.0 0.133608602377531 0.17920596922828222 0
0 0 0 0 0 -3 -2 20.0 0.19855722897318026 0.28061035137141305 0
0 0 0 0 0 -3 -2 30.0 0.2130490519110025 0.30533420566052577 0
0 0 0 0 0 -3 -2 40.0 0.2175948214427659 0.3099530430269243 0
0 0 0 0 0 -3 -2 50.0 0.22488406186556562 0.30211448208437947 0
0 0 0 0 0 -3 -2 60.0 0.21621685981889038 0.3177404966116733 0
0 0 0 0 0 -3 -2 70.0 0.20955341434252214 0.3073111690084687 0
0 0 0 0 0 -3 -2 80.0 0.20719907247646255 0.30932171096962485 0
0 0 0 0 0 -3 -2 90.0 0.21090484960276368 0.3174368258827167 0
0 0 0 0 0 -3 -2 100.0 0.20346924805959327 0.3126367056248257 0
0 0 0 0 0 -3 -2 110.0 0.19909035256804325 0.31640555419062627 0
0 0 0 0 0 -3 -2 120.0 0.1875413417492068 0.2967178777929667 0
0 0 0 0 0 -3 -2 130.0 0.08739511557756449 0.15400975808034634 0
0 0 0 0 0 -3 -2 140.0 0.011748885997023149 0.02078248308697569 0
0 0 0 0 0 -3 -2 150.0 0.002622859673379722 0.004742253682799027 0
0 0 0 0 0 -3 -2 160.0 0.0007686033515456236 0.0014648560766634259 0
0 0 0 0 0 -3 -1 -20.0 -4.89243878528795e-05 0.0024744851067941393 0
0 0 0 0 0 -3 -1 -10.0 0.0008337416394810547 0.007190576041980813 0
0 0 0 0 0 -3 -1 0.0 0.007798817123620679 0.02817453348551511 0
0 0 0 0 0 -3 -1 10.0 0.07688355107717439 0.17898496588451934 0
0 0 0 0 0 -3 -1 20.0 0.10884005989740912 0.2783138552196806 0
0 0 0 0 0 -3 -1 30.0 0.11718531106229599 0.30446011435290576 0
0 0 0 0 0 -3 -1 40.0 0.12116292653532812 0.3086715740156359 0
0 0 0 0 0 -3 -1 50.0 0.12905804147885067 0.3011215822484054 0
0 0 0 0 0 -3 -1 60.0 0.1197073873322292 0.31647692320591875 0
0 0 0 0 0 -3 -1 70.0 0.11377756000121012 0.3073884304471555 0
0 0 0 0 0 -3 -1 80.0 0.11153113806780604 0.30848574402138007 0
0 0 0 0 0 -3 -1 90.0 0.11347487804980727 0.31590175423700406 0
0 0 0 0 0 -3 -1 100.0 0.10680345941155596 0.3130232862864175 0
0 0 0 0 0 -3 -1 110.0 0.1030317901359645 0.3157808949648361 0
0 0 0 0 0 -3 -1 120.0 0.0975192053224228 0.295446224021935 0
0 0 0 0 0 -3 -1 130.0 0.04358833144856456 0.15257467203546116 0
0 0 0 0 0 -3 -1 140.0 0.005412473221191513 0.02043989026563255 0
0 0 0 0 0 -3 -1 150.0 0.001104905515485909 0.00469216557111153 0
0 0 0 0 0 -3 -1 160.0 0.0002889691176382295 0.0014573555512398242 0
0 0 0 0 0 -3 0 -20.0 -0.0006438184273713458 0.002439338648398154 0
0 0 0 0 0 -3 0 -10.0 -0.0011312981882048148 0.007071396596872455 0
0 0 0 0 0 -3 0 0.0 -0.0008071123771499457 0.027698176793521295 0
0 0 0 0 0 -3 0 10.0 0.02015849977681778 0.17876396254075647 0
0 0 0 0 0 -3 0 20.0 0.01912289082163795 0.2760173590679481 0
0 0 0 0 0 -3 0 30.0 0.021321570213589457 0.3035860230452857 0
0 0 0 0 0 -3 0 40.0 0.024731031627890365 0.30739010500434755 0
0 0 0 0 0 -3 0 50.0 0.03323202109213572 0.3001286824124314 0
0 0 0 0 0 -3 0 60.0 0.023197914845568053 0.3152133498001642 0
0 0 0 0 0 -3 0 70.0 0.01800170565989806 0.3074656918858424 0
0 0 0 0 0 -3 0 80.0 0.015863203659149543 0.30764977707313534 0
0 0 0 0 0 -3 0 90.0 0.016044906496850878 0.3143666825912914 0
0 0 0 0 0 -3 0 100.0 0.010137670763518679 0.3134098669480093 0
0 0 0 0 0 -3 0 110.0 0.006973227703885726 0.31515623573904594 0
0 0 0 0 0 -3 0 120.0 0.007497068895638795 0.29417457025090327 0
0 0 0 0 0 -3 0 130.0 -0.00021845268043536683 0.151139585990576 0
0 0 0 0 0 -3 0 140.0 -0.0009239395546401231 0.02009729744428941 0
0 0 0 0 0 -3 0 150.0 -0.00041304864240790395 0.004642077459424033 0
0 0 0 0 0 -3 0 160.0 -0.00019066511626916464 0.0014498550258162225 0
0 0 0 0 0 -3 1 -20.0 -0.0012387124668898119 0.0024041921900021684 0
0 0 0 0 0 -3 1 -10.0 -0.0030963380158906843 0.006952217151764097 0
0 0 0 0 0 -3 1 0.0 -0.00941304187792057 0.027221820101527485 0
0 0 0 0 0 -3 1 10.0 -0.036566551523538826 0.17854295919699362 0
0 0 0 0 0 -3 1 20.0 -0.0705942782541332 0.2737208629162156 0
0 0 0 0 0 -3 1 30.0 -0.07454217063511709 0.3027119317376657 0
0 0 0 0 0 -3 1 40.0 -0.07170086327954742 0.30610863599305915 0
0 0 0 0 0 -3 1 50.0 -0.06259399929457923 0.29913578257645734 0
0 0 0 0 0 -3 1 60.0 -0.07331155764109311 0.31394977639440963 0
0 0 0 0 0 -3 1 70.0 -0.07777414868141397 0.3075429533245292 0
0 0 0 0 0 -3 1 80.0 -0.07980473074950695 0.30681381012489056 0
0 0 0 0 0 -3 1 90.0 -0.08138506505610552 0.31283161094557876 0
0 0 0 0 0 -3 1 100.0 -0.0865281178845186 0.3137964476096011 0
0 0 0 0 0 -3 1 110.0 -0.08908533472819305 0.3145315765132558 0
0 0 0 0 0 -3 1 120.0 -0.08252506753114523 0.2929029164798715 0
0 0 0 0 0 -3 1 130.0 -0.04402523680943529 0.14970449994569082 0
0 0 0 0 0 -3 1 140.0 -0.00726035233047176 0.01975470462294627 0
0 0 0 0 0 -3 1 150.0 -0.001931002800301717 0.004591989347736537 0
0 0 0 0 0 -3 1 160.0 -0.0006702993501765588 0.0014423545003926209 0
0 0 0 0 0 -3 2 -20.0 -0.0018336065064082782 0.0023690457316061825 0
0 0 0 0 0 -3 2 -10.0 -0.005061377843576554 0.006833037706655738 0
0 0 0 0 0 -3 2 0.0 -0.018018971378691195 0.026745463409533675 0
0 0 0 0 0 -3 2 10.0 -0.09329160282389545 0.17832195585323074 0
0 0 0 0 0 -3 2 20.0 -0.16031144732990435 0.27142436676448317 0
0 0 0 0 0 -3 2 30.0 -0.1704059114838236 0.3018378404300457 0
0 0 0 0 0 -3 2 40.0 -0.16813275818698517 0.3048271669817708 0
0 0 0 0 0 -3 2 50.0 -0.15842001968129418 0.29814288274048334 0
0 0 0 0 0 -3 2 60.0 -0.16982103012775426 0.3126862029886551 0
0 0 0 0 0 -3 2 70.0 -0.17355000302272602 0.30762021476321605 0
0 0 0 0 0 -3 2 80.0 -0.17547266515816343 0.30597784317664584 0
0 0 0 0 0 -3 2 90.0 -0.1788150366090619 0.3112965392998661 0
0 0 0 0 0 -3 2 100.0 -0.18319390653255585 0.31418302827119293 0
0 0 0 0 0 -3 2 110.0 -0.18514389716027185 0.3139069172874656 0
0 0 0 0 0 -3 2 120.0 -0.17254720395792925 0.29163126270883977 0
0 0 0 0 0 -3 2 130.0 -0.08783202093843523 0.14826941390080567 0
0 0 0 0 0 -3 2 140.0 -0.013596765106303395 0.019412111801603127 0
0 0 0 0 0 -3 2 150.0 -0.00344895695819553 0.004541901236049041 0
0 0 0 0 0 -3 2 160.0 -0.0011499335840839532 0.0014348539749690192 0
0 0 0 0 0 -3 3 -20.0 -0.002428500545926744 0.002333899273210197 0
0 0 0 0 0 -3 3 -10.0 -0.007026417671262423 0.006713858261547381 0
0 0 0 0 0 -3 3 0.0 -0.02662490087946182 0.02626910671753986 0
0 0 0 0 0 -3 3 10.0 -0.15001665412425205 0.17810095250946786 0
0 0 0 0 0 -3 3 20.0 -0.2500286164056755 0.2691278706127507 0
0 0 0 0 0 -3 3 30.0 -0.26626965233253014 0.3009637491224257 0
0 0 0 0 0 -3 3 40.0 -0.2645646530944229 0.3035456979704824 0
0 0 0 0 0 -3 3 50.0 -0.2542460400680091 0.2971499829045093 0
0 0 0 0 0 -3 3 60.0 -0.2663305026144154 0.31142262958290057 0
0 0 0 0 0 -3 3 70.0 -0.2693258573640381 0.30769747620190285 0
0 0 0 0 0 -3 3 80.0 -0.2711405995668199 0.30514187622840105 0
0 0 0 0 0 -3 3 90.0 -0.2762450081620183 0.30976146765415347 0
0 0 0 0 0 -3 3 100.0 -0.27985969518059317 0.31456960893278474 0
0 0 0 0 0 -3 3 110.0 -0.28120245959235063 0.3132822580616755 0
0 0 0 0 0 -3 3 120.0 -0.26256934038471325 0.29035960893780804 0
0 0 0 0 0 -3 3 130.0 -0.13163880506743517 0.1468343278559205 0
0 0 0 0 0 -3 3 140.0 -0.019933177882135028 0.01906951898025999 0
0 0 0 0 0 -3 3 150.0 -0.004966911116089343 0.0044918131243615435 0
0 0 0 0 0 -3 3 160.0 -0.0016295678179913474 0.0014273534495454175 0
0 0 0 0 0 -3 4 -20.0 -0.0030233945854452105 0.0022987528148142116 0
0 0 0 0 0 -3 4 -10.0 -0.008991457498948294 0.006594678816439022 0
0 0 0 0 0 -3 4 0.0 -0.03523083038023245 0.02579275002554605 0
0 0 0 0 0 -3 4 10.0 -0.20674170542460868 0.177879949165705 0
0 0 0 0 0 -3 4 20.0 -0.3397457854814466 0.26683137446101823 0
0 0 0 0 0 -3 4 30.0 -0.3621333931812367 0.3000896578148057 0
0 0 0 0 0 -3 4 40.0 -0.3609965480018607 0.3022642289591941 0
0 0 0 0 0 -3 4 50.0 -0.35007206045472405 0.2961570830685353 0
0 0 0 0 0 -3 4 60.0 -0.3628399751010766 0.310159056177146 0
0 0 0 0 0 -3 4 70.0 -0.3651017117053501 0.3077747376405897 0
0 0 0 0 0 -3 4 80.0 -0.3668085339754764 0.30430590928015633 0
0 0 0 0 0 -3 4 90.0 -0.3736749797149747 0.3082263960084408 0
0 0 0 0 0 -3 4 100.0 -0.37652548382863044 0.31495618959437655 0
0 0 0 0 0 -3 4 110.0 -0.3772610220244294 0.31265759883588534 0
0 0 0 0 0 -3 4 120.0 -0.3525914768114972 0.2890879551667763 0
0 0 0 0 0 -3 4 130.0 -0.1754455891964351 0.14539924181103533 0
0 0 0 0 0 -3 4 140.0 -0.026269590657966666 0.018726926158916846 0
0 0 0 0 0 -3 4 150.0 -0.006484865273983156 0.004441725012674047 0
0 0 0 0 0 -3 4 160.0 -0.0021092020518987415 0.0014198529241218158 0
0 0 0 0 0 -2 -4 -20.0 0.0017725674834364363 0.001997313136552531 0
0 0 0 0 0 -2 -4 -10.0 0.006832492257205265 0.005625982190240855 0
0 0 0 0 0 -2 -4 0.0 0.03386280940676697 0.0212791070983905 0
0 0 0 0 0 -2 -4 10.0 0.24559561957114032 0.12335493788997652 0
0 0 0 0 0 -2 -4 20.0 0.37826562902448946 0.19488936923200106 0
0 0 0 0 0 -2 -4 30.0 0.4053494363057365 0.2103074306662572 0
0 0 0 0 0 -2 -4 40.0 0.411366546410488 0.21482239045417648 0
0 0 0 0 0 -2 -4 50.0 0.4173212185249944 0.20851481101788874 0
0 0 0 0 0 -2 -4 60.0 0.41035839435882343 0.22264371049458695 0
0 0 0 0 0 -2 -4 70.0 0.4038719230750858 0.21210296279237062 0
0 0 0 0 0 -2 -4 80.0 0.40095927237141776 0.21594910871189324 0
0 0 0 0 0 -2 -4 90.0 0.4067437394730045 0.2223632929729823 0
0 0 0 0 0 -2 -4 100.0 0.39905048497137985 0.21550858173864806 0
0 0 0 0 0 -2 -4 110.0 0.3924246218575181 0.2212217941669602 0
0 0 0 0 0 -2 -4 120.0 0.36780727716822076 0.2090986211751103 0
0 0 0 0 0 -2 -4 130.0 0.17499073512384028 0.1111179216201173 0
0 0 0 0 0 -2 -4 140.0 0.02439308531945992 0.015082839656884681 0
0 0 0 0 0 -2 -4 150.0 0.005644860223349519 0.0033004529704314623 0
0 0 0 0 0 -2 -4 160.0 0.00171797919048328 0.0009916925773725451 0
0 0 0 0 0 -2 -3 -20.0 0.00117767344391797 0.0019621666781565452 0
0 0 0 0 0 -2 -3 -10.0 0.004867452429519395 0.005506802745132497 0
0 0 0 0 0 -2 -3 0.0 0.025256879905996343 0.02080275040639669 0
0 0 0 0 0 -2 -3 10.0 0.18887056827078372 0.12313393454621364 0
0 0 0 0 0 -2 -3 20.0 0.28854845994871836 0.1925928730802686 0
0 0 0 0 0 -2 -3 30.0 0.3094856954570299 0.2094333393586372 0
0 0 0 0 0 -2 -3 40.0 0.3149346515030502 0.2135409214428881 0
0 0 0 0 0 -2 -3 50.0 0.3214951981382794 0.2075219111819147 0
0 0 0 0 0 -2 -3 60.0 0.3138489218721623 0.2213801370888324 0
0 0 0 0 0 -2 -3 70.0 0.3080960687337738 0.21218022423105745 0
0 0 0 0 0 -2 -3 80.0 0.3052913379627613 0.21511314176364849 0
0 0 0 0 0 -2 -3 90.0 0.30931376792004817 0.22082822132726965 0
0 0 0 0 0 -2 -3 100.0 0.30238469632334264 0.21589516240023987 0
0 0 0 0 0 -2 -3 110.0 0.29636605942543925 0.22059713494117003 0
0 0 0 0 0 -2 -3 120.0 0.27778514074143673 0.20782696740407855 0
0 0 0 0 0 -2 -3 130.0 0.13118395099484034 0.10968283557523213 0
0 0 0 0 0 -2 -3 140.0 0.018056672543628284 0.01474024683554154 0
0 0 0 0 0 -2 -3 150.0 0.0041269060654557065 0.003250364858743966 0
0 0 0 0 0 -2 -3 160.0 0.001238344956575886 0.0009841920519489435 0
0 0 0 0 0 -2 -2 -20.0 0.000582779404399504 0.0019270202197605598 0
0 0 0 0 0 -2 -2 -10.0 0.0029024126018335258 0.0053876233000241395 0
0 0 0 0 0 -2 -2 0.0 0.01665095040522572 0.02032639371440288 0
0 0 0 0 0 -2 -2 10.0 0.1321455169704271 0.12291293120245078 0
0 0 0 0 0 -2 -2 20.0 0.19883129087294718 0.19029637692853613 0
0 0 0 0 0 -2 -2 30.0 0.21362195460832342 0.20855924805101717 0
0 0 0 0 0 -2 -2 40.0 0.21850275659561244 0.21225945243159974 0
0 0 0 0 0 -2 -2 50.0 0.22566917775156448 0.20652901134594068 0
0 0 0 0 0 -2 -2 60.0 0.2173394493855011 0.22011656368307783 0
0 0 0 0 0 -2 -2 70.0 0.21232021439246174 0.21225748566974428 0
0 0 0 0 0 -2 -2 80.0 0.20962340355410483 0.21427717481540373 0
0 0 0 0 0 -2 -2 90.0 0.21188379636709176 0.219293149681557 0
0 0 0 0 0 -2 -2 100.0 0.20571890767530535 0.21628174306183168 0
0 0 0 0 0 -2 -2 110.0 0.20030749699336045 0.2199724757153799 0
0 0 0 0 0 -2 -2 120.0 0.18776300431465273 0.20655531363304683 0
0 0 0 0 0 -2 -2 130.0 0.08737716686584039 0.10824774953034697 0
0 0 0 0 0 -2 -2 140.0 0.011720259767796644 0.0143976540141984 0
0 0 0 0 0 -2 -2 150.0 0.0026089519075618937 0.0032002767470564694 0
0 0 0 0 0 -2 -2 160.0 0.000758710722668492 0.0009766915265253418 0
0 0 0 0 0 -2 -1 -20.0 -1.2114635118962237e-05 0.0018918737613645741 0
0 0 0 0 0 -2 -1 -10.0 0.0009373727741476565 0.005268443854915781 0
0 0 0 0 0 -2 -1 0.0 0.008045020904455096 0.01985003702240907 0
0 0 0 0 0 -2 -1 10.0 0.07542046567007046 0.1226919278586879 0
0 0 0 0 0 -2 -1 20.0 0.10911412179717603 0.18799988077680366 0
0 0 0 0 0 -2 -1 30.0 0.1177582137596169 0.20768515674339716 0
0 0 0 0 0 -2 -1 40.0 0.12207086168817467 0.21097798342031138 0
0 0 0 0 0 -2 -1 50.0 0.12984315736484953 0.20553611150996665 0
0 0 0 0 0 -2 -1 60.0 0.12082997689883991 0.21885299027732327 0
0 0 0 0 0 -2 -1 70.0 0.11654436005114972 0.21233474710843112 0
0 0 0 0 0 -2 -1 80.0 0.11395546914544832 0.213441207867159 0
0 0 0 0 0 -2 -1 90.0 0.11445382481413535 0.21775807803584435 0
0 0 0 0 0 -2 -1 100.0 0.10905311902726805 0.2166683237234235 0
0 0 0 0 0 -2 -1 110.0 0.1042489345612817 0.21934781648958973 0
0 0 0 0 0 -2 -1 120.0 0.0977408678878687 0.20528365986201508 0
0 0 0 0 0 -2 -1 130.0 0.04357038273684047 0.1068126634854618 0
0 0 0 0 0 -2 -1 140.0 0.005383846991965008 0.014055061192855258 0
0 0 0 0 0 -2 -1 150.0 0.0010909977496680802 0.0031501886353689727 0
0 0 0 0 0 -2 -1 160.0 0.0002790764887610979 0.0009691910011017401 0
0 0 0 0 0 -2 0 -20.0 -0.0006070086746374284 0.0018567273029685887 0
0 0 0 0 0 -2 0 -10.0 -0.001027667053538213 0.005149264409807423 0
0 0 0 0 0 -2 0 0.0 -0.0005609085963155292 0.019373680330415255 0
0 0 0 0 0 -2 0 10.0 0.01869541436971386 0.12247092451492503 0
0 0 0 0 0 -2 0 20.0 0.01939695272140487 0.1857033846250712 0
0 0 0 0 0 -2 0 30.0 0.021894472910910352 0.20681106543577715 0
0 0 0 0 0 -2 0 40.0 0.025638966780736905 0.209696514409023 0
0 0 0 0 0 -2 0 50.0 0.03401713697813456 0.20454321167399261 0
0 0 0 0 0 -2 0 60.0 0.024320504412178767 0.21758941687156874 0
0 0 0 0 0 -2 0 70.0 0.020768505709837674 0.21241200854711795 0
0 0 0 0 0 -2 0 80.0 0.01828753473679183 0.21260524091891425 0
0 0 0 0 0 -2 0 90.0 0.01702385326117896 0.2162230063901317 0
0 0 0 0 0 -2 0 100.0 0.012387330379230774 0.21705490438501532 0
0 0 0 0 0 -2 0 110.0 0.00819037212920293 0.21872315726379957 0
0 0 0 0 0 -2 0 120.0 0.0077187314610847055 0.20401200609098336 0
0 0 0 0 0 -2 0 130.0 -0.00023640139215946328 0.10537757744057663 0
0 0 0 0 0 -2 0 140.0 -0.0009525657838666279 0.013712468371512118 0
0 0 0 0 0 -2 0 150.0 -0.0004269564082257326 0.0031001005236814764 0
0 0 0 0 0 -2 0 160.0 -0.00020055774514629628 0.0009616904756781384 0
0 0 0 0 0 -2 1 -20.0 -0.0012019027141558945 0.001821580844572603 0
0 0 0 0 0 -2 1 -10.0 -0.0029927068812240828 0.005030084964699065 0
0 0 0 0 0 -2 1 0.0 -0.009166838097086153 0.018897323638421445 0
0 0 0 0 0 -2 1 10.0 -0.03802963693064275 0.12224992117116215 0
0 0 0 0 0 -2 1 20.0 -0.07032021635436629 0.18340688847333872 0
0 0 0 0 0 -2 1 30.0 -0.07396926793779618 0.20593697412815715 0
0 0 0 0 0 -2 1 40.0 -0.07079292812670086 0.20841504539773464 0
0 0 0 0 0 -2 1 50.0 -0.06180888340858039 0.20355031183801858 0
0 0 0 0 0 -2 1 60.0 -0.0721889680744824 0.21632584346581418 0
0 0 0 0 0 -2 1 70.0 -0.07500734863147436 0.2124892699858048 0
0 0 0 0 0 -2 1 80.0 -0.07738039967186466 0.2117692739706695 0
0 0 0 0 0 -2 1 90.0 -0.08040611829177743 0.21468793474441905 0
0 0 0 0 0 -2 1 100.0 -0.0842784582688065 0.21744148504660712 0
0 0 0 0 0 -2 1 110.0 -0.08786819030287583 0.21809849803800943 0
0 0 0 0 0 -2 1 120.0 -0.08230340496569932 0.20274035231995163 0
0 0 0 0 0 -2 1 130.0 -0.044043185521159385 0.10394249139569146 0
0 0 0 0 0 -2 1 140.0 -0.007288978559698265 0.013369875550168978 0
0 0 0 0 0 -2 1 150.0 -0.0019449105661195458 0.0030500124119939797 0
0 0 0 0 0 -2 1 160.0 -0.0006801919790536905 0.0009541899502545368 0
0 0 0 0 0 -2 2 -20.0 -0.0017967967536743608 0.0017864343861766175 0
0 0 0 0 0 -2 2 -10.0 -0.004957746708909952 0.0049109055195907065 0
0 0 0 0 0 -2 2 0.0 -0.01777276759785678 0.018420966946427635 0
0 0 0 0 0 -2 2 10.0 -0.09475468823099936 0.12202891782739927 0
0 0 0 0 0 -2 2 20.0 -0.16003738543013743 0.18111039232160625 0
0 0 0 0 0 -2 2 30.0 -0.1698330087865027 0.20506288282053714 0
0 0 0 0 0 -2 2 40.0 -0.16722482303413863 0.20713357638644628 0
0 0 0 0 0 -2 2 50.0 -0.15763490379529532 0.20255741200204455 0
0 0 0 0 0 -2 2 60.0 -0.16869844056114355 0.21506227006005962 0
0 0 0 0 0 -2 2 70.0 -0.17078320297278643 0.21256653142449164 0
0 0 0 0 0 -2 2 80.0 -0.17304833408052114 0.21093330702242474 0
0 0 0 0 0 -2 2 90.0 -0.1778360898447338 0.2131528630987064 0
0 0 0 0 0 -2 2 100.0 -0.18094424691684377 0.21782806570819893 0
0 0 0 0 0 -2 2 110.0 -0.18392675273495465 0.21747383881221927 0
0 0 0 0 0 -2 2 120.0 -0.17232554139248332 0.20146869854891988 0
0 0 0 0 0 -2 2 130.0 -0.08784996965015933 0.1025074053508063 0
0 0 0 0 0 -2 2 140.0 -0.0136253913355299 0.013027282728825838 0
0 0 0 0 0 -2 2 150.0 -0.0034628647240133583 0.002999924300306483 0
0 0 0 0 0 -2 2 160.0 -0.0011598262129610848 0.0009466894248309351 0
0 0 0 0 0 -2 3 -20.0 -0.002391690793192827 0.0017512879277806319 0
0 0 0 0 0 -2 3 -10.0 -0.006922786536595822 0.004791726074482349 0
0 0 0 0 0 -2 3 0.0 -0.026378697098627404 0.01794461025443382 0
0 0 0 0 0 -2 3 10.0 -0.15147973953135596 0.1218079144836364 0
0 0 0 0 0 -2 3 20.0 -0.24975455450590858 0.17881389616987378 0
0 0 0 0 0 -2 3 30.0 -0.2656967496352093 0.2041887915129171 0
0 0 0 0 0 -2 3 40.0 -0.26365671794157636 0.20585210737515794 0
0 0 0 0 0 -2 3 50.0 -0.25346092418201027 0.20156451216607052 0
0 0 0 0 0 -2 3 60.0 -0.26520791304780467 0.21379869665430506 0
0 0 0 0 0 -2 3 70.0 -0.26655905731409846 0.21264379286317847 0
0 0 0 0 0 -2 3 80.0 -0.2687162684891776 0.21009734007418 0
0 0 0 0 0 -2 3 90.0 -0.2752660613976902 0.21161779145299375 0
0 0 0 0 0 -2 3 100.0 -0.27761003556488106 0.21821464636979077 0
0 0 0 0 0 -2 3 110.0 -0.2799853151670334 0.2168491795864291 0
0 0 0 0 0 -2 3 120.0 -0.2623476778192674 0.20019704477788816 0
0 0 0 0 0 -2 3 130.0 -0.13165675377915925 0.10107231930592113 0
0 0 0 0 0 -2 3 140.0 -0.019961804111361534 0.012684689907482697 0
0 0 0 0 0 -2 3 150.0 -0.004980818881907172 0.0029498361886189867 0
0 0 0 0 0 -2 3 160.0 -0.001639460446868479 0.0009391888994073334 0
0 0 0 0 0 -2 4 -20.0 -0.0029865848327112936 0.0017161414693846462 0
0 0 0 0 0 -2 4 -10.0 -0.008887826364281691 0.00467254662937399 0
0 0 0 0 0 -2 4 0.0 -0.03498462659939803 0.01746825356244001 0
0 0 0 0 0 -2 4 10.0 -0.2082047908317126 0.12158691113987354 0
0 0 0 0 0 -2 4 20.0 -0.3394717235816797 0.1765174000181413 0
0 0 0 0 0 -2 4 30.0 -0.36156049048391586 0.2033147002052971 0
0 0 0 0 0 -2 4 40.0 -0.36008861284901417 0.20457063836386957 0
0 0 0 0 0 -2 4 50.0 -0.3492869445687252 0.20057161233009646 0
0 0 0 0 0 -2 4 60.0 -0.3617173855344658 0.21253512324855053 0
0 0 0 0 0 -2 4 70.0 -0.3623349116554105 0.2127210543018653 0
0 0 0 0 0 -2 4 80.0 -0.36438420289783413 0.20926137312593523 0
0 0 0 0 0 -2 4 90.0 -0.3726960329506466 0.21008271980728108 0
0 0 0 0 0 -2 4 100.0 -0.37427582421291833 0.21860122703138257 0
0 0 0 0 0 -2 4 110.0 -0.3760438775991122 0.21622452036063894 0
0 0 0 0 0 -2 4 120.0 -0.35236981424605135 0.1989253910068564 0
0 0 0 0 0 -2 4 130.0 -0.1754635379081592 0.09963723326103596 0
0 0 0 0 0 -2 4 140.0 -0.026298216887193172 0.012342097086139555 0
0 0 0 0 0 -2 4 150.0 -0.006498773039800985 0.00289974807693149 0
0 0 0 0 0 -2 4 160.0 -0.002119094680775873 0.0009316883739837317 0
0 0 0 0 0 -1 -4 -20.0 0.0018093772361703535 0.001414701791122966 0
0 0 0 0 0 -1 -4 -10.0 0.006936123391871866 0.003703850003175823 0
0 0 0 0 0 -1 -4 0.0 0.034109013187601386 0.012954610635284459 0
0 0 0 0 0 -1 -4 10.0 0.24413253416403638 0.0670618998641451 0
0 0 0 0 0 -1 -4 20.0 0.3785396909242564 0.10457539478912413 0
0 0 0 0 0 -1 -4 30.0 0.4059223390030574 0.11353247305674861 0
0 0 0 0 0 -1 -4 40.0 0.4122744815633345 0.117128799858852 0
0 0 0 0 0 -1 -4 50.0 0.4181063344109932 0.11292934027944991 0
0 0 0 0 0 -1 -4 60.0 0.41148098392543414 0.12501977756599145 0
0 0 0 0 0 -1 -4 70.0 0.4066387231250254 0.11704927945364625 0
0 0 0 0 0 -1 -4 80.0 0.40338360344906005 0.12090457255767212 0
0 0 0 0 0 -1 -4 90.0 0.4077226862373326 0.12421961677182257 0
0 0 0 0 0 -1 -4 100.0 0.40130014458709196 0.11915361917565401 0
0 0 0 0 0 -1 -4 110.0 0.39364176628283526 0.1247887156917138 0
0 0 0 0 0 -1 -4 120.0 0.3680289397336667 0.11893605701519042 0
0 0 0 0 0 -1 -4 130.0 0.17497278641211617 0.06535591307011793 0
0 0 0 0 0 -1 -4 140.0 0.024364459090233413 0.00869801058410739 0
0 0 0 0 0 -1 -4 150.0 0.005630952457531691 0.0017584760346889049 0
0 0 0 0 0 -1 -4 160.0 0.0017080865616061485 0.000503528027234461 0
0 0 0 0 0 -1 -3 -20.0 0.0012144831966518872 0.0013795553327269803 0
0 0 0 0 0 -1 -3 -10.0 0.004971083564185997 0.003584670558067465 0
0 0 0 0 0 -1 -3 0.0 0.02550308368683076 0.012478253943290647 0
0 0 0 0 0 -1 -3 10.0 0.18740748286367978 0.06684089652038222 0
0 0 0 0 0 -1 -3 20.0 0.2888225218484853 0.10227889863739165 0
0 0 0 0 0 -1 -3 30.0 0.31005859815435083 0.11265838174912861 0
0 0 0 0 0 -1 -3 40.0 0.31584258665589676 0.11584733084756363 0
0 0 0 0 0 -1 -3 50.0 0.32228031402427826 0.11193644044347588 0
0 0 0 0 0 -1 -3 60.0 0.314971511438773 0.1237562041602369 0
0 0 0 0 0 -1 -3 70.0 0.31086286878371344 0.11712654089233308 0
0 0 0 0 0 -1 -3 80.0 0.3077156690404036 0.12006860560942738 0
0 0 0 0 0 -1 -3 90.0 0.31029271468437625 0.12268454512610992 0
0 0 0 0 0 -1 -3 100.0 0.30463435593905475 0.11954019983724583 0
0 0 0 0 0 -1 -3 110.0 0.29758320385075643 0.12416405646592366 0
0 0 0 0 0 -1 -3 120.0 0.27800680330688265 0.1176644032441587 0
0 0 0 0 0 -1 -3 130.0 0.13116600228311623 0.06392082702523276 0
0 0 0 0 0 -1 -3 140.0 0.018028046314401778 0.00835541776276425 0
0 0 0 0 0 -1 -3 150.0 0.004112998299637878 0.0017083879230014084 0
0 0 0 0 0 -1 -3 160.0 0.0012284523276987543 0.0004960275018108594 0
0 0 0 0 0 -1 -2 -20.0 0.0006195891571334212 0.0013444088743309948 0
0 0 0 0 0 -1 -2 -10.0 0.0030060437365001277 0.0034654911129591067 0
0 0 0 0 0 -1 -2 0.0 0.016897154186060137 0.012001897251296837 0
0 0 0 0 0 -1 -2 10.0 0.13068243156332315 0.06661989317661936 0
0 0 0 0 0 -1 -2 20.0 0.1991053527727141 0.09998240248565918 0
0 0 0 0 0 -1 -2 30.0 0.2141948573056443 0.1117842904415086 0
0 0 0 0 0 -1 -2 40.0 0.21941069174845898 0.11456586183627526 0
0 0 0 0 0 -1 -2 50.0 0.2264542936375633 0.11094354060750185 0
0 0 0 0 0 -1 -2 60.0 0.2184620389521118 0.12249263075448234 0
0 0 0 0 0 -1 -2 70.0 0.21508701444240136 0.11720380233101992 0
0 0 0 0 0 -1 -2 80.0 0.21204773463174711 0.11923263866118262 0
0 0 0 0 0 -1 -2 90.0 0.21286274313141984 0.12114947348039726 0
0 0 0 0 0 -1 -2 100.0 0.20796856729101745 0.11992678049883765 0
0 0 0 0 0 -1 -2 110.0 0.20152464141867765 0.12353939724013349 0
0 0 0 0 0 -1 -2 120.0 0.18798466688009863 0.11639274947312696 0
0 0 0 0 0 -1 -2 130.0 0.0873592181541163 0.06248574098034759 0
0 0 0 0 0 -1 -2 140.0 0.01169163353857014 0.00801282494142111 0
0 0 0 0 0 -1 -2 150.0 0.0025950441417440647 0.0016582998113139117 0
0 0 0 0 0 -1 -2 160.0 0.0007488180937913604 0.0004885269763872577 0
0 0 0 0 0 -1 -1 -20.0 2.4695117614955013e-05 0.0013092624159350091 0
0 0 0 0 0 -1 -1 -10.0 0.0010410039088142582 0.003346311667850749 0
0 0 0 0 0 -1 -1 0.0 0.008291224685289512 0.011525540559303025 0
0 0 0 0 0 -1 -1 10.0 0.07395738026296655 0.06639888983285648 0
0 0 0 0 0 -1 -1 20.0 0.10938818369694295 0.09768590633392671 0
0 0 0 0 0 -1 -1 30.0 0.1183311164569378 0.11091019913388858 0
0 0 0 0 0 -1 -1 40.0 0.12297879684102121 0.11328439282498691 0
0 0 0 0 0 -1 -1 50.0 0.13062827325084836 0.10995064077152782 0
0 0 0 0 0 -1 -1 60.0 0.12195256646545063 0.1212290573487278 0
0 0 0 0 0 -1 -1 70.0 0.11931116010108934 0.11728106376970676 0
0 0 0 0 0 -1 -1 80.0 0.11637980022309061 0.11839667171293787 0
0 0 0 0 0 -1 -1 90.0 0.11543277157846343 0.11961440183468461 0
0 0 0 0 0 -1 -1 100.0 0.11130277864298016 0.12031336116042946 0
0 0 0 0 0 -1 -1 110.0 0.1054660789865989 0.12291473801434334 0
0 0 0 0 0 -1 -1 120.0 0.09796253045331463 0.11512109570209522 0
0 0 0 0 0 -1 -1 130.0 0.04355243402511637 0.061050654935462426 0
0 0 0 0 0 -1 -1 140.0 0.005355220762738503 0.007670232120077968 0
0 0 0 0 0 -1 -1 150.0 0.0010770899838502517 0.0016082116996264152 0
0 0 0 0 0 -1 -1 160.0 0.00026918385988396626 0.000481026450963656 0
0 0 0 0 0 -1 0 -20.0 -0.0005701989219035112 0.0012741159575390237 0
0 0 0 0 0 -1 0 -10.0 -0.0009240359188716113 0.0032271322227423907 0
0 0 0 0 0 -1 0 0.0 -0.00031470481548111266 0.011049183867309215 0
0 0 0 0 0 -1 0 10.0 0.01723232896260994 0.0661778864890936 0
0 0 0 0 0 -1 0 20.0 0.019671014621171785 0.09538941018219424 0
0 0 0 0 0 -1 0 30.0 0.022467375608231248 0.11003610782626858 0
0 0 0 0 0 -1 0 40.0 0.026546901933583448 0.11200292381369854 0
0 0 0 0 0 -1 0 50.0 0.0348022528641334 0.10895774093555377 0
0 0 0 0 0 -1 0 60.0 0.025443093978789483 0.11996548394297324 0
0 0 0 0 0 -1 0 70.0 0.02353530575977729 0.1173583252083936 0
0 0 0 0 0 -1 0 80.0 0.020711865814434117 0.11756070476469312 0
0 0 0 0 0 -1 0 90.0 0.018002800025507037 0.11807933018897196 0
0 0 0 0 0 -1 0 100.0 0.01463698999494287 0.12069994182202128 0
0 0 0 0 0 -1 0 110.0 0.009407516554520132 0.12229007878855318 0
0 0 0 0 0 -1 0 120.0 0.007940394026530618 0.11384944193106349 0
0 0 0 0 0 -1 0 130.0 -0.0002543501038835597 0.05961556889057726 0
0 0 0 0 0 -1 0 140.0 -0.0009811920130931326 0.007327639298734827 0
0 0 0 0 0 -1 0 150.0 -0.00044086417404356126 0.0015581235879389187 0
0 0 0 0 0 -1 0 160.0 -0.00021045037402342792 0.00047352592554005435 0
0 0 0 0 0 -1 1 -20.0 -0.0011650929614219774 0.001238969499143038 0
0 0 0 0 0 -1 1 -10.0 -0.002889075746557481 0.0031079527776340325 0
0 0 0 0 0 -1 1 0.0 -0.008920634316251737 0.010572827175315403 0
0 0 0 0 0 -1 1 10.0 -0.039492722337746665 0.06595688314533073 0
0 0 0 0 0 -1 1 20.0 -0.07004615445459937 0.09309291403046177 0
0 0 0 0 0 -1 1 30.0 -0.07339636524047528 0.10916201651864857 0
0 0 0 0 0 -1 1 40.0 -0.06988499297385432 0.11072145480241018 0
0 0 0 0 0 -1 1 50.0 -0.06102376752258155 0.10796484109957974 0
0 0 0 0 0 -1 1 60.0 -0.07106637850787167 0.1187019105372187 0
0 0 0 0 0 -1 1 70.0 -0.07224054858153474 0.11743558664708043 0
0 0 0 0 0 -1 1 80.0 -0.07495606859422238 0.11672473781644838 0
0 0 0 0 0 -1 1 90.0 -0.07942717152744935 0.11654425854325931 0
0 0 0 0 0 -1 1 100.0 -0.0820287986530944 0.12108652248361308 0
0 0 0 0 0 -1 1 110.0 -0.08665104587755863 0.12166541956276303 0
0 0 0 0 0 -1 1 120.0 -0.0820817424002534 0.11257778816003175 0
0 0 0 0 0 -1 1 130.0 -0.044061134232883485 0.05818048284569209 0
0 0 0 0 0 -1 1 140.0 -0.007317604788924769 0.006985046477391687 0
0 0 0 0 0 -1 1 150.0 -0.0019588183319373745 0.001508035476251422 0
0 0 0 0 0 -1 1 160.0 -0.0006900846079308221 0.0004660254001164527 0
0 0 0 0 0 -1 2 -20.0 -0.0017599870009404437 0.0012038230407470526 0
0 0 0 0 0 -1 2 -10.0 -0.004854115574243351 0.0029887733325256742 0
0 0 0 0 0 -1 2 0.0 -0.01752656381702236 0.01009647048332159 0
0 0 0 0 0 -1 2 10.0 -0.09621777363810328 0.06573587980156785 0
0 0 0 0 0 -1 2 20.0 -0.1597633235303705 0.09079641787872929 0
0 0 0 0 0 -1 2 30.0 -0.16926010608918182 0.10828792521102855 0
0 0 0 0 0 -1 2 40.0 -0.1663168878812921 0.10943998579112181 0
0 0 0 0 0 -1 2 50.0 -0.1568497879092965 0.10697194126360571 0
0 0 0 0 0 -1 2 60.0 -0.16757585099453284 0.11743833713146413 0
0 0 0 0 0 -1 2 70.0 -0.1680164029228468 0.11751284808576726 0
0 0 0 0 0 -1 2 80.0 -0.17062400300287886 0.11588877086820362 0
0 0 0 0 0 -1 2 90.0 -0.17685714308040573 0.11500918689754666 0
0 0 0 0 0 -1 2 100.0 -0.17869458730113166 0.1214731031452049 0
0 0 0 0 0 -1 2 110.0 -0.18270960830963745 0.12104076033697288 0
0 0 0 0 0 -1 2 120.0 -0.17210387882703743 0.11130613438900001 0
0 0 0 0 0 -1 2 130.0 -0.08786791836188342 0.056745396800806924 0
0 0 0 0 0 -1 2 140.0 -0.013654017564756404 0.006642453656048547 0
0 0 0 0 0 -1 2 150.0 -0.0034767724898311873 0.0014579473645639255 0
0 0 0 0 0 -1 2 160.0 -0.0011697188418382165 0.000458524874692851 0
0 0 0 0 0 -1 3 -20.0 -0.0023548810404589097 0.001168676582351067 0
0 0 0 0 0 -1 3 -10.0 -0.00681915540192922 0.0028695938874173164 0
0 0 0 0 0 -1 3 0.0 -0.026132493317792986 0.00962011379132778 0
0 0 0 0 0 -1 3 10.0 -0.1529428249384599 0.06551487645780497 0
0 0 0 0 0 -1 3 20.0 -0.24948049260614166 0.08849992172699682 0
0 0 0 0 0 -1 3 30.0 -0.2651238469378884 0.10741383390340854 0
0 0 0 0 0 -1 3 40.0 -0.2627487827887298 0.10815851677983344 0
0 0 0 0 0 -1 3 50.0 -0.25267580829601144 0.10597904142763168 0
0 0 0 0 0 -1 3 60.0 -0.26408532348119396 0.11617476372570959 0
0 0 0 0 0 -1 3 70.0 -0.26379225726415884 0.11759010952445409 0
0 0 0 0 0 -1 3 80.0 -0.26629193741153534 0.11505280391995887 0
0 0 0 0 0 -1 3 90.0 -0.27428711463336214 0.11347411525183401 0
0 0 0 0 0 -1 3 100.0 -0.27536037594916896 0.12185968380679671 0
0 0 0 0 0 -1 3 110.0 -0.2787681707417162 0.12041610111118271 0
0 0 0 0 0 -1 3 120.0 -0.26212601525382145 0.11003448061796828 0
0 0 0 0 0 -1 3 130.0 -0.13167470249088337 0.05531031075592176 0
0 0 0 0 0 -1 3 140.0 -0.01999043034058804 0.0062998608347054055 0
0 0 0 0 0 -1 3 150.0 -0.004994726647725 0.001407859252876429 0
0 0 0 0 0 -1 3 160.0 -0.0016493530757456106 0.00045102434926924933 0
0 0 0 0 0 -1 4 -20.0 -0.0029497750799773763 0.0011335301239550812 0
0 0 0 0 0 -1 4 -10.0 -0.008784195229615089 0.002750414442308958 0
0 0 0 0 0 -1 4 0.0 -0.03473842281856361 0.009143757099333969 0
0 0 0 0 0 -1 4 10.0 -0.20966787623881653 0.06529387311404211 0
0 0 0 0 0 -1 4 20.0 -0.3391976616819128 0.08620342557526435 0
0 0 0 0 0 -1 4 30.0 -0.36098758778659495 0.10653974259578854 0
0 0 0 0 0 -1 4 40.0 -0.3591806776961676 0.10687704776854508 0
0 0 0 0 0 -1 4 50.0 -0.3485018286827264 0.10498614159165764 0
0 0 0 0 0 -1 4 60.0 -0.3605947959678551 0.11491119031995503 0
0 0 0 0 0 -1 4 70.0 -0.35956811160547086 0.11766737096314094 0
0 0 0 0 0 -1 4 80.0 -0.36195987182019185 0.11421683697171411 0
0 0 0 0 0 -1 4 90.0 -0.37171708618631855 0.11193904360612136 0
0 0 0 0 0 -1 4 100.0 -0.3720261645972062 0.12224626446838853 0
0 0 0 0 0 -1 4 110.0 -0.374826733173795 0.11979144188539256 0
0 0 0 0 0 -1 4 120.0 -0.3521481516806054 0.10876282684693656 0
0 0 0 0 0 -1 4 130.0 -0.1754814866198833 0.05387522471103659 0
0 0 0 0 0 -1 4 140.0 -0.02632684311641968 0.005957268013362265 0
0 0 0 0 0 -1 4 150.0 -0.006512680805618813 0.0013577711411889323 0
0 0 0 0 0 -1 4 160.0 -0.0021289873096530048 0.00044352382384564766 0
0 0 0 0 0 0 -4 -20.0 0.0018461869889042708 0.0008320904456934011 0
0 0 0 0 0 0 -4 -10.0 0.007039754526538469 0.0017817178161107906 0
0 0 0 0 0 0 -4 0.0 0.034355216968435805 0.004630114172178418 0
0 0 0 0 0 0 -4 10.0 0.24266944875693247 0.010768861838313664 0
0 0 0 0 0 0 -4 20.0 0.3788137528240233 0.014261420346247167 0
0 0 0 0 0 0 -4 30.0 0.4064952417003783 0.01675751544724006 0
0 0 0 0 0 0 -4 40.0 0.41318241671618106 0.019435209263527518 0
0 0 0 0 0 0 -4 50.0 0.41889145029699204 0.017343869541011102 0
0 0 0 0 0 0 -4 60.0 0.41260357349204485 0.027395844637395972 0
0 0 0 0 0 0 -4 70.0 0.40940552317496504 0.021995596114921856 0
0 0 0 0 0 0 -4 80.0 0.40580793452670233 0.025860036403451046 0
0 0 0 0 0 0 -4 90.0 0.4087016330016607 0.02607594057066287 0
0 0 0 0 0 0 -4 100.0 0.40354980420280406 0.022798656612659996 0
0 0 0 0 0 0 -4 110.0 0.3948589107081525 0.028355637216467437 0
0 0 0 0 0 0 -4 120.0 0.3682506022991126 0.028773492855270536 0
0 0 0 0 0 0 -4 130.0 0.17495483770039208 0.01959390452011856 0
0 0 0 0 0 0 -4 140.0 0.02433583286100691 0.0023131815113300994 0
0 0 0 0 0 0 -4 150.0 0.005617044691713862 0.000216499098946347 0
0 0 0 0 0 0 -4 160.0 0.0016981939327290168 1.5363477096376805e-05 0
0 0 0 0 0 0 -3 -20.0 0.0012512929493858045 0.0007969439872974155 0
0 0 0 0 0 0 -3 -10.0 0.005074714698852599 0.0016625383710024326 0
0 0 0 0 0 0 -3 0.0 0.025749287467665177 0.004153757480184607 0
0 0 0 0 0 0 -3 10.0 0.18594439745657587 0.010547858494550791 0
0 0 0 0 0 0 -3 20.0 0.2890965837482522 0.011964924194514698 0
0 0 0 0 0 0 -3 30.0 0.31063150085167174 0.015883424139620052 0
0 0 0 0 0 0 -3 40.0 0.3167505218087433 0.018153740252239155 0
0 0 0 0 0 0 -3 50.0 0.3230654299102771 0.01635096970503707 0
0 0 0 0 0 0 -3 60.0 0.3160941010053837 0.02613227123164142 0
0 0 0 0 0 0 -3 70.0 0.31362966883365306 0.02207285755360869 0
0 0 0 0 0 0 -3 80.0 0.3101400001180459 0.025024069455206296 0
0 0 0 0 0 0 -3 90.0 0.31127166144870433 0.02454086892495022 0
0 0 0 0 0 0 -3 100.0 0.30688401555476685 0.023185237274251813 0
0 0 0 0 0 0 -3 110.0 0.29880034827607366 0.02773097799067728 0
0 0 0 0 0 0 -3 120.0 0.2782284658723286 0.027501839084238804 0
0 0 0 0 0 0 -3 130.0 0.13114805357139214 0.018158818475233394 0
0 0 0 0 0 0 -3 140.0 0.017999420085175275 0.0019705886899869587 0
0 0 0 0 0 0 -3 150.0 0.0040990905338200495 0.00016641098725885044 0
0 0 0 0 0 0 -3 160.0 0.0012185596988216227 7.862951672775129e-06 0
0 0 0 0 0 0 -2 -20.0 0.0006563989098673385 0.00076179752890143 0
0 0 0 0 0 0 -2 -10.0 0.0031096748711667292 0.0015433589258940744 0
0 0 0 0 0 0 -2 0.0 0.017143357966894552 0.003677400788190795 0
0 0 0 0 0 0 -2 10.0 0.12921934615621924 0.010326855150787916 0
0 0 0 0 0 0 -2 20.0 0.19937941467248102 0.009668428042782225 0
0 0 0 0 0 0 -2 30.0 0.2147677600029652 0.015009332832000039 0
0 0 0 0 0 0 -2 40.0 0.22031862690130552 0.01687227124095079 0
0 0 0 0 0 0 -2 50.0 0.22723940952356214 0.015358069869063035 0
0 0 0 0 0 0 -2 60.0 0.21958462851872254 0.024868697825886868 0
0 0 0 0 0 0 -2 70.0 0.21785381449234098 0.022150118992295527 0
0 0 0 0 0 0 -2 80.0 0.2144720657093894 0.024188102506961545 0
0 0 0 0 0 0 -2 90.0 0.21384168989574792 0.023005797279237572 0
0 0 0 0 0 0 -2 100.0 0.21021822690672953 0.023571817935843627 0
0 0 0 0 0 0 -2 110.0 0.20274178584399485 0.027106318764887123 0
0 0 0 0 0 0 -2 120.0 0.18820632944554455 0.026230185313207068 0
0 0 0 0 0 0 -2 130.0 0.0873412694423922 0.016723732430348227 0
0 0 0 0 0 0 -2 140.0 0.011663007309343635 0.001627995868643818 0
0 0 0 0 0 0 -2 150.0 0.0025811363759262363 0.00011632287557135389 0
0 0 0 0 0 0 -2 160.0 0.0007389254649142287 3.6242624917345874e-07 0
0 0 0 0 0 0 -1 -20.0 6.150487034887225e-05 0.0007266510705054444 0
0 0 0 0 0 0 -1 -10.0 0.00114463504348086 0.0014241794807857164 0
0 0 0 0 0 0 -1 0.0 0.008537428466123929 0.003201044096196984 0
0 0 0 0 0 0 -1 10.0 0.07249429485586263 0.010105851807025043 0
0 0 0 0 0 0 -1 20.0 0.10966224559670987 0.007371931891049753 0
0 0 0 0 0 0 -1 30.0 0.11890401915425869 0.014135241524380029 0
0 0 0 0 0 0 -1 40.0 0.12388673199386775 0.015590802229662425 0
0 0 0 0 0 0 -1 50.0 0.1314133891368472 0.014365170033089002 0
0 0 0 0 0 0 -1 60.0 0.12307515603206134 0.023605124420132316 0
0 0 0 0 0 0 -1 70.0 0.12207796015102895 0.02222738043098236 0
0 0 0 0 0 0 -1 80.0 0.11880413130073289 0.02335213555871679 0
0 0 0 0 0 0 -1 90.0 0.11641171834279151 0.02147072563352492 0
0 0 0 0 0 0 -1 100.0 0.11355243825869225 0.02395839859743544 0
0 0 0 0 0 0 -1 110.0 0.1066832234119161 0.026481659539096966 0
0 0 0 0 0 0 -1 120.0 0.09818419301876054 0.024958531542175335 0
0 0 0 0 0 0 -1 130.0 0.043534485313392275 0.01528864638546306 0
0 0 0 0 0 0 -1 140.0 0.005326594533511999 0.0012854030473006773 0
0 0 0 0 0 0 -1 150.0 0.001063182218032423 6.623476388385734e-05 0
0 0 0 0 0 0 -1 160.0 0.00025929123100683463 -7.138099174428216e-06 0
0 0 0 0 0 0 0 -20.0 -0.0005333891691695939 0.0006915046121094588 0
0 0 0 0 0 0 0 -10.0 -0.0008204047842050095 0.0013050000356773584 0
0 0 0 0 0 0 0 0.0 -6.850103464669613e-05 0.002724687404203173 0
0 0 0 0 0 0 0 10.0 0.015769243555506022 0.009884848463262168 0
0 0 0 0 0 0 0 20.0 0.019945076520938704 0.005075435739317281 0
0 0 0 0 0 0 0 30.0 0.023040278305552147 0.013261150216760017 0
0 0 0 0 0 0 0 40.0 0.027454837086429987 0.01430933321837406 0
0 0 0 0 0 0 0 50.0 0.035587368750132235 0.013372270197114967 0
0 0 0 0 0 0 0 60.0 0.026565683545400197 0.022341551014377764 0
0 0 0 0 0 0 0 70.0 0.026302105809716904 0.022304641869669194 0
0 0 0 0 0 0 0 80.0 0.023136196892076404 0.02251616861047204 0
0 0 0 0 0 0 0 90.0 0.018981746789835118 0.01993565398781227 0
0 0 0 0 0 0 0 100.0 0.016886649610654964 0.024344979259027257 0
0 0 0 0 0 0 0 110.0 0.010624660979837336 0.025857000313306813 0
0 0 0 0 0 0 0 120.0 0.008162056591976528 0.0236868777711436 0
0 0 0 0 0 0 0 130.0 -0.0002722988156076562 0.013853560340577893 0
0 0 0 0 0 0 0 140.0 -0.0010098182423196374 0.0009428102259575367 0
0 0 0 0 0 0 0 150.0 -0.0004547719398613899 1.6146652196360778e-05 0
0 0 0 0 0 0 0 160.0 -0.00022034300290055953 -1.4638624598029889e-05 0
0 0 0 0 0 0 1 -20.0 -0.00112828320868806 0.0006563581537134732 0
0 0 0 0 0 0 1 -10.0 -0.0027854446118908793 0.0011858205905690001 0
0 0 0 0 0 0 1 0.0 -0.00867443053541732 0.002248330712209362 0
0 0 0 0 0 0 1 10.0 -0.04095580774485059 0.009663845119499295 0
0 0 0 0 0 0 1 20.0 -0.06977209255483245 0.002778939587584809 0
0 0 0 0 0 0 1 30.0 -0.07282346254315439 0.012387058909140006 0
0 0 0 0 0 0 1 40.0 -0.06897705782100778 0.013027864207085696 0
0 0 0 0 0 0 1 50.0 -0.060238651636582714 0.012379370361140934 0
0 0 0 0 0 0 1 60.0 -0.06994378894126096 0.021077977608623212 0
0 0 0 0 0 0 1 70.0 -0.06947374853159513 0.02238190330835603 0
0 0 0 0 0 0 1 80.0 -0.0725317375165801 0.02168020166222729 0
0 0 0 0 0 0 1 90.0 -0.07844822476312127 0.01840058234209962 0
0 0 0 0 0 0 1 100.0 -0.0797791390373823 0.02473155992061907 0
0 0 0 0 0 0 1 110.0 -0.08543390145224143 0.025232341087516656 0
0 0 0 0 0 0 1 120.0 -0.08186007983480749 0.022415224000111866 0
0 0 0 0 0 0 1 130.0 -0.04407908294460758 0.012418474295692728 0
0 0 0 0 0 0 1 140.0 -0.007346231018151274 0.0006002174046143961 0
0 0 0 0 0 0 1 150.0 -0.001972726097755203 -3.394145949113578e-05 0
0 0 0 0 0 0 1 160.0 -0.0006999772368079537 -2.2139150021631564e-05 0
0 0 0 0 0 0 2 -20.0 -0.0017231772482065263 0.0006212116953174876 0
0 0 0 0 0 0 2 -10.0 -0.004750484439576748 0.001066641145460642 0
0 0 0 0 0 0 2 0.0 -0.017280360036187947 0.0017719740202155507 0
0 0 0 0 0 0 2 10.0 -0.09768085904520721 0.00944284177573642 0
0 0 0 0 0 0 2 20.0 -0.1594892616306036 0.00048244343585233766 0
0 0 0 0 0 0 2 30.0 -0.1686872033918609 0.011512967601519994 0
0 0 0 0 0 0 2 40.0 -0.16540895272844555 0.011746395195797331 0
0 0 0 0 0 0 2 50.0 -0.15606467202329766 0.0113864705251669 0
0 0 0 0 0 0 2 60.0 -0.1664532614279221 0.01981440420286866 0
0 0 0 0 0 0 2 70.0 -0.1652496028729072 0.022459164747042865 0
0 0 0 0 0 0 2 80.0 -0.16819967192523658 0.02084423471398254 0
0 0 0 0 0 0 2 90.0 -0.17587819631607765 0.01686551069638697 0
0 0 0 0 0 0 2 100.0 -0.17644492768541958 0.025118140582210884 0
0 0 0 0 0 0 2 110.0 -0.18149246388432025 0.0246076818617265 0
0 0 0 0 0 0 2 120.0 -0.1718822162615915 0.02114357022908013 0
0 0 0 0 0 0 2 130.0 -0.08788586707360752 0.01098338825080756 0
0 0 0 0 0 0 2 140.0 -0.013682643793982908 0.00025762458327125554 0
0 0 0 0 0 0 2 150.0 -0.0034906802556490158 -8.402957117863234e-05 0
0 0 0 0 0 0 2 160.0 -0.001179611470715348 -2.9639675445233238e-05 0
0 0 0 0 0 0 3 -20.0 -0.0023180712877249924 0.000586065236921502 0
0 0 0 0 0 0 3 -10.0 -0.006715524267262618 0.0009474617003522839 0
0 0 0 0 0 0 3 0.0 -0.02588628953695857 0.0012956173282217395 0
0 0 0 0 0 0 3 10.0 -0.1544059103455638 0.009221838431973545 0
0 0 0 0 0 0 3 20.0 -0.24920643070637474 -0.0018140527158801347 0
0 0 0 0 0 0 3 30.0 -0.26455094424056746 0.010638876293899983 0
0 0 0 0 0 0 3 40.0 -0.2618408476358833 0.010464926184508967 0
0 0 0 0 0 0 3 50.0 -0.2518906924100126 0.010393570689192867 0
0 0 0 0 0 0 3 60.0 -0.26296273391458325 0.01855083079711411 0
0 0 0 0 0 0 3 70.0 -0.2610254572142192 0.0225364261857297 0
0 0 0 0 0 0 3 80.0 -0.26386760633389306 0.02000826776573779 0
0 0 0 0 0 0 3 90.0 -0.27330816786903406 0.01533043905067432 0
0 0 0 0 0 0 3 100.0 -0.27311071633345685 0.0255047212438027 0
0 0 0 0 0 0 3 110.0 -0.277551026316399 0.023983022635936345 0
0 0 0 0 0 0 3 120.0 -0.26190435268837553 0.019871916458048398 0
0 0 0 0 0 0 3 130.0 -0.13169265120260745 0.009548302205922394 0
0 0 0 0 0 0 3 140.0 -0.020019056569814543 -8.496823807188506e-05 0
0 0 0 0 0 0 3 150.0 -0.005008634413542829 -0.0001341176828661289 0
0 0 0 0 0 0 3 160.0 -0.0016592457046227423 -3.714020086883491e-05 0
0 0 0 0 0 0 4 -20.0 -0.002912965327243459 0.0005509187785255165 0
0 0 0 0 0 0 4 -10.0 -0.008680564094948488 0.0008282822552439258 0
0 0 0 0 0 0 4 0.0 -0.03449221903772919 0.0008192606362279285 0
0 0 0 0 0 0 4 10.0 -0.21113096164592043 0.009000835088210672 0
0 0 0 0 0 0 4 20.0 -0.33892359978214587 -0.004110548867612606 0
0 0 0 0 0 0 4 30.0 -0.36041468508927405 0.009764784986279973 0
0 0 0 0 0 0 4 40.0 -0.3582727425433211 0.0091834571732206 0
0 0 0 0 0 0 4 50.0 -0.34771671279672756 0.009400670853218834 0
0 0 0 0 0 0 4 60.0 -0.3594722064012444 0.01728725739135956 0
0 0 0 0 0 0 4 70.0 -0.35680131155553124 0.022613687624416536 0
0 0 0 0 0 0 4 80.0 -0.35953554074254956 0.019172300817493035 0
0 0 0 0 0 0 4 90.0 -0.37073813942199046 0.01379536740496167 0
0 0 0 0 0 0 4 100.0 -0.3697765049814941 0.025891301905394515 0
0 0 0 0 0 0 4 110.0 -0.37360958874847777 0.023358363410146188 0
0 0 0 0 0 0 4 120.0 -0.3519264891151595 0.01860026268701666 0
0 0 0 0 0 0 4 130.0 -0.1754994353316074 0.008113216161037226 0
0 0 0 0 0 0 4 140.0 -0.02635546934564618 -0.00042756105941502576 0
0 0 0 0 0 0 4 150.0 -0.006526588571436642 -0.00018420579455362545 0
0 0 0 0 0 0 4 160.0 -0.002138879938530136 -4.4640726292436586e-05 0
0 0 0 0 0 1 -4 -20.0 0.001882996741638188 0.00024947910026383623 0
0 0 0 0 0 1 -4 -10.0 0.00714338566120507 -0.0001404143709542415 0
0 0 0 0 0 1 -4 0.0 0.034601420749270216 -0.003694382290927622 0
0 0 0 0 0 1 -4 10.0 0.24120636334982856 -0.04552417618751777 0
0 0 0 0 0 1 -4 20.0 0.3790878147237902 -0.07605255409662977 0
0 0 0 0 0 1 -4 30.0 0.4070681443976992 -0.08001744216226851 0
0 0 0 0 0 1 -4 40.0 0.4140903518690276 -0.07825838133179697 0
0 0 0 0 0 1 -4 50.0 0.4196765661829909 -0.07824160119742772 0
0 0 0 0 0 1 -4 60.0 0.41372616305865556 -0.0702280882911995 0
0 0 0 0 0 1 -4 70.0 0.4121723232249046 -0.07305808722380253 0
0 0 0 0 0 1 -4 80.0 0.4082322656043446 -0.06918449975077005 0
0 0 0 0 0 1 -4 90.0 0.40968057976598876 -0.07206773563049683 0
0 0 0 0 0 1 -4 100.0 0.4057994638185161 -0.07355630595033402 0
0 0 0 0 0 1 -4 110.0 0.39607605513346966 -0.06807744125877895 0
0 0 0 0 0 1 -4 120.0 0.36847226486455853 -0.06138907130464933 0
0 0 0 0 0 1 -4 130.0 0.174936888988668 -0.026168104029880807 0
0 0 0 0 0 1 -4 140.0 0.024307206631780404 -0.004071647561447192 0
0 0 0 0 0 1 -4 150.0 0.005603136925896033 -0.0013254778367962107 0
0 0 0 0 0 1 -4 160.0 0.0016883013038518852 -0.00047280107304170746 0
0 0 0 0 0 1 -3 -20.0 0.0012881027021197217 0.00021433264186785067 0
0 0 0 0 0 1 -3 -10.0 0.005178345833519201 -0.0002595938160625996 0
0 0 0 0 0 1 -3 0.0 0.025995491248499595 -0.004170738982921434 0
0 0 0 0 0 1 -3 10.0 0.18448131204947196 -0.04574517953128064 0
0 0 0 0 0 1 -3 20.0 0.2893706456480191 -0.07834905024836225 0
0 0 0 0 0 1 -3 30.0 0.31120440354899265 -0.08089153346988852 0
0 0 0 0 0 1 -3 40.0 0.31765845696158984 -0.07953985034308533 0
0 0 0 0 0 1 -3 50.0 0.3238505457962759 -0.07923450103340175 0
0 0 0 0 0 1 -3 60.0 0.3172166905719944 -0.07149166169695405 0
0 0 0 0 0 1 -3 70.0 0.31639646888359263 -0.0729808257851157 0
0 0 0 0 0 1 -3 80.0 0.31256433119568816 -0.0700204666990148 0
0 0 0 0 0 1 -3 90.0 0.3122506082130324 -0.07360280727620948 0
0 0 0 0 0 1 -3 100.0 0.3091336751704789 -0.0731697252887422 0
0 0 0 0 0 1 -3 110.0 0.30001749270139083 -0.0687021004845691 0
0 0 0 0 0 1 -3 120.0 0.2784501284377745 -0.06266072507568106 0
0 0 0 0 0 1 -3 130.0 0.13113010485966806 -0.027603190074765974 0
0 0 0 0 0 1 -3 140.0 0.01797079385594877 -0.004414240382790332 0
0 0 0 0 0 1 -3 150.0 0.0040851827680022205 -0.0013755659484837074 0
0 0 0 0 0 1 -3 160.0 0.001208667069944491 -0.00048030159846530914 0
0 0 0 0 0 1 -2 -20.0 0.0006932086626012556 0.0001791861834718651 0
0 0 0 0 0 1 -2 -10.0 0.003213306005833331 -0.0003787732611709577 0
0 0 0 0 0 1 -2 0.0 0.01738956174772897 -0.004647095674915245 0
0 0 0 0 0 1 -2 10.0 0.12775626074911534 -0.04596618287504352 0
0 0 0 0 0 1 -2 20.0 0.19965347657224794 -0.08064554640009472 0
0 0 0 0 0 1 -2 30.0 0.2153406627002861 -0.08176562477750852 0
0 0 0 0 0 1 -2 40.0 0.22122656205415206 -0.0808213193543737 0
0 0 0 0 0 1 -2 50.0 0.22802452540956097 -0.08022740086937578 0
0 0 0 0 0 1 -2 60.0 0.22070721808533325 -0.07275523510270861 0
0 0 0 0 0 1 -2 70.0 0.2206206145422806 -0.07290356434642886 0
0 0 0 0 0 1 -2 80.0 0.21689639678703168 -0.07085643364725955 0
0 0 0 0 0 1 -2 90.0 0.214820636660076 -0.07513787892192214 0
0 0 0 0 0 1 -2 100.0 0.21246788652244164 -0.07278314462715038 0
0 0 0 0 0 1 -2 110.0 0.20395893026931208 -0.06932675971035926 0
0 0 0 0 0 1 -2 120.0 0.18842799201099045 -0.0639323788467128 0
0 0 0 0 0 1 -2 130.0 0.0873233207306681 -0.02903827611965114 0
0 0 0 0 0 1 -2 140.0 0.011634381080117131 -0.004756833204133473 0
0 0 0 0 0 1 -2 150.0 0.0025672286101084078 -0.001425654060171204 0
0 0 0 0 0 1 -2 160.0 0.0007290328360370971 -0.0004878021238889108 0
0 0 0 0 0 1 -1 -20.0 9.83146230827895e-05 0.00014403972507587954 0
0 0 0 0 0 1 -1 -10.0 0.0012482661781474617 -0.0004979527062793158 0
0 0 0 0 0 1 -1 0.0 0.008783632246958346 -0.005123452366909056 0
0 0 0 0 0 1 -1 10.0 0.07103120944875871 -0.046187186218806395 0
0 0 0 0 0 1 -1 20.0 0.10993630749647679 -0.08294204255182719 0
0 0 0 0 0 1 -1 30.0 0.11947692185157958 -0.08263971608512855 0
0 0 0 0 0 1 -1 40.0 0.12479466714671429 -0.08210278836566205 0
0 0 0 0 0 1 -1 50.0 0.13219850502284602 -0.08122030070534982 0
0 0 0 0 0 1 -1 60.0 0.12419774559867205 -0.07401880850846315 0
0 0 0 0 0 1 -1 70.0 0.12484476020096857 -0.07282630290774202 0
0 0 0 0 0 1 -1 80.0 0.12122846237837519 -0.0716924005955043 0
0 0 0 0 0 1 -1 90.0 0.1173906651071196 -0.07667295056763479 0
0 0 0 0 0 1 -1 100.0 0.11580209787440435 -0.07239656396555857 0
0 0 0 0 0 1 -1 110.0 0.10790036783723331 -0.06995141893614941 0
0 0 0 0 0 1 -1 120.0 0.09840585558420645 -0.06520403261774453 0
0 0 0 0 0 1 -1 130.0 0.043516536601668175 -0.03047336216453631 0
0 0 0 0 0 1 -1 140.0 0.005297968304285494 -0.005099426025476614 0
0 0 0 0 0 1 -1 150.0 0.0010492744522145943 -0.0014757421718587004 0
0 0 0 0 0 1 -1 160.0 0.000249398602129703 -0.0004953026493125125 0
0 0 0 0 0 1 0 -20.0 -0.0004965794164356768 0.00010889326667989395 0
0 0 0 0 0 1 0 -10.0 -0.0007167736495384077 -0.0006171321513876739 0
0 0 0 0 0 1 0 0.0 0.00017770274618772038 -0.005599809058902867 0
0 0 0 0 0 1 0 10.0 0.014306158148402102 -0.046408189562569264 0
0 0 0 0 0 1 0 20.0 0.02021913842070562 -0.08523853870355966 0
0 0 0 0 0 1 0 30.0 0.023613181002873043 -0.08351380739274855 0
0 0 0 0 0 1 0 40.0 0.028362772239276527 -0.08338425737695042 0
0 0 0 0 0 1 0 50.0 0.036372484636131075 -0.08221320054132386 0
0 0 0 0 0 1 0 60.0 0.02768827311201091 -0.07528238191421771 0
0 0 0 0 0 1 0 70.0 0.02906890585965652 -0.07274904146905518 0
0 0 0 0 0 1 0 80.0 0.02556052796971869 -0.07252836754374906 0
0 0 0 0 0 1 0 90.0 0.019960693554163196 -0.07820802221334744 0
0 0 0 0 0 1 0 100.0 0.01913630922636706 -0.07200998330396675 0
0 0 0 0 0 1 0 110.0 0.011841805405154539 -0.07057607816193957 0
0 0 0 0 0 1 0 120.0 0.00838371915742244 -0.06647568638877627 0
0 0 0 0 0 1 0 130.0 -0.00029024752733175263 -0.03190844820942147 0
0 0 0 0 0 1 0 140.0 -0.001038444471546142 -0.005442018846819755 0
0 0 0 0 0 1 0 150.0 -0.00046867970567921857 -0.0015258302835461969 0
0 0 0 0 0 1 0 160.0 -0.00023023563177769116 -0.0005028031747361142 0
0 0 0 0 0 1 1 -20.0 -0.0010914734559541429 7.374680828390837e-05 0
0 0 0 0 0 1 1 -10.0 -0.0026818134772242774 -0.0007363115964960321 0
0 0 0 0 0 1 1 0.0 -0.008428226754582904 -0.006076165750896678 0
0 0 0 0 0 1 1 10.0 -0.042418893151954504 -0.04662919290633214 0
0 0 0 0 0 1 1 20.0 -0.06949803065506553 -0.08753503485529213 0
0 0 0 0 0 1 1 30.0 -0.07225055984583349 -0.08438789870036856 0
0 0 0 0 0 1 1 40.0 -0.06806912266816124 -0.08466572638823879 0
0 0 0 0 0 1 1 50.0 -0.059453535750583875 -0.08320610037729789 0
0 0 0 0 0 1 1 60.0 -0.06882119937465025 -0.07654595531997226 0
0 0 0 0 0 1 1 70.0 -0.06670694848165551 -0.07267178003036835 0
0 0 0 0 0 1 1 80.0 -0.0701074064389378 -0.0733643344919938 0
0 0 0 0 0 1 1 90.0 -0.07746927799879319 -0.07974309385906009 0
0 0 0 0 0 1 1 100.0 -0.07752947942167021 -0.07162340264237495 0
0 0 0 0 0 1 1 110.0 -0.08421675702692423 -0.07120073738772972 0
0 0 0 0 0 1 1 120.0 -0.08163841726936158 -0.067747340159808 0
0 0 0 0 0 1 1 130.0 -0.04409703165633168 -0.03334353425430664 0
0 0 0 0 0 1 1 140.0 -0.007374857247377779 -0.005784611668162895 0
0 0 0 0 0 1 1 150.0 -0.0019866338635730315 -0.0015759183952336936 0
0 0 0 0 0 1 1 160.0 -0.0007098698656850854 -0.0005103037001597158 0
0 0 0 0 0 1 2 -20.0 -0.0016863674954726092 3.8600349887922796e-05 0
0 0 0 0 0 1 2 -10.0 -0.004646853304910147 -0.0008554910416043902 0
0 0 0 0 0 1 2 0.0 -0.017034156255353528 -0.006552522442890489 0
0 0 0 0 0 1 2 10.0 -0.09914394445231113 -0.04685019625009501 0
0 0 0 0 0 1 2 20.0 -0.15921519973083667 -0.08983153100702461 0
0 0 0 0 0 1 2 30.0 -0.16811430069454003 -0.08526199000798858 0
0 0 0 0 0 1 2 40.0 -0.164501017575599 -0.08594719539952715 0
0 0 0 0 0 1 2 50.0 -0.15527955613729882 -0.08419900021327192 0
0 0 0 0 0 1 2 60.0 -0.1653306718613114 -0.07780952872572681 0
0 0 0 0 0 1 2 70.0 -0.16248280282296756 -0.07259451859168152 0
0 0 0 0 0 1 2 80.0 -0.1657753408475943 -0.07420030144023855 0
0 0 0 0 0 1 2 90.0 -0.17489924955174957 -0.08127816550477274 0
0 0 0 0 0 1 2 100.0 -0.17419526806970748 -0.07123682198078313 0
0 0 0 0 0 1 2 110.0 -0.18027531945900302 -0.07182539661351987 0
0 0 0 0 0 1 2 120.0 -0.1716605536961456 -0.06901899393083974 0
0 0 0 0 0 1 2 130.0 -0.08790381578533162 -0.034778620299191806 0
0 0 0 0 0 1 2 140.0 -0.013711270023209413 -0.006127204489506035 0
0 0 0 0 0 1 2 150.0 -0.0035045880214668442 -0.00162600650692119 0
0 0 0 0 0 1 2 160.0 -0.0011895040995924797 -0.0005178042255833175 0
0 0 0 0 0 1 3 -20.0 -0.002281261534991075 3.453891491937206e-06 0
0 0 0 0 0 1 3 -10.0 -0.006611893132596016 -0.0009746704867127482 0
0 0 0 0 0 1 3 0.0 -0.025640085756124153 -0.0070288791348843 0
0 0 0 0 0 1 3 10.0 -0.15586899575266772 -0.04707119959385789 0
0 0 0 0 0 1 3 20.0 -0.24893236880660782 -0.09212802715875708 0
0 0 0 0 0 1 3 30.0 -0.26397804154324656 -0.08613608131560858 0
0 0 0 0 0 1 3 40.0 -0.26093291248303674 -0.08722866441081552 0
0 0 0 0 0 1 3 50.0 -0.2511055765240138 -0.08519190004924596 0
0 0 0 0 0 1 3 60.0 -0.26184014434797254 -0.07907310213148136 0
0 0 0 0 0 1 3 70.0 -0.25825865716427965 -0.07251725715299469 0
0 0 0 0 0 1 3 80.0 -0.2614432752562508 -0.0750362683884833 0
0 0 0 0 0 1 3 90.0 -0.272329221104706 -0.08281323715048539 0
0 0 0 0 0 1 3 100.0 -0.2708610567177448 -0.07085024131919132 0
0 0 0 0 0 1 3 110.0 -0.2763338818910818 -0.07245005583931004 0
0 0 0 0 0 1 3 120.0 -0.2616826901229296 -0.07029064770187148 0
0 0 0 0 0 1 3 130.0 -0.13171059991433154 -0.036213706344076974 0
0 0 0 0 0 1 3 140.0 -0.02004768279904105 -0.0064697973108491765 0
0 0 0 0 0 1 3 150.0 -0.005022542179360658 -0.0016760946186086866 0
0 0 0 0 0 1 3 160.0 -0.001669138333499874 -0.0005253047510069192 0
0 0 0 0 0 1 4 -20.0 -0.0028761555745095415 -3.169256690404836e-05 0
0 0 0 0 0 1 4 -10.0 -0.008576932960281886 -0.0010938499318211064 0
0 0 0 0 0 1 4 0.0 -0.03424601525689478 -0.007505235826878112 0
0 0 0 0 0 1 4 10.0 -0.21259404705302434 -0.047292202937620764 0
0 0 0 0 0 1 4 20.0 -0.33864953788237895 -0.09442452331048955 0
0 0 0 0 0 1 4 30.0 -0.35984178239195314 -0.08701017262322859 0
0 0 0 0 0 1 4 40.0 -0.35736480739047455 -0.08851013342210388 0
0 0 0 0 0 1 4 50.0 -0.3469315969107287 -0.08618479988521999 0
0 0 0 0 0 1 4 60.0 -0.3583496168346337 -0.08033667553723592 0
0 0 0 0 0 1 4 70.0 -0.3540345115055917 -0.07243999571430784 0
0 0 0 0 0 1 4 80.0 -0.3571112096649073 -0.07587223533672806 0
0 0 0 0 0 1 4 90.0 -0.3697591926576624 -0.08434830879619803 0
0 0 0 0 0 1 4 100.0 -0.36752684536578206 -0.0704636606575995 0
0 0 0 0 0 1 4 110.0 -0.3723924443231606 -0.07307471506510019 0
0 0 0 0 0 1 4 120.0 -0.3517048265497136 -0.0715623014729032 0
0 0 0 0 0 1 4 130.0 -0.17551738404333148 -0.03764879238896214 0
0 0 0 0 0 1 4 140.0 -0.026384095574872687 -0.006812390132192317 0
0 0 0 0 0 1 4 150.0 -0.006540496337254471 -0.0017261827302961833 0
0 0 0 0 0 1 4 160.0 -0.002148772567407268 -0.0005328052764305209 0
0 0 0 0 0 2 -4 -20.0 0.0019198064943721053 -0.00033313224516572863 0
0 0 0 0 0 2 -4 -10.0 0.007247016795871672 -0.0020625465580192733 0
0 0 0 0 0 2 -4 0.0 0.034847624530104634 -0.012018878754033662 0
0 0 0 0 0 2 -4 10.0 0.23974327794272463 -0.10181721421334922 0
0 0 0 0 0 2 -4 20.0 0.3793618766235571 -0.16636652853950673 0
0 0 0 0 0 2 -4 30.0 0.4076410470950201 -0.17679239977177708 0
0 0 0 0 0 2 -4 40.0 0.41499828702187413 -0.17595197192712145 0
0 0 0 0 0 2 -4 50.0 0.4204616820689897 -0.17382707193586652 0
0 0 0 0 0 2 -4 60.0 0.41484875262526627 -0.16785202121979495 0
0 0 0 0 0 2 -4 70.0 0.4149391232748442 -0.1681117705625269 0
0 0 0 0 0 2 -4 80.0 0.4106565966819869 -0.16422903590499116 0
0 0 0 0 0 2 -4 90.0 0.41065952653031684 -0.17021141183165653 0
0 0 0 0 0 2 -4 100.0 0.4080491234342282 -0.16991126851332802 0
0 0 0 0 0 2 -4 110.0 0.3972931995587869 -0.1645105197340253 0
0 0 0 0 0 2 -4 120.0 0.3686939274300044 -0.15155163546456918 0
0 0 0 0 0 2 -4 130.0 0.17491894027694388 -0.07193011257988016 0
0 0 0 0 0 2 -4 140.0 0.0242785804025539 -0.010456476634224483 0
0 0 0 0 0 2 -4 150.0 0.005589229160078205 -0.0028674547725387684 0
0 0 0 0 0 2 -4 160.0 0.0016784086749747535 -0.0009609656231797916 0
0 0 0 0 0 2 -3 -20.0 0.001324912454853639 -0.0003682787035617142 0
0 0 0 0 0 2 -3 -10.0 0.005281976968185802 -0.0021817260031276316 0
0 0 0 0 0 2 -3 0.0 0.02624169502933401 -0.012495235446027474 0
0 0 0 0 0 2 -3 10.0 0.18301822664236803 -0.1020382175571121 0
0 0 0 0 0 2 -3 20.0 0.289644707547786 -0.1686630246912392 0
0 0 0 0 0 2 -3 30.0 0.3117773062463135 -0.17766649107939708 0
0 0 0 0 0 2 -3 40.0 0.3185663921144364 -0.17723344093840981 0
0 0 0 0 0 2 -3 50.0 0.32463566168227476 -0.17481997177184055 0
0 0 0 0 0 2 -3 60.0 0.31833928013860513 -0.1691155946255495 0
0 0 0 0 0 2 -3 70.0 0.31916326893353225 -0.16803450912384008 0
0 0 0 0 0 2 -3 80.0 0.31498866227333044 -0.16506500285323591 0
0 0 0 0 0 2 -3 90.0 0.3132295549773605 -0.17174648347736918 0
0 0 0 0 0 2 -3 100.0 0.311383334786191 -0.16952468785173622 0
0 0 0 0 0 2 -3 110.0 0.30123463712670806 -0.16513517895981547 0
0 0 0 0 0 2 -3 120.0 0.27867179100322037 -0.15282328923560093 0
0 0 0 0 0 2 -3 130.0 0.13111215614794394 -0.07336519862476533 0
0 0 0 0 0 2 -3 140.0 0.017942167626722266 -0.010799069455567623 0
0 0 0 0 0 2 -3 150.0 0.0040712750021843925 -0.0029175428842262647 0
0 0 0 0 0 2 -3 160.0 0.0011987744410673594 -0.0009684661486033932 0
0 0 0 0 0 2 -2 -20.0 0.0007300184153351729 -0.00040342516195769975 0
0 0 0 0 0 2 -2 -10.0 0.0033169371404999327 -0.0023009054482359898 0
0 0 0 0 0 2 -2 0.0 0.017635765528563385 -0.012971592138021284 0
0 0 0 0 0 2 -2 10.0 0.1262931753420114 -0.10225922090087496 0
0 0 0 0 0 2 -2 20.0 0.19992753847201486 -0.17095952084297167 0
0 0 0 0 0 2 -2 30.0 0.215913565397607 -0.17854058238701712 0
0 0 0 0 0 2 -2 40.0 0.2221344972069986 -0.17851490994969818 0
0 0 0 0 0 2 -2 50.0 0.22880964129555983 -0.17581287160781459 0
0 0 0 0 0 2 -2 60.0 0.22182980765194396 -0.17037916803130407 0
0 0 0 0 0 2 -2 70.0 0.22338741459222022 -0.16795724768515324 0
0 0 0 0 0 2 -2 80.0 0.21932072786467396 -0.16590096980148067 0
0 0 0 0 0 2 -2 90.0 0.21579958342440408 -0.17328155512308183 0
0 0 0 0 0 2 -2 100.0 0.21471754613815375 -0.1691381071901444 0
0 0 0 0 0 2 -2 110.0 0.20517607469462928 -0.1657598381856056 0
0 0 0 0 0 2 -2 120.0 0.18864965457643637 -0.15409494300663265 0
0 0 0 0 0 2 -2 130.0 0.087305372018944 -0.0748002846696505 0
0 0 0 0 0 2 -2 140.0 0.011605754850890625 -0.011141662276910764 0
0 0 0 0 0 2 -2 150.0 0.002553320844290579 -0.0029676309959137614 0
0 0 0 0 0 2 -2 160.0 0.0007191402071599655 -0.0009759666740269949 0
0 0 0 0 0 2 -1 -20.0 0.00013512437581670675 -0.00043857162035368537 0
0 0 0 0 0 2 -1 -10.0 0.0013518973128140634 -0.0024200848933443476 0
0 0 0 0 0 2 -1 0.0 0.009029836027792762 -0.013447948830015096 0
0 0 0 0 0 2 -1 10.0 0.0695681240416548 -0.10248022424463783 0
0 0 0 0 0 2 -1 20.0 0.11021036939624371 -0.17325601699470414 0
0 0 0 0 0 2 -1 30.0 0.12004982454890048 -0.17941467369463712 0
0 0 0 0 0 2 -1 40.0 0.12570260229956082 -0.17979637896098655 0
0 0 0 0 0 2 -1 50.0 0.13298362090884489 -0.17680577144378862 0
0 0 0 0 0 2 -1 60.0 0.12532033516528276 -0.17164274143705863 0
0 0 0 0 0 2 -1 70.0 0.1276115602509082 -0.1678799862464664 0
0 0 0 0 0 2 -1 80.0 0.12365279345601747 -0.1667369367497254 0
0 0 0 0 0 2 -1 90.0 0.11836961187144768 -0.17481662676879448 0
0 0 0 0 0 2 -1 100.0 0.11805175749011644 -0.16875152652855258 0
0 0 0 0 0 2 -1 110.0 0.10911751226255051 -0.16638449741139577 0
0 0 0 0 0 2 -1 120.0 0.09862751814965236 -0.1553665967776644 0
0 0 0 0 0 2 -1 130.0 0.04349858788994408 -0.07623537071453566 0
0 0 0 0 0 2 -1 140.0 0.005269342075058989 -0.011484255098253906 0
0 0 0 0 0 2 -1 150.0 0.0010353666863967658 -0.003017719107601258 0
0 0 0 0 0 2 -1 160.0 0.00023950597325257135 -0.0009834671994505967 0
0 0 0 0 0 2 0 -20.0 -0.00045976966370175947 -0.00047371807874967094 0
0 0 0 0 0 2 0 -10.0 -0.0006131425148718061 -0.002539264338452706 0
0 0 0 0 0 2 0 0.0 0.00042390652702213686 -0.013924305522008906 0
0 0 0 0 0 2 0 10.0 0.012843072741298185 -0.10270122758840071 0
0 0 0 0 0 2 0 20.0 0.02049320032047254 -0.1755525131464366 0
0 0 0 0 0 2 0 30.0 0.024186083700193938 -0.18028876500225713 0
0 0 0 0 0 2 0 40.0 0.029270707392123067 -0.1810778479722749 0
0 0 0 0 0 2 0 50.0 0.037157600522129915 -0.17779867127976265 0
0 0 0 0 0 2 0 60.0 0.028810862678621627 -0.17290631484281316 0
0 0 0 0 0 2 0 70.0 0.03183570590959613 -0.16780272480777958 0
0 0 0 0 0 2 0 80.0 0.027984859047360977 -0.16757290369797015 0
0 0 0 0 0 2 0 90.0 0.020939640318491277 -0.17635169841450712 0
0 0 0 0 0 2 0 100.0 0.021385968842079155 -0.16836494586696077 0
0 0 0 0 0 2 0 110.0 0.013058949830471742 -0.16700915663718593 0
0 0 0 0 0 2 0 120.0 0.00860538172286835 -0.15663825054869612 0
0 0 0 0 0 2 0 130.0 -0.00030819623905584907 -0.07767045675942083 0
0 0 0 0 0 2 0 140.0 -0.0010670707007726468 -0.011826847919597046 0
0 0 0 0 0 2 0 150.0 -0.0004825874714970472 -0.0030678072192887543 0
0 0 0 0 0 2 0 160.0 -0.0002401282606548228 -0.0009909677248741984 0
0 0 0 0 0 2 1 -20.0 -0.0010546637032202255 -0.0005088645371456566 0
0 0 0 0 0 2 1 -10.0 -0.002578182342557676 -0.002658443783561064 0
0 0 0 0 0 2 1 0.0 -0.008182022973748487 -0.014400662214002718 0
0 0 0 0 0 2 1 10.0 -0.04388197855905843 -0.10292223093216359 0
0 0 0 0 0 2 1 20.0 -0.06922396875529861 -0.17784900929816908 0
0 0 0 0 0 2 1 30.0 -0.0716776571485126 -0.18116285630987713 0
0 0 0 0 0 2 1 40.0 -0.0671611875153147 -0.18235931698356328 0
0 0 0 0 0 2 1 50.0 -0.058668419864585035 -0.17879157111573668 0
0 0 0 0 0 2 1 60.0 -0.06769860980803953 -0.17416988824856772 0
0 0 0 0 0 2 1 70.0 -0.0639401484317159 -0.16772546336909272 0
0 0 0 0 0 2 1 80.0 -0.06768307536129552 -0.1684088706462149 0
0 0 0 0 0 2 1 90.0 -0.07649033123446511 -0.17788677006021977 0
0 0 0 0 0 2 1 100.0 -0.07527981980595812 -0.16797836520536896 0
0 0 0 0 0 2 1 110.0 -0.08299961260160703 -0.16763381586297607 0
0 0 0 0 0 2 1 120.0 -0.08141675470391567 -0.15790990431972785 0
0 0 0 0 0 2 1 130.0 -0.04411498036805577 -0.079105542804306 0
0 0 0 0 0 2 1 140.0 -0.007403483476604284 -0.012169440740940186 0
0 0 0 0 0 2 1 150.0 -0.0020005416293908604 -0.003117895330976251 0
0 0 0 0 0 2 1 160.0 -0.000719762494562217 -0.0009984682502978 0
0 0 0 0 0 2 2 -20.0 -0.0016495577427386918 -0.0005440109955416421 0
0 0 0 0 0 2 2 -10.0 -0.004543222170243545 -0.0027776232286694223 0
0 0 0 0 0 2 2 0.0 -0.016787952474519113 -0.01487701890599653 0
0 0 0 0 0 2 2 10.0 -0.10060702985941504 -0.10314323427592646 0
0 0 0 0 0 2 2 20.0 -0.15894113783106975 -0.18014550544990154 0
0 0 0 0 0 2 2 30.0 -0.16754139799721912 -0.18203694761749714 0
0 0 0 0 0 2 2 40.0 -0.16359308242275247 -0.18364078599485165 0
0 0 0 0 0 2 2 50.0 -0.15449444025129996 -0.1797844709517107 0
0 0 0 0 0 2 2 60.0 -0.16420808229470069 -0.17543346165432228 0
0 0 0 0 0 2 2 70.0 -0.15971600277302794 -0.1676482019304059 0
0 0 0 0 0 2 2 80.0 -0.163351009769952 -0.16924483759445966 0
0 0 0 0 0 2 2 90.0 -0.1739203027874215 -0.17942184170593242 0
0 0 0 0 0 2 2 100.0 -0.17194560845399537 -0.16759178454377716 0
0 0 0 0 0 2 2 110.0 -0.17905817503368582 -0.16825847508876624 0
0 0 0 0 0 2 2 120.0 -0.17143889113069968 -0.1591815580907596 0
0 0 0 0 0 2 2 130.0 -0.08792176449705572 -0.08054062884919116 0
0 0 0 0 0 2 2 140.0 -0.013739896252435919 -0.012512033562283326 0
0 0 0 0 0 2 2 150.0 -0.003518495787284673 -0.0031679834426637478 0
0 0 0 0 0 2 2 160.0 -0.0011993967284696114 -0.0010059687757214017 0
0 0 0 0 0 2 3 -20.0 -0.002244451782257158 -0.0005791574539376277 0
0 0 0 0 0 2 3 -10.0 -0.006508261997929415 -0.00289680267377778 0
0 0 0 0 0 2 3 0.0 -0.025393881975289738 -0.01535337559799034 0
0 0 0 0 0 2 3 10.0 -0.15733208115977165 -0.10336423761968934 0
0 0 0 0 0 2 3 20.0 -0.2486583069068409 -0.182442001601634 0
0 0 0 0 0 2 3 30.0 -0.2634051388459257 -0.18291103892511718 0
0 0 0 0 0 2 3 40.0 -0.2600249773301902 -0.18492225500613999 0
0 0 0 0 0 2 3 50.0 -0.25032046063801494 -0.18077737078768474 0
0 0 0 0 0 2 3 60.0 -0.2607175547813618 -0.17669703506007683 0
0 0 0 0 0 2 3 70.0 -0.25549185711434 -0.16757094049171906 0
0 0 0 0 0 2 3 80.0 -0.2590189441786085 -0.1700808045427044 0
0 0 0 0 0 2 3 90.0 -0.2713502743403779 -0.1809569133516451 0
0 0 0 0 0 2 3 100.0 -0.2686113971020327 -0.16720520388218532 0
0 0 0 0 0 2 3 110.0 -0.2751167374657646 -0.1688831343145564 0
0 0 0 0 0 2 3 120.0 -0.26146102755748374 -0.16045321186179132 0
0 0 0 0 0 2 3 130.0 -0.13172854862605565 -0.08197571489407633 0
0 0 0 0 0 2 3 140.0 -0.020076309028267552 -0.012854626383626467 0
0 0 0 0 0 2 3 150.0 -0.005036449945178486 -0.003218071554351244 0
0 0 0 0 0 2 3 160.0 -0.0016790309623770055 -0.0010134693011450034 0
0 0 0 0 0 2 4 -20.0 -0.0028393458217756246 -0.0006143039123336132 0
0 0 0 0 0 2 4 -10.0 -0.008473301825615284 -0.0030159821188861383 0
0 0 0 0 0 2 4 0.0 -0.03399981147606036 -0.01582973228998415 0
0 0 0 0 0 2 4 10.0 -0.21405713246012828 -0.1035852409634522 0
0 0 0 0 0 2 4 20.0 -0.3383754759826121 -0.18473849775336648 0
0 0 0 0 0 2 4 30.0 -0.3592688796946323 -0.18378513023273718 0
0 0 0 0 0 2 4 40.0 -0.356456872237628 -0.18620372401742835 0
0 0 0 0 0 2 4 50.0 -0.3461464810247299 -0.1817702706236588 0
0 0 0 0 0 2 4 60.0 -0.35722702726802297 -0.17796060846583137 0
0 0 0 0 0 2 4 70.0 -0.35126771145565205 -0.16749367905303222 0
0 0 0 0 0 2 4 80.0 -0.354686878587265 -0.17091677149094917 0
0 0 0 0 0 2 4 90.0 -0.3687802458933343 -0.18249198499735775 0
0 0 0 0 0 2 4 100.0 -0.36527718575006995 -0.16681862322059351 0
0 0 0 0 0 2 4 110.0 -0.37117529989784337 -0.16950779354034656 0
0 0 0 0 0 2 4 120.0 -0.3514831639842677 -0.16172486563282307 0
0 0 0 0 0 2 4 130.0 -0.1755353327550556 -0.0834108009389615 0
0 0 0 0 0 2 4 140.0 -0.02641272180409919 -0.013197219204969609 0
0 0 0 0 0 2 4 150.0 -0.006554404103072299 -0.0032681596660387407 0
0 0 0 0 0 2 4 160.0 -0.0021586651962843995 -0.001020969826568605 0
0 0 0 0 0 3 -4 -20.0 0.0019566162471060227 -0.0009157435905952935 0
0 0 0 0 0 3 -4 -10.0 0.007350647930538273 -0.003984678745084306 0
0 0 0 0 0 3 -4 0.0 0.03509382831093905 -0.020343375217139702 0
0 0 0 0 0 3 -4 10.0 0.23828019253562072 -0.15811025223918065 0
0 0 0 0 0 3 -4 20.0 0.379635938523324 -0.2566805029823837 0
0 0 0 0 0 3 -4 30.0 0.408213949792341 -0.2735673573812856 0
0 0 0 0 0 3 -4 40.0 0.4159062221747207 -0.2736455625224459 0
0 0 0 0 0 3 -4 50.0 0.42124679795498854 -0.26941254267430537 0
0 0 0 0 0 3 -4 60.0 0.415971342191877 -0.2654759541483904 0
0 0 0 0 0 3 -4 70.0 0.41770592332478385 -0.2631654539012513 0
0 0 0 0 0 3 -4 80.0 0.4130809277596292 -0.2592735720592122 0
0 0 0 0 0 3 -4 90.0 0.4116384732946449 -0.2683550880328162 0
0 0 0 0 0 3 -4 100.0 0.41029878304994033 -0.266266231076322 0
0 0 0 0 0 3 -4 110.0 0.39851034398410407 -0.26094359820927165 0
0 0 0 0 0 3 -4 120.0 0.3689155899954503 -0.24171419962448906 0
0 0 0 0 0 3 -4 130.0 0.1749009915652198 -0.11769212112987953 0
0 0 0 0 0 3 -4 140.0 0.024249954173327395 -0.016841305707001774 0
0 0 0 0 0 3 -4 150.0 0.005575321394260376 -0.004409431708281326 0
0 0 0 0 0 3 -4 160.0 0.001668516046097622 -0.001449130173317876 0
0 0 0 0 0 3 -3 -20.0 0.0013617222075875562 -0.000950890048991279 0
0 0 0 0 0 3 -3 -10.0 0.005385608102852404 -0.004103858190192664 0
0 0 0 0 0 3 -3 0.0 0.026487898810168428 -0.020819731909133513 0
0 0 0 0 0 3 -3 10.0 0.18155514123526412 -0.15833125558294353 0
0 0 0 0 0 3 -3 20.0 0.2899187694475529 -0.25897699913411615 0
0 0 0 0 0 3 -3 30.0 0.3123502089436344 -0.27444144868890563 0
0 0 0 0 0 3 -3 40.0 0.3194743272672829 -0.27492703153373427 0
0 0 0 0 0 3 -3 50.0 0.3254207775682736 -0.2704054425102794 0
0 0 0 0 0 3 -3 60.0 0.31946186970521584 -0.266739527554145 0
0 0 0 0 0 3 -3 70.0 0.3219300689834719 -0.26308819246256443 0
0 0 0 0 0 3 -3 80.0 0.3174129933509727 -0.260109539007457 0
0 0 0 0 0 3 -3 90.0 0.3142085017416886 -0.26989015967852886 0
0 0 0 0 0 3 -3 100.0 0.3136329944019031 -0.2658796504147302 0
0 0 0 0 0 3 -3 110.0 0.30245178155202523 -0.26156825743506185 0
0 0 0 0 0 3 -3 120.0 0.2788934535686663 -0.2429858533955208 0
0 0 0 0 0 3 -3 130.0 0.13109420743621986 -0.1191272071747647 0
0 0 0 0 0 3 -3 140.0 0.01791354139749576 -0.017183898528344916 0
0 0 0 0 0 3 -3 150.0 0.0040573672363665636 -0.004459519819968823 0
0 0 0 0 0 3 -3 160.0 0.0011888818121902278 -0.0014566306987414776 0
0 0 0 0 0 3 -2 -20.0 0.0007668281680690901 -0.0009860365073872646 0
0 0 0 0 0 3 -2 -10.0 0.0034205682751665347 -0.004223037635301022 0
0 0 0 0 0 3 -2 0.0 0.017881969309397804 -0.021296088601127323 0
0 0 0 0 0 3 -2 10.0 0.12483008993490749 -0.1585522589267064 0
0 0 0 0 0 3 -2 20.0 0.20020160037178178 -0.26127349528584864 0
0 0 0 0 0 3 -2 30.0 0.2164864680949279 -0.27531553999652564 0
0 0 0 0 0 3 -2 40.0 0.22304243235984514 -0.2762085005450226 0
0 0 0 0 0 3 -2 50.0 0.22959475718155867 -0.27139834234625343 0
0 0 0 0 0 3 -2 60.0 0.22295239721855467 -0.26800310095989954 0
0 0 0 0 0 3 -2 70.0 0.22615421464215982 -0.26301093102387757 0
0 0 0 0 0 3 -2 80.0 0.22174505894231628 -0.2609455059557017 0
0 0 0 0 0 3 -2 90.0 0.21677853018873217 -0.2714252313242415 0
0 0 0 0 0 3 -2 100.0 0.21696720575386583 -0.26549306975313836 0
0 0 0 0 0 3 -2 110.0 0.20639321911994649 -0.262192916660852 0
0 0 0 0 0 3 -2 120.0 0.18887131714188227 -0.24425750716655253 0
0 0 0 0 0 3 -2 130.0 0.08728742330721992 -0.12056229321964987 0
0 0 0 0 0 3 -2 140.0 0.01157712862166412 -0.017526491349688054 0
0 0 0 0 0 3 -2 150.0 0.0025394130784727503 -0.0045096079316563195 0
0 0 0 0 0 3 -2 160.0 0.0007092475782828339 -0.0014641312241650793 0
0 0 0 0 0 3 -1 -20.0 0.00017193412855062397 -0.0010211829657832503 0
0 0 0 0 0 3 -1 -10.0 0.0014555284474806651 -0.00434221708040938 0
0 0 0 0 0 3 -1 0.0 0.009276039808627179 -0.021772445293121133 0
0 0 0 0 0 3 -1 10.0 0.06810503863455088 -0.15877326227046928 0
0 0 0 0 0 3 -1 20.0 0.11048443129601063 -0.2635699914375811 0
0 0 0 0 0 3 -1 30.0 0.12062272724622138 -0.27618963130414564 0
0 0 0 0 0 3 -1 40.0 0.12661053745240736 -0.277489969556311 0
0 0 0 0 0 3 -1 50.0 0.13376873679484372 -0.2723912421822275 0
0 0 0 0 0 3 -1 60.0 0.1264429247318935 -0.2692666743656541 0
0 0 0 0 0 3 -1 70.0 0.1303783603008478 -0.26293366958519077 0
0 0 0 0 0 3 -1 80.0 0.12607712453365977 -0.2617814729039465 0
0 0 0 0 0 3 -1 90.0 0.11934855863577574 -0.27296030296995416 0
0 0 0 0 0 3 -1 100.0 0.12030141710582853 -0.26510648909154655 0
0 0 0 0 0 3 -1 110.0 0.11033465668786771 -0.2628175758866422 0
0 0 0 0 0 3 -1 120.0 0.09884918071509827 -0.24552916093758428 0
0 0 0 0 0 3 -1 130.0 0.04348063917821998 -0.12199737926453504 0
0 0 0 0 0 3 -1 140.0 0.005240715845832485 -0.017869084171031197 0
0 0 0 0 0 3 -1 150.0 0.0010214589205789371 -0.004559696043343816 0
0 0 0 0 0 3 -1 160.0 0.00022961334437543972 -0.001471631749588681 0
0 0 0 0 0 3 0 -20.0 -0.0004229599109678422 -0.0010563294241792357 0
0 0 0 0 0 3 0 -10.0 -0.0005095113802052044 -0.004461396525517738 0
0 0 0 0 0 3 0 0.0 0.0006701103078565533 -0.022248801985114947 0
0 0 0 0 0 3 0 10.0 0.011379987334194264 -0.15899426561423216 0
0 0 0 0 0 3 0 20.0 0.020767262220239457 -0.2658664875893136 0
0 0 0 0 0 3 0 30.0 0.024758986397514834 -0.2770637226117657 0
0 0 0 0 0 3 0 40.0 0.03017864254496961 -0.27877143856759934 0
0 0 0 0 0 3 0 50.0 0.037942716408128754 -0.2733841420182015 0
0 0 0 0 0 3 0 60.0 0.02993345224523234 -0.27053024777140866 0
0 0 0 0 0 3 0 70.0 0.03460250595953575 -0.2628564081465039 0
0 0 0 0 0 3 0 80.0 0.030409190125003264 -0.2626174398521912 0
0 0 0 0 0 3 0 90.0 0.02191858708281936 -0.2744953746156668 0
0 0 0 0 0 3 0 100.0 0.023635628457791248 -0.26471990842995474 0
0 0 0 0 0 3 0 110.0 0.014276094255788945 -0.2634422351124323 0
0 0 0 0 0 3 0 120.0 0.008827044288314262 -0.246800814708616 0
0 0 0 0 0 3 0 130.0 -0.00032614495077994555 -0.1234324653094202 0
0 0 0 0 0 3 0 140.0 -0.0010956969299991516 -0.018211676992374335 0
0 0 0 0 0 3 0 150.0 -0.0004964952373148759 -0.004609784155031313 0
0 0 0 0 0 3 0 160.0 -0.00025002088953195444 -0.0014791322750122827 0
0 0 0 0 0 3 1 -20.0 -0.0010178539504863084 -0.0010914758825752214 0
0 0 0 0 0 3 1 -10.0 -0.002474551207891074 -0.004580575970626096 0
0 0 0 0 0 3 1 0.0 -0.00793581919291407 -0.022725158677108757 0
0 0 0 0 0 3 1 10.0 -0.04534506396616234 -0.159215268957995 0
0 0 0 0 0 3 1 20.0 -0.06894990685553169 -0.2681629837410461 0
0 0 0 0 0 3 1 30.0 -0.0711047544511917 -0.2779378139193857 0
0 0 0 0 0 3 1 40.0 -0.06625325236246817 -0.28005290757888773 0
0 0 0 0 0 3 1 50.0 -0.057883303978586195 -0.27437704185417555 0
0 0 0 0 0 3 1 60.0 -0.06657602024142882 -0.2717938211771632 0
0 0 0 0 0 3 1 70.0 -0.06117334838177629 -0.2627791467078171 0
0 0 0 0 0 3 1 80.0 -0.06525874428365323 -0.263453406800436 0
0 0 0 0 0 3 1 90.0 -0.07551138447013704 -0.27603044626137946 0
0 0 0 0 0 3 1 100.0 -0.07303016019024602 -0.26433332776836294 0
0 0 0 0 0 3 1 110.0 -0.08178246817628983 -0.26406689433822245 0
0 0 0 0 0 3 1 120.0 -0.08119509213846976 -0.24807246847964773 0
0 0 0 0 0 3 1 130.0 -0.04413292907977987 -0.12486755135430537 0
0 0 0 0 0 3 1 140.0 -0.007432109705830788 -0.018554269813717477 0
0 0 0 0 0 3 1 150.0 -0.002014449395208689 -0.004659872266718809 0
0 0 0 0 0 3 1 160.0 -0.0007296551234393485 -0.0014866328004358843 0
0 0 0 0 0 3 2 -20.0 -0.0016127479900047747 -0.0011266223409712069 0
0 0 0 0 0 3 2 -10.0 -0.004439591035576944 -0.004699755415734455 0
0 0 0 0 0 3 2 0.0 -0.016541748693684695 -0.023201515369102567 0
0 0 0 0 0 3 2 10.0 -0.10207011526651896 -0.1594362723017579 0
0 0 0 0 0 3 2 20.0 -0.15866707593130283 -0.2704594798927785 0
0 0 0 0 0 3 2 30.0 -0.16696849529989824 -0.2788119052270057 0
0 0 0 0 0 3 2 40.0 -0.16268514726990593 -0.28133437659017607 0
0 0 0 0 0 3 2 50.0 -0.15370932436530113 -0.27536994169014956 0
0 0 0 0 0 3 2 60.0 -0.16308549272808998 -0.2730573945829177 0
0 0 0 0 0 3 2 70.0 -0.15694920272308835 -0.26270188526913024 0
0 0 0 0 0 3 2 80.0 -0.1609266786923097 -0.2642893737486807 0
0 0 0 0 0 3 2 90.0 -0.1729413560230934 -0.2775655179070921 0
0 0 0 0 0 3 2 100.0 -0.1696959488382833 -0.26394674710677113 0
0 0 0 0 0 3 2 110.0 -0.17784103060836862 -0.26469155356401264 0
0 0 0 0 0 3 2 120.0 -0.1712172285652538 -0.24934412225067948 0
0 0 0 0 0 3 2 130.0 -0.0879397132087798 -0.12630263739919054 0
0 0 0 0 0 3 2 140.0 -0.013768522481662424 -0.01889686263506062 0
0 0 0 0 0 3 2 150.0 -0.0035324035531025017 -0.0047099603784063054 0
0 0 0 0 0 3 2 160.0 -0.001209289357346743 -0.001494133325859486 0
0 0 0 0 0 3 3 -20.0 -0.0022076420295232407 -0.0011617687993671925 0
0 0 0 0 0 3 3 -10.0 -0.006404630863262813 -0.004818934860842812 0
0 0 0 0 0 3 3 0.0 -0.02514767819445532 -0.02367787206109638 0
0 0 0 0 0 3 3 10.0 -0.15879516656687556 -0.15965727564552076 0
0 0 0 0 0 3 3 20.0 -0.24838424500707398 -0.272755976044511 0
0 0 0 0 0 3 3 30.0 -0.2628322361486048 -0.2796859965346257 0
0 0 0 0 0 3 3 40.0 -0.25911704217734366 -0.28261584560146447 0
0 0 0 0 0 3 3 50.0 -0.24953534475201608 -0.2763628415261236 0
0 0 0 0 0 3 3 60.0 -0.2595949652147511 -0.2743209679886723 0
0 0 0 0 0 3 3 70.0 -0.2527250570644004 -0.26262462383044344 0
0 0 0 0 0 3 3 80.0 -0.2565946131009662 -0.2651253406969255 0
0 0 0 0 0 3 3 90.0 -0.2703713275760498 -0.27910058955280476 0
0 0 0 0 0 3 3 100.0 -0.2663617374863206 -0.2635601664451793 0
0 0 0 0 0 3 3 110.0 -0.2738995930404474 -0.2653162127898028 0
0 0 0 0 0 3 3 120.0 -0.2612393649920378 -0.2506157760217112 0
0 0 0 0 0 3 3 130.0 -0.13174649733777974 -0.12773772344407572 0
0 0 0 0 0 3 3 140.0 -0.020104935257494058 -0.019239455456403758 0
0 0 0 0 0 3 3 150.0 -0.005050357710996315 -0.004760048490093803 0
0 0 0 0 0 3 3 160.0 -0.0016889235912541372 -0.0015016338512830877 0
0 0 0 0 0 3 4 -20.0 -0.0028025360690417072 -0.0011969152577631782 0
0 0 0 0 0 3 4 -10.0 -0.008369670690948683 -0.004938114305951171 0
0 0 0 0 0 3 4 0.0 -0.033753607695225944 -0.02415422875309019 0
0 0 0 0 0 3 4 10.0 -0.2155202178672322 -0.15987827898928364 0
0 0 0 0 0 3 4 20.0 -0.33810141408284516 -0.27505247219624346 0
0 0 0 0 0 3 4 30.0 -0.35869597699731137 -0.28056008784224573 0
0 0 0 0 0 3 4 40.0 -0.35554893708478147 -0.2838973146127528 0
0 0 0 0 0 3 4 50.0 -0.34536136513873106 -0.2773557413620976 0
0 0 0 0 0 3 4 60.0 -0.35610443770141226 -0.27558454139442684 0
0 0 0 0 0 3 4 70.0 -0.34850091140571243 -0.2625473623917566 0
0 0 0 0 0 3 4 80.0 -0.3522625475096227 -0.26596130764517023 0
0 0 0 0 0 3 4 90.0 -0.3678012991290062 -0.2806356611985174 0
0 0 0 0 0 3 4 100.0 -0.36302752613435785 -0.2631735857835875 0
0 0 0 0 0 3 4 110.0 -0.3699581554725262 -0.2659408720155929 0
0 0 0 0 0 3 4 120.0 -0.3512615014188218 -0.2518874297927429 0
0 0 0 0 0 3 4 130.0 -0.17555328146677968 -0.12917280948896087 0
0 0 0 0 0 3 4 140.0 -0.026441348033325696 -0.0195820482777469 0
0 0 0 0 0 3 4 150.0 -0.006568311868890128 -0.004810136601781299 0
0 0 0 0 0 3 4 160.0 -0.0021685578251615313 -0.0015091343767066894 0
0 0 0 0 0 4 -4 -20.0 0.0019934259998399396 -0.0014983549360248582 0
0 0 0 0 0 4 -4 -10.0 0.007454279065204876 -0.005906810932149338 0
0 0 0 0 0 4 -4 0.0 0.03534003209177347 -0.028667871680245743 0
0 0 0 0 0 4 -4 10.0 0.2368171071285168 -0.2144032902650121 0
0 0 0 0 0 4 -4 20.0 0.3799100004230909 -0.34699447742526063 0
0 0 0 0 0 4 -4 30.0 0.4087868524896619 -0.3703423149907942 0
0 0 0 0 0 4 -4 40.0 0.4168141573275672 -0.3713391531177704 0
0 0 0 0 0 4 -4 50.0 0.4220319138409874 -0.3649980134127442 0
0 0 0 0 0 4 -4 60.0 0.4170939317584877 -0.3630998870769859 0
0 0 0 0 0 4 -4 70.0 0.42047272337472347 -0.35821913723997567 0
0 0 0 0 0 4 -4 80.0 0.41550525883727146 -0.3543181082134333 0
0 0 0 0 0 4 -4 90.0 0.412617420058973 -0.3664987642339759 0
0 0 0 0 0 4 -4 100.0 0.41254844266565244 -0.36262119363931605 0
0 0 0 0 0 4 -4 110.0 0.3997274884094213 -0.35737667668451806 0
0 0 0 0 0 4 -4 120.0 0.36913725256089625 -0.33187676378440895 0
0 0 0 0 0 4 -4 130.0 0.17488304285349568 -0.1634541296798789 0
0 0 0 0 0 4 -4 140.0 0.024221327944100892 -0.023226134779779067 0
0 0 0 0 0 4 -4 150.0 0.005561413628442547 -0.005951408644023884 0
0 0 0 0 0 4 -4 160.0 0.0016586234172204903 -0.0019372947234559598 0
0 0 0 0 0 4 -3 -20.0 0.0013985319603214736 -0.001533501394420844 0
0 0 0 0 0 4 -3 -10.0 0.005489239237519006 -0.006025990377257696 0
0 0 0 0 0 4 -3 0.0 0.026734102591002843 -0.029144228372239553 0
0 0 0 0 0 4 -3 10.0 0.1800920558281602 -0.21462429360877497 0
0 0 0 0 0 4 -3 20.0 0.2901928313473198 -0.34929097357699307 0
0 0 0 0 0 4 -3 30.0 0.3129231116409553 -0.3712164062984142 0
0 0 0 0 0 4 -3 40.0 0.32038226242012946 -0.3726206221290588 0
0 0 0 0 0 4 -3 50.0 0.3262058934542725 -0.36599091324871824 0
0 0 0 0 0 4 -3 60.0 0.32058445927182655 -0.3643634604827405 0
0 0 0 0 0 4 -3 70.0 0.3246968690334115 -0.3581418758012888 0
0 0 0 0 0 4 -3 80.0 0.319837324428615 -0.3551540751616781 0
0 0 0 0 0 4 -3 90.0 0.31518744850601665 -0.3680338358796886 0
0 0 0 0 0 4 -3 100.0 0.3158826540176152 -0.36223461297772425 0
0 0 0 0 0 4 -3 110.0 0.30366892597734246 -0.35800133591030825 0
0 0 0 0 0 4 -3 120.0 0.2791151161341122 -0.33314841755544067 0
0 0 0 0 0 4 -3 130.0 0.13107625872449574 -0.1648892157247641 0
0 0 0 0 0 4 -3 140.0 0.017884915168269257 -0.02356872760112221 0
0 0 0 0 0 4 -3 150.0 0.004043459470548735 -0.006001496755711381 0
0 0 0 0 0 4 -3 160.0 0.0011789891833130961 -0.0019447952488795615 0
0 0 0 0 0 4 -2 -20.0 0.0008036379208030074 -0.0015686478528168294 0
0 0 0 0 0 4 -2 -10.0 0.003524199409833136 -0.0061451698223660535 0
0 0 0 0 0 4 -2 0.0 0.01812817309023222 -0.029620585064233363 0
0 0 0 0 0 4 -2 10.0 0.12336700452780357 -0.21484529695253785 0
0 0 0 0 0 4 -2 20.0 0.2004756622715487 -0.35158746972872557 0
0 0 0 0 0 4 -2 30.0 0.2170593707922488 -0.3720904976060342 0
0 0 0 0 0 4 -2 40.0 0.2239503675126917 -0.3739020911403471 0
0 0 0 0 0 4 -2 50.0 0.2303798730675575 -0.36698381308469225 0
0 0 0 0 0 4 -2 60.0 0.22407498678516538 -0.36562703388849505 0
0 0 0 0 0 4 -2 70.0 0.22892101469209944 -0.35806461436260195 0
0 0 0 0 0 4 -2 80.0 0.22416939001995856 -0.3559900421099228 0
0 0 0 0 0 4 -2 90.0 0.21775747695306025 -0.3695689075254012 0
0 0 0 0 0 4 -2 100.0 0.21921686536957793 -0.3618480323161324 0
0 0 0 0 0 4 -2 110.0 0.2076103635452637 -0.3586259951360984 0
0 0 0 0 0 4 -2 120.0 0.1890929797073282 -0.3344200713264724 0
0 0 0 0 0 4 -2 130.0 0.08726947459549582 -0.16632430176964924 0
0 0 0 0 0 4 -2 140.0 0.011548502392437616 -0.023911320422465347 0
0 0 0 0 0 4 -2 150.0 0.002525505312654922 -0.006051584867398877 0
0 0 0 0 0 4 -2 160.0 0.0006993549494057023 -0.0019522957743031632 0
0 0 0 0 0 4 -1 -20.0 0.00020874388128454122 -0.001603794311212815 0
0 0 0 0 0 4 -1 -10.0 0.0015591595821472669 -0.006264349267474412 0
0 0 0 0 0 4 -1 0.0 0.009522243589461594 -0.030096941756227173 0
0 0 0 0 0 4 -1 10.0 0.06664195322744695 -0.21506630029630072 0
0 0 0 0 0 4 -1 20.0 0.11075849319577755 -0.353883965880458 0
0 0 0 0 0 4 -1 30.0 0.12119562994354227 -0.3729645889136542 0
0 0 0 0 0 4 -1 40.0 0.1275184726052539 -0.3751835601516355 0
0 0 0 0 0 4 -1 50.0 0.13455385268084255 -0.3679767129206663 0
0 0 0 0 0 4 -1 60.0 0.1275655142985042 -0.3668906072942496 0
0 0 0 0 0 4 -1 70.0 0.1331451603507874 -0.35798735292391515 0
0 0 0 0 0 4 -1 80.0 0.12850145561130205 -0.3568260090581676 0
0 0 0 0 0 4 -1 90.0 0.12032750540010383 -0.3711039791711139 0
0 0 0 0 0 4 -1 100.0 0.12255107672154063 -0.3614614516545406 0
0 0 0 0 0 4 -1 110.0 0.11155180111318491 -0.3592506543618886 0
0 0 0 0 0 4 -1 120.0 0.09907084328054418 -0.3356917250975041 0
0 0 0 0 0 4 -1 130.0 0.04346269046649589 -0.16775938781453442 0
0 0 0 0 0 4 -1 140.0 0.005212089616605979 -0.02425391324380849 0
0 0 0 0 0 4 -1 150.0 0.0010075511547611084 -0.006101672979086373 0
0 0 0 0 0 4 -1 160.0 0.00021972071549830808 -0.001959796299726765 0
0 0 0 0 0 4 0 -20.0 -0.000386150158233925 -0.0016389407696088005 0
0 0 0 0 0 4 0 -10.0 -0.0004058802455386026 -0.00638352871258277 0
0 0 0 0 0 4 0 0.0 0.0009163140886909698 -0.030573298448220987 0
0 0 0 0 0 4 0 10.0 0.009916901927090344 -0.2152873036400636 0
0 0 0 0 0 4 0 20.0 0.021041324120006377 -0.3561804620321905 0
0 0 0 0 0 4 0 30.0 0.025331889094835733 -0.37383868022127426 0
0 0 0 0 0 4 0 40.0 0.03108657769781615 -0.37646502916292385 0
0 0 0 0 0 4 0 50.0 0.038727832294127594 -0.3689696127566403 0
0 0 0 0 0 4 0 60.0 0.031056041811843058 -0.36815418070000416 0
0 0 0 0 0 4 0 70.0 0.03736930600947537 -0.3579100914852283 0
0 0 0 0 0 4 0 80.0 0.03283352120264555 -0.3576619760064123 0
0 0 0 0 0 4 0 90.0 0.022897533847147437 -0.3726390508168265 0
0 0 0 0 0 4 0 100.0 0.025885288073503345 -0.36107487099294877 0
0 0 0 0 0 4 0 110.0 0.015493238681106148 -0.3598753135876787 0
0 0 0 0 0 4 0 120.0 0.009048706853760174 -0.33696337886853583 0
0 0 0 0 0 4 0 130.0 -0.000344093662504042 -0.16919447385941958 0
0 0 0 0 0 4 0 140.0 -0.0011243231592256563 -0.024596506065151628 0
0 0 0 0 0 4 0 150.0 -0.0005104030031327045 -0.006151761090773871 0
0 0 0 0 0 4 0 160.0 -0.0002599135184090861 -0.0019672968251503663 0
0 0 0 0 0 4 1 -20.0 -0.000981044197752391 -0.0016740872280047862 0
0 0 0 0 0 4 1 -10.0 -0.0023709200732244724 -0.006502708157691128 0
0 0 0 0 0 4 1 0.0 -0.007689615412079655 -0.031049655140214797 0
0 0 0 0 0 4 1 10.0 -0.046808149373266265 -0.21550830698382645 0
0 0 0 0 0 4 1 20.0 -0.06867584495576477 -0.358476958183923 0
0 0 0 0 0 4 1 30.0 -0.0705318517538708 -0.37471277152889426 0
0 0 0 0 0 4 1 40.0 -0.06534531720962163 -0.37774649817421224 0
0 0 0 0 0 4 1 50.0 -0.057098188092587356 -0.36996251259261437 0
0 0 0 0 0 4 1 60.0 -0.06545343067481811 -0.3694177541057587 0
0 0 0 0 0 4 1 70.0 -0.05840654833183667 -0.3578328300465415 0
0 0 0 0 0 4 1 80.0 -0.06283441320601095 -0.3584979429546571 0
0 0 0 0 0 4 1 90.0 -0.07453243770580896 -0.37417412246253917 0
0 0 0 0 0 4 1 100.0 -0.07078050057453393 -0.36068829033135696 0
0 0 0 0 0 4 1 110.0 -0.08056532375097263 -0.36049997281346885 0
0 0 0 0 0 4 1 120.0 -0.08097342957302385 -0.3382350326395676 0
0 0 0 0 0 4 1 130.0 -0.044150877791503965 -0.17062955990430476 0
0 0 0 0 0 4 1 140.0 -0.007460735935057293 -0.02493909888649477 0
0 0 0 0 0 4 1 150.0 -0.0020283571610265174 -0.006201849202461367 0
0 0 0 0 0 4 1 160.0 -0.0007395477523164802 -0.001974797350573968 0
0 0 0 0 0 4 2 -20.0 -0.0015759382372708573 -0.0017092336864007716 0
0 0 0 0 0 4 2 -10.0 -0.0043359599009103415 -0.0066218876027994865 0
0 0 0 0 0 4 2 0.0 -0.01629554491285028 -0.03152601183220861 0
0 0 0 0 0 4 2 10.0 -0.10353320067362289 -0.21572931032758932 0
0 0 0 0 0 4 2 20.0 -0.1583930140315359 -0.36077345433565544 0
0 0 0 0 0 4 2 30.0 -0.16639559260257733 -0.37558686283651427 0
0 0 0 0 0 4 2 40.0 -0.16177721211705937 -0.3790279671855006 0
0 0 0 0 0 4 2 50.0 -0.1529242084793023 -0.37095541242858837 0
0 0 0 0 0 4 2 60.0 -0.16196290316147927 -0.3706813275115132 0
0 0 0 0 0 4 2 70.0 -0.15418240267314873 -0.3577555686078546 0
0 0 0 0 0 4 2 80.0 -0.15850234761466742 -0.3593339099029018 0
0 0 0 0 0 4 2 90.0 -0.17196240925876533 -0.3757091941082518 0
0 0 0 0 0 4 2 100.0 -0.16744628922257118 -0.36030170966976516 0
0 0 0 0 0 4 2 110.0 -0.17662388618305142 -0.36112463203925904 0
0 0 0 0 0 4 2 120.0 -0.17099556599980786 -0.33950668641059933 0
0 0 0 0 0 4 2 130.0 -0.0879576619205039 -0.1720646459491899 0
0 0 0 0 0 4 2 140.0 -0.013797148710888928 -0.025281691707837912 0
0 0 0 0 0 4 2 150.0 -0.00354631131892033 -0.006251937314148863 0
0 0 0 0 0 4 2 160.0 -0.0012191819862238747 -0.0019822978759975697 0
0 0 0 0 0 4 3 -20.0 -0.0021708322767893234 -0.0017443801447967573 0
0 0 0 0 0 4 3 -10.0 -0.006300999728596211 -0.006741067047907844 0
0 0 0 0 0 4 3 0.0 -0.024901474413620905 -0.03200236852420242 0
0 0 0 0 0 4 3 10.0 -0.16025825197397947 -0.2159503136713522 0
0 0 0 0 0 4 3 20.0 -0.24811018310730706 -0.36306995048738794 0
0 0 0 0 0 4 3 30.0 -0.2622593334512839 -0.3764609541441343 0
0 0 0 0 0 4 3 40.0 -0.2582091070244971 -0.380309436196789 0
0 0 0 0 0 4 3 50.0 -0.24875022886601725 -0.37194831226456243 0
0 0 0 0 0 4 3 60.0 -0.2584723756481404 -0.3719449009172678 0
0 0 0 0 0 4 3 70.0 -0.24995825701446078 -0.3576783071691678 0
0 0 0 0 0 4 3 80.0 -0.2541702820233239 -0.3601698768511466 0
0 0 0 0 0 4 3 90.0 -0.26939238081172173 -0.37724426575396447 0
0 0 0 0 0 4 3 100.0 -0.2641120778706085 -0.35991512900817335 0
0 0 0 0 0 4 3 110.0 -0.2726824486151302 -0.3617492912650492 0
0 0 0 0 0 4 3 120.0 -0.2610177024265919 -0.34077834018163106 0
0 0 0 0 0 4 3 130.0 -0.13176444604950385 -0.1734997319940751 0
0 0 0 0 0 4 3 140.0 -0.02013356148672056 -0.02562428452918105 0
0 0 0 0 0 4 3 150.0 -0.005064265476814144 -0.00630202542583636 0
0 0 0 0 0 4 3 160.0 -0.0016988162201312688 -0.0019897984014211716 0
0 0 0 0 0 4 4 -20.0 -0.00276572631630779 -0.0017795266031927427 0
0 0 0 0 0 4 4 -10.0 -0.00826603955628208 -0.006860246493016203 0
0 0 0 0 0 4 4 0.0 -0.033507403914391526 -0.03247872521619623 0
0 0 0 0 0 4 4 10.0 -0.2169833032743361 -0.21617131701511508 0
0 0 0 0 0 4 4 20.0 -0.33782735218307824 -0.3653664466391204 0
0 0 0 0 0 4 4 30.0 -0.35812307429999046 -0.3773350454517543 0
0 0 0 0 0 4 4 40.0 -0.35464100193193493 -0.3815909052080773 0
0 0 0 0 0 4 4 50.0 -0.34457624925273217 -0.37294121210053643 0
0 0 0 0 0 4 4 60.0 -0.35498184813480155 -0.37320847432302234 0
0 0 0 0 0 4 4 70.0 -0.3457341113557728 -0.35760104573048096 0
0 0 0 0 0 4 4 80.0 -0.34983821643198043 -0.3610058437993913 0
0 0 0 0 0 4 4 90.0 -0.36682235236467814 -0.3787793373996771 0
0 0 0 0 0 4 4 100.0 -0.36077786651864574 -0.35952854834658154 0
0 0 0 0 0 4 4 110.0 -0.36874101104720897 -0.3623739504908393 0
0 0 0 0 0 4 4 120.0 -0.35103983885337586 -0.3420499939526628 0
0 0 0 0 0 4 4 130.0 -0.1755712301785038 -0.17493481803896024 0
0 0 0 0 0 4 4 140.0 -0.0264699742625522 -0.025966877350524192 0
0 0 0 0 0 4 4 150.0 -0.006582219634707957 -0.0063521135375238565 0
0 0 0 0 0 4 4 160.0 -0.0021784504540386627 -0.001997298926844773 0
