# units are Tesla, degrees, mm and s
# Local coordinate system origin: x0=212.65, y0=16.05, z0=188.0
# gaussmeter probe H068483    
# mag ang probe ang	x glob	y glob	z glob	x local	y local	z local	X Bfield	Y Bfield	Z Bfield	V Bfield	date	elapsed time	range
0	0		212.65	14.55	155.0	0.0	-1.5	-33.0	0L	0L	5e-07	5e-07	20230731	25	aaa
0	0		212.65	14.55	158.0	0.0	-1.5	-30.0	0L	0L	-6.5e-06	6.5e-06	20230731	32	aaa
0	0		212.65	14.55	161.0	0.0	-1.5	-27.0	0L	0L	-1.57e-05	1.56e-05	20230731	38	aaa
0	0		212.65	14.55	164.0	0.0	-1.5	-24.0	0L	0L	-2.72e-05	2.72e-05	20230731	45	aaa
0	0		212.65	14.55	167.0	0.0	-1.5	-21.0	0L	0L	-4.28e-05	4.28e-05	20230731	52	aaa
0	0		212.65	14.55	170.0	0.0	-1.5	-18.0	0L	0L	-6.39e-05	6.39e-05	20230731	58	aaa
0	0		212.65	14.55	173.0	0.0	-1.5	-15.0	0L	0L	-9.46e-05	9.46e-05	20230731	65	aaa
0	0		212.65	14.55	176.0	0.0	-1.5	-12.0	0L	0L	-0.0001412	0.0001412	20230731	72	aaa
0	0		212.65	14.55	179.0	0.0	-1.5	-9.0	0L	0L	-0.0002166	0.0002166	20230731	79	aaa
0	0		212.65	14.55	182.0	0.0	-1.5	-6.0	0L	0L	-0.0003467	0.0003467	20230731	85	aaa
0	0		212.65	14.55	185.0	0.0	-1.5	-3.0	0L	0L	-0.0005849	0.0005849	20230731	92	aaa
0	0		212.65	14.55	188.0	0.0	-1.5	0.0	0L	0L	-0.0010557	0.0010558	20230731	99	aaa
0	0		212.65	14.55	191.0	0.0	-1.5	3.0	0L	0L	-0.0020447	0.0020447	20230731	105	aaa
0	0		212.65	14.55	194.0	0.0	-1.5	6.0	0L	0L	-0.004513	0.004513	20230731	112	aaa
0	0		212.65	14.55	197.0	0.0	-1.5	9.0	0L	0L	-0.014373	0.014373	20230731	119	aaa
0	0		212.65	14.55	200.0	0.0	-1.5	12.0	0L	0L	-0.0345	0.0345	20230731	126	aaa
0	0		212.65	14.55	203.0	0.0	-1.5	15.0	0L	0L	-0.04222	0.04222	20230731	132	aaa
0	0		212.65	14.55	206.0	0.0	-1.5	18.0	0L	0L	-0.03976	0.03977	20230731	139	aaa
0	0		212.65	14.55	209.0	0.0	-1.5	21.0	0L	0L	-0.03712	0.03712	20230731	146	aaa
0	0		212.65	14.55	212.0	0.0	-1.5	24.0	0L	0L	-0.03392	0.03392	20230731	153	aaa
0	0		212.65	14.55	215.0	0.0	-1.5	27.0	0L	0L	-0.03051	0.03051	20230731	159	aaa
0	0		212.65	14.55	218.0	0.0	-1.5	30.0	0L	0L	-0.02721	0.02721	20230731	166	aaa
0	0		212.65	14.55	221.0	0.0	-1.5	33.0	0L	0L	-0.02416	0.02416	20230731	173	aaa
0	0		212.65	14.55	224.0	0.0	-1.5	36.0	0L	0L	-0.02338	0.02337	20230731	179	aaa
0	0		212.65	14.55	227.0	0.0	-1.5	39.0	0L	0L	-0.02044	0.02044	20230731	186	aaa
0	0		212.65	14.55	230.0	0.0	-1.5	42.0	0L	0L	-0.013963	0.013963	20230731	193	aaa
0	0		212.65	14.55	233.0	0.0	-1.5	45.0	0L	0L	-0.00568	0.00568	20230731	199	aaa
0	0		212.65	14.55	236.0	0.0	-1.5	48.0	0L	0L	-0.0016561	0.0016561	20230731	206	aaa
0	0		212.65	14.55	239.0	0.0	-1.5	51.0	0L	0L	-0.0010339	0.0010339	20230731	213	aaa
0	0		212.65	14.55	242.0	0.0	-1.5	54.0	0L	0L	-0.0006974	0.0006974	20230731	220	aaa
0	0		212.65	14.55	245.0	0.0	-1.5	57.0	0L	0L	-0.000456	0.000456	20230731	226	aaa
0	0		212.65	14.55	248.0	0.0	-1.5	60.0	0L	0L	-0.0003017	0.0003017	20230731	233	aaa
0	0		212.65	14.55	251.0	0.0	-1.5	63.0	0L	0L	-0.0002061	0.0002061	20230731	240	aaa
0	0		212.65	14.55	254.0	0.0	-1.5	66.0	0L	0L	-0.000144	0.000144	20230731	246	aaa
0	0		212.65	14.55	257.0	0.0	-1.5	69.0	0L	0L	-0.0001015	0.0001016	20230731	253	aaa
0	0		212.65	14.55	260.0	0.0	-1.5	72.0	0L	0L	-7.13e-05	7.13e-05	20230731	260	aaa
0	0		212.65	14.55	263.0	0.0	-1.5	75.0	0L	0L	-4.89e-05	4.89e-05	20230731	266	aaa
0	0		212.65	14.55	266.0	0.0	-1.5	78.0	0L	0L	-3.2e-05	3.21e-05	20230731	273	aaa
0	0		212.65	14.8	266.0	0.0	-1.25	78.0	0L	0L	-3.19e-05	3.19e-05	20230731	278	aaa
0	0		212.65	14.8	263.0	0.0	-1.25	75.0	0L	0L	-4.89e-05	4.89e-05	20230731	285	aaa
0	0		212.65	14.8	260.0	0.0	-1.25	72.0	0L	0L	-7.1e-05	7.1e-05	20230731	291	aaa
0	0		212.65	14.8	257.0	0.0	-1.25	69.0	0L	0L	-0.0001013	0.0001013	20230731	298	aaa
0	0		212.65	14.8	254.0	0.0	-1.25	66.0	0L	0L	-0.0001435	0.0001435	20230731	305	aaa
0	0		212.65	14.8	251.0	0.0	-1.25	63.0	0L	0L	-0.0002058	0.0002059	20230731	311	aaa
0	0		212.65	14.8	248.0	0.0	-1.25	60.0	0L	0L	-0.0003002	0.0003002	20230731	318	aaa
0	0		212.65	14.8	245.0	0.0	-1.25	57.0	0L	0L	-0.0004477	0.0004477	20230731	325	aaa
0	0		212.65	14.8	242.0	0.0	-1.25	54.0	0L	0L	-0.0006715	0.0006715	20230731	331	aaa
0	0		212.65	14.8	239.0	0.0	-1.25	51.0	0L	0L	-0.0009628	0.0009627	20230731	338	aaa
0	0		212.65	14.8	236.0	0.0	-1.25	48.0	0L	0L	-0.001462	0.001462	20230731	345	aaa
0	0		212.65	14.8	233.0	0.0	-1.25	45.0	0L	0L	-0.004865	0.004865	20230731	352	aaa
0	0		212.65	14.8	230.0	0.0	-1.25	42.0	0L	0L	-0.012915	0.012917	20230731	358	aaa
0	0		212.65	14.8	227.0	0.0	-1.25	39.0	0L	0L	-0.019718	0.019718	20230731	365	aaa
0	0		212.65	14.8	224.0	0.0	-1.25	36.0	0L	0L	-0.021992	0.021992	20230731	372	aaa
0	0		212.65	14.8	221.0	0.0	-1.25	33.0	0L	0L	-0.023297	0.023297	20230731	378	aaa
0	0		212.65	14.8	218.0	0.0	-1.25	30.0	0L	0L	-0.026352	0.026352	20230731	385	aaa
0	0		212.65	14.8	215.0	0.0	-1.25	27.0	0L	0L	-0.02973	0.02973	20230731	392	aaa
0	0		212.65	14.8	212.0	0.0	-1.25	24.0	0L	0L	-0.03345	0.03345	20230731	399	aaa
0	0		212.65	14.8	209.0	0.0	-1.25	21.0	0L	0L	-0.03668	0.03667	20230731	405	aaa
0	0		212.65	14.8	206.0	0.0	-1.25	18.0	0L	0L	-0.03998	0.03998	20230731	412	aaa
0	0		212.65	14.8	203.0	0.0	-1.25	15.0	0L	0L	-0.04165	0.04165	20230731	419	aaa
0	0		212.65	14.8	200.0	0.0	-1.25	12.0	0L	0L	-0.03406	0.03405	20230731	426	aaa
0	0		212.65	14.8	197.0	0.0	-1.25	9.0	0L	0L	-0.014693	0.014693	20230731	432	aaa
0	0		212.65	14.8	194.0	0.0	-1.25	6.0	0L	0L	-0.004618	0.004618	20230731	439	aaa
0	0		212.65	14.8	191.0	0.0	-1.25	3.0	0L	0L	-0.002044	0.002044	20230731	446	aaa
0	0		212.65	14.8	188.0	0.0	-1.25	0.0	0L	0L	-0.0010563	0.0010563	20230731	453	aaa
0	0		212.65	14.8	185.0	0.0	-1.25	-3.0	0L	0L	-0.0005869	0.0005869	20230731	459	aaa
0	0		212.65	14.8	182.0	0.0	-1.25	-6.0	0L	0L	-0.0003484	0.0003484	20230731	466	aaa
0	0		212.65	14.8	179.0	0.0	-1.25	-9.0	0L	0L	-0.0002177	0.0002177	20230731	473	aaa
0	0		212.65	14.8	176.0	0.0	-1.25	-12.0	0L	0L	-0.0001421	0.0001421	20230731	479	aaa
0	0		212.65	14.8	173.0	0.0	-1.25	-15.0	0L	0L	-9.53e-05	9.53e-05	20230731	486	aaa
0	0		212.65	14.8	170.0	0.0	-1.25	-18.0	0L	0L	-6.44e-05	6.44e-05	20230731	493	aaa
0	0		212.65	14.8	167.0	0.0	-1.25	-21.0	0L	0L	-4.32e-05	4.32e-05	20230731	500	aaa
0	0		212.65	14.8	164.0	0.0	-1.25	-24.0	0L	0L	-2.77e-05	2.77e-05	20230731	506	aaa
0	0		212.65	14.8	161.0	0.0	-1.25	-27.0	0L	0L	-1.6e-05	1.6e-05	20230731	513	aaa
0	0		212.65	14.8	158.0	0.0	-1.25	-30.0	0L	0L	-7e-06	7e-06	20230731	520	aaa
0	0		212.65	14.8	155.0	0.0	-1.25	-33.0	0L	0L	3e-07	3e-07	20230731	526	aaa
0	0		212.65	15.05	155.0	0.0	-1.0	-33.0	0L	0L	0.0	0.0	20230731	531	aaa
0	0		212.65	15.05	158.0	0.0	-1.0	-30.0	0L	0L	-7.2e-06	7.2e-06	20230731	538	aaa
0	0		212.65	15.05	161.0	0.0	-1.0	-27.0	0L	0L	-1.63e-05	1.63e-05	20230731	544	aaa
0	0		212.65	15.05	164.0	0.0	-1.0	-24.0	0L	0L	-2.81e-05	2.81e-05	20230731	551	aaa
0	0		212.65	15.05	167.0	0.0	-1.0	-21.0	0L	0L	-4.38e-05	4.37e-05	20230731	558	aaa
0	0		212.65	15.05	170.0	0.0	-1.0	-18.0	0L	0L	-6.53e-05	6.53e-05	20230731	565	aaa
0	0		212.65	15.05	173.0	0.0	-1.0	-15.0	0L	0L	-9.64e-05	9.65e-05	20230731	571	aaa
0	0		212.65	15.05	176.0	0.0	-1.0	-12.0	0L	0L	-0.0001438	0.0001438	20230731	578	aaa
0	0		212.65	15.05	179.0	0.0	-1.0	-9.0	0L	0L	-0.0002205	0.0002205	20230731	585	aaa
0	0		212.65	15.05	182.0	0.0	-1.0	-6.0	0L	0L	-0.0003522	0.0003522	20230731	591	aaa
0	0		212.65	15.05	185.0	0.0	-1.0	-3.0	0L	0L	-0.0005942	0.0005942	20230731	598	aaa
0	0		212.65	15.05	188.0	0.0	-1.0	0.0	0L	0L	-0.0010724	0.0010724	20230731	605	aaa
0	0		212.65	15.05	191.0	0.0	-1.0	3.0	0L	0L	-0.0020896	0.0020896	20230731	611	aaa
0	0		212.65	15.05	194.0	0.0	-1.0	6.0	0L	0L	-0.004801	0.004801	20230731	618	aaa
0	0		212.65	15.05	197.0	0.0	-1.0	9.0	0L	0L	-0.01533	0.01533	20230731	625	aaa
0	0		212.65	15.05	200.0	0.0	-1.0	12.0	0L	0L	-0.03468	0.03468	20230731	632	aaa
0	0		212.65	15.05	203.0	0.0	-1.0	15.0	0L	0L	-0.04269	0.04269	20230731	638	aaa
0	0		212.65	15.05	206.0	0.0	-1.0	18.0	0L	0L	-0.04148	0.04147	20230731	645	aaa
0	0		212.65	15.05	209.0	0.0	-1.0	21.0	0L	0L	-0.03768	0.03768	20230731	652	aaa
0	0		212.65	15.05	212.0	0.0	-1.0	24.0	0L	0L	-0.03411	0.03411	20230731	659	aaa
0	0		212.65	15.05	215.0	0.0	-1.0	27.0	0L	0L	-0.03075	0.03075	20230731	665	aaa
0	0		212.65	15.05	218.0	0.0	-1.0	30.0	0L	0L	-0.0269	0.0269	20230731	672	aaa
0	0		212.65	15.05	221.0	0.0	-1.0	33.0	0L	0L	-0.02339	0.02339	20230731	679	aaa
0	0		212.65	15.05	224.0	0.0	-1.0	36.0	0L	0L	-0.02268	0.02268	20230731	685	aaa
0	0		212.65	15.05	227.0	0.0	-1.0	39.0	0L	0L	-0.02024	0.02024	20230731	692	aaa
0	0		212.65	15.05	230.0	0.0	-1.0	42.0	0L	0L	-0.013515	0.013515	20230731	699	aaa
0	0		212.65	15.05	233.0	0.0	-1.0	45.0	0L	0L	-0.005236	0.005236	20230731	706	aaa
0	0		212.65	15.05	236.0	0.0	-1.0	48.0	0L	0L	-0.00141	0.00141	20230731	712	aaa
0	0		212.65	15.05	239.0	0.0	-1.0	51.0	0L	0L	-0.0009547	0.0009547	20230731	719	aaa
0	0		212.65	15.05	242.0	0.0	-1.0	54.0	0L	0L	-0.0006813	0.0006813	20230731	726	aaa
0	0		212.65	15.05	245.0	0.0	-1.0	57.0	0L	0L	-0.0004551	0.0004551	20230731	733	aaa
0	0		212.65	15.05	248.0	0.0	-1.0	60.0	0L	0L	-0.0003047	0.0003047	20230731	739	aaa
0	0		212.65	15.05	251.0	0.0	-1.0	63.0	0L	0L	-0.0002074	0.0002074	20230731	746	aaa
0	0		212.65	15.05	254.0	0.0	-1.0	66.0	0L	0L	-0.0001444	0.0001444	20230731	753	aaa
0	0		212.65	15.05	257.0	0.0	-1.0	69.0	0L	0L	-0.0001018	0.0001018	20230731	759	aaa
0	0		212.65	15.05	260.0	0.0	-1.0	72.0	0L	0L	-7.14e-05	7.14e-05	20230731	766	aaa
0	0		212.65	15.05	263.0	0.0	-1.0	75.0	0L	0L	-4.9e-05	4.9e-05	20230731	773	aaa
0	0		212.65	15.05	266.0	0.0	-1.0	78.0	0L	0L	-3.19e-05	3.19e-05	20230731	779	aaa
0	0		212.65	15.3	266.0	0.0	-0.75	78.0	0L	0L	-3.19e-05	3.19e-05	20230731	784	aaa
0	0		212.65	15.3	263.0	0.0	-0.75	75.0	0L	0L	-4.87e-05	4.87e-05	20230731	791	aaa
0	0		212.65	15.3	260.0	0.0	-0.75	72.0	0L	0L	-7.11e-05	7.11e-05	20230731	798	aaa
0	0		212.65	15.3	257.0	0.0	-0.75	69.0	0L	0L	-0.0001014	0.0001014	20230731	804	aaa
0	0		212.65	15.3	254.0	0.0	-0.75	66.0	0L	0L	-0.0001438	0.0001438	20230731	811	aaa
0	0		212.65	15.3	251.0	0.0	-0.75	63.0	0L	0L	-0.0002062	0.0002062	20230731	818	aaa
0	0		212.65	15.3	248.0	0.0	-0.75	60.0	0L	0L	-0.0003017	0.0003017	20230731	824	aaa
0	0		212.65	15.3	245.0	0.0	-0.75	57.0	0L	0L	-0.0004442	0.0004442	20230731	831	aaa
0	0		212.65	15.3	242.0	0.0	-0.75	54.0	0L	0L	-0.0006492	0.0006492	20230731	838	aaa
0	0		212.65	15.3	239.0	0.0	-0.75	51.0	0L	0L	-0.0008831	0.0008831	20230731	844	aaa
0	0		212.65	15.3	236.0	0.0	-0.75	48.0	0L	0L	-0.0011038	0.0011038	20230731	851	aaa
0	0		212.65	15.3	233.0	0.0	-0.75	45.0	0L	0L	-0.004369	0.004366	20230731	858	aaa
0	0		212.65	15.3	230.0	0.0	-0.75	42.0	0L	0L	-0.012566	0.012566	20230731	865	aaa
0	0		212.65	15.3	227.0	0.0	-0.75	39.0	0L	0L	-0.019095	0.01909	20230731	871	aaa
0	0		212.65	15.3	224.0	0.0	-0.75	36.0	0L	0L	-0.02157	0.02157	20230731	878	aaa
0	0		212.65	15.3	221.0	0.0	-0.75	33.0	0L	0L	-0.022481	0.022481	20230731	885	aaa
0	0		212.65	15.3	218.0	0.0	-0.75	30.0	0L	0L	-0.025906	0.025906	20230731	892	aaa
0	0		212.65	15.3	215.0	0.0	-0.75	27.0	0L	0L	-0.02988	0.02988	20230731	898	aaa
0	0		212.65	15.3	212.0	0.0	-0.75	24.0	0L	0L	-0.0333	0.0333	20230731	905	aaa
0	0		212.65	15.3	209.0	0.0	-0.75	21.0	0L	0L	-0.03696	0.03696	20230731	912	aaa
0	0		212.65	15.3	206.0	0.0	-0.75	18.0	0L	0L	-0.04139	0.0414	20230731	918	aaa
0	0		212.65	15.3	203.0	0.0	-0.75	15.0	0L	0L	-0.04225	0.04225	20230731	925	aaa
0	0		212.65	15.3	200.0	0.0	-0.75	12.0	0L	0L	-0.03434	0.03434	20230731	932	aaa
0	0		212.65	15.3	197.0	0.0	-0.75	9.0	0L	0L	-0.015383	0.015383	20230731	939	aaa
0	0		212.65	15.3	194.0	0.0	-0.75	6.0	0L	0L	-0.004814	0.004813	20230731	945	aaa
0	0		212.65	15.3	191.0	0.0	-0.75	3.0	0L	0L	-0.002086	0.002086	20230731	952	aaa
0	0		212.65	15.3	188.0	0.0	-0.75	0.0	0L	0L	-0.0010731	0.0010731	20230731	959	aaa
0	0		212.65	15.3	185.0	0.0	-0.75	-3.0	0L	0L	-0.0005946	0.0005947	20230731	965	aaa
0	0		212.65	15.3	182.0	0.0	-0.75	-6.0	0L	0L	-0.0003522	0.0003522	20230731	972	aaa
0	0		212.65	15.3	179.0	0.0	-0.75	-9.0	0L	0L	-0.0002213	0.0002213	20230731	979	aaa
0	0		212.65	15.3	176.0	0.0	-0.75	-12.0	0L	0L	-0.0001446	0.0001446	20230731	986	aaa
0	0		212.65	15.3	173.0	0.0	-0.75	-15.0	0L	0L	-9.7e-05	9.71e-05	20230731	992	aaa
0	0		212.65	15.3	170.0	0.0	-0.75	-18.0	0L	0L	-6.59e-05	6.59e-05	20230731	999	aaa
0	0		212.65	15.3	167.0	0.0	-0.75	-21.0	0L	0L	-4.43e-05	4.42e-05	20230731	1006	aaa
0	0		212.65	15.3	164.0	0.0	-0.75	-24.0	0L	0L	-2.85e-05	2.85e-05	20230731	1013	aaa
0	0		212.65	15.3	161.0	0.0	-0.75	-27.0	0L	0L	-1.67e-05	1.67e-05	20230731	1019	aaa
0	0		212.65	15.3	158.0	0.0	-0.75	-30.0	0L	0L	-7.5e-06	7.5e-06	20230731	1026	aaa
0	0		212.65	15.3	155.0	0.0	-0.75	-33.0	0L	0L	-3e-07	3e-07	20230731	1033	aaa
0	0		212.65	15.55	155.0	0.0	-0.5	-33.0	0L	0L	-4e-07	4e-07	20230731	1038	aaa
0	0		212.65	15.55	158.0	0.0	-0.5	-30.0	0L	0L	-7.7e-06	7.7e-06	20230731	1044	aaa
0	0		212.65	15.55	161.0	0.0	-0.5	-27.0	0L	0L	-1.7e-05	1.7e-05	20230731	1051	aaa
0	0		212.65	15.55	164.0	0.0	-0.5	-24.0	0L	0L	-2.88e-05	2.88e-05	20230731	1057	aaa
0	0		212.65	15.55	167.0	0.0	-0.5	-21.0	0L	0L	-4.46e-05	4.47e-05	20230731	1064	aaa
0	0		212.65	15.55	170.0	0.0	-0.5	-18.0	0L	0L	-6.64e-05	6.64e-05	20230731	1071	aaa
0	0		212.65	15.55	173.0	0.0	-0.5	-15.0	0L	0L	-9.77e-05	9.77e-05	20230731	1078	aaa
0	0		212.65	15.55	176.0	0.0	-0.5	-12.0	0L	0L	-0.0001458	0.0001458	20230731	1084	aaa
0	0		212.65	15.55	179.0	0.0	-0.5	-9.0	0L	0L	-0.0002229	0.0002229	20230731	1091	aaa
0	0		212.65	15.55	182.0	0.0	-0.5	-6.0	0L	0L	-0.0003558	0.0003559	20230731	1098	aaa
0	0		212.65	15.55	185.0	0.0	-0.5	-3.0	0L	0L	-0.0006003	0.0006003	20230731	1105	aaa
0	0		212.65	15.55	188.0	0.0	-0.5	0.0	0L	0L	-0.0010769	0.001077	20230731	1111	aaa
0	0		212.65	15.55	191.0	0.0	-0.5	3.0	0L	0L	-0.0020945	0.0020945	20230731	1118	aaa
0	0		212.65	15.55	194.0	0.0	-0.5	6.0	0L	0L	-0.004889	0.004889	20230731	1125	aaa
0	0		212.65	15.55	197.0	0.0	-0.5	9.0	0L	0L	-0.015854	0.015854	20230731	1131	aaa
0	0		212.65	15.55	200.0	0.0	-0.5	12.0	0L	0L	-0.03486	0.03486	20230731	1138	aaa
0	0		212.65	15.55	203.0	0.0	-0.5	15.0	0L	0L	-0.0433	0.0433	20230731	1145	aaa
0	0		212.65	15.55	206.0	0.0	-0.5	18.0	0L	0L	-0.04274	0.04273	20230731	1151	aaa
0	0		212.65	15.55	209.0	0.0	-0.5	21.0	0L	0L	-0.03778	0.03778	20230731	1158	aaa
0	0		212.65	15.55	212.0	0.0	-0.5	24.0	0L	0L	-0.03373	0.03373	20230731	1165	aaa
0	0		212.65	15.55	215.0	0.0	-0.5	27.0	0L	0L	-0.03025	0.03025	20230731	1172	aaa
0	0		212.65	15.55	218.0	0.0	-0.5	30.0	0L	0L	-0.02612	0.02612	20230731	1178	aaa
0	0		212.65	15.55	221.0	0.0	-0.5	33.0	0L	0L	-0.02295	0.02295	20230731	1185	aaa
0	0		212.65	15.55	224.0	0.0	-0.5	36.0	0L	0L	-0.02171	0.02171	20230731	1192	aaa
0	0		212.65	15.55	227.0	0.0	-0.5	39.0	0L	0L	-0.01953	0.01953	20230731	1198	aaa
0	0		212.65	15.55	230.0	0.0	-0.5	42.0	0L	0L	-0.013425	0.013425	20230731	1205	aaa
0	0		212.65	15.55	233.0	0.0	-0.5	45.0	0L	0L	-0.00475	0.00475	20230731	1212	aaa
0	0		212.65	15.55	236.0	0.0	-0.5	48.0	0L	0L	-0.0010806	0.00108	20230731	1219	aaa
0	0		212.65	15.55	239.0	0.0	-0.5	51.0	0L	0L	-0.0008722	0.0008722	20230731	1225	aaa
0	0		212.65	15.55	242.0	0.0	-0.5	54.0	0L	0L	-0.0006598	0.0006598	20230731	1232	aaa
0	0		212.65	15.55	245.0	0.0	-0.5	57.0	0L	0L	-0.0004473	0.0004473	20230731	1239	aaa
0	0		212.65	15.55	248.0	0.0	-0.5	60.0	0L	0L	-0.000302	0.000302	20230731	1246	aaa
0	0		212.65	15.55	251.0	0.0	-0.5	63.0	0L	0L	-0.0002071	0.0002071	20230731	1252	aaa
0	0		212.65	15.55	254.0	0.0	-0.5	66.0	0L	0L	-0.0001449	0.0001449	20230731	1259	aaa
0	0		212.65	15.55	257.0	0.0	-0.5	69.0	0L	0L	-0.0001016	0.0001016	20230731	1266	aaa
0	0		212.65	15.55	260.0	0.0	-0.5	72.0	0L	0L	-7.1e-05	7.1e-05	20230731	1272	aaa
0	0		212.65	15.55	263.0	0.0	-0.5	75.0	0L	0L	-4.85e-05	4.85e-05	20230731	1279	aaa
0	0		212.65	15.55	266.0	0.0	-0.5	78.0	0L	0L	-3.15e-05	3.15e-05	20230731	1286	aaa
0	0		212.65	15.8	266.0	0.0	-0.25	78.0	0L	0L	-3.14e-05	3.14e-05	20230731	1291	aaa
0	0		212.65	15.8	263.0	0.0	-0.25	75.0	0L	0L	-4.83e-05	4.84e-05	20230731	1297	aaa
0	0		212.65	15.8	260.0	0.0	-0.25	72.0	0L	0L	-7.07e-05	7.07e-05	20230731	1304	aaa
0	0		212.65	15.8	257.0	0.0	-0.25	69.0	0L	0L	-0.0001012	0.0001012	20230731	1311	aaa
0	0		212.65	15.8	254.0	0.0	-0.25	66.0	0L	0L	-0.000144	0.000144	20230731	1317	aaa
0	0		212.65	15.8	251.0	0.0	-0.25	63.0	0L	0L	-0.0002059	0.0002059	20230731	1324	aaa
0	0		212.65	15.8	248.0	0.0	-0.25	60.0	0L	0L	-0.0002981	0.0002982	20230731	1331	aaa
0	0		212.65	15.8	245.0	0.0	-0.25	57.0	0L	0L	-0.0004391	0.0004391	20230731	1337	aaa
0	0		212.65	15.8	242.0	0.0	-0.25	54.0	0L	0L	-0.0006288	0.0006288	20230731	1344	aaa
0	0		212.65	15.8	239.0	0.0	-0.25	51.0	0L	0L	-0.0007729	0.000773	20230731	1351	aaa
0	0		212.65	15.8	236.0	0.0	-0.25	48.0	0L	0L	-0.0008185	0.0008185	20230731	1358	aaa
0	0		212.65	15.8	233.0	0.0	-0.25	45.0	0L	0L	-0.004107	0.004107	20230731	1364	aaa
0	0		212.65	15.8	230.0	0.0	-0.25	42.0	0L	0L	-0.012762	0.012762	20230731	1371	aaa
0	0		212.65	15.8	227.0	0.0	-0.25	39.0	0L	0L	-0.018723	0.018723	20230731	1378	aaa
0	0		212.65	15.8	224.0	0.0	-0.25	36.0	0L	0L	-0.020541	0.020542	20230731	1385	aaa
0	0		212.65	15.8	221.0	0.0	-0.25	33.0	0L	0L	-0.021817	0.021817	20230731	1391	aaa
0	0		212.65	15.8	218.0	0.0	-0.25	30.0	0L	0L	-0.025045	0.025042	20230731	1398	aaa
0	0		212.65	15.8	215.0	0.0	-0.25	27.0	0L	0L	-0.02919	0.02919	20230731	1404	aaa
0	0		212.65	15.8	212.0	0.0	-0.25	24.0	0L	0L	-0.03314	0.03314	20230731	1411	aaa
0	0		212.65	15.8	209.0	0.0	-0.25	21.0	0L	0L	-0.03698	0.03698	20230731	1418	aaa
0	0		212.65	15.8	206.0	0.0	-0.25	18.0	0L	0L	-0.04254	0.04254	20230731	1425	aaa
0	0		212.65	15.8	203.0	0.0	-0.25	15.0	0L	0L	-0.04264	0.04264	20230731	1431	aaa
0	0		212.65	15.8	200.0	0.0	-0.25	12.0	0L	0L	-0.03444	0.03443	20230731	1438	aaa
0	0		212.65	15.8	197.0	0.0	-0.25	9.0	0L	0L	-0.01577	0.01577	20230731	1445	aaa
0	0		212.65	15.8	194.0	0.0	-0.25	6.0	0L	0L	-0.004863	0.004863	20230731	1452	aaa
0	0		212.65	15.8	191.0	0.0	-0.25	3.0	0L	0L	-0.002074	0.002074	20230731	1458	aaa
0	0		212.65	15.8	188.0	0.0	-0.25	0.0	0L	0L	-0.0010687	0.0010687	20230731	1465	aaa
0	0		212.65	15.8	185.0	0.0	-0.25	-3.0	0L	0L	-0.0005972	0.0005972	20230731	1472	aaa
0	0		212.65	15.8	182.0	0.0	-0.25	-6.0	0L	0L	-0.0003549	0.0003549	20230731	1479	aaa
0	0		212.65	15.8	179.0	0.0	-0.25	-9.0	0L	0L	-0.0002226	0.0002226	20230731	1485	aaa
0	0		212.65	15.8	176.0	0.0	-0.25	-12.0	0L	0L	-0.0001459	0.0001459	20230731	1492	aaa
0	0		212.65	15.8	173.0	0.0	-0.25	-15.0	0L	0L	-9.79e-05	9.79e-05	20230731	1499	aaa
0	0		212.65	15.8	170.0	0.0	-0.25	-18.0	0L	0L	-6.63e-05	6.64e-05	20230731	1505	aaa
0	0		212.65	15.8	167.0	0.0	-0.25	-21.0	0L	0L	-4.46e-05	4.46e-05	20230731	1512	aaa
0	0		212.65	15.8	164.0	0.0	-0.25	-24.0	0L	0L	-2.87e-05	2.87e-05	20230731	1519	aaa
0	0		212.65	15.8	161.0	0.0	-0.25	-27.0	0L	0L	-1.68e-05	1.68e-05	20230731	1526	aaa
0	0		212.65	15.8	158.0	0.0	-0.25	-30.0	0L	0L	-7.8e-06	7.8e-06	20230731	1532	aaa
0	0		212.65	15.8	155.0	0.0	-0.25	-33.0	0L	0L	-4e-07	4e-07	20230731	1539	aaa
0	0		212.15	16.05	155.0	-0.5	0.0	-33.0	0L	0L	-2.4e-06	2.4e-06	20230731	1547	aaa
0	0		212.15	16.05	158.0	-0.5	0.0	-30.0	0L	0L	-1.08e-05	1.08e-05	20230731	1553	aaa
0	0		212.15	16.05	161.0	-0.5	0.0	-27.0	0L	0L	-2.2e-05	2.19e-05	20230731	1560	aaa
0	0		212.15	16.05	164.0	-0.5	0.0	-24.0	0L	0L	-3.69e-05	3.69e-05	20230731	1567	aaa
0	0		212.15	16.05	167.0	-0.5	0.0	-21.0	0L	0L	-5.81e-05	5.81e-05	20230731	1574	aaa
0	0		212.15	16.05	170.0	-0.5	0.0	-18.0	0L	0L	-8.97e-05	8.97e-05	20230731	1580	aaa
0	0		212.15	16.05	173.0	-0.5	0.0	-15.0	0L	0L	-0.0001391	0.0001391	20230731	1587	aaa
0	0		212.15	16.05	176.0	-0.5	0.0	-12.0	0L	0L	-0.000221	0.000221	20230731	1594	aaa
0	0		212.15	16.05	179.0	-0.5	0.0	-9.0	0L	0L	-0.0003672	0.0003672	20230731	1600	aaa
0	0		212.15	16.05	182.0	-0.5	0.0	-6.0	0L	0L	-0.0006464	0.0006464	20230731	1607	aaa
0	0		212.15	16.05	185.0	-0.5	0.0	-3.0	0L	0L	-0.0012211	0.001221	20230731	1614	aaa
0	0		212.15	16.05	188.0	-0.5	0.0	0.0	0L	0L	-0.0024995	0.0024995	20230731	1621	aaa
0	0		212.15	16.05	191.0	-0.5	0.0	3.0	0L	0L	-0.005728	0.005728	20230731	1627	aaa
0	0		212.15	16.05	194.0	-0.5	0.0	6.0	0L	0L	-0.016296	0.016297	20230731	1634	aaa
0	0		212.15	16.05	197.0	-0.5	0.0	9.0	0L	0L	-0.05906	0.05906	20230731	1641	aaa
0	0		212.15	16.05	200.0	-0.5	0.0	12.0	0L	0L	-0.12701	0.12701	20230731	1647	aaa
0	0		212.15	16.05	203.0	-0.5	0.0	15.0	0L	0L	-0.15064	0.15065	20230731	1654	aaa
0	0		212.15	16.05	206.0	-0.5	0.0	18.0	0L	0L	-0.15474	0.15474	20230731	1661	aaa
0	0		212.15	16.05	209.0	-0.5	0.0	21.0	0L	0L	-0.14726	0.14726	20230731	1668	aaa
0	0		212.15	16.05	212.0	-0.5	0.0	24.0	0L	0L	-0.14474	0.14474	20230731	1674	aaa
0	0		212.15	16.05	215.0	-0.5	0.0	27.0	0L	0L	-0.1417	0.1417	20230731	1681	aaa
0	0		212.15	16.05	218.0	-0.5	0.0	30.0	0L	0L	-0.13811	0.13812	20230731	1688	aaa
0	0		212.15	16.05	221.0	-0.5	0.0	33.0	0L	0L	-0.13672	0.13672	20230731	1694	aaa
0	0		212.15	16.05	224.0	-0.5	0.0	36.0	0L	0L	-0.1338	0.1338	20230731	1701	aaa
0	0		212.15	16.05	227.0	-0.5	0.0	39.0	0L	0L	-0.12908	0.12908	20230731	1708	aaa
0	0		212.15	16.05	230.0	-0.5	0.0	42.0	0L	0L	-0.11366	0.11367	20230731	1714	aaa
0	0		212.15	16.05	233.0	-0.5	0.0	45.0	0L	0L	-0.06424	0.06424	20230731	1721	aaa
0	0		212.15	16.05	236.0	-0.5	0.0	48.0	0L	0L	-0.019247	0.019247	20230731	1728	aaa
0	0		212.15	16.05	239.0	-0.5	0.0	51.0	0L	0L	-0.006991	0.006991	20230731	1735	aaa
0	0		212.15	16.05	242.0	-0.5	0.0	54.0	0L	0L	-0.003085	0.003085	20230731	1741	aaa
0	0		212.15	16.05	245.0	-0.5	0.0	57.0	0L	0L	-0.0014935	0.0014937	20230731	1748	aaa
0	0		212.15	16.05	248.0	-0.5	0.0	60.0	0L	0L	-0.0007807	0.0007807	20230731	1755	aaa
0	0		212.15	16.05	251.0	-0.5	0.0	63.0	0L	0L	-0.0004385	0.0004384	20230731	1762	aaa
0	0		212.15	16.05	254.0	-0.5	0.0	66.0	0L	0L	-0.0002618	0.0002618	20230731	1768	aaa
0	0		212.15	16.05	257.0	-0.5	0.0	69.0	0L	0L	-0.0001638	0.0001638	20230731	1775	aaa
0	0		212.15	16.05	260.0	-0.5	0.0	72.0	0L	0L	-0.0001052	0.0001052	20230731	1782	aaa
0	0		212.15	16.05	263.0	-0.5	0.0	75.0	0L	0L	-6.75e-05	6.75e-05	20230731	1788	aaa
0	0		212.15	16.05	266.0	-0.5	0.0	78.0	0L	0L	-3.96e-05	3.96e-05	20230731	1795	aaa
0	0		212.65	16.05	266.0	0.0	0.0	78.0	0L	0L	-3.12e-05	3.12e-05	20230731	1801	aaa
0	0		212.65	16.05	263.0	0.0	0.0	75.0	0L	0L	-4.81e-05	4.81e-05	20230731	1807	aaa
0	0		212.65	16.05	260.0	0.0	0.0	72.0	0L	0L	-7.06e-05	7.06e-05	20230731	1814	aaa
0	0		212.65	16.05	257.0	0.0	0.0	69.0	0L	0L	-0.0001011	0.0001011	20230731	1821	aaa
0	0		212.65	16.05	254.0	0.0	0.0	66.0	0L	0L	-0.0001438	0.0001438	20230731	1828	aaa
0	0		212.65	16.05	251.0	0.0	0.0	63.0	0L	0L	-0.0002061	0.0002061	20230731	1834	aaa
0	0		212.65	16.05	248.0	0.0	0.0	60.0	0L	0L	-0.0002983	0.0002983	20230731	1841	aaa
0	0		212.65	16.05	245.0	0.0	0.0	57.0	0L	0L	-0.0004337	0.0004336	20230731	1848	aaa
0	0		212.65	16.05	242.0	0.0	0.0	54.0	0L	0L	-0.0006096	0.0006096	20230731	1854	aaa
0	0		212.65	16.05	239.0	0.0	0.0	51.0	0L	0L	-0.0007342	0.0007341	20230731	1861	aaa
0	0		212.65	16.05	236.0	0.0	0.0	48.0	0L	0L	-0.0006338	0.0006338	20230731	1868	aaa
0	0		212.65	16.05	233.0	0.0	0.0	45.0	0L	0L	-0.003835	0.003835	20230731	1875	aaa
0	0		212.65	16.05	230.0	0.0	0.0	42.0	0L	0L	-0.01258	0.012581	20230731	1881	aaa
0	0		212.65	16.05	227.0	0.0	0.0	39.0	0L	0L	-0.018951	0.018951	20230731	1888	aaa
0	0		212.65	16.05	224.0	0.0	0.0	36.0	0L	0L	-0.020489	0.020489	20230731	1895	aaa
0	0		212.65	16.05	221.0	0.0	0.0	33.0	0L	0L	-0.021396	0.021396	20230731	1902	aaa
0	0		212.65	16.05	218.0	0.0	0.0	30.0	0L	0L	-0.025202	0.025202	20230731	1908	aaa
0	0		212.65	16.05	215.0	0.0	0.0	27.0	0L	0L	-0.02908	0.02908	20230731	1915	aaa
0	0		212.65	16.05	212.0	0.0	0.0	24.0	0L	0L	-0.03296	0.03296	20230731	1922	aaa
0	0		212.65	16.05	209.0	0.0	0.0	21.0	0L	0L	-0.03696	0.03696	20230731	1928	aaa
0	0		212.65	16.05	206.0	0.0	0.0	18.0	0L	0L	-0.04317	0.04317	20230731	1935	aaa
0	0		212.65	16.05	203.0	0.0	0.0	15.0	0L	0L	-0.04304	0.04304	20230731	1942	aaa
0	0		212.65	16.05	200.0	0.0	0.0	12.0	0L	0L	-0.03492	0.03492	20230731	1948	aaa
0	0		212.65	16.05	197.0	0.0	0.0	9.0	0L	0L	-0.016004	0.016004	20230731	1955	aaa
0	0		212.65	16.05	194.0	0.0	0.0	6.0	0L	0L	-0.004868	0.004869	20230731	1962	aaa
0	0		212.65	16.05	191.0	0.0	0.0	3.0	0L	0L	-0.002075	0.002075	20230731	1969	aaa
0	0		212.65	16.05	188.0	0.0	0.0	0.0	0L	0L	-0.0010682	0.0010682	20230731	1975	aaa
0	0		212.65	16.05	185.0	0.0	0.0	-3.0	0L	0L	-0.0005976	0.0005976	20230731	1982	aaa
0	0		212.65	16.05	182.0	0.0	0.0	-6.0	0L	0L	-0.0003557	0.0003557	20230731	1989	aaa
0	0		212.65	16.05	179.0	0.0	0.0	-9.0	0L	0L	-0.0002235	0.0002235	20230731	1995	aaa
0	0		212.65	16.05	176.0	0.0	0.0	-12.0	0L	0L	-0.0001461	0.0001461	20230731	2002	aaa
0	0		212.65	16.05	173.0	0.0	0.0	-15.0	0L	0L	-9.84e-05	9.85e-05	20230731	2009	aaa
0	0		212.65	16.05	170.0	0.0	0.0	-18.0	0L	0L	-6.67e-05	6.67e-05	20230731	2015	aaa
0	0		212.65	16.05	167.0	0.0	0.0	-21.0	0L	0L	-4.48e-05	4.49e-05	20230731	2022	aaa
0	0		212.65	16.05	164.0	0.0	0.0	-24.0	0L	0L	-2.91e-05	2.91e-05	20230731	2029	aaa
0	0		212.65	16.05	161.0	0.0	0.0	-27.0	0L	0L	-1.73e-05	1.73e-05	20230731	2036	aaa
0	0		212.65	16.05	158.0	0.0	0.0	-30.0	0L	0L	-8e-06	8e-06	20230731	2042	aaa
0	0		212.65	16.05	155.0	0.0	0.0	-33.0	0L	0L	-7e-07	7e-07	20230731	2049	aaa
0	0		213.15	16.05	155.0	0.5	0.0	-33.0	0L	0L	1.3e-06	1.3e-06	20230731	2055	aaa
0	0		213.15	16.05	158.0	0.5	0.0	-30.0	0L	0L	-5e-06	5e-06	20230731	2062	aaa
0	0		213.15	16.05	161.0	0.5	0.0	-27.0	0L	0L	-1.23e-05	1.23e-05	20230731	2068	aaa
0	0		213.15	16.05	164.0	0.5	0.0	-24.0	0L	0L	-2.11e-05	2.11e-05	20230731	2075	aaa
0	0		213.15	16.05	167.0	0.5	0.0	-21.0	0L	0L	-3.17e-05	3.17e-05	20230731	2082	aaa
0	0		213.15	16.05	170.0	0.5	0.0	-18.0	0L	0L	-4.4e-05	4.4e-05	20230731	2088	aaa
0	0		213.15	16.05	173.0	0.5	0.0	-15.0	0L	0L	-5.81e-05	5.81e-05	20230731	2095	aaa
0	0		213.15	16.05	176.0	0.5	0.0	-12.0	0L	0L	-7.22e-05	7.23e-05	20230731	2102	aaa
0	0		213.15	16.05	179.0	0.5	0.0	-9.0	0L	0L	-8.09e-05	8.09e-05	20230731	2109	aaa
0	0		213.15	16.05	182.0	0.5	0.0	-6.0	0L	0L	-6.81e-05	6.81e-05	20230731	2115	aaa
0	0		213.15	16.05	185.0	0.5	0.0	-3.0	0L	0L	1.77e-05	1.77e-05	20230731	2122	aaa
0	0		213.15	16.05	188.0	0.5	0.0	0.0	0L	0L	0.0003469	0.0003469	20230731	2129	aaa
0	0		213.15	16.05	191.0	0.5	0.0	3.0	0L	0L	0.0015646	0.0015646	20230731	2136	aaa
0	0		213.15	16.05	194.0	0.5	0.0	6.0	0L	0L	0.006563	0.006563	20230731	2142	aaa
0	0		213.15	16.05	197.0	0.5	0.0	9.0	0L	0L	0.026915	0.026915	20230731	2149	aaa
0	0		213.15	16.05	200.0	0.5	0.0	12.0	0L	0L	0.05633	0.05633	20230731	2156	aaa
0	0		213.15	16.05	203.0	0.5	0.0	15.0	0L	0L	0.06316	0.06316	20230731	2162	aaa
0	0		213.15	16.05	206.0	0.5	0.0	18.0	0L	0L	0.06643	0.06643	20230731	2169	aaa
0	0		213.15	16.05	209.0	0.5	0.0	21.0	0L	0L	0.07205	0.07205	20230731	2176	aaa
0	0		213.15	16.05	212.0	0.5	0.0	24.0	0L	0L	0.07757	0.07757	20230731	2183	aaa
0	0		213.15	16.05	215.0	0.5	0.0	27.0	0L	0L	0.08233	0.08233	20230731	2189	aaa
0	0		213.15	16.05	218.0	0.5	0.0	30.0	0L	0L	0.08675	0.08675	20230731	2196	aaa
0	0		213.15	16.05	221.0	0.5	0.0	33.0	0L	0L	0.09154	0.09154	20230731	2203	aaa
0	0		213.15	16.05	224.0	0.5	0.0	36.0	0L	0L	0.09035	0.09035	20230731	2209	aaa
0	0		213.15	16.05	227.0	0.5	0.0	39.0	0L	0L	0.09001	0.09001	20230731	2216	aaa
0	0		213.15	16.05	230.0	0.5	0.0	42.0	0L	0L	0.08689	0.08689	20230731	2223	aaa
0	0		213.15	16.05	233.0	0.5	0.0	45.0	0L	0L	0.05583	0.05583	20230731	2229	aaa
0	0		213.15	16.05	236.0	0.5	0.0	48.0	0L	0L	0.017732	0.017732	20230731	2236	aaa
0	0		213.15	16.05	239.0	0.5	0.0	51.0	0L	0L	0.005396	0.005396	20230731	2243	aaa
0	0		213.15	16.05	242.0	0.5	0.0	54.0	0L	0L	0.0018121	0.0018121	20230731	2250	aaa
0	0		213.15	16.05	245.0	0.5	0.0	57.0	0L	0L	0.000608	0.0006079	20230731	2256	aaa
0	0		213.15	16.05	248.0	0.5	0.0	60.0	0L	0L	0.0001779	0.0001779	20230731	2263	aaa
0	0		213.15	16.05	251.0	0.5	0.0	63.0	0L	0L	2.41e-05	2.4e-05	20230731	2270	aaa
0	0		213.15	16.05	254.0	0.5	0.0	66.0	0L	0L	-2.66e-05	2.66e-05	20230731	2276	aaa
0	0		213.15	16.05	257.0	0.5	0.0	69.0	0L	0L	-3.83e-05	3.84e-05	20230731	2283	aaa
0	0		213.15	16.05	260.0	0.5	0.0	72.0	0L	0L	-3.55e-05	3.56e-05	20230731	2290	aaa
0	0		213.15	16.05	263.0	0.5	0.0	75.0	0L	0L	-2.78e-05	2.78e-05	20230731	2296	aaa
0	0		213.15	16.05	266.0	0.5	0.0	78.0	0L	0L	-1.9e-05	1.9e-05	20230731	2303	aaa
0	0		212.65	16.3	266.0	0.0	0.25	78.0	0L	0L	-3.07e-05	3.06e-05	20230731	2311	aaa
0	0		212.65	16.3	263.0	0.0	0.25	75.0	0L	0L	-4.75e-05	4.75e-05	20230731	2318	aaa
0	0		212.65	16.3	260.0	0.0	0.25	72.0	0L	0L	-6.98e-05	6.98e-05	20230731	2324	aaa
0	0		212.65	16.3	257.0	0.0	0.25	69.0	0L	0L	-0.0001	9.99e-05	20230731	2331	aaa
0	0		212.65	16.3	254.0	0.0	0.25	66.0	0L	0L	-0.0001425	0.0001425	20230731	2338	aaa
0	0		212.65	16.3	251.0	0.0	0.25	63.0	0L	0L	-0.0002044	0.0002044	20230731	2345	aaa
0	0		212.65	16.3	248.0	0.0	0.25	60.0	0L	0L	-0.0002947	0.0002947	20230731	2351	aaa
0	0		212.65	16.3	245.0	0.0	0.25	57.0	0L	0L	-0.0004246	0.0004246	20230731	2358	aaa
0	0		212.65	16.3	242.0	0.0	0.25	54.0	0L	0L	-0.0005936	0.0005936	20230731	2365	aaa
0	0		212.65	16.3	239.0	0.0	0.25	51.0	0L	0L	-0.0006699	0.0006699	20230731	2371	aaa
0	0		212.65	16.3	236.0	0.0	0.25	48.0	0L	0L	-0.0003702	0.0003704	20230731	2378	aaa
0	0		212.65	16.3	233.0	0.0	0.25	45.0	0L	0L	-0.003152	0.003153	20230731	2385	aaa
0	0		212.65	16.3	230.0	0.0	0.25	42.0	0L	0L	-0.011714	0.011714	20230731	2392	aaa
0	0		212.65	16.3	227.0	0.0	0.25	39.0	0L	0L	-0.017596	0.017597	20230731	2398	aaa
0	0		212.65	16.3	224.0	0.0	0.25	36.0	0L	0L	-0.01969	0.01969	20230731	2405	aaa
0	0		212.65	16.3	221.0	0.0	0.25	33.0	0L	0L	-0.020692	0.020685	20230731	2412	aaa
0	0		212.65	16.3	218.0	0.0	0.25	30.0	0L	0L	-0.024014	0.024014	20230731	2419	aaa
0	0		212.65	16.3	215.0	0.0	0.25	27.0	0L	0L	-0.0284	0.0284	20230731	2425	aaa
0	0		212.65	16.3	212.0	0.0	0.25	24.0	0L	0L	-0.03209	0.03209	20230731	2432	aaa
0	0		212.65	16.3	209.0	0.0	0.25	21.0	0L	0L	-0.03613	0.03613	20230731	2439	aaa
0	0		212.65	16.3	206.0	0.0	0.25	18.0	0L	0L	-0.04273	0.04273	20230731	2445	aaa
0	0		212.65	16.3	203.0	0.0	0.25	15.0	0L	0L	-0.04266	0.04266	20230731	2452	aaa
0	0		212.65	16.3	200.0	0.0	0.25	12.0	0L	0L	-0.03448	0.03448	20230731	2459	aaa
0	0		212.65	16.3	197.0	0.0	0.25	9.0	0L	0L	-0.015855	0.015856	20230731	2466	aaa
0	0		212.65	16.3	194.0	0.0	0.25	6.0	0L	0L	-0.004831	0.004831	20230731	2472	aaa
0	0		212.65	16.3	191.0	0.0	0.25	3.0	0L	0L	-0.002047	0.002047	20230731	2479	aaa
0	0		212.65	16.3	188.0	0.0	0.25	0.0	0L	0L	-0.0010573	0.0010573	20230731	2486	aaa
0	0		212.65	16.3	185.0	0.0	0.25	-3.0	0L	0L	-0.0005939	0.0005939	20230731	2492	aaa
0	0		212.65	16.3	182.0	0.0	0.25	-6.0	0L	0L	-0.0003544	0.0003544	20230731	2499	aaa
0	0		212.65	16.3	179.0	0.0	0.25	-9.0	0L	0L	-0.0002228	0.0002229	20230731	2506	aaa
0	0		212.65	16.3	176.0	0.0	0.25	-12.0	0L	0L	-0.0001458	0.0001458	20230731	2513	aaa
0	0		212.65	16.3	173.0	0.0	0.25	-15.0	0L	0L	-9.81e-05	9.81e-05	20230731	2519	aaa
0	0		212.65	16.3	170.0	0.0	0.25	-18.0	0L	0L	-6.66e-05	6.66e-05	20230731	2526	aaa
0	0		212.65	16.3	167.0	0.0	0.25	-21.0	0L	0L	-4.47e-05	4.47e-05	20230731	2533	aaa
0	0		212.65	16.3	164.0	0.0	0.25	-24.0	0L	0L	-2.88e-05	2.9e-05	20230731	2539	aaa
0	0		212.65	16.3	161.0	0.0	0.25	-27.0	0L	0L	-1.71e-05	1.71e-05	20230731	2546	aaa
0	0		212.65	16.3	158.0	0.0	0.25	-30.0	0L	0L	-7.9e-06	7.9e-06	20230731	2553	aaa
0	0		212.65	16.3	155.0	0.0	0.25	-33.0	0L	0L	-5e-07	5e-07	20230731	2560	aaa
0	0		212.65	16.55	155.0	0.0	0.5	-33.0	0L	0L	-7e-07	7e-07	20230731	2564	aaa
0	0		212.65	16.55	158.0	0.0	0.5	-30.0	0L	0L	-8e-06	8e-06	20230731	2571	aaa
0	0		212.65	16.55	161.0	0.0	0.5	-27.0	0L	0L	-1.74e-05	1.74e-05	20230731	2578	aaa
0	0		212.65	16.55	164.0	0.0	0.5	-24.0	0L	0L	-2.93e-05	2.93e-05	20230731	2584	aaa
0	0		212.65	16.55	167.0	0.0	0.5	-21.0	0L	0L	-4.53e-05	4.53e-05	20230731	2591	aaa
0	0		212.65	16.55	170.0	0.0	0.5	-18.0	0L	0L	-6.71e-05	6.71e-05	20230731	2598	aaa
0	0		212.65	16.55	173.0	0.0	0.5	-15.0	0L	0L	-9.88e-05	9.88e-05	20230731	2604	aaa
0	0		212.65	16.55	176.0	0.0	0.5	-12.0	0L	0L	-0.000147	0.000147	20230731	2611	aaa
0	0		212.65	16.55	179.0	0.0	0.5	-9.0	0L	0L	-0.0002241	0.0002241	20230731	2618	aaa
0	0		212.65	16.55	182.0	0.0	0.5	-6.0	0L	0L	-0.0003558	0.0003558	20230731	2625	aaa
0	0		212.65	16.55	185.0	0.0	0.5	-3.0	0L	0L	-0.000595	0.000595	20230731	2631	aaa
0	0		212.65	16.55	188.0	0.0	0.5	0.0	0L	0L	-0.0010579	0.001058	20230731	2638	aaa
0	0		212.65	16.55	191.0	0.0	0.5	3.0	0L	0L	-0.0020455	0.0020455	20230731	2645	aaa
0	0		212.65	16.55	194.0	0.0	0.5	6.0	0L	0L	-0.004833	0.004833	20230731	2651	aaa
0	0		212.65	16.55	197.0	0.0	0.5	9.0	0L	0L	-0.015956	0.015956	20230731	2658	aaa
0	0		212.65	16.55	200.0	0.0	0.5	12.0	0L	0L	-0.0346	0.0346	20230731	2665	aaa
0	0		212.65	16.55	203.0	0.0	0.5	15.0	0L	0L	-0.0427	0.0427	20230731	2671	aaa
0	0		212.65	16.55	206.0	0.0	0.5	18.0	0L	0L	-0.04335	0.04335	20230731	2678	aaa
0	0		212.65	16.55	209.0	0.0	0.5	21.0	0L	0L	-0.03634	0.03634	20230731	2685	aaa
0	0		212.65	16.55	212.0	0.0	0.5	24.0	0L	0L	-0.03262	0.03262	20230731	2692	aaa
0	0		212.65	16.55	215.0	0.0	0.5	27.0	0L	0L	-0.02877	0.02877	20230731	2698	aaa
0	0		212.65	16.55	218.0	0.0	0.5	30.0	0L	0L	-0.0243	0.0243	20230731	2705	aaa
0	0		212.65	16.55	221.0	0.0	0.5	33.0	0L	0L	-0.02059	0.02059	20230731	2712	aaa
0	0		212.65	16.55	224.0	0.0	0.5	36.0	0L	0L	-0.020195	0.020195	20230731	2719	aaa
0	0		212.65	16.55	227.0	0.0	0.5	39.0	0L	0L	-0.018308	0.018307	20230731	2725	aaa
0	0		212.65	16.55	230.0	0.0	0.5	42.0	0L	0L	-0.012131	0.012131	20230731	2732	aaa
0	0		212.65	16.55	233.0	0.0	0.5	45.0	0L	0L	-0.003236	0.003236	20230731	2739	aaa
0	0		212.65	16.55	236.0	0.0	0.5	48.0	0L	0L	-0.0003391	0.0003391	20230731	2745	aaa
0	0		212.65	16.55	239.0	0.0	0.5	51.0	0L	0L	-0.0006828	0.0006829	20230731	2752	aaa
0	0		212.65	16.55	242.0	0.0	0.5	54.0	0L	0L	-0.0005927	0.0005927	20230731	2759	aaa
0	0		212.65	16.55	245.0	0.0	0.5	57.0	0L	0L	-0.0004297	0.0004297	20230731	2766	aaa
0	0		212.65	16.55	248.0	0.0	0.5	60.0	0L	0L	-0.0002966	0.0002966	20230731	2772	aaa
0	0		212.65	16.55	251.0	0.0	0.5	63.0	0L	0L	-0.0002051	0.0002051	20230731	2779	aaa
0	0		212.65	16.55	254.0	0.0	0.5	66.0	0L	0L	-0.0001426	0.0001426	20230731	2786	aaa
0	0		212.65	16.55	257.0	0.0	0.5	69.0	0L	0L	-9.98e-05	9.98e-05	20230731	2793	aaa
0	0		212.65	16.55	260.0	0.0	0.5	72.0	0L	0L	-6.95e-05	6.96e-05	20230731	2799	aaa
0	0		212.65	16.55	263.0	0.0	0.5	75.0	0L	0L	-4.74e-05	4.74e-05	20230731	2806	aaa
0	0		212.65	16.55	266.0	0.0	0.5	78.0	0L	0L	-3.05e-05	3.05e-05	20230731	2813	aaa
0	0		212.65	16.8	266.0	0.0	0.75	78.0	0L	0L	-3.04e-05	3.04e-05	20230731	2817	aaa
0	0		212.65	16.8	263.0	0.0	0.75	75.0	0L	0L	-4.71e-05	4.71e-05	20230731	2824	aaa
0	0		212.65	16.8	260.0	0.0	0.75	72.0	0L	0L	-6.92e-05	6.92e-05	20230731	2831	aaa
0	0		212.65	16.8	257.0	0.0	0.75	69.0	0L	0L	-9.93e-05	9.93e-05	20230731	2837	aaa
0	0		212.65	16.8	254.0	0.0	0.75	66.0	0L	0L	-0.0001415	0.0001415	20230731	2844	aaa
0	0		212.65	16.8	251.0	0.0	0.75	63.0	0L	0L	-0.0002033	0.0002033	20230731	2851	aaa
0	0		212.65	16.8	248.0	0.0	0.75	60.0	0L	0L	-0.0002927	0.0002926	20230731	2858	aaa
0	0		212.65	16.8	245.0	0.0	0.75	57.0	0L	0L	-0.0004199	0.0004199	20230731	2864	aaa
0	0		212.65	16.8	242.0	0.0	0.75	54.0	0L	0L	-0.0005764	0.0005764	20230731	2871	aaa
0	0		212.65	16.8	239.0	0.0	0.75	51.0	0L	0L	-0.0006157	0.0006157	20230731	2878	aaa
0	0		212.65	16.8	236.0	0.0	0.75	48.0	0L	0L	-9.19e-05	9.19e-05	20230731	2884	aaa
0	0		212.65	16.8	233.0	0.0	0.75	45.0	0L	0L	-0.0024754	0.0024754	20230731	2891	aaa
0	0		212.65	16.8	230.0	0.0	0.75	42.0	0L	0L	-0.011054	0.011054	20230731	2898	aaa
0	0		212.65	16.8	227.0	0.0	0.75	39.0	0L	0L	-0.01655	0.01655	20230731	2904	aaa
0	0		212.65	16.8	224.0	0.0	0.75	36.0	0L	0L	-0.018698	0.018694	20230731	2911	aaa
0	0		212.65	16.8	221.0	0.0	0.75	33.0	0L	0L	-0.019317	0.019317	20230731	2918	aaa
0	0		212.65	16.8	218.0	0.0	0.75	30.0	0L	0L	-0.023051	0.023051	20230731	2925	aaa
0	0		212.65	16.8	215.0	0.0	0.75	27.0	0L	0L	-0.02806	0.02806	20230731	2931	aaa
0	0		212.65	16.8	212.0	0.0	0.75	24.0	0L	0L	-0.03188	0.03188	20230731	2938	aaa
0	0		212.65	16.8	209.0	0.0	0.75	21.0	0L	0L	-0.03557	0.03557	20230731	2945	aaa
0	0		212.65	16.8	206.0	0.0	0.75	18.0	0L	0L	-0.0435	0.0435	20230731	2952	aaa
0	0		212.65	16.8	203.0	0.0	0.75	15.0	0L	0L	-0.04249	0.04249	20230731	2958	aaa
0	0		212.65	16.8	200.0	0.0	0.75	12.0	0L	0L	-0.03446	0.03445	20230731	2965	aaa
0	0		212.65	16.8	197.0	0.0	0.75	9.0	0L	0L	-0.015695	0.015695	20230731	2972	aaa
0	0		212.65	16.8	194.0	0.0	0.75	6.0	0L	0L	-0.004695	0.004695	20230731	2978	aaa
0	0		212.65	16.8	191.0	0.0	0.75	3.0	0L	0L	-0.0020064	0.0020064	20230731	2985	aaa
0	0		212.65	16.8	188.0	0.0	0.75	0.0	0L	0L	-0.001044	0.0010439	20230731	2992	aaa
0	0		212.65	16.8	185.0	0.0	0.75	-3.0	0L	0L	-0.0005897	0.0005897	20230731	2999	aaa
0	0		212.65	16.8	182.0	0.0	0.75	-6.0	0L	0L	-0.0003532	0.0003532	20230731	3005	aaa
0	0		212.65	16.8	179.0	0.0	0.75	-9.0	0L	0L	-0.000223	0.000223	20230731	3012	aaa
0	0		212.65	16.8	176.0	0.0	0.75	-12.0	0L	0L	-0.0001465	0.0001465	20230731	3019	aaa
0	0		212.65	16.8	173.0	0.0	0.75	-15.0	0L	0L	-9.87e-05	9.87e-05	20230731	3025	aaa
0	0		212.65	16.8	170.0	0.0	0.75	-18.0	0L	0L	-6.72e-05	6.72e-05	20230731	3032	aaa
0	0		212.65	16.8	167.0	0.0	0.75	-21.0	0L	0L	-4.51e-05	4.51e-05	20230731	3039	aaa
0	0		212.65	16.8	164.0	0.0	0.75	-24.0	0L	0L	-2.93e-05	2.93e-05	20230731	3046	aaa
0	0		212.65	16.8	161.0	0.0	0.75	-27.0	0L	0L	-1.74e-05	1.73e-05	20230731	3052	aaa
0	0		212.65	16.8	158.0	0.0	0.75	-30.0	0L	0L	-8.1e-06	8.1e-06	20230731	3059	aaa
0	0		212.65	16.8	155.0	0.0	0.75	-33.0	0L	0L	-8e-07	8e-07	20230731	3066	aaa
0	0		212.65	17.05	155.0	0.0	1.0	-33.0	0L	0L	-9e-07	9e-07	20230731	3070	aaa
0	0		212.65	17.05	158.0	0.0	1.0	-30.0	0L	0L	-8.3e-06	8.3e-06	20230731	3077	aaa
0	0		212.65	17.05	161.0	0.0	1.0	-27.0	0L	0L	-1.76e-05	1.76e-05	20230731	3084	aaa
0	0		212.65	17.05	164.0	0.0	1.0	-24.0	0L	0L	-2.95e-05	2.95e-05	20230731	3091	aaa
0	0		212.65	17.05	167.0	0.0	1.0	-21.0	0L	0L	-4.54e-05	4.56e-05	20230731	3097	aaa
0	0		212.65	17.05	170.0	0.0	1.0	-18.0	0L	0L	-6.76e-05	6.76e-05	20230731	3104	aaa
0	0		212.65	17.05	173.0	0.0	1.0	-15.0	0L	0L	-9.93e-05	9.93e-05	20230731	3111	aaa
0	0		212.65	17.05	176.0	0.0	1.0	-12.0	0L	0L	-0.0001472	0.0001472	20230731	3117	aaa
0	0		212.65	17.05	179.0	0.0	1.0	-9.0	0L	0L	-0.0002238	0.0002237	20230731	3124	aaa
0	0		212.65	17.05	182.0	0.0	1.0	-6.0	0L	0L	-0.0003539	0.0003539	20230731	3131	aaa
0	0		212.65	17.05	185.0	0.0	1.0	-3.0	0L	0L	-0.0005877	0.0005877	20230731	3138	aaa
0	0		212.65	17.05	188.0	0.0	1.0	0.0	0L	0L	-0.0010383	0.0010383	20230731	3144	aaa
0	0		212.65	17.05	191.0	0.0	1.0	3.0	0L	0L	-0.0019892	0.0019891	20230731	3151	aaa
0	0		212.65	17.05	194.0	0.0	1.0	6.0	0L	0L	-0.004621	0.004621	20230731	3158	aaa
0	0		212.65	17.05	197.0	0.0	1.0	9.0	0L	0L	-0.015733	0.015733	20230731	3164	aaa
0	0		212.65	17.05	200.0	0.0	1.0	12.0	0L	0L	-0.03502	0.03502	20230731	3171	aaa
0	0		212.65	17.05	203.0	0.0	1.0	15.0	0L	0L	-0.04302	0.04302	20230731	3178	aaa
0	0		212.65	17.05	206.0	0.0	1.0	18.0	0L	0L	-0.0445	0.0445	20230731	3184	aaa
0	0		212.65	17.05	209.0	0.0	1.0	21.0	0L	0L	-0.03618	0.03618	20230731	3191	aaa
0	0		212.65	17.05	212.0	0.0	1.0	24.0	0L	0L	-0.03288	0.03288	20230731	3198	aaa
0	0		212.65	17.05	215.0	0.0	1.0	27.0	0L	0L	-0.02897	0.02897	20230731	3205	aaa
0	0		212.65	17.05	218.0	0.0	1.0	30.0	0L	0L	-0.0232	0.0232	20230731	3211	aaa
0	0		212.65	17.05	221.0	0.0	1.0	33.0	0L	0L	-0.019731	0.019731	20230731	3218	aaa
0	0		212.65	17.05	224.0	0.0	1.0	36.0	0L	0L	-0.019318	0.019318	20230731	3225	aaa
0	0		212.65	17.05	227.0	0.0	1.0	39.0	0L	0L	-0.01725	0.017249	20230731	3232	aaa
0	0		212.65	17.05	230.0	0.0	1.0	42.0	0L	0L	-0.01169	0.01169	20230731	3238	aaa
0	0		212.65	17.05	233.0	0.0	1.0	45.0	0L	0L	-0.002668	0.002668	20230731	3245	aaa
0	0		212.65	17.05	236.0	0.0	1.0	48.0	0L	0L	-8.45e-05	8.45e-05	20230731	3251	aaa
0	0		212.65	17.05	239.0	0.0	1.0	51.0	0L	0L	-0.0006106	0.0006109	20230731	3258	aaa
0	0		212.65	17.05	242.0	0.0	1.0	54.0	0L	0L	-0.0005826	0.0005826	20230731	3265	aaa
0	0		212.65	17.05	245.0	0.0	1.0	57.0	0L	0L	-0.0004234	0.0004235	20230731	3272	aaa
0	0		212.65	17.05	248.0	0.0	1.0	60.0	0L	0L	-0.0002942	0.0002942	20230731	3278	aaa
0	0		212.65	17.05	251.0	0.0	1.0	63.0	0L	0L	-0.0002031	0.0002031	20230731	3285	aaa
0	0		212.65	17.05	254.0	0.0	1.0	66.0	0L	0L	-0.0001416	0.0001416	20230731	3292	aaa
0	0		212.65	17.05	257.0	0.0	1.0	69.0	0L	0L	-9.89e-05	9.89e-05	20230731	3299	aaa
0	0		212.65	17.05	260.0	0.0	1.0	72.0	0L	0L	-6.87e-05	6.87e-05	20230731	3305	aaa
0	0		212.65	17.05	263.0	0.0	1.0	75.0	0L	0L	-4.67e-05	4.67e-05	20230731	3312	aaa
0	0		212.65	17.05	266.0	0.0	1.0	78.0	0L	0L	-3.01e-05	3.01e-05	20230731	3319	aaa
0	0		212.65	17.3	266.0	0.0	1.25	78.0	0L	0L	-2.99e-05	2.99e-05	20230731	3323	aaa
0	0		212.65	17.3	263.0	0.0	1.25	75.0	0L	0L	-4.62e-05	4.62e-05	20230731	3330	aaa
0	0		212.65	17.3	260.0	0.0	1.25	72.0	0L	0L	-6.82e-05	6.82e-05	20230731	3337	aaa
0	0		212.65	17.3	257.0	0.0	1.25	69.0	0L	0L	-9.8e-05	9.8e-05	20230731	3344	aaa
0	0		212.65	17.3	254.0	0.0	1.25	66.0	0L	0L	-0.00014	0.00014	20230731	3350	aaa
0	0		212.65	17.3	251.0	0.0	1.25	63.0	0L	0L	-0.000201	0.000201	20230731	3357	aaa
0	0		212.65	17.3	248.0	0.0	1.25	60.0	0L	0L	-0.0002892	0.0002892	20230731	3364	aaa
0	0		212.65	17.3	245.0	0.0	1.25	57.0	0L	0L	-0.0004128	0.0004128	20230731	3371	aaa
0	0		212.65	17.3	242.0	0.0	1.25	54.0	0L	0L	-0.0005594	0.0005594	20230731	3377	aaa
0	0		212.65	17.3	239.0	0.0	1.25	51.0	0L	0L	-0.0005647	0.0005648	20230731	3384	aaa
0	0		212.65	17.3	236.0	0.0	1.25	48.0	0L	0L	0.0001579	0.0001582	20230731	3391	aaa
0	0		212.65	17.3	233.0	0.0	1.25	45.0	0L	0L	-0.0016804	0.0016804	20230731	3397	aaa
0	0		212.65	17.3	230.0	0.0	1.25	42.0	0L	0L	-0.010432	0.010432	20230731	3404	aaa
0	0		212.65	17.3	227.0	0.0	1.25	39.0	0L	0L	-0.015555	0.015554	20230731	3411	aaa
0	0		212.65	17.3	224.0	0.0	1.25	36.0	0L	0L	-0.01735	0.01735	20230731	3417	aaa
0	0		212.65	17.3	221.0	0.0	1.25	33.0	0L	0L	-0.018153	0.018153	20230731	3424	aaa
0	0		212.65	17.3	218.0	0.0	1.25	30.0	0L	0L	-0.0225	0.0225	20230731	3431	aaa
0	0		212.65	17.3	215.0	0.0	1.25	27.0	0L	0L	-0.02809	0.02809	20230731	3438	aaa
0	0		212.65	17.3	212.0	0.0	1.25	24.0	0L	0L	-0.03173	0.03173	20230731	3444	aaa
0	0		212.65	17.3	209.0	0.0	1.25	21.0	0L	0L	-0.03487	0.03487	20230731	3451	aaa
0	0		212.65	17.3	206.0	0.0	1.25	18.0	0L	0L	-0.0442	0.0442	20230731	3458	aaa
0	0		212.65	17.3	203.0	0.0	1.25	15.0	0L	0L	-0.04253	0.04254	20230731	3464	aaa
0	0		212.65	17.3	200.0	0.0	1.25	12.0	0L	0L	-0.03462	0.03462	20230731	3471	aaa
0	0		212.65	17.3	197.0	0.0	1.25	9.0	0L	0L	-0.015352	0.015352	20230731	3478	aaa
0	0		212.65	17.3	194.0	0.0	1.25	6.0	0L	0L	-0.004426	0.004426	20230731	3485	aaa
0	0		212.65	17.3	191.0	0.0	1.25	3.0	0L	0L	-0.001934	0.001934	20230731	3491	aaa
0	0		212.65	17.3	188.0	0.0	1.25	0.0	0L	0L	-0.0010174	0.0010174	20230731	3498	aaa
0	0		212.65	17.3	185.0	0.0	1.25	-3.0	0L	0L	-0.0005804	0.0005802	20230731	3505	aaa
0	0		212.65	17.3	182.0	0.0	1.25	-6.0	0L	0L	-0.00035	0.00035	20230731	3511	aaa
0	0		212.65	17.3	179.0	0.0	1.25	-9.0	0L	0L	-0.000222	0.0002222	20230731	3518	aaa
0	0		212.65	17.3	176.0	0.0	1.25	-12.0	0L	0L	-0.0001465	0.0001465	20230731	3525	aaa
0	0		212.65	17.3	173.0	0.0	1.25	-15.0	0L	0L	-9.88e-05	9.88e-05	20230731	3532	aaa
0	0		212.65	17.3	170.0	0.0	1.25	-18.0	0L	0L	-6.75e-05	6.74e-05	20230731	3538	aaa
0	0		212.65	17.3	167.0	0.0	1.25	-21.0	0L	0L	-4.54e-05	4.54e-05	20230731	3545	aaa
0	0		212.65	17.3	164.0	0.0	1.25	-24.0	0L	0L	-2.95e-05	2.95e-05	20230731	3552	aaa
0	0		212.65	17.3	161.0	0.0	1.25	-27.0	0L	0L	-1.76e-05	1.76e-05	20230731	3558	aaa
0	0		212.65	17.3	158.0	0.0	1.25	-30.0	0L	0L	-8.3e-06	8.3e-06	20230731	3565	aaa
0	0		212.65	17.3	155.0	0.0	1.25	-33.0	0L	0L	-1e-06	1e-06	20230731	3572	aaa
0	0		212.65	17.55	155.0	0.0	1.5	-33.0	0L	0L	-1e-06	1e-06	20230731	3577	aaa
0	0		212.65	17.55	158.0	0.0	1.5	-30.0	0L	0L	-8.4e-06	8.4e-06	20230731	3583	aaa
0	0		212.65	17.55	161.0	0.0	1.5	-27.0	0L	0L	-1.76e-05	1.76e-05	20230731	3590	aaa
0	0		212.65	17.55	164.0	0.0	1.5	-24.0	0L	0L	-2.98e-05	2.98e-05	20230731	3597	aaa
0	0		212.65	17.55	167.0	0.0	1.5	-21.0	0L	0L	-4.58e-05	4.58e-05	20230731	3604	aaa
0	0		212.65	17.55	170.0	0.0	1.5	-18.0	0L	0L	-6.78e-05	6.78e-05	20230731	3610	aaa
0	0		212.65	17.55	173.0	0.0	1.5	-15.0	0L	0L	-9.92e-05	9.92e-05	20230731	3617	aaa
0	0		212.65	17.55	176.0	0.0	1.5	-12.0	0L	0L	-0.0001466	0.0001465	20230731	3624	aaa
0	0		212.65	17.55	179.0	0.0	1.5	-9.0	0L	0L	-0.0002219	0.0002219	20230731	3630	aaa
0	0		212.65	17.55	182.0	0.0	1.5	-6.0	0L	0L	-0.0003492	0.0003492	20230731	3637	aaa
0	0		212.65	17.55	185.0	0.0	1.5	-3.0	0L	0L	-0.0005776	0.0005776	20230731	3644	aaa
0	0		212.65	17.55	188.0	0.0	1.5	0.0	0L	0L	-0.0010116	0.0010116	20230731	3650	aaa
0	0		212.65	17.55	191.0	0.0	1.5	3.0	0L	0L	-0.0019171	0.0019171	20230731	3657	aaa
0	0		212.65	17.55	194.0	0.0	1.5	6.0	0L	0L	-0.004334	0.004334	20230731	3664	aaa
0	0		212.65	17.55	197.0	0.0	1.5	9.0	0L	0L	-0.015225	0.015225	20230731	3671	aaa
0	0		212.65	17.55	200.0	0.0	1.5	12.0	0L	0L	-0.03529	0.03529	20230731	3677	aaa
0	0		212.65	17.55	203.0	0.0	1.5	15.0	0L	0L	-0.0431	0.0431	20230731	3684	aaa
0	0		212.65	17.55	206.0	0.0	1.5	18.0	0L	0L	-0.04483	0.04483	20230731	3691	aaa
0	0		212.65	17.55	209.0	0.0	1.5	21.0	0L	0L	-0.03531	0.03531	20230731	3697	aaa
0	0		212.65	17.55	212.0	0.0	1.5	24.0	0L	0L	-0.03243	0.03243	20230731	3704	aaa
0	0		212.65	17.55	215.0	0.0	1.5	27.0	0L	0L	-0.02901	0.02901	20230731	3711	aaa
0	0		212.65	17.55	218.0	0.0	1.5	30.0	0L	0L	-0.02258	0.02258	20230731	3718	aaa
0	0		212.65	17.55	221.0	0.0	1.5	33.0	0L	0L	-0.018428	0.018428	20230731	3724	aaa
0	0		212.65	17.55	224.0	0.0	1.5	36.0	0L	0L	-0.017909	0.017909	20230731	3731	aaa
0	0		212.65	17.55	227.0	0.0	1.5	39.0	0L	0L	-0.015504	0.015505	20230731	3738	aaa
0	0		212.65	17.55	230.0	0.0	1.5	42.0	0L	0L	-0.010859	0.010859	20230731	3745	aaa
0	0		212.65	17.55	233.0	0.0	1.5	45.0	0L	0L	-0.001982	0.001982	20230731	3751	aaa
0	0		212.65	17.55	236.0	0.0	1.5	48.0	0L	0L	8.09e-05	8.09e-05	20230731	3758	aaa
0	0		212.65	17.55	239.0	0.0	1.5	51.0	0L	0L	-0.0005931	0.0005931	20230731	3764	aaa
0	0		212.65	17.55	242.0	0.0	1.5	54.0	0L	0L	-0.0005678	0.0005678	20230731	3771	aaa
0	0		212.65	17.55	245.0	0.0	1.5	57.0	0L	0L	-0.0004168	0.0004168	20230731	3778	aaa
0	0		212.65	17.55	248.0	0.0	1.5	60.0	0L	0L	-0.0002888	0.0002888	20230731	3785	aaa
0	0		212.65	17.55	251.0	0.0	1.5	63.0	0L	0L	-0.0002003	0.0002003	20230731	3791	aaa
0	0		212.65	17.55	254.0	0.0	1.5	66.0	0L	0L	-0.00014	0.00014	20230731	3798	aaa
0	0		212.65	17.55	257.0	0.0	1.5	69.0	0L	0L	-9.78e-05	9.77e-05	20230731	3805	aaa
0	0		212.65	17.55	260.0	0.0	1.5	72.0	0L	0L	-6.79e-05	6.79e-05	20230731	3812	aaa
0	0		212.65	17.55	263.0	0.0	1.5	75.0	0L	0L	-4.61e-05	4.61e-05	20230731	3818	aaa
0	0		212.65	17.55	266.0	0.0	1.5	78.0	0L	0L	-2.95e-05	2.95e-05	20230731	3825	aaa
