# units are Tesla, degrees, mm and s
# Local coordinate system origin: x0=212.65, y0=16.05, z0=188.0
# gaussmeter probe H068483    
# mag ang probe ang	x glob	y glob	z glob	x local	y local	z local	X Bfield	Y Bfield	Z Bfield	V Bfield	date	elapsed time	range
0	0		212.65	14.55	155.0	0.0	-1.5	-33.0	0L	0L	2.05e-05	2.05e-05	20230731	26	aaa
0	0		212.65	14.55	158.0	0.0	-1.5	-30.0	0L	0L	1.62e-05	1.62e-05	20230731	33	aaa
0	0		212.65	14.55	161.0	0.0	-1.5	-27.0	0L	0L	1.08e-05	1.08e-05	20230731	39	aaa
0	0		212.65	14.55	164.0	0.0	-1.5	-24.0	0L	0L	4.3e-06	4.3e-06	20230731	46	aaa
0	0		212.65	14.55	167.0	0.0	-1.5	-21.0	0L	0L	-3.1e-06	3.1e-06	20230731	53	aaa
0	0		212.65	14.55	170.0	0.0	-1.5	-18.0	0L	0L	-1.07e-05	1.07e-05	20230731	60	aaa
0	0		212.65	14.55	173.0	0.0	-1.5	-15.0	0L	0L	-1.64e-05	1.64e-05	20230731	66	aaa
0	0		212.65	14.55	176.0	0.0	-1.5	-12.0	0L	0L	-1.47e-05	1.47e-05	20230731	73	aaa
0	0		212.65	14.55	179.0	0.0	-1.5	-9.0	0L	0L	9.4e-06	9.4e-06	20230731	80	aaa
0	0		212.65	14.55	182.0	0.0	-1.5	-6.0	0L	0L	9.43e-05	9.43e-05	20230731	86	aaa
0	0		212.65	14.55	185.0	0.0	-1.5	-3.0	0L	0L	0.0003376	0.0003376	20230731	93	aaa
0	0		212.65	14.55	188.0	0.0	-1.5	0.0	0L	0L	0.0010225	0.0010225	20230731	100	aaa
0	0		212.65	14.55	191.0	0.0	-1.5	3.0	0L	0L	0.003002	0.003003	20230731	106	aaa
0	0		212.65	14.55	194.0	0.0	-1.5	6.0	0L	0L	0.009723	0.009723	20230731	113	aaa
0	0		212.65	14.55	197.0	0.0	-1.5	9.0	0L	0L	0.04051	0.04051	20230731	120	aaa
0	0		212.65	14.55	200.0	0.0	-1.5	12.0	0L	0L	0.08548	0.08548	20230731	127	aaa
0	0		212.65	14.55	203.0	0.0	-1.5	15.0	0L	0L	0.08945	0.08945	20230731	133	aaa
0	0		212.65	14.55	206.0	0.0	-1.5	18.0	0L	0L	0.09664	0.09664	20230731	140	aaa
0	0		212.65	14.55	209.0	0.0	-1.5	21.0	0L	0L	0.09359	0.09359	20230731	147	aaa
0	0		212.65	14.55	212.0	0.0	-1.5	24.0	0L	0L	0.08881	0.08881	20230731	154	aaa
0	0		212.65	14.55	215.0	0.0	-1.5	27.0	0L	0L	0.08268	0.08268	20230731	160	aaa
0	0		212.65	14.55	218.0	0.0	-1.5	30.0	0L	0L	0.08286	0.08286	20230731	167	aaa
0	0		212.65	14.55	221.0	0.0	-1.5	33.0	0L	0L	0.08482	0.08482	20230731	173	aaa
0	0		212.65	14.55	224.0	0.0	-1.5	36.0	0L	0L	0.07115	0.07115	20230731	180	aaa
0	0		212.65	14.55	227.0	0.0	-1.5	39.0	0L	0L	0.06233	0.06232	20230731	187	aaa
0	0		212.65	14.55	230.0	0.0	-1.5	42.0	0L	0L	0.05353	0.05353	20230731	194	aaa
0	0		212.65	14.55	233.0	0.0	-1.5	45.0	0L	0L	0.02414	0.02414	20230731	200	aaa
0	0		212.65	14.55	236.0	0.0	-1.5	48.0	0L	0L	0.004319	0.004319	20230731	207	aaa
0	0		212.65	14.55	239.0	0.0	-1.5	51.0	0L	0L	0.0005653	0.0005653	20230731	214	aaa
0	0		212.65	14.55	242.0	0.0	-1.5	54.0	0L	0L	-0.0003063	0.0003063	20230731	221	aaa
0	0		212.65	14.55	245.0	0.0	-1.5	57.0	0L	0L	-0.0004336	0.0004336	20230731	227	aaa
0	0		212.65	14.55	248.0	0.0	-1.5	60.0	0L	0L	-0.0003693	0.0003693	20230731	234	aaa
0	0		212.65	14.55	251.0	0.0	-1.5	63.0	0L	0L	-0.0002743	0.0002743	20230731	240	aaa
0	0		212.65	14.55	254.0	0.0	-1.5	66.0	0L	0L	-0.000191	0.000191	20230731	247	aaa
0	0		212.65	14.55	257.0	0.0	-1.5	69.0	0L	0L	-0.0001284	0.0001284	20230731	254	aaa
0	0		212.65	14.55	260.0	0.0	-1.5	72.0	0L	0L	-8.27e-05	8.27e-05	20230731	261	aaa
0	0		212.65	14.55	263.0	0.0	-1.5	75.0	0L	0L	-5.04e-05	5.04e-05	20230731	267	aaa
0	0		212.65	14.55	266.0	0.0	-1.5	78.0	0L	0L	-2.72e-05	2.72e-05	20230731	274	aaa
0	0		212.65	15.05	266.0	0.0	-1.0	78.0	0L	0L	-2.65e-05	2.66e-05	20230731	280	aaa
0	0		212.65	15.05	263.0	0.0	-1.0	75.0	0L	0L	-5.08e-05	5.08e-05	20230731	287	aaa
0	0		212.65	15.05	260.0	0.0	-1.0	72.0	0L	0L	-8.41e-05	8.42e-05	20230731	293	aaa
0	0		212.65	15.05	257.0	0.0	-1.0	69.0	0L	0L	-0.0001309	0.0001309	20230731	300	aaa
0	0		212.65	15.05	254.0	0.0	-1.0	66.0	0L	0L	-0.0001953	0.0001953	20230731	307	aaa
0	0		212.65	15.05	251.0	0.0	-1.0	63.0	0L	0L	-0.0002808	0.0002808	20230731	313	aaa
0	0		212.65	15.05	248.0	0.0	-1.0	60.0	0L	0L	-0.0003814	0.0003814	20230731	320	aaa
0	0		212.65	15.05	245.0	0.0	-1.0	57.0	0L	0L	-0.0004557	0.0004557	20230731	327	aaa
0	0		212.65	15.05	242.0	0.0	-1.0	54.0	0L	0L	-0.0003405	0.0003405	20230731	334	aaa
0	0		212.65	15.05	239.0	0.0	-1.0	51.0	0L	0L	0.0005353	0.0005353	20230731	340	aaa
0	0		212.65	15.05	236.0	0.0	-1.0	48.0	0L	0L	0.004541	0.004541	20230731	347	aaa
0	0		212.65	15.05	233.0	0.0	-1.0	45.0	0L	0L	0.023759	0.023759	20230731	354	aaa
0	0		212.65	15.05	230.0	0.0	-1.0	42.0	0L	0L	0.05111	0.05111	20230731	361	aaa
0	0		212.65	15.05	227.0	0.0	-1.0	39.0	0L	0L	0.0607	0.0607	20230731	367	aaa
0	0		212.65	15.05	224.0	0.0	-1.0	36.0	0L	0L	0.06974	0.06974	20230731	374	aaa
0	0		212.65	15.05	221.0	0.0	-1.0	33.0	0L	0L	0.08144	0.08143	20230731	380	aaa
0	0		212.65	15.05	218.0	0.0	-1.0	30.0	0L	0L	0.08102	0.08102	20230731	387	aaa
0	0		212.65	15.05	215.0	0.0	-1.0	27.0	0L	0L	0.08151	0.08151	20230731	394	aaa
0	0		212.65	15.05	212.0	0.0	-1.0	24.0	0L	0L	0.08683	0.08683	20230731	401	aaa
0	0		212.65	15.05	209.0	0.0	-1.0	21.0	0L	0L	0.09253	0.09253	20230731	407	aaa
0	0		212.65	15.05	206.0	0.0	-1.0	18.0	0L	0L	0.09572	0.09572	20230731	414	aaa
0	0		212.65	15.05	203.0	0.0	-1.0	15.0	0L	0L	0.08916	0.08916	20230731	421	aaa
0	0		212.65	15.05	200.0	0.0	-1.0	12.0	0L	0L	0.08329	0.08329	20230731	428	aaa
0	0		212.65	15.05	197.0	0.0	-1.0	9.0	0L	0L	0.04163	0.04163	20230731	434	aaa
0	0		212.65	15.05	194.0	0.0	-1.0	6.0	0L	0L	0.010645	0.010645	20230731	441	aaa
0	0		212.65	15.05	191.0	0.0	-1.0	3.0	0L	0L	0.003241	0.003241	20230731	448	aaa
0	0		212.65	15.05	188.0	0.0	-1.0	0.0	0L	0L	0.0010988	0.0010988	20230731	454	aaa
0	0		212.65	15.05	185.0	0.0	-1.0	-3.0	0L	0L	0.0003644	0.0003645	20230731	461	aaa
0	0		212.65	15.05	182.0	0.0	-1.0	-6.0	0L	0L	0.000104	0.000104	20230731	468	aaa
0	0		212.65	15.05	179.0	0.0	-1.0	-9.0	0L	0L	1.35e-05	1.35e-05	20230731	474	aaa
0	0		212.65	15.05	176.0	0.0	-1.0	-12.0	0L	0L	-1.32e-05	1.32e-05	20230731	481	aaa
0	0		212.65	15.05	173.0	0.0	-1.0	-15.0	0L	0L	-1.58e-05	1.58e-05	20230731	488	aaa
0	0		212.65	15.05	170.0	0.0	-1.0	-18.0	0L	0L	-1.04e-05	1.04e-05	20230731	495	aaa
0	0		212.65	15.05	167.0	0.0	-1.0	-21.0	0L	0L	-2.9e-06	2.9e-06	20230731	501	aaa
0	0		212.65	15.05	164.0	0.0	-1.0	-24.0	0L	0L	4.4e-06	4.4e-06	20230731	508	aaa
0	0		212.65	15.05	161.0	0.0	-1.0	-27.0	0L	0L	1.08e-05	1.08e-05	20230731	515	aaa
0	0		212.65	15.05	158.0	0.0	-1.0	-30.0	0L	0L	1.62e-05	1.64e-05	20230731	522	aaa
0	0		212.65	15.05	155.0	0.0	-1.0	-33.0	0L	0L	2.07e-05	2.07e-05	20230731	528	aaa
0	0		212.65	15.55	155.0	0.0	-0.5	-33.0	0L	0L	2.05e-05	2.05e-05	20230731	534	aaa
0	0		212.65	15.55	158.0	0.0	-0.5	-30.0	0L	0L	1.6e-05	1.6e-05	20230731	541	aaa
0	0		212.65	15.55	161.0	0.0	-0.5	-27.0	0L	0L	1.07e-05	1.07e-05	20230731	547	aaa
0	0		212.65	15.55	164.0	0.0	-0.5	-24.0	0L	0L	4.3e-06	4.3e-06	20230731	554	aaa
0	0		212.65	15.55	167.0	0.0	-0.5	-21.0	0L	0L	-2.9e-06	2.9e-06	20230731	561	aaa
0	0		212.65	15.55	170.0	0.0	-0.5	-18.0	0L	0L	-9.9e-06	9.9e-06	20230731	567	aaa
0	0		212.65	15.55	173.0	0.0	-0.5	-15.0	0L	0L	-1.49e-05	1.49e-05	20230731	574	aaa
0	0		212.65	15.55	176.0	0.0	-0.5	-12.0	0L	0L	-1.03e-05	1.03e-05	20230731	581	aaa
0	0		212.65	15.55	179.0	0.0	-0.5	-9.0	0L	0L	1.96e-05	1.96e-05	20230731	588	aaa
0	0		212.65	15.55	182.0	0.0	-0.5	-6.0	0L	0L	0.000118	0.000118	20230731	594	aaa
0	0		212.65	15.55	185.0	0.0	-0.5	-3.0	0L	0L	0.0003977	0.0003977	20230731	601	aaa
0	0		212.65	15.55	188.0	0.0	-0.5	0.0	0L	0L	0.001173	0.001173	20230731	608	aaa
0	0		212.65	15.55	191.0	0.0	-0.5	3.0	0L	0L	0.003447	0.003447	20230731	614	aaa
0	0		212.65	15.55	194.0	0.0	-0.5	6.0	0L	0L	0.01148	0.01148	20230731	621	aaa
0	0		212.65	15.55	197.0	0.0	-0.5	9.0	0L	0L	0.04288	0.04288	20230731	628	aaa
0	0		212.65	15.55	200.0	0.0	-0.5	12.0	0L	0L	0.08252	0.08252	20230731	635	aaa
0	0		212.65	15.55	203.0	0.0	-0.5	15.0	0L	0L	0.08973	0.08973	20230731	641	aaa
0	0		212.65	15.55	206.0	0.0	-0.5	18.0	0L	0L	0.09606	0.09606	20230731	648	aaa
0	0		212.65	15.55	209.0	0.0	-0.5	21.0	0L	0L	0.09316	0.09316	20230731	655	aaa
0	0		212.65	15.55	212.0	0.0	-0.5	24.0	0L	0L	0.08645	0.08645	20230731	662	aaa
0	0		212.65	15.55	215.0	0.0	-0.5	27.0	0L	0L	0.08167	0.08167	20230731	668	aaa
0	0		212.65	15.55	218.0	0.0	-0.5	30.0	0L	0L	0.08069	0.08069	20230731	675	aaa
0	0		212.65	15.55	221.0	0.0	-0.5	33.0	0L	0L	0.08051	0.08051	20230731	681	aaa
0	0		212.65	15.55	224.0	0.0	-0.5	36.0	0L	0L	0.06957	0.06957	20230731	688	aaa
0	0		212.65	15.55	227.0	0.0	-0.5	39.0	0L	0L	0.0609	0.0609	20230731	695	aaa
0	0		212.65	15.55	230.0	0.0	-0.5	42.0	0L	0L	0.05041	0.05041	20230731	702	aaa
0	0		212.65	15.55	233.0	0.0	-0.5	45.0	0L	0L	0.02379	0.02379	20230731	708	aaa
0	0		212.65	15.55	236.0	0.0	-0.5	48.0	0L	0L	0.004809	0.00481	20230731	715	aaa
0	0		212.65	15.55	239.0	0.0	-0.5	51.0	0L	0L	0.0005695	0.0005695	20230731	722	aaa
0	0		212.65	15.55	242.0	0.0	-0.5	54.0	0L	0L	-0.0003411	0.0003411	20230731	728	aaa
0	0		212.65	15.55	245.0	0.0	-0.5	57.0	0L	0L	-0.0004666	0.0004666	20230731	735	aaa
0	0		212.65	15.55	248.0	0.0	-0.5	60.0	0L	0L	-0.0003862	0.0003861	20230731	742	aaa
0	0		212.65	15.55	251.0	0.0	-0.5	63.0	0L	0L	-0.0002839	0.0002839	20230731	749	aaa
0	0		212.65	15.55	254.0	0.0	-0.5	66.0	0L	0L	-0.0001975	0.0001975	20230731	755	aaa
0	0		212.65	15.55	257.0	0.0	-0.5	69.0	0L	0L	-0.0001323	0.0001323	20230731	762	aaa
0	0		212.65	15.55	260.0	0.0	-0.5	72.0	0L	0L	-8.5e-05	8.5e-05	20230731	769	aaa
0	0		212.65	15.55	263.0	0.0	-0.5	75.0	0L	0L	-5.11e-05	5.11e-05	20230731	775	aaa
0	0		212.65	15.55	266.0	0.0	-0.5	78.0	0L	0L	-2.68e-05	2.68e-05	20230731	782	aaa
0	0		213.15	16.05	266.0	0.5	0.0	78.0	0L	0L	-3.82e-05	3.82e-05	20230731	791	aaa
0	0		213.15	16.05	263.0	0.5	0.0	75.0	0L	0L	-7.06e-05	7.06e-05	20230731	798	aaa
0	0		213.15	16.05	260.0	0.5	0.0	72.0	0L	0L	-0.0001191	0.0001191	20230731	804	aaa
0	0		213.15	16.05	257.0	0.5	0.0	69.0	0L	0L	-0.0001939	0.0001939	20230731	811	aaa
0	0		213.15	16.05	254.0	0.5	0.0	66.0	0L	0L	-0.0003131	0.0003131	20230731	818	aaa
0	0		213.15	16.05	251.0	0.5	0.0	63.0	0L	0L	-0.0005116	0.0005116	20230731	824	aaa
0	0		213.15	16.05	248.0	0.5	0.0	60.0	0L	0L	-0.0008571	0.0008571	20230731	831	aaa
0	0		213.15	16.05	245.0	0.5	0.0	57.0	0L	0L	-0.001495	0.001495	20230731	838	aaa
0	0		213.15	16.05	242.0	0.5	0.0	54.0	0L	0L	-0.0027301	0.0027301	20230731	845	aaa
0	0		213.15	16.05	239.0	0.5	0.0	51.0	0L	0L	-0.005411	0.005411	20230731	851	aaa
0	0		213.15	16.05	236.0	0.5	0.0	48.0	0L	0L	-0.012678	0.012678	20230731	858	aaa
0	0		213.15	16.05	233.0	0.5	0.0	45.0	0L	0L	-0.03336	0.03336	20230731	865	aaa
0	0		213.15	16.05	230.0	0.5	0.0	42.0	0L	0L	-0.04973	0.04973	20230731	872	aaa
0	0		213.15	16.05	227.0	0.5	0.0	39.0	0L	0L	-0.04894	0.04894	20230731	878	aaa
0	0		213.15	16.05	224.0	0.5	0.0	36.0	0L	0L	-0.04266	0.04267	20230731	885	aaa
0	0		213.15	16.05	221.0	0.5	0.0	33.0	0L	0L	-0.03458	0.03458	20230731	892	aaa
0	0		213.15	16.05	218.0	0.5	0.0	30.0	0L	0L	-0.0318	0.0318	20230731	899	aaa
0	0		213.15	16.05	215.0	0.5	0.0	27.0	0L	0L	-0.02999	0.02999	20230731	905	aaa
0	0		213.15	16.05	212.0	0.5	0.0	24.0	0L	0L	-0.02494	0.02494	20230731	912	aaa
0	0		213.15	16.05	209.0	0.5	0.0	21.0	0L	0L	-0.016606	0.016605	20230731	919	aaa
0	0		213.15	16.05	206.0	0.5	0.0	18.0	0L	0L	-0.013862	0.013862	20230731	925	aaa
0	0		213.15	16.05	203.0	0.5	0.0	15.0	0L	0L	-0.016952	0.016952	20230731	932	aaa
0	0		213.15	16.05	200.0	0.5	0.0	12.0	0L	0L	-0.01121	0.011209	20230731	939	aaa
0	0		213.15	16.05	197.0	0.5	0.0	9.0	0L	0L	-0.002365	0.002365	20230731	945	aaa
0	0		213.15	16.05	194.0	0.5	0.0	6.0	0L	0L	-0.0002086	0.0002086	20230731	952	aaa
0	0		213.15	16.05	191.0	0.5	0.0	3.0	0L	0L	-0.000204	0.000204	20230731	959	aaa
0	0		213.15	16.05	188.0	0.5	0.0	0.0	0L	0L	-0.0002411	0.0002412	20230731	966	aaa
0	0		213.15	16.05	185.0	0.5	0.0	-3.0	0L	0L	-0.0002172	0.0002172	20230731	972	aaa
0	0		213.15	16.05	182.0	0.5	0.0	-6.0	0L	0L	-0.0001705	0.0001705	20230731	979	aaa
0	0		213.15	16.05	179.0	0.5	0.0	-9.0	0L	0L	-0.0001235	0.0001235	20230731	986	aaa
0	0		213.15	16.05	176.0	0.5	0.0	-12.0	0L	0L	-8.53e-05	8.53e-05	20230731	992	aaa
0	0		213.15	16.05	173.0	0.5	0.0	-15.0	0L	0L	-5.57e-05	5.57e-05	20230731	999	aaa
0	0		213.15	16.05	170.0	0.5	0.0	-18.0	0L	0L	-3.34e-05	3.34e-05	20230731	1006	aaa
0	0		213.15	16.05	167.0	0.5	0.0	-21.0	0L	0L	-1.68e-05	1.68e-05	20230731	1012	aaa
0	0		213.15	16.05	164.0	0.5	0.0	-24.0	0L	0L	-4.4e-06	4.4e-06	20230731	1019	aaa
0	0		213.15	16.05	161.0	0.5	0.0	-27.0	0L	0L	5.1e-06	5.1e-06	20230731	1026	aaa
0	0		213.15	16.05	158.0	0.5	0.0	-30.0	0L	0L	1.23e-05	1.23e-05	20230731	1033	aaa
0	0		213.15	16.05	155.0	0.5	0.0	-33.0	0L	0L	1.79e-05	1.79e-05	20230731	1039	aaa
0	0		212.65	16.05	155.0	0.0	0.0	-33.0	0L	0L	1.98e-05	1.98e-05	20230731	1045	aaa
0	0		212.65	16.05	158.0	0.0	0.0	-30.0	0L	0L	1.54e-05	1.54e-05	20230731	1052	aaa
0	0		212.65	16.05	161.0	0.0	0.0	-27.0	0L	0L	1e-05	1e-05	20230731	1058	aaa
0	0		212.65	16.05	164.0	0.0	0.0	-24.0	0L	0L	3.7e-06	3.8e-06	20230731	1065	aaa
0	0		212.65	16.05	167.0	0.0	0.0	-21.0	0L	0L	-3.5e-06	3.5e-06	20230731	1072	aaa
0	0		212.65	16.05	170.0	0.0	0.0	-18.0	0L	0L	-1.01e-05	1.01e-05	20230731	1078	aaa
0	0		212.65	16.05	173.0	0.0	0.0	-15.0	0L	0L	-1.46e-05	1.46e-05	20230731	1085	aaa
0	0		212.65	16.05	176.0	0.0	0.0	-12.0	0L	0L	-9.4e-06	9.4e-06	20230731	1092	aaa
0	0		212.65	16.05	179.0	0.0	0.0	-9.0	0L	0L	2.26e-05	2.27e-05	20230731	1099	aaa
0	0		212.65	16.05	182.0	0.0	0.0	-6.0	0L	0L	0.0001262	0.0001262	20230731	1105	aaa
0	0		212.65	16.05	185.0	0.0	0.0	-3.0	0L	0L	0.000417	0.0004169	20230731	1112	aaa
0	0		212.65	16.05	188.0	0.0	0.0	0.0	0L	0L	0.0012306	0.0012306	20230731	1119	aaa
0	0		212.65	16.05	191.0	0.0	0.0	3.0	0L	0L	0.003597	0.003597	20230731	1125	aaa
0	0		212.65	16.05	194.0	0.0	0.0	6.0	0L	0L	0.011873	0.011874	20230731	1132	aaa
0	0		212.65	16.05	197.0	0.0	0.0	9.0	0L	0L	0.04314	0.04314	20230731	1139	aaa
0	0		212.65	16.05	200.0	0.0	0.0	12.0	0L	0L	0.08184	0.08184	20230731	1146	aaa
0	0		212.65	16.05	203.0	0.0	0.0	15.0	0L	0L	0.08989	0.08988	20230731	1152	aaa
0	0		212.65	16.05	206.0	0.0	0.0	18.0	0L	0L	0.09613	0.09613	20230731	1159	aaa
0	0		212.65	16.05	209.0	0.0	0.0	21.0	0L	0L	0.09266	0.09266	20230731	1166	aaa
0	0		212.65	16.05	212.0	0.0	0.0	24.0	0L	0L	0.08554	0.08554	20230731	1173	aaa
0	0		212.65	16.05	215.0	0.0	0.0	27.0	0L	0L	0.08174	0.08174	20230731	1179	aaa
0	0		212.65	16.05	218.0	0.0	0.0	30.0	0L	0L	0.08012	0.08012	20230731	1186	aaa
0	0		212.65	16.05	221.0	0.0	0.0	33.0	0L	0L	0.07894	0.07894	20230731	1193	aaa
0	0		212.65	16.05	224.0	0.0	0.0	36.0	0L	0L	0.0693	0.0693	20230731	1199	aaa
0	0		212.65	16.05	227.0	0.0	0.0	39.0	0L	0L	0.06002	0.06002	20230731	1206	aaa
0	0		212.65	16.05	230.0	0.0	0.0	42.0	0L	0L	0.04854	0.04853	20230731	1213	aaa
0	0		212.65	16.05	233.0	0.0	0.0	45.0	0L	0L	0.02342	0.02342	20230731	1219	aaa
0	0		212.65	16.05	236.0	0.0	0.0	48.0	0L	0L	0.004842	0.004842	20230731	1226	aaa
0	0		212.65	16.05	239.0	0.0	0.0	51.0	0L	0L	0.0005162	0.0005162	20230731	1233	aaa
0	0		212.65	16.05	242.0	0.0	0.0	54.0	0L	0L	-0.000373	0.000373	20230731	1240	aaa
0	0		212.65	16.05	245.0	0.0	0.0	57.0	0L	0L	-0.0004751	0.0004751	20230731	1246	aaa
0	0		212.65	16.05	248.0	0.0	0.0	60.0	0L	0L	-0.0003937	0.0003938	20230731	1253	aaa
0	0		212.65	16.05	251.0	0.0	0.0	63.0	0L	0L	-0.0002888	0.0002888	20230731	1260	aaa
0	0		212.65	16.05	254.0	0.0	0.0	66.0	0L	0L	-0.0002003	0.0002003	20230731	1266	aaa
0	0		212.65	16.05	257.0	0.0	0.0	69.0	0L	0L	-0.000134	0.000134	20230731	1273	aaa
0	0		212.65	16.05	260.0	0.0	0.0	72.0	0L	0L	-8.61e-05	8.61e-05	20230731	1280	aaa
0	0		212.65	16.05	263.0	0.0	0.0	75.0	0L	0L	-5.19e-05	5.19e-05	20230731	1287	aaa
0	0		212.65	16.05	266.0	0.0	0.0	78.0	0L	0L	-2.73e-05	2.73e-05	20230731	1293	aaa
0	0		212.15	16.05	266.0	-0.5	0.0	78.0	0L	0L	-1.57e-05	1.57e-05	20230731	1299	aaa
0	0		212.15	16.05	263.0	-0.5	0.0	75.0	0L	0L	-3.24e-05	3.24e-05	20230731	1306	aaa
0	0		212.15	16.05	260.0	-0.5	0.0	72.0	0L	0L	-5.21e-05	5.21e-05	20230731	1312	aaa
0	0		212.15	16.05	257.0	-0.5	0.0	69.0	0L	0L	-7.3e-05	7.3e-05	20230731	1319	aaa
0	0		212.15	16.05	254.0	-0.5	0.0	66.0	0L	0L	-8.65e-05	8.65e-05	20230731	1326	aaa
0	0		212.15	16.05	251.0	-0.5	0.0	63.0	0L	0L	-6.36e-05	6.38e-05	20230731	1333	aaa
0	0		212.15	16.05	248.0	-0.5	0.0	60.0	0L	0L	6.97e-05	6.97e-05	20230731	1339	aaa
0	0		212.15	16.05	245.0	-0.5	0.0	57.0	0L	0L	0.0005367	0.0005366	20230731	1346	aaa
0	0		212.15	16.05	242.0	-0.5	0.0	54.0	0L	0L	0.0019786	0.0019786	20230731	1353	aaa
0	0		212.15	16.05	239.0	-0.5	0.0	51.0	0L	0L	0.006413	0.006413	20230731	1359	aaa
0	0		212.15	16.05	236.0	-0.5	0.0	48.0	0L	0L	0.022192	0.022192	20230731	1366	aaa
0	0		212.15	16.05	233.0	-0.5	0.0	45.0	0L	0L	0.08025	0.08025	20230731	1373	aaa
0	0		212.15	16.05	230.0	-0.5	0.0	42.0	0L	0L	0.14778	0.14778	20230731	1379	aaa
0	0		212.15	16.05	227.0	-0.5	0.0	39.0	0L	0L	0.16931	0.16931	20230731	1386	aaa
0	0		212.15	16.05	224.0	-0.5	0.0	36.0	0L	0L	0.18151	0.18151	20230731	1393	aaa
0	0		212.15	16.05	221.0	-0.5	0.0	33.0	0L	0L	0.19371	0.19371	20230731	1400	aaa
0	0		212.15	16.05	218.0	-0.5	0.0	30.0	0L	0L	0.19306	0.19306	20230731	1406	aaa
0	0		212.15	16.05	215.0	-0.5	0.0	27.0	0L	0L	0.19407	0.19408	20230731	1413	aaa
0	0		212.15	16.05	212.0	-0.5	0.0	24.0	0L	0L	0.19652	0.19651	20230731	1420	aaa
0	0		212.15	16.05	209.0	-0.5	0.0	21.0	0L	0L	0.20285	0.20285	20230731	1426	aaa
0	0		212.15	16.05	206.0	-0.5	0.0	18.0	0L	0L	0.20684	0.20684	20230731	1433	aaa
0	0		212.15	16.05	203.0	-0.5	0.0	15.0	0L	0L	0.1972	0.1972	20230731	1440	aaa
0	0		212.15	16.05	200.0	-0.5	0.0	12.0	0L	0L	0.17637	0.17637	20230731	1447	aaa
0	0		212.15	16.05	197.0	-0.5	0.0	9.0	0L	0L	0.08888	0.08888	20230731	1453	aaa
0	0		212.15	16.05	194.0	-0.5	0.0	6.0	0L	0L	0.02369	0.02369	20230731	1460	aaa
0	0		212.15	16.05	191.0	-0.5	0.0	3.0	0L	0L	0.007333	0.007333	20230731	1467	aaa
0	0		212.15	16.05	188.0	-0.5	0.0	0.0	0L	0L	0.00268	0.00268	20230731	1474	aaa
0	0		212.15	16.05	185.0	-0.5	0.0	-3.0	0L	0L	0.0010492	0.0010492	20230731	1480	aaa
0	0		212.15	16.05	182.0	-0.5	0.0	-6.0	0L	0L	0.0004199	0.0004199	20230731	1487	aaa
0	0		212.15	16.05	179.0	-0.5	0.0	-9.0	0L	0L	0.0001681	0.0001681	20230731	1494	aaa
0	0		212.15	16.05	176.0	-0.5	0.0	-12.0	0L	0L	6.62e-05	6.63e-05	20230731	1500	aaa
0	0		212.15	16.05	173.0	-0.5	0.0	-15.0	0L	0L	2.66e-05	2.66e-05	20230731	1507	aaa
0	0		212.15	16.05	170.0	-0.5	0.0	-18.0	0L	0L	1.29e-05	1.29e-05	20230731	1514	aaa
0	0		212.15	16.05	167.0	-0.5	0.0	-21.0	0L	0L	1.01e-05	1.01e-05	20230731	1521	aaa
0	0		212.15	16.05	164.0	-0.5	0.0	-24.0	0L	0L	1.16e-05	1.16e-05	20230731	1527	aaa
0	0		212.15	16.05	161.0	-0.5	0.0	-27.0	0L	0L	1.49e-05	1.49e-05	20230731	1534	aaa
0	0		212.15	16.05	158.0	-0.5	0.0	-30.0	0L	0L	1.85e-05	1.85e-05	20230731	1541	aaa
0	0		212.15	16.05	155.0	-0.5	0.0	-33.0	0L	0L	2.17e-05	2.17e-05	20230731	1547	aaa
0	0		212.65	16.55	155.0	0.0	0.5	-33.0	0L	0L	1.97e-05	1.97e-05	20230731	1556	aaa
0	0		212.65	16.55	158.0	0.0	0.5	-30.0	0L	0L	1.53e-05	1.53e-05	20230731	1563	aaa
0	0		212.65	16.55	161.0	0.0	0.5	-27.0	0L	0L	1.01e-05	1.01e-05	20230731	1569	aaa
0	0		212.65	16.55	164.0	0.0	0.5	-24.0	0L	0L	3.8e-06	3.8e-06	20230731	1576	aaa
0	0		212.65	16.55	167.0	0.0	0.5	-21.0	0L	0L	-2.9e-06	3e-06	20230731	1583	aaa
0	0		212.65	16.55	170.0	0.0	0.5	-18.0	0L	0L	-9.8e-06	9.8e-06	20230731	1590	aaa
0	0		212.65	16.55	173.0	0.0	0.5	-15.0	0L	0L	-1.37e-05	1.37e-05	20230731	1596	aaa
0	0		212.65	16.55	176.0	0.0	0.5	-12.0	0L	0L	-7.7e-06	7.6e-06	20230731	1603	aaa
0	0		212.65	16.55	179.0	0.0	0.5	-9.0	0L	0L	2.6e-05	2.6e-05	20230731	1610	aaa
0	0		212.65	16.55	182.0	0.0	0.5	-6.0	0L	0L	0.0001334	0.0001334	20230731	1616	aaa
0	0		212.65	16.55	185.0	0.0	0.5	-3.0	0L	0L	0.000435	0.000435	20230731	1623	aaa
0	0		212.65	16.55	188.0	0.0	0.5	0.0	0L	0L	0.0012649	0.001265	20230731	1630	aaa
0	0		212.65	16.55	191.0	0.0	0.5	3.0	0L	0L	0.00366	0.00366	20230731	1637	aaa
0	0		212.65	16.55	194.0	0.0	0.5	6.0	0L	0L	0.011953	0.011953	20230731	1643	aaa
0	0		212.65	16.55	197.0	0.0	0.5	9.0	0L	0L	0.04358	0.04358	20230731	1650	aaa
0	0		212.65	16.55	200.0	0.0	0.5	12.0	0L	0L	0.08257	0.08257	20230731	1657	aaa
0	0		212.65	16.55	203.0	0.0	0.5	15.0	0L	0L	0.09043	0.09043	20230731	1663	aaa
0	0		212.65	16.55	206.0	0.0	0.5	18.0	0L	0L	0.09632	0.09632	20230731	1670	aaa
0	0		212.65	16.55	209.0	0.0	0.5	21.0	0L	0L	0.09274	0.09274	20230731	1677	aaa
0	0		212.65	16.55	212.0	0.0	0.5	24.0	0L	0L	0.08503	0.08503	20230731	1684	aaa
0	0		212.65	16.55	215.0	0.0	0.5	27.0	0L	0L	0.08261	0.08262	20230731	1690	aaa
0	0		212.65	16.55	218.0	0.0	0.5	30.0	0L	0L	0.08034	0.08034	20230731	1697	aaa
0	0		212.65	16.55	221.0	0.0	0.5	33.0	0L	0L	0.07837	0.07838	20230731	1704	aaa
0	0		212.65	16.55	224.0	0.0	0.5	36.0	0L	0L	0.06901	0.06901	20230731	1710	aaa
0	0		212.65	16.55	227.0	0.0	0.5	39.0	0L	0L	0.05942	0.05942	20230731	1717	aaa
0	0		212.65	16.55	230.0	0.0	0.5	42.0	0L	0L	0.04749	0.04749	20230731	1724	aaa
0	0		212.65	16.55	233.0	0.0	0.5	45.0	0L	0L	0.02287	0.02287	20230731	1731	aaa
0	0		212.65	16.55	236.0	0.0	0.5	48.0	0L	0L	0.004771	0.004771	20230731	1737	aaa
0	0		212.65	16.55	239.0	0.0	0.5	51.0	0L	0L	0.0005127	0.0005125	20230731	1744	aaa
0	0		212.65	16.55	242.0	0.0	0.5	54.0	0L	0L	-0.0003857	0.0003857	20230731	1751	aaa
0	0		212.65	16.55	245.0	0.0	0.5	57.0	0L	0L	-0.0004848	0.0004848	20230731	1757	aaa
0	0		212.65	16.55	248.0	0.0	0.5	60.0	0L	0L	-0.0003978	0.0003978	20230731	1764	aaa
0	0		212.65	16.55	251.0	0.0	0.5	63.0	0L	0L	-0.0002904	0.0002904	20230731	1771	aaa
0	0		212.65	16.55	254.0	0.0	0.5	66.0	0L	0L	-0.0002011	0.0002011	20230731	1778	aaa
0	0		212.65	16.55	257.0	0.0	0.5	69.0	0L	0L	-0.0001343	0.0001343	20230731	1784	aaa
0	0		212.65	16.55	260.0	0.0	0.5	72.0	0L	0L	-8.6e-05	8.6e-05	20230731	1791	aaa
0	0		212.65	16.55	263.0	0.0	0.5	75.0	0L	0L	-5.17e-05	5.17e-05	20230731	1798	aaa
0	0		212.65	16.55	266.0	0.0	0.5	78.0	0L	0L	-2.71e-05	2.71e-05	20230731	1804	aaa
0	0		212.65	17.05	266.0	0.0	1.0	78.0	0L	0L	-2.69e-05	2.69e-05	20230731	1810	aaa
0	0		212.65	17.05	263.0	0.0	1.0	75.0	0L	0L	-5.16e-05	5.16e-05	20230731	1817	aaa
0	0		212.65	17.05	260.0	0.0	1.0	72.0	0L	0L	-8.61e-05	8.61e-05	20230731	1824	aaa
0	0		212.65	17.05	257.0	0.0	1.0	69.0	0L	0L	-0.0001344	0.0001346	20230731	1830	aaa
0	0		212.65	17.05	254.0	0.0	1.0	66.0	0L	0L	-0.0002023	0.0002023	20230731	1837	aaa
0	0		212.65	17.05	251.0	0.0	1.0	63.0	0L	0L	-0.0002931	0.0002931	20230731	1844	aaa
0	0		212.65	17.05	248.0	0.0	1.0	60.0	0L	0L	-0.0004051	0.0004051	20230731	1850	aaa
0	0		212.65	17.05	245.0	0.0	1.0	57.0	0L	0L	-0.0005026	0.0005026	20230731	1857	aaa
0	0		212.65	17.05	242.0	0.0	1.0	54.0	0L	0L	-0.0004327	0.0004327	20230731	1864	aaa
0	0		212.65	17.05	239.0	0.0	1.0	51.0	0L	0L	0.0003805	0.0003805	20230731	1870	aaa
0	0		212.65	17.05	236.0	0.0	1.0	48.0	0L	0L	0.00438	0.00438	20230731	1877	aaa
0	0		212.65	17.05	233.0	0.0	1.0	45.0	0L	0L	0.021924	0.021923	20230731	1884	aaa
0	0		212.65	17.05	230.0	0.0	1.0	42.0	0L	0L	0.04599	0.046	20230731	1891	aaa
0	0		212.65	17.05	227.0	0.0	1.0	39.0	0L	0L	0.05778	0.05778	20230731	1897	aaa
0	0		212.65	17.05	224.0	0.0	1.0	36.0	0L	0L	0.06764	0.06764	20230731	1904	aaa
0	0		212.65	17.05	221.0	0.0	1.0	33.0	0L	0L	0.07654	0.07655	20230731	1911	aaa
0	0		212.65	17.05	218.0	0.0	1.0	30.0	0L	0L	0.07959	0.07959	20230731	1917	aaa
0	0		212.65	17.05	215.0	0.0	1.0	27.0	0L	0L	0.08314	0.08314	20230731	1924	aaa
0	0		212.65	17.05	212.0	0.0	1.0	24.0	0L	0L	0.08382	0.08382	20230731	1931	aaa
0	0		212.65	17.05	209.0	0.0	1.0	21.0	0L	0L	0.09146	0.09146	20230731	1937	aaa
0	0		212.65	17.05	206.0	0.0	1.0	18.0	0L	0L	0.09566	0.09566	20230731	1944	aaa
0	0		212.65	17.05	203.0	0.0	1.0	15.0	0L	0L	0.08998	0.08998	20230731	1951	aaa
0	0		212.65	17.05	200.0	0.0	1.0	12.0	0L	0L	0.0829	0.0829	20230731	1958	aaa
0	0		212.65	17.05	197.0	0.0	1.0	9.0	0L	0L	0.04312	0.04312	20230731	1964	aaa
0	0		212.65	17.05	194.0	0.0	1.0	6.0	0L	0L	0.011668	0.011668	20230731	1971	aaa
0	0		212.65	17.05	191.0	0.0	1.0	3.0	0L	0L	0.003612	0.003613	20230731	1978	aaa
0	0		212.65	17.05	188.0	0.0	1.0	0.0	0L	0L	0.0012593	0.0012593	20230731	1985	aaa
0	0		212.65	17.05	185.0	0.0	1.0	-3.0	0L	0L	0.0004381	0.0004381	20230731	1991	aaa
0	0		212.65	17.05	182.0	0.0	1.0	-6.0	0L	0L	0.0001361	0.000136	20230731	1998	aaa
0	0		212.65	17.05	179.0	0.0	1.0	-9.0	0L	0L	2.79e-05	2.79e-05	20230731	2004	aaa
0	0		212.65	17.05	176.0	0.0	1.0	-12.0	0L	0L	-6.9e-06	6.9e-06	20230731	2011	aaa
0	0		212.65	17.05	173.0	0.0	1.0	-15.0	0L	0L	-1.35e-05	1.35e-05	20230731	2018	aaa
0	0		212.65	17.05	170.0	0.0	1.0	-18.0	0L	0L	-9.8e-06	9.8e-06	20230731	2025	aaa
0	0		212.65	17.05	167.0	0.0	1.0	-21.0	0L	0L	-3.2e-06	3e-06	20230731	2031	aaa
0	0		212.65	17.05	164.0	0.0	1.0	-24.0	0L	0L	3.7e-06	3.7e-06	20230731	2038	aaa
0	0		212.65	17.05	161.0	0.0	1.0	-27.0	0L	0L	9.9e-06	9.9e-06	20230731	2045	aaa
0	0		212.65	17.05	158.0	0.0	1.0	-30.0	0L	0L	1.52e-05	1.52e-05	20230731	2052	aaa
0	0		212.65	17.05	155.0	0.0	1.0	-33.0	0L	0L	1.97e-05	1.98e-05	20230731	2058	aaa
0	0		212.65	17.55	155.0	0.0	1.5	-33.0	0L	0L	1.95e-05	1.95e-05	20230731	2064	aaa
0	0		212.65	17.55	158.0	0.0	1.5	-30.0	0L	0L	1.51e-05	1.51e-05	20230731	2071	aaa
0	0		212.65	17.55	161.0	0.0	1.5	-27.0	0L	0L	9.8e-06	9.8e-06	20230731	2078	aaa
0	0		212.65	17.55	164.0	0.0	1.5	-24.0	0L	0L	3.7e-06	3.7e-06	20230731	2084	aaa
0	0		212.65	17.55	167.0	0.0	1.5	-21.0	0L	0L	-3e-06	3e-06	20230731	2091	aaa
0	0		212.65	17.55	170.0	0.0	1.5	-18.0	0L	0L	-9.4e-06	9.4e-06	20230731	2098	aaa
0	0		212.65	17.55	173.0	0.0	1.5	-15.0	0L	0L	-1.28e-05	1.28e-05	20230731	2104	aaa
0	0		212.65	17.55	176.0	0.0	1.5	-12.0	0L	0L	-5.9e-06	5.9e-06	20230731	2111	aaa
0	0		212.65	17.55	179.0	0.0	1.5	-9.0	0L	0L	2.93e-05	2.93e-05	20230731	2118	aaa
0	0		212.65	17.55	182.0	0.0	1.5	-6.0	0L	0L	0.0001389	0.0001389	20230731	2124	aaa
0	0		212.65	17.55	185.0	0.0	1.5	-3.0	0L	0L	0.0004405	0.0004405	20230731	2131	aaa
0	0		212.65	17.55	188.0	0.0	1.5	0.0	0L	0L	0.001255	0.001255	20230731	2138	aaa
0	0		212.65	17.55	191.0	0.0	1.5	3.0	0L	0L	0.003537	0.003537	20230731	2145	aaa
0	0		212.65	17.55	194.0	0.0	1.5	6.0	0L	0L	0.011069	0.011069	20230731	2151	aaa
0	0		212.65	17.55	197.0	0.0	1.5	9.0	0L	0L	0.04253	0.04253	20230731	2158	aaa
0	0		212.65	17.55	200.0	0.0	1.5	12.0	0L	0L	0.08479	0.08479	20230731	2165	aaa
0	0		212.65	17.55	203.0	0.0	1.5	15.0	0L	0L	0.09098	0.09099	20230731	2171	aaa
0	0		212.65	17.55	206.0	0.0	1.5	18.0	0L	0L	0.09614	0.09614	20230731	2178	aaa
0	0		212.65	17.55	209.0	0.0	1.5	21.0	0L	0L	0.09146	0.09146	20230731	2185	aaa
0	0		212.65	17.55	212.0	0.0	1.5	24.0	0L	0L	0.08378	0.08378	20230731	2191	aaa
0	0		212.65	17.55	215.0	0.0	1.5	27.0	0L	0L	0.08538	0.08538	20230731	2198	aaa
0	0		212.65	17.55	218.0	0.0	1.5	30.0	0L	0L	0.07949	0.07949	20230731	2205	aaa
0	0		212.65	17.55	221.0	0.0	1.5	33.0	0L	0L	0.07688	0.07688	20230731	2212	aaa
0	0		212.65	17.55	224.0	0.0	1.5	36.0	0L	0L	0.06825	0.06825	20230731	2218	aaa
0	0		212.65	17.55	227.0	0.0	1.5	39.0	0L	0L	0.05754	0.05754	20230731	2225	aaa
0	0		212.65	17.55	230.0	0.0	1.5	42.0	0L	0L	0.04676	0.04677	20230731	2232	aaa
0	0		212.65	17.55	233.0	0.0	1.5	45.0	0L	0L	0.02197	0.02197	20230731	2238	aaa
0	0		212.65	17.55	236.0	0.0	1.5	48.0	0L	0L	0.004055	0.004061	20230731	2245	aaa
0	0		212.65	17.55	239.0	0.0	1.5	51.0	0L	0L	0.0003017	0.0003017	20230731	2252	aaa
0	0		212.65	17.55	242.0	0.0	1.5	54.0	0L	0L	-0.0004471	0.0004471	20230731	2258	aaa
0	0		212.65	17.55	245.0	0.0	1.5	57.0	0L	0L	-0.0005065	0.0005065	20230731	2265	aaa
0	0		212.65	17.55	248.0	0.0	1.5	60.0	0L	0L	-0.0004061	0.0004061	20230731	2272	aaa
0	0		212.65	17.55	251.0	0.0	1.5	63.0	0L	0L	-0.0002928	0.0002928	20230731	2279	aaa
0	0		212.65	17.55	254.0	0.0	1.5	66.0	0L	0L	-0.0002015	0.0002015	20230731	2285	aaa
0	0		212.65	17.55	257.0	0.0	1.5	69.0	0L	0L	-0.0001339	0.0001339	20230731	2292	aaa
0	0		212.65	17.55	260.0	0.0	1.5	72.0	0L	0L	-8.57e-05	8.57e-05	20230731	2299	aaa
0	0		212.65	17.55	263.0	0.0	1.5	75.0	0L	0L	-5.12e-05	5.12e-05	20230731	2305	aaa
0	0		212.65	17.55	266.0	0.0	1.5	78.0	0L	0L	-2.68e-05	2.67e-05	20230731	2312	aaa
