# units are Tesla, degrees, mm and s
# Local coordinate system origin: x0=221.4, y0=23.65, z0=122.25
# gaussmeter probe H068256Z   
# mag ang probe ang	x glob	y glob	z glob	x local	y local	z local	X Bfield	Y Bfield	Z Bfield	V Bfield	date	elapsed time	range
0	0		216.9	14.65	80.0	-4.5	-8.999999999999998	-42.25	-0.002224	-0.0013516	-0.0008529	0.002739	20230704	37	aaa
0	0		216.9	14.65	85.0	-4.5	-8.999999999999998	-37.25	-0.003053	-0.0017772	-0.0012501	0.003747	20230704	45	aaa
0	0		216.9	14.65	90.0	-4.5	-8.999999999999998	-32.25	-0.004236	-0.002364	-0.0018379	0.005187	20230704	53	aaa
0	0		216.9	14.65	95.0	-4.5	-8.999999999999998	-27.25	-0.00595	-0.003185	-0.0027174	0.007275	20230704	60	aaa
0	0		216.9	14.65	100.0	-4.5	-8.999999999999998	-22.25	-0.008466	-0.004345	-0.004054	0.010344	20230704	68	aaa
0	0		216.9	14.65	105.0	-4.5	-8.999999999999998	-17.25	-0.012229	-0.005996	-0.006121	0.014931	20230704	76	aaa
0	0		216.9	14.65	110.0	-4.5	-8.999999999999998	-12.25	-0.017942	-0.008388	-0.009427	0.021935	20230704	83	aaa
0	0		216.9	14.65	115.0	-4.5	-8.999999999999998	-7.25	-0.026924	-0.011884	-0.015083	0.033069	20230704	91	aaa
0	0		216.9	14.65	120.0	-4.5	-8.999999999999998	-2.25	-0.04162	-0.017175	-0.025568	0.05176	20230704	99	aaa
0	0		216.9	14.65	125.0	-4.5	-8.999999999999998	2.75	-0.06777	-0.026172	-0.0465	0.08626	20230704	107	aaa
0	0		216.9	14.65	130.0	-4.5	-8.999999999999998	7.75	-0.12287	-0.04882	-0.08527	0.15732	20230704	114	aaa
0	0		216.9	14.65	135.0	-4.5	-8.999999999999998	12.75	-0.25428	-0.12439	-0.11341	0.30495	20230704	122	aaa
0	0		216.9	14.65	140.0	-4.5	-8.999999999999998	17.75	-0.3804	-0.1961	-0.07111	0.4338	20230704	130	aaa
0	0		216.9	14.65	145.0	-4.5	-8.999999999999998	22.75	-0.4271	-0.21468	-0.02747	0.4788	20230704	138	aaa
0	0		216.9	14.65	150.0	-4.5	-8.999999999999998	27.75	-0.4403	-0.21738	-0.002665	0.4911	20230704	145	aaa
0	0		216.9	14.65	155.0	-4.5	-8.999999999999998	32.75	-0.4267	-0.20301	-0.004968	0.4726	20230704	153	aaa
0	0		216.9	14.65	160.0	-4.5	-8.999999999999998	37.75	-0.4524	-0.22214	-0.014832	0.5042	20230704	161	aaa
0	0		216.9	14.65	165.0	-4.5	-8.999999999999998	42.75	-0.4655	-0.22889	-0.006764	0.5187	20230704	169	aaa
0	0		216.9	14.65	170.0	-4.5	-8.999999999999998	47.75	-0.4684	-0.22956	-0.0017697	0.5216	20230704	176	aaa
0	0		216.9	14.65	175.0	-4.5	-8.999999999999998	52.75	-0.465	-0.22591	-0.0019833	0.517	20230704	184	aaa
0	0		216.9	14.65	180.0	-4.5	-8.999999999999998	57.75	-0.4729	-0.23106	-0.005584	0.5263	20230704	192	aaa
0	0		216.9	14.65	185.0	-4.5	-8.999999999999998	62.75	-0.4795	-0.23403	-0.002307	0.5336	20230704	200	aaa
0	0		216.9	14.65	190.0	-4.5	-8.999999999999998	67.75	-0.4835	-0.23484	0.0024283	0.5376	20230704	207	aaa
0	0		216.9	14.65	195.0	-4.5	-8.999999999999998	72.75	-0.4788	-0.22758	0.006328	0.5302	20230704	215	aaa
0	0		216.9	14.65	200.0	-4.5	-8.999999999999998	77.75	-0.4812	-0.22647	0.00257	0.5318	20230704	223	aaa
0	0		216.9	14.65	205.0	-4.5	-8.999999999999998	82.75	-0.4825	-0.2266	0.005591	0.5331	20230704	230	aaa
0	0		216.9	14.65	210.0	-4.5	-8.999999999999998	87.75	-0.4773	-0.22553	0.008762	0.5279	20230704	238	aaa
0	0		216.9	14.65	215.0	-4.5	-8.999999999999998	92.75	-0.465	-0.22178	0.010517	0.5153	20230704	246	aaa
0	0		216.9	14.65	220.0	-4.5	-8.999999999999998	97.75	-0.4607	-0.22613	0.015712	0.5134	20230704	253	aaa
0	0		216.9	14.65	225.0	-4.5	-8.999999999999998	102.75	-0.4438	-0.22313	0.03852	0.4982	20230704	261	aaa
0	0		216.9	14.65	230.0	-4.5	-8.999999999999998	107.75	-0.3985	-0.20666	0.0769	0.4554	20230704	269	aaa
0	0		216.9	14.65	235.0	-4.5	-8.999999999999998	112.75	-0.2876	-0.14667	0.1165	0.3432	20230704	277	aaa
0	0		216.9	14.65	240.0	-4.5	-8.999999999999998	117.75	-0.1401	-0.05875	0.09213	0.17768	20230704	285	aaa
0	0		216.9	14.65	245.0	-4.5	-8.999999999999998	122.75	-0.07198	-0.02821	0.04792	0.09095	20230704	292	aaa
0	0		216.9	14.65	250.0	-4.5	-8.999999999999998	127.75	-0.04241	-0.017465	0.02352	0.05154	20230704	300	aaa
0	0		216.9	14.65	255.0	-4.5	-8.999999999999998	132.75	-0.02688	-0.011604	0.012038	0.03166	20230704	308	aaa
0	0		216.9	14.65	260.0	-4.5	-8.999999999999998	137.75	-0.017759	-0.007888	0.006463	0.020478	20230704	316	aaa
0	0		216.9	14.65	265.0	-4.5	-8.999999999999998	142.75	-0.012071	-0.005433	0.003585	0.013714	20230704	323	aaa
0	0		216.9	14.65	270.0	-4.5	-8.999999999999998	147.75	-0.008382	-0.003794	0.002021	0.00942	20230704	331	aaa
0	0		216.9	14.65	275.0	-4.5	-8.999999999999998	152.75	-0.00592	-0.002682	0.0011368	0.006598	20230704	339	aaa
0	0		216.9	14.65	280.0	-4.5	-8.999999999999998	157.75	-0.004246	-0.0019263	0.0006279	0.004705	20230704	346	aaa
0	0		216.9	14.65	285.0	-4.5	-8.999999999999998	162.75	-0.003091	-0.0014042	0.0003288	0.003411	20230704	354	aaa
0	0		216.9	14.65	290.0	-4.5	-8.999999999999998	167.75	-0.002278	-0.0010396	0.0001531	0.002509	20230704	362	aaa
0	0		221.4	14.65	290.0	0.0	-8.999999999999998	167.75	-0.002328	6.2e-06	-0.0004741	0.002376	20230704	370	aaa
0	0		221.4	14.65	285.0	0.0	-8.999999999999998	162.75	-0.003178	2.87e-05	-0.0005634	0.003228	20230704	378	aaa
0	0		221.4	14.65	280.0	0.0	-8.999999999999998	157.75	-0.0044	5.88e-05	-0.0006607	0.00445	20230704	385	aaa
0	0		221.4	14.65	275.0	0.0	-8.999999999999998	152.75	-0.006192	0.000102	-0.0007577	0.006239	20230704	393	aaa
0	0		221.4	14.65	270.0	0.0	-8.999999999999998	147.75	-0.00887	0.0001623	-0.0008309	0.00891	20230704	401	aaa
0	0		221.4	14.65	265.0	0.0	-8.999999999999998	142.75	-0.01297	0.0002569	-0.0008381	0.012999	20230704	409	aaa
0	0		221.4	14.65	260.0	0.0	-8.999999999999998	137.75	-0.019501	0.0004014	-0.0006854	0.019517	20230704	417	aaa
0	0		221.4	14.65	255.0	0.0	-8.999999999999998	132.75	-0.03044	0.0006432	-0.0002088	0.03045	20230704	424	aaa
0	0		221.4	14.65	250.0	0.0	-8.999999999999998	127.75	-0.05003	0.001035	0.0008954	0.05005	20230704	432	aaa
0	0		221.4	14.65	245.0	0.0	-8.999999999999998	122.75	-0.08784	0.0016735	0.002996	0.08791	20230704	440	aaa
0	0		221.4	14.65	240.0	0.0	-8.999999999999998	117.75	-0.16152	0.0024629	0.006001	0.16166	20230704	447	aaa
0	0		221.4	14.65	235.0	0.0	-8.999999999999998	112.75	-0.27493	0.003517	0.007593	0.27507	20230704	455	aaa
0	0		221.4	14.65	230.0	0.0	-8.999999999999998	107.75	-0.3722	0.004573	0.006313	0.3723	20230704	463	aaa
0	0		221.4	14.65	225.0	0.0	-8.999999999999998	102.75	-0.4253	0.005007	0.003424	0.4254	20230704	471	aaa
0	0		221.4	14.65	220.0	0.0	-8.999999999999998	97.75	-0.449	0.005879	0.00026	0.4491	20230704	479	aaa
0	0		221.4	14.65	215.0	0.0	-8.999999999999998	92.75	-0.4603	0.008478	-0.0013195	0.4604	20230704	486	aaa
0	0		221.4	14.65	210.0	0.0	-8.999999999999998	87.75	-0.4697	0.01094	-0.0005073	0.4698	20230704	494	aaa
0	0		221.4	14.65	205.0	0.0	-8.999999999999998	82.75	-0.4746	0.011318	0.0010128	0.4748	20230704	502	aaa
0	0		221.4	14.65	200.0	0.0	-8.999999999999998	77.75	-0.4747	0.009602	0.0020268	0.4748	20230704	510	aaa
0	0		221.4	14.65	195.0	0.0	-8.999999999999998	72.75	-0.4747	0.005498	0.0020272	0.4746	20230704	517	aaa
0	0		221.4	14.65	190.0	0.0	-8.999999999999998	67.75	-0.4761	0.002143	0.0003364	0.4761	20230704	525	aaa
0	0		221.4	14.65	185.0	0.0	-8.999999999999998	62.75	-0.4736	0.000442	-0.0007556	0.4736	20230704	533	aaa
0	0		221.4	14.65	180.0	0.0	-8.999999999999998	57.75	-0.468	0.0004325	-0.0015355	0.468	20230704	541	aaa
0	0		221.4	14.65	175.0	0.0	-8.999999999999998	52.75	-0.4633	0.0024577	-0.0024862	0.4633	20230704	548	aaa
0	0		221.4	14.65	170.0	0.0	-8.999999999999998	47.75	-0.4627	0.004936	-0.002823	0.4627	20230704	556	aaa
0	0		221.4	14.65	165.0	0.0	-8.999999999999998	42.75	-0.4586	0.005325	-0.002418	0.4587	20230704	564	aaa
0	0		221.4	14.65	160.0	0.0	-8.999999999999998	37.75	-0.4474	0.0044	-0.0019396	0.4475	20230704	572	aaa
0	0		221.4	14.65	155.0	0.0	-8.999999999999998	32.75	-0.4336	0.003062	0.0007568	0.4337	20230704	579	aaa
0	0		221.4	14.65	150.0	0.0	-8.999999999999998	27.75	-0.4286	-0.0003612	0.002995	0.4286	20230704	587	aaa
0	0		221.4	14.65	145.0	0.0	-8.999999999999998	22.75	-0.4077	-0.0026899	0.002031	0.4077	20230704	595	aaa
0	0		221.4	14.65	140.0	0.0	-8.999999999999998	17.75	-0.3518	-0.003833	-0.0011918	0.3519	20230704	603	aaa
0	0		221.4	14.65	135.0	0.0	-8.999999999999998	12.75	-0.2493	-0.003059	-0.005854	0.2494	20230704	610	aaa
0	0		221.4	14.65	130.0	0.0	-8.999999999999998	7.75	-0.14462	-0.0005665	-0.006816	0.14478	20230704	618	aaa
0	0		221.4	14.65	125.0	0.0	-8.999999999999998	2.75	-0.0815	4.93e-05	-0.005222	0.08167	20230704	626	aaa
0	0		221.4	14.65	120.0	0.0	-8.999999999999998	-2.25	-0.04854	-0.0001008	-0.00369	0.04868	20230704	634	aaa
0	0		221.4	14.65	115.0	0.0	-8.999999999999998	-7.25	-0.03051	-0.0003294	-0.002637	0.03063	20230704	641	aaa
0	0		221.4	14.65	110.0	0.0	-8.999999999999998	-12.25	-0.019968	-0.0004533	-0.0018677	0.02006	20230704	649	aaa
0	0		221.4	14.65	105.0	0.0	-8.999999999999998	-17.25	-0.013431	-0.0005031	-0.0013103	0.013504	20230704	657	aaa
0	0		221.4	14.65	100.0	0.0	-8.999999999999998	-22.25	-0.009225	-0.0004908	-0.0008974	0.009281	20230704	665	aaa
0	0		221.4	14.65	95.0	0.0	-8.999999999999998	-27.25	-0.006438	-0.0004524	-0.000602	0.006482	20230704	673	aaa
0	0		221.4	14.65	90.0	0.0	-8.999999999999998	-32.25	-0.004554	-0.0004035	-0.0003943	0.004589	20230704	680	aaa
0	0		221.4	14.65	85.0	0.0	-8.999999999999998	-37.25	-0.003265	-0.0003542	-0.0002511	0.003293	20230704	688	aaa
0	0		221.4	14.65	80.0	0.0	-8.999999999999998	-42.25	-0.002367	-0.000307	-0.0001528	0.002392	20230704	696	aaa
0	0		225.9	14.65	80.0	4.5	-8.999999999999998	-42.25	-0.002405	0.0007284	0.0005528	0.002573	20230704	703	aaa
0	0		225.9	14.65	85.0	4.5	-8.999999999999998	-37.25	-0.003322	0.0010556	0.0007565	0.003567	20230704	711	aaa
0	0		225.9	14.65	90.0	4.5	-8.999999999999998	-32.25	-0.004642	0.0015366	0.0010625	0.005003	20230704	719	aaa
0	0		225.9	14.65	95.0	4.5	-8.999999999999998	-27.25	-0.006566	0.0022507	0.0015353	0.007109	20230704	727	aaa
0	0		225.9	14.65	100.0	4.5	-8.999999999999998	-22.25	-0.009417	0.003322	0.0022946	0.010247	20230704	735	aaa
0	0		225.9	14.65	105.0	4.5	-8.999999999999998	-17.25	-0.013717	0.004934	0.003559	0.015005	20230704	742	aaa
0	0		225.9	14.65	110.0	4.5	-8.999999999999998	-12.25	-0.0204	0.007403	0.005807	0.022465	20230704	750	aaa
0	0		225.9	14.65	115.0	4.5	-8.999999999999998	-7.25	-0.03119	0.011151	0.010012	0.0346	20230704	758	aaa
0	0		225.9	14.65	120.0	4.5	-8.999999999999998	-2.25	-0.04963	0.01693	0.018562	0.05562	20230704	765	aaa
0	0		225.9	14.65	125.0	4.5	-8.999999999999998	2.75	-0.08328	0.026469	0.03653	0.09471	20230704	773	aaa
0	0		225.9	14.65	130.0	4.5	-8.999999999999998	7.75	-0.14704	0.04808	0.07089	0.17017	20230704	781	aaa
0	0		225.9	14.65	135.0	4.5	-8.999999999999998	12.75	-0.25084	0.11504	0.10043	0.29367	20230704	789	aaa
0	0		225.9	14.65	140.0	4.5	-8.999999999999998	17.75	-0.3534	0.18773	0.07056	0.4064	20230704	797	aaa
0	0		225.9	14.65	145.0	4.5	-8.999999999999998	22.75	-0.4101	0.20981	0.0325	0.4618	20230704	804	aaa
0	0		225.9	14.65	150.0	4.5	-8.999999999999998	27.75	-0.4318	0.21723	0.009832	0.4834	20230704	812	aaa
0	0		225.9	14.65	155.0	4.5	-8.999999999999998	32.75	-0.4376	0.21336	0.005654	0.4869	20230704	820	aaa
0	0		225.9	14.65	160.0	4.5	-8.999999999999998	37.75	-0.4491	0.22949	0.008465	0.5044	20230704	828	aaa
0	0		225.9	14.65	165.0	4.5	-8.999999999999998	42.75	-0.459	0.23757	0.0016059	0.5169	20230704	835	aaa
0	0		225.9	14.65	170.0	4.5	-8.999999999999998	47.75	-0.4628	0.23747	-0.003991	0.5202	20230704	843	aaa
0	0		225.9	14.65	175.0	4.5	-8.999999999999998	52.75	-0.464	0.22774	-0.0016415	0.5169	20230704	851	aaa
0	0		225.9	14.65	180.0	4.5	-8.999999999999998	57.75	-0.4703	0.23067	0.00357	0.5238	20230704	859	aaa
0	0		225.9	14.65	185.0	4.5	-8.999999999999998	62.75	-0.4766	0.2347	-5.25e-05	0.5312	20230704	866	aaa
0	0		225.9	14.65	190.0	4.5	-8.999999999999998	67.75	-0.4773	0.23716	-0.004392	0.533	20230704	874	aaa
0	0		225.9	14.65	195.0	4.5	-8.999999999999998	72.75	-0.4736	0.23496	-0.003188	0.5287	20230704	882	aaa
0	0		225.9	14.65	200.0	4.5	-8.999999999999998	77.75	-0.4729	0.24316	0.0003231	0.5318	20230704	890	aaa
0	0		225.9	14.65	205.0	4.5	-8.999999999999998	82.75	-0.4719	0.2463	-0.003998	0.5323	20230704	897	aaa
0	0		225.9	14.65	210.0	4.5	-8.999999999999998	87.75	-0.4665	0.24394	-0.010309	0.5266	20230704	905	aaa
0	0		225.9	14.65	215.0	4.5	-8.999999999999998	92.75	-0.4561	0.23385	-0.014243	0.5128	20230704	913	aaa
0	0		225.9	14.65	220.0	4.5	-8.999999999999998	97.75	-0.4436	0.23225	-0.015787	0.501	20230704	921	aaa
0	0		225.9	14.65	225.0	4.5	-8.999999999999998	102.75	-0.4198	0.22806	-0.03105	0.4788	20230704	929	aaa
0	0		225.9	14.65	230.0	4.5	-8.999999999999998	107.75	-0.3675	0.2118	-0.06272	0.4287	20230704	936	aaa
0	0		225.9	14.65	235.0	4.5	-8.999999999999998	112.75	-0.2713	0.15037	-0.09898	0.3256	20230704	944	aaa
0	0		225.9	14.65	240.0	4.5	-8.999999999999998	117.75	-0.16061	0.0626	-0.07891	0.18958	20230704	952	aaa
0	0		225.9	14.65	245.0	4.5	-8.999999999999998	122.75	-0.08809	0.03125	-0.04239	0.10263	20230704	959	aaa
0	0		225.9	14.65	250.0	4.5	-8.999999999999998	127.75	-0.05031	0.019354	-0.02228	0.05833	20230704	967	aaa
0	0		225.9	14.65	255.0	4.5	-8.999999999999998	132.75	-0.03055	0.012771	-0.012798	0.0355	20230704	975	aaa
0	0		225.9	14.65	260.0	4.5	-8.999999999999998	137.75	-0.019503	0.008597	-0.008017	0.022771	20230704	983	aaa
0	0		225.9	14.65	265.0	4.5	-8.999999999999998	142.75	-0.012911	0.005872	-0.005362	0.015163	20230704	990	aaa
0	0		225.9	14.65	270.0	4.5	-8.999999999999998	147.75	-0.008791	0.004063	-0.003733	0.010379	20230704	998	aaa
0	0		225.9	14.65	275.0	4.5	-8.999999999999998	152.75	-0.006112	0.002849	-0.002676	0.007255	20230704	1006	aaa
0	0		225.9	14.65	280.0	4.5	-8.999999999999998	157.75	-0.004329	0.002018	-0.0019573	0.005161	20230704	1014	aaa
0	0		225.9	14.65	285.0	4.5	-8.999999999999998	162.75	-0.003117	0.0014429	-0.0014568	0.003731	20230704	1022	aaa
0	0		225.9	14.65	290.0	4.5	-8.999999999999998	167.75	-0.002276	0.0010403	-0.0011002	0.002734	20230704	1029	aaa
0	0		230.4	19.15	290.0	9.0	-4.5	167.75	-0.0010368	0.0021925	-0.001031	0.0026353	20230704	1042	aaa
0	0		230.4	19.15	285.0	9.0	-4.5	162.75	-0.0014121	0.003032	-0.0013621	0.003611	20230704	1050	aaa
0	0		230.4	19.15	280.0	9.0	-4.5	157.75	-0.0019511	0.004234	-0.0018251	0.005006	20230704	1058	aaa
0	0		230.4	19.15	275.0	9.0	-4.5	152.75	-0.002742	0.005988	-0.0024896	0.007041	20230704	1065	aaa
0	0		230.4	19.15	270.0	9.0	-4.5	147.75	-0.003931	0.008591	-0.003474	0.010066	20230704	1073	aaa
0	0		230.4	19.15	265.0	9.0	-4.5	142.75	-0.005761	0.012531	-0.004999	0.014671	20230704	1081	aaa
0	0		230.4	19.15	260.0	9.0	-4.5	137.75	-0.008679	0.018651	-0.007505	0.021898	20230704	1089	aaa
0	0		230.4	19.15	255.0	9.0	-4.5	132.75	-0.013519	0.02851	-0.01206	0.03377	20230704	1097	aaa
0	0		230.4	19.15	250.0	9.0	-4.5	127.75	-0.022089	0.04524	-0.021166	0.05461	20230704	1104	aaa
0	0		230.4	19.15	245.0	9.0	-4.5	122.75	-0.03861	0.07645	-0.04037	0.09468	20230704	1112	aaa
0	0		230.4	19.15	240.0	9.0	-4.5	117.75	-0.07251	0.14376	-0.07475	0.17752	20230704	1120	aaa
0	0		230.4	19.15	235.0	9.0	-4.5	112.75	-0.12889	0.2795	-0.09323	0.3216	20230704	1127	aaa
0	0		230.4	19.15	230.0	9.0	-4.5	107.75	-0.17788	0.3835	-0.06059	0.427	20230704	1135	aaa
0	0		230.4	19.15	225.0	9.0	-4.5	102.75	-0.20371	0.4237	-0.03119	0.4711	20230704	1143	aaa
0	0		230.4	19.15	220.0	9.0	-4.5	97.75	-0.21639	0.4376	-0.015988	0.4885	20230704	1151	aaa
0	0		230.4	19.15	215.0	9.0	-4.5	92.75	-0.22389	0.4444	-0.011903	0.4977	20230704	1159	aaa
0	0		230.4	19.15	210.0	9.0	-4.5	87.75	-0.23029	0.4591	-0.006225	0.5137	20230704	1166	aaa
0	0		230.4	19.15	205.0	9.0	-4.5	82.75	-0.23297	0.4663	-0.0004789	0.5213	20230704	1174	aaa
0	0		230.4	19.15	200.0	9.0	-4.5	77.75	-0.23321	0.4677	0.0019836	0.5226	20230704	1182	aaa
0	0		230.4	19.15	195.0	9.0	-4.5	72.75	-0.23378	0.4667	-0.0021736	0.522	20230704	1190	aaa
0	0		230.4	19.15	190.0	9.0	-4.5	67.75	-0.23688	0.4765	-0.002677	0.5321	20230704	1198	aaa
0	0		230.4	19.15	185.0	9.0	-4.5	62.75	-0.23691	0.478	0.0026146	0.5334	20230704	1205	aaa
0	0		230.4	19.15	180.0	9.0	-4.5	57.75	-0.23283	0.471	0.007798	0.5254	20230704	1213	aaa
0	0		230.4	19.15	175.0	9.0	-4.5	52.75	-0.22742	0.4599	0.003766	0.5131	20230704	1221	aaa
0	0		230.4	19.15	170.0	9.0	-4.5	47.75	-0.2262	0.4633	0.0003612	0.5156	20230704	1228	aaa
0	0		230.4	19.15	165.0	9.0	-4.5	42.75	-0.22467	0.4606	0.003578	0.5125	20230704	1236	aaa
0	0		230.4	19.15	160.0	9.0	-4.5	37.75	-0.22081	0.4483	0.008138	0.4998	20230704	1244	aaa
0	0		230.4	19.15	155.0	9.0	-4.5	32.75	-0.21701	0.4292	0.003968	0.481	20230704	1252	aaa
0	0		230.4	19.15	150.0	9.0	-4.5	27.75	-0.21773	0.4309	0.008948	0.4829	20230704	1260	aaa
0	0		230.4	19.15	145.0	9.0	-4.5	22.75	-0.20958	0.4135	0.0333	0.4647	20230704	1267	aaa
0	0		230.4	19.15	140.0	9.0	-4.5	17.75	-0.1823	0.3641	0.07206	0.4135	20230704	1275	aaa
0	0		230.4	19.15	135.0	9.0	-4.5	12.75	-0.12749	0.2433	0.10146	0.2928	20230704	1283	aaa
0	0		230.4	19.15	130.0	9.0	-4.5	7.75	-0.07211	0.12399	0.07249	0.16071	20230704	1290	aaa
0	0		230.4	19.15	125.0	9.0	-4.5	2.75	-0.04055	0.06835	0.03758	0.08791	20230704	1298	aaa
0	0		230.4	19.15	120.0	9.0	-4.5	-2.25	-0.02456	0.04107	0.019189	0.05156	20230704	1306	aaa
0	0		230.4	19.15	115.0	9.0	-4.5	-7.25	-0.015714	0.02588	0.010485	0.03205	20230704	1314	aaa
0	0		230.4	19.15	110.0	9.0	-4.5	-12.25	-0.010429	0.01683	0.006208	0.02075	20230704	1321	aaa
0	0		230.4	19.15	105.0	9.0	-4.5	-17.25	-0.007073	0.011183	0.003908	0.013797	20230704	1329	aaa
0	0		230.4	19.15	100.0	9.0	-4.5	-22.25	-0.004869	0.007566	0.00258	0.00936	20230704	1337	aaa
0	0		230.4	19.15	95.0	9.0	-4.5	-27.25	-0.0034	0.005199	0.0017657	0.006458	20230704	1345	aaa
0	0		230.4	19.15	90.0	9.0	-4.5	-32.25	-0.002401	0.003622	0.0012433	0.00452	20230704	1353	aaa
0	0		230.4	19.15	85.0	9.0	-4.5	-37.25	-0.001709	0.002552	0.0008947	0.003199	20230704	1360	aaa
0	0		230.4	19.15	80.0	9.0	-4.5	-42.25	-0.0012291	0.0018178	0.0006585	0.002291	20230704	1368	aaa
0	0		225.9	19.15	80.0	4.5	-4.5	-42.25	-0.0012627	0.0007432	0.0002919	0.001494	20230704	1376	aaa
0	0		225.9	19.15	85.0	4.5	-4.5	-37.25	-0.0017553	0.0010834	0.0003717	0.002096	20230704	1383	aaa
0	0		225.9	19.15	90.0	4.5	-4.5	-32.25	-0.0024659	0.0015908	0.0004877	0.0029747	20230704	1391	aaa
0	0		225.9	19.15	95.0	4.5	-4.5	-27.25	-0.003499	0.0023564	0.0006635	0.00427	20230704	1399	aaa
0	0		225.9	19.15	100.0	4.5	-4.5	-22.25	-0.005032	0.003534	0.0009527	0.006222	20230704	1407	aaa
0	0		225.9	19.15	105.0	4.5	-4.5	-17.25	-0.007347	0.005356	0.0014511	0.009207	20230704	1415	aaa
0	0		225.9	19.15	110.0	4.5	-4.5	-12.25	-0.010962	0.008288	0.0024182	0.013953	20230704	1422	aaa
0	0		225.9	19.15	115.0	4.5	-4.5	-7.25	-0.016796	0.013096	0.004403	0.021748	20230704	1430	aaa
0	0		225.9	19.15	120.0	4.5	-4.5	-2.25	-0.026891	0.021342	0.008755	0.035429	20230704	1438	aaa
0	0		225.9	19.15	125.0	4.5	-4.5	2.75	-0.04515	0.03636	0.017934	0.06068	20230704	1446	aaa
0	0		225.9	19.15	130.0	4.5	-4.5	7.75	-0.07775	0.06593	0.03326	0.10723	20230704	1453	aaa
0	0		225.9	19.15	135.0	4.5	-4.5	12.75	-0.12563	0.11822	0.04389	0.17801	20230704	1461	aaa
0	0		225.9	19.15	140.0	4.5	-4.5	17.75	-0.17255	0.17093	0.03486	0.24536	20230704	1469	aaa
0	0		225.9	19.15	145.0	4.5	-4.5	22.75	-0.20089	0.19834	0.018445	0.28291	20230704	1477	aaa
0	0		225.9	19.15	150.0	4.5	-4.5	27.75	-0.2125	0.20961	0.00683	0.29855	20230704	1484	aaa
0	0		225.9	19.15	155.0	4.5	-4.5	32.75	-0.21579	0.21377	0.002805	0.30376	20230704	1492	aaa
0	0		225.9	19.15	160.0	4.5	-4.5	37.75	-0.21974	0.22173	0.002542	0.31218	20230704	1500	aaa
0	0		225.9	19.15	165.0	4.5	-4.5	42.75	-0.22335	0.22811	0.0006386	0.31924	20230704	1508	aaa
0	0		225.9	19.15	170.0	4.5	-4.5	47.75	-0.22539	0.22943	-0.0007167	0.32162	20230704	1516	aaa
0	0		225.9	19.15	175.0	4.5	-4.5	52.75	-0.22692	0.22872	0.0005488	0.32219	20230704	1523	aaa
0	0		225.9	19.15	180.0	4.5	-4.5	57.75	-0.2305	0.2314	0.0020294	0.32663	20230704	1531	aaa
0	0		225.9	19.15	185.0	4.5	-4.5	62.75	-0.23352	0.23419	0.0006262	0.33072	20230704	1539	aaa
0	0		225.9	19.15	190.0	4.5	-4.5	67.75	-0.23475	0.23456	-0.0010657	0.33185	20230704	1546	aaa
0	0		225.9	19.15	195.0	4.5	-4.5	72.75	-0.23385	0.23296	-0.000471	0.33008	20230704	1554	aaa
0	0		225.9	19.15	200.0	4.5	-4.5	77.75	-0.23371	0.23372	0.0010369	0.33053	20230704	1562	aaa
0	0		225.9	19.15	205.0	4.5	-4.5	82.75	-0.23338	0.23338	0.0001524	0.33003	20230704	1570	aaa
0	0		225.9	19.15	210.0	4.5	-4.5	87.75	-0.23104	0.22923	-0.0026325	0.32547	20230704	1578	aaa
0	0		225.9	19.15	215.0	4.5	-4.5	92.75	-0.22605	0.2224	-0.005658	0.31717	20230704	1585	aaa
0	0		225.9	19.15	220.0	4.5	-4.5	97.75	-0.21814	0.21681	-0.008727	0.30768	20230704	1593	aaa
0	0		225.9	19.15	225.0	4.5	-4.5	102.75	-0.20327	0.20756	-0.015746	0.29094	20230704	1601	aaa
0	0		225.9	19.15	230.0	4.5	-4.5	107.75	-0.17505	0.18455	-0.02845	0.25595	20230704	1609	aaa
0	0		225.9	19.15	235.0	4.5	-4.5	112.75	-0.12978	0.13571	-0.03978	0.19194	20230704	1616	aaa
0	0		225.9	19.15	240.0	4.5	-4.5	117.75	-0.08017	0.07736	-0.03406	0.1165	20230704	1624	aaa
0	0		225.9	19.15	245.0	4.5	-4.5	122.75	-0.04485	0.04184	-0.02035	0.06462	20230704	1632	aaa
0	0		225.9	19.15	250.0	4.5	-4.5	127.75	-0.02527	0.0243	-0.011207	0.03681	20230704	1640	aaa
0	0		225.9	19.15	255.0	4.5	-4.5	132.75	-0.015058	0.0151	-0.006624	0.02233	20230704	1647	aaa
0	0		225.9	19.15	260.0	4.5	-4.5	137.75	-0.009491	0.009808	-0.004314	0.014314	20230704	1655	aaa
0	0		225.9	19.15	265.0	4.5	-4.5	142.75	-0.006246	0.006559	-0.00301	0.009544	20230704	1663	aaa
0	0		225.9	19.15	270.0	4.5	-4.5	147.75	-0.004249	0.004489	-0.002198	0.00656	20230704	1671	aaa
0	0		225.9	19.15	275.0	4.5	-4.5	152.75	-0.002966	0.003127	-0.001648	0.004614	20230704	1678	aaa
0	0		225.9	19.15	280.0	4.5	-4.5	157.75	-0.002114	0.002206	-0.0012566	0.003304	20230704	1686	aaa
0	0		225.9	19.15	285.0	4.5	-4.5	162.75	-0.0015317	0.0015748	-0.0009705	0.0024016	20230704	1694	aaa
0	0		225.9	19.15	290.0	4.5	-4.5	167.75	-0.0011272	0.0011346	-0.0007573	0.0017695	20230704	1702	aaa
0	0		221.4	19.15	290.0	0.0	-4.5	167.75	-0.0011709	7.6e-06	-0.0004598	0.001258	20230704	1710	aaa
0	0		221.4	19.15	285.0	0.0	-4.5	162.75	-0.0015838	2.07e-05	-0.0005473	0.0016756	20230704	1717	aaa
0	0		221.4	19.15	280.0	0.0	-4.5	157.75	-0.0021709	3.49e-05	-0.000644	0.0022647	20230704	1725	aaa
0	0		221.4	19.15	275.0	0.0	-4.5	152.75	-0.003027	4.86e-05	-0.0007418	0.003117	20230704	1733	aaa
0	0		221.4	19.15	270.0	0.0	-4.5	147.75	-0.0043	5.58e-05	-0.0008203	0.004378	20230704	1740	aaa
0	0		221.4	19.15	265.0	0.0	-4.5	142.75	-0.006266	5.17e-05	-0.0008382	0.006322	20230704	1748	aaa
0	0		221.4	19.15	260.0	0.0	-4.5	137.75	-0.009435	3.04e-05	-0.0007125	0.009461	20230704	1756	aaa
0	0		221.4	19.15	255.0	0.0	-4.5	132.75	-0.014846	-3.7e-05	-0.0002817	0.014849	20230704	1764	aaa
0	0		221.4	19.15	250.0	0.0	-4.5	127.75	-0.024822	-0.0001916	0.0007122	0.024833	20230704	1772	aaa
0	0		221.4	19.15	245.0	0.0	-4.5	122.75	-0.0442	-0.0005878	0.0025557	0.04428	20230704	1779	aaa
0	0		221.4	19.15	240.0	0.0	-4.5	117.75	-0.07993	-0.0015854	0.00498	0.08011	20230704	1787	aaa
0	0		221.4	19.15	235.0	0.0	-4.5	112.75	-0.13083	-0.003145	0.006318	0.13102	20230704	1795	aaa
0	0		221.4	19.15	230.0	0.0	-4.5	107.75	-0.17723	-0.004441	0.005318	0.17735	20230704	1802	aaa
0	0		221.4	19.15	225.0	0.0	-4.5	102.75	-0.20574	-0.005433	0.00296	0.20584	20230704	1810	aaa
0	0		221.4	19.15	220.0	0.0	-4.5	97.75	-0.22034	-0.005389	0.0008974	0.22041	20230704	1818	aaa
0	0		221.4	19.15	215.0	0.0	-4.5	92.75	-0.22765	-0.004176	0.000357	0.22769	20230704	1826	aaa
0	0		221.4	19.15	210.0	0.0	-4.5	87.75	-0.23255	-0.00262	0.0009359	0.23256	20230704	1833	aaa
0	0		221.4	19.15	205.0	0.0	-4.5	82.75	-0.23474	-0.0014913	0.0013395	0.23475	20230704	1841	aaa
0	0		221.4	19.15	200.0	0.0	-4.5	77.75	-0.23478	-0.0020461	0.0011299	0.23479	20230704	1849	aaa
0	0		221.4	19.15	195.0	0.0	-4.5	72.75	-0.2343	-0.00338	0.0004778	0.23433	20230704	1857	aaa
0	0		221.4	19.15	190.0	0.0	-4.5	67.75	-0.23434	-0.004759	-0.000431	0.23439	20230704	1865	aaa
0	0		221.4	19.15	185.0	0.0	-4.5	62.75	-0.23232	-0.005423	-0.0009501	0.23239	20230704	1872	aaa
0	0		221.4	19.15	180.0	0.0	-4.5	57.75	-0.22944	-0.00549	-0.001142	0.22951	20230704	1880	aaa
0	0		221.4	19.15	175.0	0.0	-4.5	52.75	-0.22647	-0.005035	-0.0014031	0.22652	20230704	1888	aaa
0	0		221.4	19.15	170.0	0.0	-4.5	47.75	-0.2256	-0.004337	-0.0017079	0.22564	20230704	1895	aaa
0	0		221.4	19.15	165.0	0.0	-4.5	42.75	-0.22349	-0.003878	-0.0018663	0.22353	20230704	1903	aaa
0	0		221.4	19.15	160.0	0.0	-4.5	37.75	-0.21942	-0.004113	-0.0015716	0.21946	20230704	1911	aaa
0	0		221.4	19.15	155.0	0.0	-4.5	32.75	-0.2148	-0.004731	9e-06	0.21485	20230704	1919	aaa
0	0		221.4	19.15	150.0	0.0	-4.5	27.75	-0.21186	-0.006444	0.0016933	0.21197	20230704	1927	aaa
0	0		221.4	19.15	145.0	0.0	-4.5	22.75	-0.20084	-0.007638	0.0017125	0.201	20230704	1934	aaa
0	0		221.4	19.15	140.0	0.0	-4.5	17.75	-0.17298	-0.007472	-0.0002419	0.17314	20230704	1942	aaa
0	0		221.4	19.15	135.0	0.0	-4.5	12.75	-0.12587	-0.005739	-0.003352	0.12605	20230704	1950	aaa
0	0		221.4	19.15	130.0	0.0	-4.5	7.75	-0.07721	-0.003133	-0.004946	0.07743	20230704	1958	aaa
0	0		221.4	19.15	125.0	0.0	-4.5	2.75	-0.04435	-0.001716	-0.004578	0.04462	20230704	1965	aaa
0	0		221.4	19.15	120.0	0.0	-4.5	-2.25	-0.02625	-0.0013012	-0.003574	0.02653	20230704	1973	aaa
0	0		221.4	19.15	115.0	0.0	-4.5	-7.25	-0.016317	-0.0011843	-0.002589	0.016563	20230704	1981	aaa
0	0		221.4	19.15	110.0	0.0	-4.5	-12.25	-0.010628	-0.0010839	-0.0017978	0.010833	20230704	1989	aaa
0	0		221.4	19.15	105.0	0.0	-4.5	-17.25	-0.007123	-0.0009632	-0.0012105	0.007289	20230704	1996	aaa
0	0		221.4	19.15	100.0	0.0	-4.5	-22.25	-0.004883	-0.0008196	-0.000789	0.005014	20230704	2004	aaa
0	0		221.4	19.15	95.0	0.0	-4.5	-27.25	-0.003399	-0.0006915	-0.0005009	0.003505	20230704	2012	aaa
0	0		221.4	19.15	90.0	0.0	-4.5	-32.25	-0.002405	-0.0005737	-0.0003054	0.00249	20230704	2020	aaa
0	0		221.4	19.15	85.0	0.0	-4.5	-37.25	-0.0017142	-0.0004763	-0.0001758	0.0017879	20230704	2027	aaa
0	0		221.4	19.15	80.0	0.0	-4.5	-42.25	-0.0012379	-0.0003946	-9.09e-05	0.0013026	20230704	2035	aaa
0	0		216.9	19.15	80.0	-4.5	-4.5	-42.25	-0.0011571	-0.0015401	-0.0004659	0.0019818	20230704	2043	aaa
0	0		216.9	19.15	85.0	-4.5	-4.5	-37.25	-0.0015914	-0.002049	-0.0007109	0.00269	20230704	2051	aaa
0	0		216.9	19.15	90.0	-4.5	-4.5	-32.25	-0.0022161	-0.0027592	-0.0010804	0.0037002	20230704	2058	aaa
0	0		216.9	19.15	95.0	-4.5	-4.5	-27.25	-0.003113	-0.003769	-0.0016365	0.005155	20230704	2066	aaa
0	0		216.9	19.15	100.0	-4.5	-4.5	-22.25	-0.004437	-0.005214	-0.0024893	0.007285	20230704	2074	aaa
0	0		216.9	19.15	105.0	-4.5	-4.5	-17.25	-0.006414	-0.007337	-0.003815	0.010466	20230704	2082	aaa
0	0		216.9	19.15	110.0	-4.5	-4.5	-12.25	-0.00946	-0.010518	-0.005929	0.015339	20230704	2089	aaa
0	0		216.9	19.15	115.0	-4.5	-4.5	-7.25	-0.014285	-0.015506	-0.009453	0.023105	20230704	2097	aaa
0	0		216.9	19.15	120.0	-4.5	-4.5	-2.25	-0.022517	-0.023898	-0.01577	0.036425	20230704	2105	aaa
0	0		216.9	19.15	125.0	-4.5	-4.5	2.75	-0.03777	-0.0395	-0.027134	0.06102	20230704	2113	aaa
0	0		216.9	19.15	130.0	-4.5	-4.5	7.75	-0.06949	-0.07174	-0.04383	0.10907	20230704	2121	aaa
0	0		216.9	19.15	135.0	-4.5	-4.5	12.75	-0.12807	-0.13033	-0.05126	0.18978	20230704	2128	aaa
0	0		216.9	19.15	140.0	-4.5	-4.5	17.75	-0.18414	-0.18606	-0.03474	0.26407	20230704	2136	aaa
0	0		216.9	19.15	145.0	-4.5	-4.5	22.75	-0.21019	-0.21341	-0.014374	0.29988	20230704	2144	aaa
0	0		216.9	19.15	150.0	-4.5	-4.5	27.75	-0.21703	-0.22209	-0.002848	0.31054	20230704	2151	aaa
0	0		216.9	19.15	155.0	-4.5	-4.5	32.75	-0.21417	-0.22241	-0.003106	0.30878	20230704	2159	aaa
0	0		216.9	19.15	160.0	-4.5	-4.5	37.75	-0.22027	-0.23089	-0.006598	0.31917	20230704	2167	aaa
0	0		216.9	19.15	165.0	-4.5	-4.5	42.75	-0.22535	-0.23791	-0.004592	0.32772	20230704	2175	aaa
0	0		216.9	19.15	170.0	-4.5	-4.5	47.75	-0.22662	-0.24024	-0.00257	0.33027	20230704	2183	aaa
0	0		216.9	19.15	175.0	-4.5	-4.5	52.75	-0.22636	-0.24078	-0.002902	0.33049	20230704	2190	aaa
0	0		216.9	19.15	180.0	-4.5	-4.5	57.75	-0.22964	-0.24328	-0.004123	0.33457	20230704	2198	aaa
0	0		216.9	19.15	185.0	-4.5	-4.5	62.75	-0.23348	-0.24565	-0.003114	0.33892	20230704	2206	aaa
0	0		216.9	19.15	190.0	-4.5	-4.5	67.75	-0.23599	-0.24561	-0.0008939	0.34061	20230704	2214	aaa
0	0		216.9	19.15	195.0	-4.5	-4.5	72.75	-0.23518	-0.24245	0.0006544	0.33778	20230704	2222	aaa
0	0		216.9	19.15	200.0	-4.5	-4.5	77.75	-0.23614	-0.24081	0.0006283	0.33727	20230704	2229	aaa
0	0		216.9	19.15	205.0	-4.5	-4.5	82.75	-0.23663	-0.24013	0.0023456	0.33714	20230704	2237	aaa
0	0		216.9	19.15	210.0	-4.5	-4.5	87.75	-0.23364	-0.23845	0.004423	0.33387	20230704	2245	aaa
0	0		216.9	19.15	215.0	-4.5	-4.5	92.75	-0.22733	-0.23542	0.005886	0.32732	20230704	2252	aaa
0	0		216.9	19.15	220.0	-4.5	-4.5	97.75	-0.22119	-0.23275	0.0099	0.32124	20230704	2260	aaa
0	0		216.9	19.15	225.0	-4.5	-4.5	102.75	-0.20958	-0.22336	0.021645	0.30705	20230704	2268	aaa
0	0		216.9	19.15	230.0	-4.5	-4.5	107.75	-0.18301	-0.19745	0.03983	0.27215	20230704	2276	aaa
0	0		216.9	19.15	235.0	-4.5	-4.5	112.75	-0.13087	-0.14449	0.05358	0.20218	20230704	2283	aaa
0	0		216.9	19.15	240.0	-4.5	-4.5	117.75	-0.07062	-0.08131	0.04436	0.11647	20230704	2291	aaa
0	0		216.9	19.15	245.0	-4.5	-4.5	122.75	-0.03626	-0.04322	0.02498	0.0617	20230704	2299	aaa
0	0		216.9	19.15	250.0	-4.5	-4.5	127.75	-0.02069	-0.02482	0.012128	0.03452	20230704	2307	aaa
0	0		216.9	19.15	255.0	-4.5	-4.5	132.75	-0.012923	-0.015266	0.005739	0.020808	20230704	2314	aaa
0	0		216.9	19.15	260.0	-4.5	-4.5	137.75	-0.008535	-0.009822	0.002711	0.013292	20230704	2322	aaa
0	0		216.9	19.15	265.0	-4.5	-4.5	142.75	-0.005834	-0.006522	0.0012481	0.008839	20230704	2330	aaa
0	0		216.9	19.15	270.0	-4.5	-4.5	147.75	-0.004088	-0.004433	0.0005185	0.006053	20230704	2338	aaa
0	0		216.9	19.15	275.0	-4.5	-4.5	152.75	-0.002923	-0.00307	0.0001494	0.004241	20230704	2345	aaa
0	0		216.9	19.15	280.0	-4.5	-4.5	157.75	-0.002124	-0.002167	-3.44e-05	0.003034	20230704	2353	aaa
0	0		216.9	19.15	285.0	-4.5	-4.5	162.75	-0.001564	-0.0015544	-0.0001226	0.0022083	20230704	2361	aaa
0	0		216.9	19.15	290.0	-4.5	-4.5	167.75	-0.0011666	-0.0011346	-0.0001591	0.0016351	20230704	2369	aaa
0	0		212.4	19.15	290.0	-9.0	-4.5	167.75	-0.0011208	-0.0022226	0.0001271	0.0024925	20230704	2377	aaa
0	0		212.4	19.15	285.0	-9.0	-4.5	162.75	-0.0014866	-0.003048	0.0002757	0.003402	20230704	2384	aaa
0	0		212.4	19.15	280.0	-9.0	-4.5	157.75	-0.0019918	-0.00424	0.0005278	0.004714	20230704	2392	aaa
0	0		212.4	19.15	275.0	-9.0	-4.5	152.75	-0.0026982	-0.005985	0.0009572	0.006634	20230704	2400	aaa
0	0		212.4	19.15	270.0	-9.0	-4.5	147.75	-0.003698	-0.008587	0.0017025	0.009503	20230704	2407	aaa
0	0		212.4	19.15	265.0	-9.0	-4.5	142.75	-0.005121	-0.012549	0.003029	0.013888	20230704	2415	aaa
0	0		212.4	19.15	260.0	-9.0	-4.5	137.75	-0.007168	-0.018738	0.005499	0.020802	20230704	2423	aaa
0	0		212.4	19.15	255.0	-9.0	-4.5	132.75	-0.010103	-0.02874	0.010363	0.03217	20230704	2431	aaa
0	0		212.4	19.15	250.0	-9.0	-4.5	127.75	-0.01441	-0.04574	0.020643	0.05221	20230704	2439	aaa
0	0		212.4	19.15	245.0	-9.0	-4.5	122.75	-0.021958	-0.07752	0.04313	0.09139	20230704	2446	aaa
0	0		212.4	19.15	240.0	-9.0	-4.5	117.75	-0.04584	-0.14769	0.08554	0.17672	20230704	2454	aaa
0	0		212.4	19.15	235.0	-9.0	-4.5	112.75	-0.12648	-0.2955	0.11129	0.3401	20230704	2462	aaa
0	0		212.4	19.15	230.0	-9.0	-4.5	107.75	-0.18554	-0.4082	0.07409	0.4545	20230704	2470	aaa
0	0		212.4	19.15	225.0	-9.0	-4.5	102.75	-0.2038	-0.4536	0.03706	0.4987	20230704	2477	aaa
0	0		212.4	19.15	220.0	-9.0	-4.5	97.75	-0.21148	-0.4685	0.01552	0.5142	20230704	2485	aaa
0	0		212.4	19.15	215.0	-9.0	-4.5	92.75	-0.21699	-0.4693	0.011368	0.5172	20230704	2493	aaa
0	0		212.4	19.15	210.0	-9.0	-4.5	87.75	-0.23039	-0.4781	0.00824	0.5308	20230704	2500	aaa
0	0		212.4	19.15	205.0	-9.0	-4.5	82.75	-0.23456	-0.4821	0.002701	0.5362	20230704	2508	aaa
0	0		212.4	19.15	200.0	-9.0	-4.5	77.75	-0.23355	-0.4824	-0.0020832	0.536	20230704	2516	aaa
0	0		212.4	19.15	195.0	-9.0	-4.5	72.75	-0.23126	-0.4823	0.0010032	0.5349	20230704	2524	aaa
0	0		212.4	19.15	190.0	-9.0	-4.5	67.75	-0.2359	-0.4896	-0.0025174	0.5435	20230704	2532	aaa
0	0		212.4	19.15	185.0	-9.0	-4.5	62.75	-0.23228	-0.4883	-0.006759	0.5408	20230704	2539	aaa
0	0		212.4	19.15	180.0	-9.0	-4.5	57.75	-0.22713	-0.4832	-0.009224	0.534	20230704	2547	aaa
0	0		212.4	19.15	175.0	-9.0	-4.5	52.75	-0.22018	-0.476	-0.004566	0.5245	20230704	2555	aaa
0	0		212.4	19.15	170.0	-9.0	-4.5	47.75	-0.22378	-0.4787	-0.003373	0.5284	20230704	2563	aaa
0	0		212.4	19.15	165.0	-9.0	-4.5	42.75	-0.22399	-0.4746	-0.007685	0.5248	20230704	2570	aaa
0	0		212.4	19.15	160.0	-9.0	-4.5	37.75	-0.21937	-0.4605	-0.014986	0.5103	20230704	2578	aaa
0	0		212.4	19.15	155.0	-9.0	-4.5	32.75	-0.20454	-0.4325	-0.004546	0.4785	20230704	2586	aaa
0	0		212.4	19.15	150.0	-9.0	-4.5	27.75	-0.2262	-0.4423	-0.0026172	0.4968	20230704	2594	aaa
0	0		212.4	19.15	145.0	-9.0	-4.5	22.75	-0.22474	-0.4277	-0.027562	0.484	20230704	2601	aaa
0	0		212.4	19.15	140.0	-9.0	-4.5	17.75	-0.20555	-0.3808	-0.07014	0.4383	20230704	2609	aaa
0	0		212.4	19.15	135.0	-9.0	-4.5	12.75	-0.12938	-0.2581	-0.11225	0.3098	20230704	2617	aaa
0	0		212.4	19.15	130.0	-9.0	-4.5	7.75	-0.04927	-0.12723	-0.08514	0.16082	20230704	2625	aaa
0	0		212.4	19.15	125.0	-9.0	-4.5	2.75	-0.02594	-0.07033	-0.04672	0.08832	20230704	2633	aaa
0	0		212.4	19.15	120.0	-9.0	-4.5	-2.25	-0.016639	-0.04341	-0.02581	0.05317	20230704	2640	aaa
0	0		212.4	19.15	115.0	-9.0	-4.5	-7.25	-0.01121	-0.02834	-0.015193	0.03405	20230704	2648	aaa
0	0		212.4	19.15	110.0	-9.0	-4.5	-12.25	-0.007697	-0.019138	-0.009449	0.022689	20230704	2656	aaa
0	0		212.4	19.15	105.0	-9.0	-4.5	-17.25	-0.005347	-0.013223	-0.006086	0.015507	20230704	2663	aaa
0	0		212.4	19.15	100.0	-9.0	-4.5	-22.25	-0.003763	-0.009303	-0.003998	0.010802	20230704	2671	aaa
0	0		212.4	19.15	95.0	-9.0	-4.5	-27.25	-0.002679	-0.006647	-0.002655	0.007643	20230704	2679	aaa
0	0		212.4	19.15	90.0	-9.0	-4.5	-32.25	-0.0019285	-0.00482	-0.0017787	0.005487	20230704	2687	aaa
0	0		212.4	19.15	85.0	-9.0	-4.5	-37.25	-0.0014016	-0.003537	-0.0011968	0.003989	20230704	2695	aaa
0	0		212.4	19.15	80.0	-9.0	-4.5	-42.25	-0.0010291	-0.002628	-0.0008079	0.002936	20230704	2702	aaa
0	0		212.4	23.65	80.0	-9.0	0.0	-42.25	-2.84e-05	-0.002789	-5.06e-05	0.00279	20230704	2710	aaa
0	0		212.4	23.65	85.0	-9.0	0.0	-37.25	-3.89e-05	-0.003774	-0.0001285	0.003776	20230704	2718	aaa
0	0		212.4	23.65	90.0	-9.0	0.0	-32.25	-5.06e-05	-0.005172	-0.0002519	0.005178	20230704	2726	aaa
0	0		212.4	23.65	95.0	-9.0	0.0	-27.25	-6.09e-05	-0.007179	-0.0004409	0.007193	20230704	2733	aaa
0	0		212.4	23.65	100.0	-9.0	0.0	-22.25	-6.69e-05	-0.01012	-0.0007274	0.010147	20230704	2741	aaa
0	0		212.4	23.65	105.0	-9.0	0.0	-17.25	-6.66e-05	-0.014512	-0.0011568	0.014558	20230704	2749	aaa
0	0		212.4	23.65	110.0	-9.0	0.0	-12.25	-6.44e-05	-0.02127	-0.0017903	0.021345	20230704	2757	aaa
0	0		212.4	23.65	115.0	-9.0	0.0	-7.25	-9.75e-05	-0.03207	-0.0027011	0.03218	20230704	2764	aaa
0	0		212.4	23.65	120.0	-9.0	0.0	-2.25	-0.0003288	-0.05041	-0.00395	0.05056	20230704	2772	aaa
0	0		212.4	23.65	125.0	-9.0	0.0	2.75	-0.0012226	-0.08398	-0.005263	0.08416	20230704	2780	aaa
0	0		212.4	23.65	130.0	-9.0	0.0	7.75	-0.003934	-0.14866	-0.005245	0.14881	20230704	2788	aaa
0	0		212.4	23.65	135.0	-9.0	0.0	12.75	-0.007563	-0.25572	-0.0011943	0.25584	20230704	2796	aaa
0	0		212.4	23.65	140.0	-9.0	0.0	17.75	-0.006998	-0.36	0.0021211	0.3601	20230704	2803	aaa
0	0		212.4	23.65	145.0	-9.0	0.0	22.75	-0.005728	-0.4176	0.0020389	0.4176	20230704	2811	aaa
0	0		212.4	23.65	150.0	-9.0	0.0	27.75	-0.00316	-0.4398	0.0013461	0.4398	20230704	2819	aaa
0	0		212.4	23.65	155.0	-9.0	0.0	32.75	0.0018574	-0.4454	-0.0011436	0.4454	20230704	2826	aaa
0	0		212.4	23.65	160.0	-9.0	0.0	37.75	0.00539	-0.4596	-0.003326	0.4596	20230704	2834	aaa
0	0		212.4	23.65	165.0	-9.0	0.0	42.75	0.008769	-0.4721	-0.004188	0.4722	20230704	2842	aaa
0	0		212.4	23.65	170.0	-9.0	0.0	47.75	0.010817	-0.4778	-0.00525	0.4779	20230704	2850	aaa
0	0		212.4	23.65	175.0	-9.0	0.0	52.75	0.011377	-0.4798	-0.007005	0.48	20230704	2857	aaa
0	0		212.4	23.65	180.0	-9.0	0.0	57.75	0.010362	-0.4843	-0.008773	0.4845	20230704	2865	aaa
0	0		212.4	23.65	185.0	-9.0	0.0	62.75	0.008716	-0.4884	-0.009627	0.4886	20230704	2873	aaa
0	0		212.4	23.65	190.0	-9.0	0.0	67.75	0.006903	-0.4885	-0.009325	0.4886	20230704	2881	aaa
0	0		212.4	23.65	195.0	-9.0	0.0	72.75	0.005541	-0.4844	-0.008766	0.4846	20230704	2889	aaa
0	0		212.4	23.65	200.0	-9.0	0.0	77.75	0.003646	-0.4817	-0.007984	0.4818	20230704	2896	aaa
0	0		212.4	23.65	205.0	-9.0	0.0	82.75	0.002454	-0.4792	-0.005934	0.4793	20230704	2904	aaa
0	0		212.4	23.65	210.0	-9.0	0.0	87.75	0.003348	-0.4734	-0.00402	0.4734	20230704	2912	aaa
0	0		212.4	23.65	215.0	-9.0	0.0	92.75	0.006615	-0.4638	-0.003326	0.4638	20230704	2919	aaa
0	0		212.4	23.65	220.0	-9.0	0.0	97.75	0.009935	-0.4519	-0.002457	0.452	20230704	2927	aaa
0	0		212.4	23.65	225.0	-9.0	0.0	102.75	0.012351	-0.4279	0.0004796	0.4281	20230704	2935	aaa
0	0		212.4	23.65	230.0	-9.0	0.0	107.75	0.015175	-0.3752	0.0026009	0.3755	20230704	2943	aaa
0	0		212.4	23.65	235.0	-9.0	0.0	112.75	0.016266	-0.2787	-0.0001799	0.2791	20230704	2951	aaa
0	0		212.4	23.65	240.0	-9.0	0.0	117.75	0.011773	-0.16647	-0.004405	0.16694	20230704	2958	aaa
0	0		212.4	23.65	245.0	-9.0	0.0	122.75	0.006672	-0.09226	-0.005168	0.09264	20230704	2966	aaa
0	0		212.4	23.65	250.0	-9.0	0.0	127.75	0.003633	-0.05301	-0.00436	0.05331	20230704	2974	aaa
0	0		212.4	23.65	255.0	-9.0	0.0	132.75	0.0019639	-0.03222	-0.003367	0.03246	20230704	2982	aaa
0	0		212.4	23.65	260.0	-9.0	0.0	137.75	0.0010415	-0.02051	-0.002541	0.02069	20230704	2989	aaa
0	0		212.4	23.65	265.0	-9.0	0.0	142.75	0.0005258	-0.013495	-0.0019152	0.01364	20230704	2997	aaa
0	0		212.4	23.65	270.0	-9.0	0.0	147.75	0.0002399	-0.009121	-0.001454	0.00924	20230704	3005	aaa
0	0		212.4	23.65	275.0	-9.0	0.0	152.75	8.06e-05	-0.006297	-0.0011122	0.006395	20230704	3013	aaa
0	0		212.4	23.65	280.0	-9.0	0.0	157.75	-4.8e-06	-0.004427	-0.000859	0.00451	20230704	3020	aaa
0	0		212.4	23.65	285.0	-9.0	0.0	162.75	-4.9e-05	-0.003161	-0.0006691	0.003231	20230704	3028	aaa
0	0		212.4	23.65	290.0	-9.0	0.0	167.75	-6.9e-05	-0.002291	-0.0005262	0.002352	20230704	3036	aaa
0	0		216.9	23.65	290.0	-4.5	0.0	167.75	-1.71e-05	-0.0011591	-0.0004931	0.0012598	20230704	3044	aaa
0	0		216.9	23.65	285.0	-4.5	0.0	162.75	1.98e-05	-0.0016009	-0.000611	0.0017136	20230704	3051	aaa
0	0		216.9	23.65	280.0	-4.5	0.0	157.75	8.78e-05	-0.0022507	-0.0007592	0.002377	20230704	3059	aaa
0	0		216.9	23.65	275.0	-4.5	0.0	152.75	0.000206	-0.003226	-0.0009433	0.003368	20230704	3067	aaa
0	0		216.9	23.65	270.0	-4.5	0.0	147.75	0.0004115	-0.004717	-0.0011692	0.004877	20230704	3075	aaa
0	0		216.9	23.65	265.0	-4.5	0.0	142.75	0.000763	-0.007048	-0.0014361	0.007234	20230704	3082	aaa
0	0		216.9	23.65	260.0	-4.5	0.0	137.75	0.0013635	-0.01084	-0.0017291	0.011062	20230704	3090	aaa
0	0		216.9	23.65	255.0	-4.5	0.0	132.75	0.0023799	-0.017303	-0.001994	0.017579	20230704	3098	aaa
0	0		216.9	23.65	250.0	-4.5	0.0	127.75	0.004067	-0.02894	-0.0020859	0.0293	20230704	3106	aaa
0	0		216.9	23.65	245.0	-4.5	0.0	122.75	0.006657	-0.05061	-0.0016662	0.05107	20230704	3113	aaa
0	0		216.9	23.65	240.0	-4.5	0.0	117.75	0.009757	-0.08882	-0.0002063	0.08935	20230704	3121	aaa
0	0		216.9	23.65	235.0	-4.5	0.0	112.75	0.011166	-0.1414	0.0020591	0.14186	20230704	3129	aaa
0	0		216.9	23.65	230.0	-4.5	0.0	107.75	0.009457	-0.18778	0.002795	0.18803	20230704	3137	aaa
0	0		216.9	23.65	225.0	-4.5	0.0	102.75	0.006693	-0.21581	0.0010714	0.21592	20230704	3145	aaa
0	0		216.9	23.65	220.0	-4.5	0.0	97.75	0.004876	-0.22956	-0.0009094	0.22961	20230704	3152	aaa
0	0		216.9	23.65	215.0	-4.5	0.0	92.75	0.00378	-0.23622	-0.001364	0.23625	20230704	3160	aaa
0	0		216.9	23.65	210.0	-4.5	0.0	87.75	0.002966	-0.24023	-0.0012589	0.24026	20230704	3168	aaa
0	0		216.9	23.65	205.0	-4.5	0.0	82.75	0.003551	-0.24262	-0.0020021	0.24265	20230704	3175	aaa
0	0		216.9	23.65	200.0	-4.5	0.0	77.75	0.005021	-0.24387	-0.003254	0.24394	20230704	3183	aaa
0	0		216.9	23.65	195.0	-4.5	0.0	72.75	0.006833	-0.24584	-0.004152	0.24597	20230704	3191	aaa
0	0		216.9	23.65	190.0	-4.5	0.0	67.75	0.008481	-0.2475	-0.004752	0.24769	20230704	3199	aaa
0	0		216.9	23.65	185.0	-4.5	0.0	62.75	0.010254	-0.24775	-0.005053	0.24802	20230704	3207	aaa
0	0		216.9	23.65	180.0	-4.5	0.0	57.75	0.011783	-0.24617	-0.004741	0.2465	20230704	3214	aaa
0	0		216.9	23.65	175.0	-4.5	0.0	52.75	0.012279	-0.24424	-0.003978	0.24459	20230704	3222	aaa
0	0		216.9	23.65	170.0	-4.5	0.0	47.75	0.011673	-0.24274	-0.003289	0.24304	20230704	3230	aaa
0	0		216.9	23.65	165.0	-4.5	0.0	42.75	0.010019	-0.23985	-0.002939	0.24007	20230704	3238	aaa
0	0		216.9	23.65	160.0	-4.5	0.0	37.75	0.007729	-0.23428	-0.002461	0.23442	20230704	3245	aaa
0	0		216.9	23.65	155.0	-4.5	0.0	32.75	0.005062	-0.22851	-0.0009673	0.22857	20230704	3253	aaa
0	0		216.9	23.65	150.0	-4.5	0.0	27.75	0.0016545	-0.22384	0.0011003	0.22385	20230704	3261	aaa
0	0		216.9	23.65	145.0	-4.5	0.0	22.75	-0.0013244	-0.21086	0.0023577	0.21087	20230704	3269	aaa
0	0		216.9	23.65	140.0	-4.5	0.0	17.75	-0.003515	-0.18082	0.0021825	0.18086	20230704	3276	aaa
0	0		216.9	23.65	135.0	-4.5	0.0	12.75	-0.004547	-0.13125	-0.0002616	0.13133	20230704	3284	aaa
0	0		216.9	23.65	130.0	-4.5	0.0	7.75	-0.003195	-0.08053	-0.003175	0.08066	20230704	3292	aaa
0	0		216.9	23.65	125.0	-4.5	0.0	2.75	-0.0014522	-0.04656	-0.003972	0.04676	20230704	3300	aaa
0	0		216.9	23.65	120.0	-4.5	0.0	-2.25	-0.0006545	-0.02795	-0.003383	0.02816	20230704	3308	aaa
0	0		216.9	23.65	115.0	-4.5	0.0	-7.25	-0.0003647	-0.017772	-0.002462	0.017945	20230704	3315	aaa
0	0		216.9	23.65	110.0	-4.5	0.0	-12.25	-0.0002643	-0.011861	-0.0016655	0.01198	20230704	3323	aaa
0	0		216.9	23.65	105.0	-4.5	0.0	-17.25	-0.0002094	-0.008167	-0.0010756	0.00824	20230704	3331	aaa
0	0		216.9	23.65	100.0	-4.5	0.0	-22.25	-0.0001624	-0.005756	-0.0006658	0.005797	20230704	3338	aaa
0	0		216.9	23.65	95.0	-4.5	0.0	-27.25	-0.0001248	-0.004123	-0.0003934	0.004144	20230704	3346	aaa
0	0		216.9	23.65	90.0	-4.5	0.0	-32.25	-9.11e-05	-0.002999	-0.0002154	0.003008	20230704	3354	aaa
0	0		216.9	23.65	85.0	-4.5	0.0	-37.25	-6.32e-05	-0.00221	-0.0001011	0.002213	20230704	3362	aaa
0	0		216.9	23.65	80.0	-4.5	0.0	-42.25	-4.22e-05	-0.0016494	-2.99e-05	0.0016503	20230704	3369	aaa
0	0		221.4	23.65	80.0	0.0	0.0	-42.25	-5.65e-05	-0.0004499	2.1e-06	0.0004534	20230704	3377	aaa
0	0		221.4	23.65	85.0	0.0	0.0	-37.25	-8.87e-05	-0.0005553	-5.58e-05	0.0005651	20230704	3385	aaa
0	0		221.4	23.65	90.0	0.0	0.0	-32.25	-0.000134	-0.0006882	-0.0001523	0.0007174	20230704	3393	aaa
0	0		221.4	23.65	95.0	0.0	0.0	-27.25	-0.0001922	-0.0008538	-0.0003072	0.0009275	20230704	3401	aaa
0	0		221.4	23.65	100.0	0.0	0.0	-22.25	-0.0002661	-0.0010576	-0.0005498	0.0012216	20230704	3408	aaa
0	0		221.4	23.65	105.0	0.0	0.0	-17.25	-0.0003578	-0.0012937	-0.0009191	0.0016267	20230704	3416	aaa
0	0		221.4	23.65	110.0	0.0	0.0	-12.25	-0.0004659	-0.0015464	-0.001455	0.0021737	20230704	3424	aaa
0	0		221.4	23.65	115.0	0.0	0.0	-7.25	-0.0005788	-0.0017904	-0.0021636	0.0028673	20230704	3432	aaa
0	0		221.4	23.65	120.0	0.0	0.0	-2.25	-0.0007697	-0.0020602	-0.002912	0.003649	20230704	3439	aaa
0	0		221.4	23.65	125.0	0.0	0.0	2.75	-0.0010713	-0.0025566	-0.003199	0.004233	20230704	3447	aaa
0	0		221.4	23.65	130.0	0.0	0.0	7.75	-0.0015407	-0.003789	-0.002113	0.004604	20230704	3455	aaa
0	0		221.4	23.65	135.0	0.0	0.0	12.75	-0.0015527	-0.006065	0.0005063	0.006281	20230704	3463	aaa
0	0		221.4	23.65	140.0	0.0	0.0	17.75	-0.0005997	-0.008541	0.0026794	0.008973	20230704	3470	aaa
0	0		221.4	23.65	145.0	0.0	0.0	22.75	0.0012933	-0.00968	0.00279	0.010157	20230704	3478	aaa
0	0		221.4	23.65	150.0	0.0	0.0	27.75	0.003767	-0.009522	0.0012918	0.010321	20230704	3486	aaa
0	0		221.4	23.65	155.0	0.0	0.0	32.75	0.006503	-0.008405	-0.0005654	0.010642	20230704	3494	aaa
0	0		221.4	23.65	160.0	0.0	0.0	37.75	0.009019	-0.007446	-0.0015185	0.011794	20230704	3501	aaa
0	0		221.4	23.65	165.0	0.0	0.0	42.75	0.010683	-0.007171	-0.0014746	0.01295	20230704	3509	aaa
0	0		221.4	23.65	170.0	0.0	0.0	47.75	0.011808	-0.007224	-0.0011748	0.013892	20230704	3517	aaa
0	0		221.4	23.65	175.0	0.0	0.0	52.75	0.012119	-0.007154	-0.0010598	0.014115	20230704	3525	aaa
0	0		221.4	23.65	180.0	0.0	0.0	57.75	0.011317	-0.007243	-0.0010854	0.01348	20230704	3532	aaa
0	0		221.4	23.65	185.0	0.0	0.0	62.75	0.010053	-0.006827	-0.0010407	0.012196	20230704	3540	aaa
0	0		221.4	23.65	190.0	0.0	0.0	67.75	0.00861	-0.006602	-0.0007556	0.010876	20230704	3548	aaa
0	0		221.4	23.65	195.0	0.0	0.0	72.75	0.00705	-0.006143	-0.000123	0.009351	20230704	3556	aaa
0	0		221.4	23.65	200.0	0.0	0.0	77.75	0.005675	-0.005549	0.0009674	0.007996	20230704	3564	aaa
0	0		221.4	23.65	205.0	0.0	0.0	82.75	0.003849	-0.006061	0.002123	0.007487	20230704	3571	aaa
0	0		221.4	23.65	210.0	0.0	0.0	87.75	0.002468	-0.007385	0.0022498	0.008105	20230704	3579	aaa
0	0		221.4	23.65	215.0	0.0	0.0	92.75	0.0019262	-0.008807	0.000981	0.009069	20230704	3587	aaa
0	0		221.4	23.65	220.0	0.0	0.0	97.75	0.0027726	-0.008989	0.0001517	0.009408	20230704	3594	aaa
0	0		221.4	23.65	225.0	0.0	0.0	102.75	0.004652	-0.008147	0.0012442	0.009464	20230704	3602	aaa
0	0		221.4	23.65	230.0	0.0	0.0	107.75	0.006982	-0.00663	0.002984	0.01008	20230704	3610	aaa
0	0		221.4	23.65	235.0	0.0	0.0	112.75	0.0083	-0.005082	0.003463	0.010331	20230704	3618	aaa
0	0		221.4	23.65	240.0	0.0	0.0	117.75	0.007648	-0.003254	0.002381	0.008645	20230704	3626	aaa
0	0		221.4	23.65	245.0	0.0	0.0	122.75	0.005715	-0.0018696	0.0008536	0.006074	20230704	3633	aaa
0	0		221.4	23.65	250.0	0.0	0.0	127.75	0.003793	-0.0009069	-0.0002403	0.003908	20230704	3641	aaa
0	0		221.4	23.65	255.0	0.0	0.0	132.75	0.002373	-0.0004106	-0.000792	0.002534	20230704	3649	aaa
0	0		221.4	23.65	260.0	0.0	0.0	137.75	0.0014514	-0.0001388	-0.0009774	0.0017554	20230704	3657	aaa
0	0		221.4	23.65	265.0	0.0	0.0	142.75	0.0008683	-1.66e-05	-0.0009728	0.001304	20230704	3664	aaa
0	0		221.4	23.65	270.0	0.0	0.0	147.75	0.0005127	4.36e-05	-0.000884	0.0010228	20230704	3672	aaa
0	0		221.4	23.65	275.0	0.0	0.0	152.75	0.0002938	5.95e-05	-0.0007681	0.0008245	20230704	3680	aaa
0	0		221.4	23.65	280.0	0.0	0.0	157.75	0.0001596	5.71e-05	-0.000651	0.0006727	20230704	3687	aaa
0	0		221.4	23.65	285.0	0.0	0.0	162.75	7.8e-05	4.59e-05	-0.0005446	0.0005521	20230704	3695	aaa
0	0		221.4	23.65	290.0	0.0	0.0	167.75	2.85e-05	3.26e-05	-0.0004524	0.0004544	20230704	3703	aaa
0	0		225.9	23.65	290.0	4.5	0.0	167.75	6.59e-05	0.0012103	-0.0004091	0.0012791	20230704	3711	aaa
0	0		225.9	23.65	285.0	4.5	0.0	162.75	0.0001194	0.0016773	-0.0004772	0.0017479	20230704	3719	aaa
0	0		225.9	23.65	280.0	4.5	0.0	157.75	0.0002037	0.0023466	-0.0005459	0.0024177	20230704	3726	aaa
0	0		225.9	23.65	275.0	4.5	0.0	152.75	0.0003349	0.003321	-0.0006045	0.003392	20230704	3734	aaa
0	0		225.9	23.65	270.0	4.5	0.0	147.75	0.0005377	0.004773	-0.0006306	0.004845	20230704	3742	aaa
0	0		225.9	23.65	265.0	4.5	0.0	142.75	0.0008496	0.006994	-0.0005805	0.007069	20230704	3750	aaa
0	0		225.9	23.65	260.0	4.5	0.0	137.75	0.0013368	0.010544	-0.0003702	0.010635	20230704	3757	aaa
0	0		225.9	23.65	255.0	4.5	0.0	132.75	0.0020616	0.016481	0.0001307	0.01661	20230704	3765	aaa
0	0		225.9	23.65	250.0	4.5	0.0	127.75	0.00314	0.027124	0.0011288	0.027329	20230704	3773	aaa
0	0		225.9	23.65	245.0	4.5	0.0	122.75	0.004608	0.04687	0.002759	0.04718	20230704	3781	aaa
0	0		225.9	23.65	240.0	4.5	0.0	117.75	0.006312	0.08192	0.004608	0.08229	20230704	3788	aaa
0	0		225.9	23.65	235.0	4.5	0.0	112.75	0.007405	0.13022	0.005112	0.13053	20230704	3796	aaa
0	0		225.9	23.65	230.0	4.5	0.0	107.75	0.006923	0.17311	0.003426	0.17329	20230704	3804	aaa
0	0		225.9	23.65	225.0	4.5	0.0	102.75	0.004796	0.19779	0.00089	0.19785	20230704	3812	aaa
0	0		225.9	23.65	220.0	4.5	0.0	97.75	0.002206	0.20911	7.74e-05	0.20912	20230704	3820	aaa
0	0		225.9	23.65	215.0	4.5	0.0	92.75	0.0006279	0.2158	0.002976	0.21582	20230704	3827	aaa
0	0		225.9	23.65	210.0	4.5	0.0	87.75	0.0016618	0.2233	0.006304	0.2234	20230704	3835	aaa
0	0		225.9	23.65	205.0	4.5	0.0	82.75	0.003797	0.22896	0.006453	0.22907	20230704	3843	aaa
0	0		225.9	23.65	200.0	4.5	0.0	77.75	0.005657	0.23155	0.00476	0.23166	20230704	3850	aaa
0	0		225.9	23.65	195.0	4.5	0.0	72.75	0.006634	0.23238	0.003252	0.23249	20230704	3858	aaa
0	0		225.9	23.65	190.0	4.5	0.0	67.75	0.007775	0.2336	0.002706	0.23374	20230704	3866	aaa
0	0		225.9	23.65	185.0	4.5	0.0	62.75	0.008833	0.23354	0.002613	0.23372	20230704	3874	aaa
0	0		225.9	23.65	180.0	4.5	0.0	57.75	0.010301	0.23149	0.002549	0.23175	20230704	3881	aaa
0	0		225.9	23.65	175.0	4.5	0.0	52.75	0.011338	0.22912	0.002116	0.22941	20230704	3889	aaa
0	0		225.9	23.65	170.0	4.5	0.0	47.75	0.011765	0.22782	0.0013105	0.22813	20230704	3897	aaa
0	0		225.9	23.65	165.0	4.5	0.0	42.75	0.011069	0.22539	0.0001611	0.22567	20230704	3905	aaa
0	0		225.9	23.65	160.0	4.5	0.0	37.75	0.009492	0.21961	-0.0007648	0.21982	20230704	3913	aaa
0	0		225.9	23.65	155.0	4.5	0.0	32.75	0.006865	0.21265	-0.0003776	0.21276	20230704	3920	aaa
0	0		225.9	23.65	150.0	4.5	0.0	27.75	0.004243	0.20541	0.0017904	0.20546	20230704	3928	aaa
0	0		225.9	23.65	145.0	4.5	0.0	22.75	0.002201	0.19206	0.003943	0.19212	20230704	3936	aaa
0	0		225.9	23.65	140.0	4.5	0.0	17.75	0.0013231	0.16433	0.004141	0.16439	20230704	3943	aaa
0	0		225.9	23.65	135.0	4.5	0.0	12.75	0.0006447	0.1201	0.0015249	0.12011	20230704	3951	aaa
0	0		225.9	23.65	130.0	4.5	0.0	7.75	-6.87e-05	0.07387	-0.0017589	0.07389	20230704	3959	aaa
0	0		225.9	23.65	125.0	4.5	0.0	2.75	-0.0006724	0.04204	-0.002939	0.04215	20230704	3967	aaa
0	0		225.9	23.65	120.0	4.5	0.0	-2.25	-0.0008543	0.02399	-0.002586	0.02416	20230704	3975	aaa
0	0		225.9	23.65	115.0	4.5	0.0	-7.25	-0.0008112	0.014227	-0.0018277	0.014367	20230704	3982	aaa
0	0		225.9	23.65	110.0	4.5	0.0	-12.25	-0.000663	0.008756	-0.0011671	0.008858	20230704	3990	aaa
0	0		225.9	23.65	105.0	4.5	0.0	-17.25	-0.000507	0.005564	-0.0006928	0.00563	20230704	3998	aaa
0	0		225.9	23.65	100.0	4.5	0.0	-22.25	-0.0003662	0.003621	-0.0003813	0.00366	20230704	4006	aaa
0	0		225.9	23.65	95.0	4.5	0.0	-27.25	-0.0002555	0.002405	-0.0001847	0.002426	20230704	4013	aaa
0	0		225.9	23.65	90.0	4.5	0.0	-32.25	-0.0001717	0.0016161	-6.51e-05	0.0016265	20230704	4021	aaa
0	0		225.9	23.65	85.0	4.5	0.0	-37.25	-0.0001119	0.0010985	5.7e-06	0.0011042	20230704	4029	aaa
0	0		225.9	23.65	80.0	4.5	0.0	-42.25	-6.82e-05	0.0007524	4.47e-05	0.0007568	20230704	4037	aaa
0	0		230.4	23.65	80.0	9.0	0.0	-42.25	-7.43e-05	0.0019023	9.52e-05	0.0019061	20230704	4044	aaa
0	0		230.4	23.65	85.0	9.0	0.0	-37.25	-0.0001252	0.0026762	7.94e-05	0.0026803	20230704	4052	aaa
0	0		230.4	23.65	90.0	9.0	0.0	-32.25	-0.0001998	0.00381	4.26e-05	0.003815	20230704	4060	aaa
0	0		230.4	23.65	95.0	9.0	0.0	-27.25	-0.0003053	0.00549	-2.96e-05	0.005499	20230704	4068	aaa
0	0		230.4	23.65	100.0	9.0	0.0	-22.25	-0.000449	0.008032	-0.0001635	0.008046	20230704	4076	aaa
0	0		230.4	23.65	105.0	9.0	0.0	-17.25	-0.0006406	0.011976	-0.0003946	0.012	20230704	4083	aaa
0	0		230.4	23.65	110.0	9.0	0.0	-12.25	-0.0008639	0.018266	-0.0007853	0.018303	20230704	4091	aaa
0	0		230.4	23.65	115.0	9.0	0.0	-7.25	-0.001085	0.02876	-0.0013939	0.02882	20230704	4099	aaa
0	0		230.4	23.65	120.0	9.0	0.0	-2.25	-0.0011314	0.04714	-0.0022569	0.04721	20230704	4106	aaa
0	0		230.4	23.65	125.0	9.0	0.0	2.75	-0.0006686	0.08131	-0.003014	0.08137	20230704	4114	aaa
0	0		230.4	23.65	130.0	9.0	0.0	7.75	0.0006896	0.14575	-0.0019786	0.14576	20230704	4122	aaa
0	0		230.4	23.65	135.0	9.0	0.0	12.75	0.0019419	0.2478	0.003211	0.24783	20230704	4130	aaa
0	0		230.4	23.65	140.0	9.0	0.0	17.75	0.0017459	0.3459	0.007155	0.346	20230704	4138	aaa
0	0		230.4	23.65	145.0	9.0	0.0	22.75	0.0016431	0.4009	0.006159	0.401	20230704	4145	aaa
0	0		230.4	23.65	150.0	9.0	0.0	27.75	0.003235	0.4236	0.002688	0.4237	20230704	4153	aaa
0	0		230.4	23.65	155.0	9.0	0.0	32.75	0.006105	0.4331	-0.0006948	0.4332	20230704	4161	aaa
0	0		230.4	23.65	160.0	9.0	0.0	37.75	0.009477	0.4468	-0.00017	0.4469	20230704	4169	aaa
0	0		230.4	23.65	165.0	9.0	0.0	42.75	0.011271	0.4582	0.0020893	0.4583	20230704	4176	aaa
0	0		230.4	23.65	170.0	9.0	0.0	47.75	0.011564	0.4625	0.004477	0.4627	20230704	4184	aaa
0	0		230.4	23.65	175.0	9.0	0.0	52.75	0.010584	0.4643	0.00589	0.4644	20230704	4192	aaa
0	0		230.4	23.65	180.0	9.0	0.0	57.75	0.009173	0.4703	0.006622	0.4704	20230704	4200	aaa
0	0		230.4	23.65	185.0	9.0	0.0	62.75	0.007625	0.475	0.006384	0.4751	20230704	4207	aaa
0	0		230.4	23.65	190.0	9.0	0.0	67.75	0.006669	0.4737	0.006313	0.4738	20230704	4215	aaa
0	0		230.4	23.65	195.0	9.0	0.0	72.75	0.005811	0.4688	0.006555	0.4688	20230704	4223	aaa
0	0		230.4	23.65	200.0	9.0	0.0	77.75	0.004981	0.4664	0.008562	0.4665	20230704	4231	aaa
0	0		230.4	23.65	205.0	9.0	0.0	82.75	0.003268	0.4619	0.011163	0.462	20230704	4238	aaa
0	0		230.4	23.65	210.0	9.0	0.0	87.75	0.00061	0.4511	0.011106	0.4512	20230704	4246	aaa
0	0		230.4	23.65	215.0	9.0	0.0	92.75	-0.0003988	0.4366	0.004083	0.4366	20230704	4254	aaa
0	0		230.4	23.65	220.0	9.0	0.0	97.75	0.003147	0.4256	-0.0019339	0.4256	20230704	4262	aaa
0	0		230.4	23.65	225.0	9.0	0.0	102.75	0.007229	0.406	6.43e-05	0.4061	20230704	4270	aaa
0	0		230.4	23.65	230.0	9.0	0.0	107.75	0.009232	0.358	0.004462	0.3581	20230704	4277	aaa
0	0		230.4	23.65	235.0	9.0	0.0	112.75	0.008447	0.266	0.00793	0.2662	20230704	4285	aaa
0	0		230.4	23.65	240.0	9.0	0.0	117.75	0.005838	0.15978	0.007307	0.16006	20230704	4293	aaa
0	0		230.4	23.65	245.0	9.0	0.0	122.75	0.003711	0.08906	0.004372	0.08924	20230704	4300	aaa
0	0		230.4	23.65	250.0	9.0	0.0	127.75	0.002453	0.05159	0.002089	0.05169	20230704	4308	aaa
0	0		230.4	23.65	255.0	9.0	0.0	132.75	0.0016692	0.03166	0.0007629	0.03172	20230704	4316	aaa
0	0		230.4	23.65	260.0	9.0	0.0	137.75	0.0011466	0.02035	6.6e-05	0.02038	20230704	4324	aaa
0	0		230.4	23.65	265.0	9.0	0.0	142.75	0.0007774	0.013537	-0.0002818	0.013562	20230704	4332	aaa
0	0		230.4	23.65	270.0	9.0	0.0	147.75	0.0005263	0.009229	-0.0004262	0.009254	20230704	4339	aaa
0	0		230.4	23.65	275.0	9.0	0.0	152.75	0.0003526	0.006411	-0.0004658	0.006437	20230704	4347	aaa
0	0		230.4	23.65	280.0	9.0	0.0	157.75	0.0002335	0.004525	-0.0004515	0.004553	20230704	4355	aaa
0	0		230.4	23.65	285.0	9.0	0.0	162.75	0.0001516	0.003237	-0.0004134	0.003267	20230704	4362	aaa
0	0		230.4	23.65	290.0	9.0	0.0	167.75	9.64e-05	0.002342	-0.000366	0.002372	20230704	4370	aaa
0	0		230.4	28.15	290.0	9.0	4.5	167.75	0.0012323	0.00235	0.0003084	0.002672	20230704	4378	aaa
0	0		230.4	28.15	285.0	9.0	4.5	162.75	0.0017166	0.00324	0.0005441	0.003706	20230704	4386	aaa
0	0		230.4	28.15	280.0	9.0	4.5	157.75	0.002418	0.004515	0.000929	0.005205	20230704	4394	aaa
0	0		230.4	28.15	275.0	9.0	4.5	152.75	0.003446	0.006378	0.0015602	0.007415	20230704	4401	aaa
0	0		230.4	28.15	270.0	9.0	4.5	147.75	0.004976	0.009151	0.0026115	0.010738	20230704	4409	aaa
0	0		230.4	28.15	265.0	9.0	4.5	142.75	0.007286	0.013376	0.004401	0.015855	20230704	4417	aaa
0	0		230.4	28.15	260.0	9.0	4.5	137.75	0.010884	0.020047	0.007568	0.024034	20230704	4425	aaa
0	0		230.4	28.15	255.0	9.0	4.5	132.75	0.016669	0.03106	0.013457	0.03774	20230704	4433	aaa
0	0		230.4	28.15	250.0	9.0	4.5	127.75	0.026572	0.05048	0.02513	0.06233	20230704	4440	aaa
0	0		230.4	28.15	245.0	9.0	4.5	122.75	0.04514	0.08713	0.04902	0.10969	20230704	4448	aaa
0	0		230.4	28.15	240.0	9.0	4.5	117.75	0.08309	0.15759	0.09121	0.20014	20230704	4456	aaa
0	0		230.4	28.15	235.0	9.0	4.5	112.75	0.1461	0.26586	0.11257	0.32357	20230704	4463	aaa
0	0		230.4	28.15	230.0	9.0	4.5	107.75	0.19702	0.3575	0.07024	0.4142	20230704	4471	aaa
0	0		230.4	28.15	225.0	9.0	4.5	102.75	0.21846	0.4041	0.03047	0.4603	20230704	4479	aaa
0	0		230.4	28.15	220.0	9.0	4.5	97.75	0.22106	0.4199	0.007698	0.4746	20230704	4487	aaa
0	0		230.4	28.15	215.0	9.0	4.5	92.75	0.21954	0.4277	0.02182	0.4812	20230704	4495	aaa
0	0		230.4	28.15	210.0	9.0	4.5	87.75	0.23256	0.4492	0.03545	0.5071	20230704	4502	aaa
0	0		230.4	28.15	205.0	9.0	4.5	82.75	0.24322	0.4648	0.02506	0.5252	20230704	4510	aaa
0	0		230.4	28.15	200.0	9.0	4.5	77.75	0.24697	0.4697	0.01451	0.5309	20230704	4518	aaa
0	0		230.4	28.15	195.0	9.0	4.5	72.75	0.24713	0.4696	0.012338	0.5308	20230704	4525	aaa
0	0		230.4	28.15	190.0	9.0	4.5	67.75	0.25042	0.4726	0.014496	0.535	20230704	4533	aaa
0	0		230.4	28.15	185.0	9.0	4.5	62.75	0.25238	0.4734	0.009962	0.5365	20230704	4541	aaa
0	0		230.4	28.15	180.0	9.0	4.5	57.75	0.2518	0.4693	0.006391	0.5326	20230704	4549	aaa
0	0		230.4	28.15	175.0	9.0	4.5	52.75	0.25018	0.4639	0.007781	0.5271	20230704	4557	aaa
0	0		230.4	28.15	170.0	9.0	4.5	47.75	0.25159	0.4629	0.009251	0.5269	20230704	4564	aaa
0	0		230.4	28.15	165.0	9.0	4.5	42.75	0.25017	0.4592	0.0004594	0.5229	20230704	4572	aaa
0	0		230.4	28.15	160.0	9.0	4.5	37.75	0.24285	0.4474	-0.009276	0.5092	20230704	4580	aaa
0	0		230.4	28.15	155.0	9.0	4.5	32.75	0.23148	0.4312	-0.008803	0.4895	20230704	4588	aaa
0	0		230.4	28.15	150.0	9.0	4.5	27.75	0.2255	0.4205	-0.003341	0.4771	20230704	4595	aaa
0	0		230.4	28.15	145.0	9.0	4.5	22.75	0.21521	0.3987	-0.020195	0.4535	20230704	4603	aaa
0	0		230.4	28.15	140.0	9.0	4.5	17.75	0.18881	0.3463	-0.05532	0.3983	20230704	4611	aaa
0	0		230.4	28.15	135.0	9.0	4.5	12.75	0.13598	0.2512	-0.09631	0.3015	20230704	4619	aaa
0	0		230.4	28.15	130.0	9.0	4.5	7.75	0.07542	0.14716	-0.08176	0.18447	20230704	4626	aaa
0	0		230.4	28.15	125.0	9.0	4.5	2.75	0.03956	0.08071	-0.04586	0.10091	20230704	4634	aaa
0	0		230.4	28.15	120.0	9.0	4.5	-2.25	0.02235	0.04627	-0.02438	0.05689	20230704	4642	aaa
0	0		230.4	28.15	115.0	9.0	4.5	-7.25	0.013643	0.02807	-0.013529	0.03401	20230704	4650	aaa
0	0		230.4	28.15	110.0	9.0	4.5	-12.25	0.008792	0.017796	-0.00788	0.021357	20230704	4657	aaa
0	0		230.4	28.15	105.0	9.0	4.5	-17.25	0.005885	0.011666	-0.004772	0.01391	20230704	4665	aaa
0	0		230.4	28.15	100.0	9.0	4.5	-22.25	0.004046	0.007834	-0.002951	0.009297	20230704	4673	aaa
0	0		230.4	28.15	95.0	9.0	4.5	-27.25	0.002846	0.005361	-0.0018563	0.006348	20230704	4681	aaa
0	0		230.4	28.15	90.0	9.0	4.5	-32.25	0.00204	0.00373	-0.0011783	0.004411	20230704	4689	aaa
0	0		230.4	28.15	85.0	9.0	4.5	-37.25	0.0014876	0.002627	-0.0007513	0.003111	20230704	4696	aaa
0	0		230.4	28.15	80.0	9.0	4.5	-42.25	0.0011018	0.0018709	-0.0004785	0.0022234	20230704	4704	aaa
0	0		225.9	28.15	80.0	4.5	4.5	-42.25	0.0011467	0.0007143	-0.0001986	0.0013655	20230704	4712	aaa
0	0		225.9	28.15	85.0	4.5	4.5	-37.25	0.001561	0.0010399	-0.0003548	0.0019089	20230704	4719	aaa
0	0		225.9	28.15	90.0	4.5	4.5	-32.25	0.0021601	0.0015262	-0.0006075	0.0027138	20230704	4727	aaa
0	0		225.9	28.15	95.0	4.5	4.5	-27.25	0.003044	0.0022627	-0.0010169	0.003927	20230704	4735	aaa
0	0		225.9	28.15	100.0	4.5	4.5	-22.25	0.004373	0.003406	-0.0016879	0.005795	20230704	4743	aaa
0	0		225.9	28.15	105.0	4.5	4.5	-17.25	0.006433	0.00524	-0.002812	0.008761	20230704	4751	aaa
0	0		225.9	28.15	110.0	4.5	4.5	-12.25	0.009743	0.008269	-0.004735	0.013628	20230704	4758	aaa
0	0		225.9	28.15	115.0	4.5	4.5	-7.25	0.015345	0.013545	-0.008124	0.022021	20230704	4766	aaa
0	0		225.9	28.15	120.0	4.5	4.5	-2.25	0.025436	0.02315	-0.014261	0.037233	20230704	4774	aaa
0	0		225.9	28.15	125.0	4.5	4.5	2.75	0.04443	0.04127	-0.024937	0.06557	20230704	4782	aaa
0	0		225.9	28.15	130.0	4.5	4.5	7.75	0.07896	0.07379	-0.03853	0.11474	20230704	4789	aaa
0	0		225.9	28.15	135.0	4.5	4.5	12.75	0.12913	0.12021	-0.04101	0.18113	20230704	4797	aaa
0	0		225.9	28.15	140.0	4.5	4.5	17.75	0.17685	0.16266	-0.02523	0.2416	20230704	4805	aaa
0	0		225.9	28.15	145.0	4.5	4.5	22.75	0.20707	0.18877	-0.010038	0.28038	20230704	4813	aaa
0	0		225.9	28.15	150.0	4.5	4.5	27.75	0.2223	0.2014	-0.003564	0.29999	20230704	4820	aaa
0	0		225.9	28.15	155.0	4.5	4.5	32.75	0.23124	0.20905	-0.00495	0.31177	20230704	4828	aaa
0	0		225.9	28.15	160.0	4.5	4.5	37.75	0.24043	0.21722	-0.004979	0.32406	20230704	4836	aaa
0	0		225.9	28.15	165.0	4.5	4.5	42.75	0.24734	0.22362	-0.0008336	0.33344	20230704	4844	aaa
0	0		225.9	28.15	170.0	4.5	4.5	47.75	0.25037	0.22605	0.002934	0.33734	20230704	4852	aaa
0	0		225.9	28.15	175.0	4.5	4.5	52.75	0.25096	0.22764	0.003213	0.33884	20230704	4859	aaa
0	0		225.9	28.15	180.0	4.5	4.5	57.75	0.25205	0.22987	0.002946	0.34114	20230704	4867	aaa
0	0		225.9	28.15	185.0	4.5	4.5	62.75	0.25212	0.23204	0.004453	0.34268	20230704	4875	aaa
0	0		225.9	28.15	190.0	4.5	4.5	67.75	0.25091	0.23191	0.006153	0.34173	20230704	4882	aaa
0	0		225.9	28.15	195.0	4.5	4.5	72.75	0.24852	0.23135	0.006276	0.3396	20230704	4890	aaa
0	0		225.9	28.15	200.0	4.5	4.5	77.75	0.24663	0.2308	0.008385	0.3379	20230704	4898	aaa
0	0		225.9	28.15	205.0	4.5	4.5	82.75	0.24241	0.22799	0.013926	0.33306	20230704	4906	aaa
0	0		225.9	28.15	210.0	4.5	4.5	87.75	0.23459	0.22008	0.017619	0.32214	20230704	4914	aaa
0	0		225.9	28.15	215.0	4.5	4.5	92.75	0.2257	0.2106	0.01193	0.30893	20230704	4921	aaa
0	0		225.9	28.15	220.0	4.5	4.5	97.75	0.22088	0.20489	0.007061	0.30136	20230704	4929	aaa
0	0		225.9	28.15	225.0	4.5	4.5	102.75	0.212	0.19537	0.016784	0.28878	20230704	4937	aaa
0	0		225.9	28.15	230.0	4.5	4.5	107.75	0.1885	0.17154	0.03557	0.25734	20230704	4945	aaa
0	0		225.9	28.15	235.0	4.5	4.5	112.75	0.14456	0.1289	0.05103	0.20029	20230704	4952	aaa
0	0		225.9	28.15	240.0	4.5	4.5	117.75	0.09257	0.08028	0.04395	0.13016	20230704	4960	aaa
0	0		225.9	28.15	245.0	4.5	4.5	122.75	0.05376	0.04558	0.02587	0.07508	20230704	4968	aaa
0	0		225.9	28.15	250.0	4.5	4.5	127.75	0.03139	0.0263	0.013322	0.04307	20230704	4976	aaa
0	0		225.9	28.15	255.0	4.5	4.5	132.75	0.019091	0.016053	0.006772	0.025846	20230704	4983	aaa
0	0		225.9	28.15	260.0	4.5	4.5	137.75	0.012122	0.010323	0.003506	0.016303	20230704	4991	aaa
0	0		225.9	28.15	265.0	4.5	4.5	142.75	0.007941	0.006897	0.0018243	0.010675	20230704	4999	aaa
0	0		225.9	28.15	270.0	4.5	4.5	147.75	0.005336	0.004731	0.0009294	0.007191	20230704	5007	aaa
0	0		225.9	28.15	275.0	4.5	4.5	152.75	0.003646	0.003313	0.0004408	0.004947	20230704	5015	aaa
0	0		225.9	28.15	280.0	4.5	4.5	157.75	0.002529	0.002354	0.000171	0.003459	20230704	5022	aaa
0	0		225.9	28.15	285.0	4.5	4.5	162.75	0.0017768	0.0016922	2.38e-05	0.0024538	20230704	5030	aaa
0	0		225.9	28.15	290.0	4.5	4.5	167.75	0.0012639	0.0012274	-5.38e-05	0.0017626	20230704	5038	aaa
0	0		221.4	28.15	290.0	0.0	4.5	167.75	0.0012325	5.39e-05	-0.0004368	0.0013088	20230704	5045	aaa
0	0		221.4	28.15	285.0	0.0	4.5	162.75	0.0017411	6.97e-05	-0.000532	0.0018219	20230704	5053	aaa
0	0		221.4	28.15	280.0	0.0	4.5	157.75	0.0024911	7.9e-05	-0.0006471	0.002575	20230704	5061	aaa
0	0		221.4	28.15	275.0	0.0	4.5	152.75	0.003612	7.6e-05	-0.0007829	0.003697	20230704	5069	aaa
0	0		221.4	28.15	270.0	0.0	4.5	147.75	0.005319	4.14e-05	-0.0009388	0.005402	20230704	5077	aaa
0	0		221.4	28.15	265.0	0.0	4.5	142.75	0.007972	-5.09e-05	-0.0011043	0.008048	20230704	5084	aaa
0	0		221.4	28.15	260.0	0.0	4.5	137.75	0.012257	-0.0002585	-0.0012561	0.012325	20230704	5092	aaa
0	0		221.4	28.15	255.0	0.0	4.5	132.75	0.01946	-0.0006702	-0.0013371	0.019518	20230704	5100	aaa
0	0		221.4	28.15	250.0	0.0	4.5	127.75	0.03222	-0.0014321	-0.0012378	0.03228	20230704	5108	aaa
0	0		221.4	28.15	245.0	0.0	4.5	122.75	0.05543	-0.0027139	-0.0007691	0.0555	20230704	5115	aaa
0	0		221.4	28.15	240.0	0.0	4.5	117.75	0.09511	-0.00453	0.0002598	0.09522	20230704	5123	aaa
0	0		221.4	28.15	235.0	0.0	4.5	112.75	0.14683	-0.006305	0.0015182	0.14697	20230704	5131	aaa
0	0		221.4	28.15	230.0	0.0	4.5	107.75	0.18919	-0.007713	0.0012962	0.18933	20230704	5139	aaa
0	0		221.4	28.15	225.0	0.0	4.5	102.75	0.21231	-0.009247	-0.0007747	0.21251	20230704	5146	aaa
0	0		221.4	28.15	220.0	0.0	4.5	97.75	0.22316	-0.011094	-0.0016895	0.22344	20230704	5154	aaa
0	0		221.4	28.15	215.0	0.0	4.5	92.75	0.22976	-0.011725	0.0011578	0.23006	20230704	5162	aaa
0	0		221.4	28.15	210.0	0.0	4.5	87.75	0.23674	-0.010229	0.004036	0.237	20230704	5170	aaa
0	0		221.4	28.15	205.0	0.0	4.5	82.75	0.24257	-0.008006	0.003275	0.24273	20230704	5177	aaa
0	0		221.4	28.15	200.0	0.0	4.5	77.75	0.24667	-0.007442	0.0008079	0.24679	20230704	5185	aaa
0	0		221.4	28.15	195.0	0.0	4.5	72.75	0.24956	-0.007812	-0.0007862	0.24968	20230704	5193	aaa
0	0		221.4	28.15	190.0	0.0	4.5	67.75	0.25241	-0.00828	-0.0011403	0.25254	20230704	5201	aaa
0	0		221.4	28.15	185.0	0.0	4.5	62.75	0.25375	-0.008641	-0.0013885	0.2539	20230704	5208	aaa
0	0		221.4	28.15	180.0	0.0	4.5	57.75	0.25352	-0.009231	-0.0015041	0.25369	20230704	5216	aaa
0	0		221.4	28.15	175.0	0.0	4.5	52.75	0.25199	-0.009526	-0.0013377	0.25218	20230704	5224	aaa
0	0		221.4	28.15	170.0	0.0	4.5	47.75	0.25027	-0.009816	-0.0012395	0.25044	20230704	5232	aaa
0	0		221.4	28.15	165.0	0.0	4.5	42.75	0.24596	-0.010187	-0.0017919	0.24617	20230704	5239	aaa
0	0		221.4	28.15	160.0	0.0	4.5	37.75	0.23854	-0.010999	-0.0025	0.23881	20230704	5247	aaa
0	0		221.4	28.15	155.0	0.0	4.5	32.75	0.22981	-0.012941	-0.0021464	0.23019	20230704	5255	aaa
0	0		221.4	28.15	150.0	0.0	4.5	27.75	0.22122	-0.014475	0.0005821	0.22169	20230704	5263	aaa
0	0		221.4	28.15	145.0	0.0	4.5	22.75	0.20516	-0.013942	0.0042	0.20567	20230704	5271	aaa
0	0		221.4	28.15	140.0	0.0	4.5	17.75	0.17294	-0.011536	0.006452	0.17345	20230704	5278	aaa
0	0		221.4	28.15	135.0	0.0	4.5	12.75	0.12328	-0.007318	0.004516	0.12358	20230704	5286	aaa
0	0		221.4	28.15	130.0	0.0	4.5	7.75	0.0746	-0.00458	3.86e-05	0.07473	20230704	5294	aaa
0	0		221.4	28.15	125.0	0.0	4.5	2.75	0.04267	-0.003407	-0.0023376	0.04288	20230704	5301	aaa
0	0		221.4	28.15	120.0	0.0	4.5	-2.25	0.02501	-0.002924	-0.0023664	0.0253	20230704	5309	aaa
0	0		221.4	28.15	115.0	0.0	4.5	-7.25	0.01533	-0.002468	-0.001689	0.015619	20230704	5317	aaa
0	0		221.4	28.15	110.0	0.0	4.5	-12.25	0.009822	-0.002038	-0.0010225	0.010083	20230704	5325	aaa
0	0		221.4	28.15	105.0	0.0	4.5	-17.25	0.006505	-0.0016219	-0.0005553	0.006727	20230704	5333	aaa
0	0		221.4	28.15	100.0	0.0	4.5	-22.25	0.004419	-0.0012798	-0.0002549	0.004608	20230704	5340	aaa
0	0		221.4	28.15	95.0	0.0	4.5	-27.25	0.003069	-0.000998	-7.7e-05	0.003228	20230704	5348	aaa
0	0		221.4	28.15	90.0	0.0	4.5	-32.25	0.002172	-0.0007829	2.54e-05	0.002309	20230704	5356	aaa
0	0		221.4	28.15	85.0	0.0	4.5	-37.25	0.001563	-0.0006159	7.94e-05	0.0016818	20230704	5364	aaa
0	0		221.4	28.15	80.0	0.0	4.5	-42.25	0.0011436	-0.0004882	0.0001051	0.0012479	20230704	5371	aaa
0	0		216.9	28.15	80.0	-4.5	4.5	-42.25	0.0010899	-0.0016915	0.0004167	0.002055	20230704	5379	aaa
0	0		216.9	28.15	85.0	-4.5	4.5	-37.25	0.0014894	-0.0022732	0.0005262	0.0027682	20230704	5387	aaa
0	0		216.9	28.15	90.0	-4.5	4.5	-32.25	0.0020683	-0.003098	0.0006781	0.003786	20230704	5395	aaa
0	0		216.9	28.15	95.0	-4.5	4.5	-27.25	0.002916	-0.004272	0.0008933	0.005249	20230704	5402	aaa
0	0		216.9	28.15	100.0	-4.5	4.5	-22.25	0.004179	-0.005978	0.0012217	0.007396	20230704	5410	aaa
0	0		216.9	28.15	105.0	-4.5	4.5	-17.25	0.006098	-0.008503	0.0017588	0.01061	20230704	5418	aaa
0	0		216.9	28.15	110.0	-4.5	4.5	-12.25	0.009063	-0.012347	0.0027312	0.015557	20230704	5426	aaa
0	0		216.9	28.15	115.0	-4.5	4.5	-7.25	0.013769	-0.018463	0.004705	0.023508	20230704	5433	aaa
0	0		216.9	28.15	120.0	-4.5	4.5	-2.25	0.021566	-0.02879	0.009107	0.0371	20230704	5441	aaa
0	0		216.9	28.15	125.0	-4.5	4.5	2.75	0.03534	-0.04737	0.018915	0.06205	20230704	5449	aaa
0	0		216.9	28.15	130.0	-4.5	4.5	7.75	0.06294	-0.08108	0.03685	0.10905	20230704	5457	aaa
0	0		216.9	28.15	135.0	-4.5	4.5	12.75	0.11761	-0.13269	0.05133	0.18459	20230704	5465	aaa
0	0		216.9	28.15	140.0	-4.5	4.5	17.75	0.17812	-0.18499	0.04037	0.25996	20230704	5472	aaa
0	0		216.9	28.15	145.0	-4.5	4.5	22.75	0.20989	-0.21721	0.019416	0.30268	20230704	5480	aaa
0	0		216.9	28.15	150.0	-4.5	4.5	27.75	0.22279	-0.23079	0.004892	0.32082	20230704	5488	aaa
0	0		216.9	28.15	155.0	-4.5	4.5	32.75	0.2274	-0.23524	-7.87e-05	0.32718	20230704	5496	aaa
0	0		216.9	28.15	160.0	-4.5	4.5	37.75	0.23737	-0.23971	0.0002352	0.33735	20230704	5503	aaa
0	0		216.9	28.15	165.0	-4.5	4.5	42.75	0.24663	-0.24449	-0.0020283	0.34728	20230704	5511	aaa
0	0		216.9	28.15	170.0	-4.5	4.5	47.75	0.25155	-0.24715	-0.004345	0.35267	20230704	5519	aaa
0	0		216.9	28.15	175.0	-4.5	4.5	52.75	0.25362	-0.24826	-0.00539	0.35494	20230704	5527	aaa
0	0		216.9	28.15	180.0	-4.5	4.5	57.75	0.25597	-0.25016	-0.005883	0.35797	20230704	5534	aaa
0	0		216.9	28.15	185.0	-4.5	4.5	62.75	0.25663	-0.25129	-0.007454	0.35925	20230704	5542	aaa
0	0		216.9	28.15	190.0	-4.5	4.5	67.75	0.25498	-0.25104	-0.008704	0.35793	20230704	5550	aaa
0	0		216.9	28.15	195.0	-4.5	4.5	72.75	0.25079	-0.24915	-0.008978	0.35363	20230704	5558	aaa
0	0		216.9	28.15	200.0	-4.5	4.5	77.75	0.24745	-0.24726	-0.007544	0.3499	20230704	5565	aaa
0	0		216.9	28.15	205.0	-4.5	4.5	82.75	0.2438	-0.24557	-0.006599	0.3461	20230704	5573	aaa
0	0		216.9	28.15	210.0	-4.5	4.5	87.75	0.23971	-0.24314	-0.007375	0.34152	20230704	5581	aaa
0	0		216.9	28.15	215.0	-4.5	4.5	92.75	0.23373	-0.23813	-0.009924	0.33382	20230704	5589	aaa
0	0		216.9	28.15	220.0	-4.5	4.5	97.75	0.22797	-0.22999	-0.013237	0.3241	20230704	5596	aaa
0	0		216.9	28.15	225.0	-4.5	4.5	102.75	0.21878	-0.21529	-0.019473	0.30757	20230704	5604	aaa
0	0		216.9	28.15	230.0	-4.5	4.5	107.75	0.19932	-0.18807	-0.0325	0.27596	20230704	5612	aaa
0	0		216.9	28.15	235.0	-4.5	4.5	112.75	0.15409	-0.14288	-0.048	0.21555	20230704	5620	aaa
0	0		216.9	28.15	240.0	-4.5	4.5	117.75	0.09134	-0.0902	-0.04449	0.13586	20230704	5628	aaa
0	0		216.9	28.15	245.0	-4.5	4.5	122.75	0.0499	-0.05129	-0.02833	0.07696	20230704	5635	aaa
0	0		216.9	28.15	250.0	-4.5	4.5	127.75	0.02889	-0.0292	-0.016315	0.0442	20230704	5643	aaa
0	0		216.9	28.15	255.0	-4.5	4.5	132.75	0.01766	-0.017386	-0.009713	0.026617	20230704	5651	aaa
0	0		216.9	28.15	260.0	-4.5	4.5	137.75	0.011249	-0.010849	-0.006162	0.016799	20230704	5658	aaa
0	0		216.9	28.15	265.0	-4.5	4.5	142.75	0.007363	-0.00702	-0.004108	0.010972	20230704	5666	aaa
0	0		216.9	28.15	270.0	-4.5	4.5	147.75	0.004926	-0.004677	-0.002841	0.007363	20230704	5674	aaa
0	0		216.9	28.15	275.0	-4.5	4.5	152.75	0.003348	-0.003183	-0.002021	0.005042	20230704	5682	aaa
0	0		216.9	28.15	280.0	-4.5	4.5	157.75	0.00231	-0.002212	-0.0014687	0.003519	20230704	5690	aaa
0	0		216.9	28.15	285.0	-4.5	4.5	162.75	0.001612	-0.0015654	-0.0010866	0.0024959	20230704	5697	aaa
0	0		216.9	28.15	290.0	-4.5	4.5	167.75	0.0011392	-0.0011284	-0.0008167	0.0017995	20230704	5705	aaa
0	0		212.4	28.15	290.0	-9.0	4.5	167.75	0.0009882	-0.0022533	-0.0011683	0.0027237	20230704	5713	aaa
0	0		212.4	28.15	285.0	-9.0	4.5	162.75	0.0013935	-0.003113	-0.0015983	0.003767	20230704	5720	aaa
0	0		212.4	28.15	280.0	-9.0	4.5	157.75	0.0019872	-0.004366	-0.0022248	0.005288	20230704	5728	aaa
0	0		212.4	28.15	275.0	-9.0	4.5	152.75	0.002864	-0.006219	-0.003155	0.00754	20230704	5736	aaa
0	0		212.4	28.15	270.0	-9.0	4.5	147.75	0.004177	-0.009027	-0.004578	0.01095	20230704	5744	aaa
0	0		212.4	28.15	265.0	-9.0	4.5	142.75	0.006166	-0.01338	-0.006803	0.016227	20230704	5752	aaa
0	0		212.4	28.15	260.0	-9.0	4.5	137.75	0.009224	-0.020377	-0.010493	0.024706	20230704	5759	aaa
0	0		212.4	28.15	255.0	-9.0	4.5	132.75	0.013984	-0.03209	-0.016981	0.03891	20230704	5767	aaa
0	0		212.4	28.15	250.0	-9.0	4.5	127.75	0.021743	-0.05298	-0.02931	0.06433	20230704	5775	aaa
0	0		212.4	28.15	245.0	-9.0	4.5	122.75	0.03594	-0.09268	-0.05364	0.11295	20230704	5783	aaa
0	0		212.4	28.15	240.0	-9.0	4.5	117.75	0.07306	-0.16844	-0.09469	0.20659	20230704	5790	aaa
0	0		212.4	28.15	235.0	-9.0	4.5	112.75	0.1669	-0.2817	-0.10844	0.3449	20230704	5798	aaa
0	0		212.4	28.15	230.0	-9.0	4.5	107.75	0.21431	-0.3738	-0.06414	0.4357	20230704	5806	aaa
0	0		212.4	28.15	225.0	-9.0	4.5	102.75	0.22377	-0.4234	-0.03571	0.4803	20230704	5814	aaa
0	0		212.4	28.15	220.0	-9.0	4.5	97.75	0.22914	-0.4492	-0.02386	0.5048	20230704	5821	aaa
0	0		212.4	28.15	215.0	-9.0	4.5	92.75	0.23152	-0.4645	-0.0207	0.5195	20230704	5829	aaa
0	0		212.4	28.15	210.0	-9.0	4.5	87.75	0.23806	-0.4758	-0.017075	0.5323	20230704	5837	aaa
0	0		212.4	28.15	205.0	-9.0	4.5	82.75	0.24009	-0.4822	-0.015264	0.5389	20230704	5845	aaa
0	0		212.4	28.15	200.0	-9.0	4.5	77.75	0.24303	-0.4858	-0.015473	0.5434	20230704	5852	aaa
0	0		212.4	28.15	195.0	-9.0	4.5	72.75	0.2463	-0.4893	-0.018639	0.5481	20230704	5860	aaa
0	0		212.4	28.15	190.0	-9.0	4.5	67.75	0.25309	-0.4936	-0.0166	0.5549	20230704	5868	aaa
0	0		212.4	28.15	185.0	-9.0	4.5	62.75	0.25469	-0.494	-0.013632	0.556	20230704	5876	aaa
0	0		212.4	28.15	180.0	-9.0	4.5	57.75	0.25406	-0.4908	-0.009082	0.5527	20230704	5884	aaa
0	0		212.4	28.15	175.0	-9.0	4.5	52.75	0.24911	-0.4862	-0.00925	0.5464	20230704	5891	aaa
0	0		212.4	28.15	170.0	-9.0	4.5	47.75	0.24941	-0.4834	-0.006825	0.544	20230704	5899	aaa
0	0		212.4	28.15	165.0	-9.0	4.5	42.75	0.24425	-0.4777	-0.0013715	0.5364	20230704	5907	aaa
0	0		212.4	28.15	160.0	-9.0	4.5	37.75	0.23296	-0.4661	0.005969	0.5211	20230704	5914	aaa
0	0		212.4	28.15	155.0	-9.0	4.5	32.75	0.21626	-0.4545	-2.48e-05	0.5033	20230704	5922	aaa
0	0		212.4	28.15	150.0	-9.0	4.5	27.75	0.22315	-0.4492	0.005933	0.5016	20230704	5930	aaa
0	0		212.4	28.15	145.0	-9.0	4.5	22.75	0.21603	-0.4261	0.03177	0.4788	20230704	5938	aaa
0	0		212.4	28.15	140.0	-9.0	4.5	17.75	0.19345	-0.3656	0.07708	0.4207	20230704	5946	aaa
0	0		212.4	28.15	135.0	-9.0	4.5	12.75	0.10619	-0.255	0.11141	0.2979	20230704	5953	aaa
0	0		212.4	28.15	130.0	-9.0	4.5	7.75	0.04078	-0.14782	0.07272	0.16971	20230704	5961	aaa
0	0		212.4	28.15	125.0	-9.0	4.5	2.75	0.02408	-0.0846	0.03592	0.09502	20230704	5969	aaa
0	0		212.4	28.15	120.0	-9.0	4.5	-2.25	0.016341	-0.05125	0.018209	0.05679	20230704	5977	aaa
0	0		212.4	28.15	115.0	-9.0	4.5	-7.25	0.01122	-0.03274	0.010086	0.03605	20230704	5984	aaa
0	0		212.4	28.15	110.0	-9.0	4.5	-12.25	0.007684	-0.02174	0.006062	0.02384	20230704	5992	aaa
0	0		212.4	28.15	105.0	-9.0	4.5	-17.25	0.005298	-0.014839	0.003888	0.016229	20230704	6000	aaa
0	0		212.4	28.15	100.0	-9.0	4.5	-22.25	0.003685	-0.010338	0.00261	0.011281	20230704	6008	aaa
0	0		212.4	28.15	95.0	-9.0	4.5	-27.25	0.002599	-0.007323	0.0018189	0.00798	20230704	6015	aaa
0	0		212.4	28.15	90.0	-9.0	4.5	-32.25	0.0018561	-0.005268	0.0013031	0.005735	20230704	6023	aaa
0	0		212.4	28.15	85.0	-9.0	4.5	-37.25	0.001345	-0.003838	0.0009575	0.004178	20230704	6031	aaa
0	0		212.4	28.15	80.0	-9.0	4.5	-42.25	0.0009876	-0.002832	0.0007179	0.003083	20230704	6039	aaa
0	0		216.9	32.65	80.0	-4.5	9.0	-42.25	0.0021683	-0.0016667	0.0008505	0.0028642	20230704	6052	aaa
0	0		216.9	32.65	85.0	-4.5	9.0	-37.25	0.002966	-0.0022408	0.001136	0.003887	20230704	6059	aaa
0	0		216.9	32.65	90.0	-4.5	9.0	-32.25	0.00411	-0.003052	0.0015422	0.005346	20230704	6067	aaa
0	0		216.9	32.65	95.0	-4.5	9.0	-27.25	0.005776	-0.004205	0.0021358	0.007457	20230704	6075	aaa
0	0		216.9	32.65	100.0	-4.5	9.0	-22.25	0.008229	-0.005877	0.003034	0.010557	20230704	6083	aaa
0	0		216.9	32.65	105.0	-4.5	9.0	-17.25	0.011928	-0.008319	0.004441	0.015205	20230704	6090	aaa
0	0		216.9	32.65	110.0	-4.5	9.0	-12.25	0.017606	-0.011976	0.006792	0.02235	20230704	6098	aaa
0	0		216.9	32.65	115.0	-4.5	9.0	-7.25	0.026558	-0.017577	0.011056	0.033712	20230704	6106	aaa
0	0		216.9	32.65	120.0	-4.5	9.0	-2.25	0.04105	-0.026648	0.019678	0.05275	20230704	6114	aaa
0	0		216.9	32.65	125.0	-4.5	9.0	2.75	0.06602	-0.04245	0.03842	0.08739	20230704	6121	aaa
0	0		216.9	32.65	130.0	-4.5	9.0	7.75	0.11531	-0.07383	0.0772	0.15718	20230704	6129	aaa
0	0		216.9	32.65	135.0	-4.5	9.0	12.75	0.23522	-0.13467	0.11767	0.29549	20230704	6137	aaa
0	0		216.9	32.65	140.0	-4.5	9.0	17.75	0.3768	-0.20022	0.08206	0.4345	20230704	6145	aaa
0	0		216.9	32.65	145.0	-4.5	9.0	22.75	0.4296	-0.23291	0.03366	0.4898	20230704	6153	aaa
0	0		216.9	32.65	150.0	-4.5	9.0	27.75	0.4491	-0.24321	0.004959	0.5108	20230704	6160	aaa
0	0		216.9	32.65	155.0	-4.5	9.0	32.75	0.4465	-0.24226	-0.002278	0.508	20230704	6168	aaa
0	0		216.9	32.65	160.0	-4.5	9.0	37.75	0.4695	-0.24649	0.00446	0.5303	20230704	6176	aaa
0	0		216.9	32.65	165.0	-4.5	9.0	42.75	0.486	-0.25112	-0.0015176	0.547	20230704	6183	aaa
0	0		216.9	32.65	170.0	-4.5	9.0	47.75	0.4937	-0.25265	-0.005912	0.5546	20230704	6191	aaa
0	0		216.9	32.65	175.0	-4.5	9.0	52.75	0.4947	-0.25241	-0.007195	0.5554	20230704	6199	aaa
0	0		216.9	32.65	180.0	-4.5	9.0	57.75	0.5034	-0.254	-0.005789	0.5639	20230704	6207	aaa
0	0		216.9	32.65	185.0	-4.5	9.0	62.75	0.5056	-0.25525	-0.009253	0.5665	20230704	6215	aaa
0	0		216.9	32.65	190.0	-4.5	9.0	67.75	0.5039	-0.255	-0.011689	0.5649	20230704	6222	aaa
0	0		216.9	32.65	195.0	-4.5	9.0	72.75	0.4964	-0.2527	-0.013692	0.5572	20230704	6230	aaa
0	0		216.9	32.65	200.0	-4.5	9.0	77.75	0.491	-0.25093	-0.010465	0.5516	20230704	6238	aaa
0	0		216.9	32.65	205.0	-4.5	9.0	82.75	0.4853	-0.2497	-0.010151	0.5459	20230704	6246	aaa
0	0		216.9	32.65	210.0	-4.5	9.0	87.75	0.4784	-0.24742	-0.012578	0.5388	20230704	6253	aaa
0	0		216.9	32.65	215.0	-4.5	9.0	92.75	0.4645	-0.24208	-0.018437	0.5241	20230704	6261	aaa
0	0		216.9	32.65	220.0	-4.5	9.0	97.75	0.4535	-0.23449	-0.023801	0.5111	20230704	6269	aaa
0	0		216.9	32.65	225.0	-4.5	9.0	102.75	0.4355	-0.22191	-0.0366	0.4902	20230704	6277	aaa
0	0		216.9	32.65	230.0	-4.5	9.0	107.75	0.402	-0.19856	-0.06488	0.4531	20230704	6284	aaa
0	0		216.9	32.65	235.0	-4.5	9.0	112.75	0.3106	-0.14959	-0.1081	0.3613	20230704	6292	aaa
0	0		216.9	32.65	240.0	-4.5	9.0	117.75	0.16098	-0.08504	-0.09289	0.20439	20230704	6300	aaa
0	0		216.9	32.65	245.0	-4.5	9.0	122.75	0.08488	-0.04489	-0.05178	0.10909	20230704	6308	aaa
0	0		216.9	32.65	250.0	-4.5	9.0	127.75	0.04979	-0.0255	-0.02796	0.06254	20230704	6316	aaa
0	0		216.9	32.65	255.0	-4.5	9.0	132.75	0.03102	-0.015485	-0.016108	0.03823	20230704	6323	aaa
0	0		216.9	32.65	260.0	-4.5	9.0	137.75	0.02008	-0.009833	-0.009923	0.02446	20230704	6331	aaa
0	0		216.9	32.65	265.0	-4.5	9.0	142.75	0.013334	-0.006435	-0.006429	0.01614	20230704	6339	aaa
0	0		216.9	32.65	270.0	-4.5	9.0	147.75	0.009051	-0.004316	-0.004325	0.01092	20230704	6346	aaa
0	0		216.9	32.65	275.0	-4.5	9.0	152.75	0.00625	-0.002947	-0.002983	0.007527	20230704	6354	aaa
0	0		216.9	32.65	280.0	-4.5	9.0	157.75	0.004374	-0.002053	-0.002106	0.005272	20230704	6362	aaa
0	0		216.9	32.65	285.0	-4.5	9.0	162.75	0.003103	-0.0014555	-0.0015154	0.003748	20230704	6370	aaa
0	0		216.9	32.65	290.0	-4.5	9.0	167.75	0.002226	-0.0010503	-0.0011089	0.0027	20230704	6378	aaa
0	0		221.4	32.65	290.0	0.0	9.0	167.75	0.002365	6.94e-05	-0.0004158	0.002402	20230704	6385	aaa
0	0		221.4	32.65	285.0	0.0	9.0	162.75	0.0033	8.62e-05	-0.0005125	0.003341	20230704	6393	aaa
0	0		221.4	32.65	280.0	0.0	9.0	157.75	0.004664	9.54e-05	-0.0006345	0.004708	20230704	6401	aaa
0	0		221.4	32.65	275.0	0.0	9.0	152.75	0.00668	8.89e-05	-0.000787	0.006727	20230704	6408	aaa
0	0		221.4	32.65	270.0	0.0	9.0	147.75	0.009717	4.59e-05	-0.0009797	0.009766	20230704	6416	aaa
0	0		221.4	32.65	265.0	0.0	9.0	142.75	0.01441	-6.52e-05	-0.0012178	0.01446	20230704	6424	aaa
0	0		221.4	32.65	260.0	0.0	9.0	137.75	0.021919	-0.0003099	-0.0015084	0.021972	20230704	6432	aaa
0	0		221.4	32.65	255.0	0.0	9.0	132.75	0.03442	-0.0007879	-0.0018364	0.03448	20230704	6440	aaa
0	0		221.4	32.65	250.0	0.0	9.0	127.75	0.0565	-0.0016774	-0.0021526	0.05657	20230704	6447	aaa
0	0		221.4	32.65	245.0	0.0	9.0	122.75	0.0979	-0.003247	-0.0023146	0.09798	20230704	6455	aaa
0	0		221.4	32.65	240.0	0.0	9.0	117.75	0.17548	-0.005605	-0.0018204	0.17558	20230704	6463	aaa
0	0		221.4	32.65	235.0	0.0	9.0	112.75	0.288	-0.007799	0.0001338	0.2881	20230704	6471	aaa
0	0		221.4	32.65	230.0	0.0	9.0	107.75	0.3772	-0.008931	0.0005149	0.3773	20230704	6479	aaa
0	0		221.4	32.65	225.0	0.0	9.0	102.75	0.4222	-0.010289	-0.0027896	0.4223	20230704	6486	aaa
0	0		221.4	32.65	220.0	0.0	9.0	97.75	0.4425	-0.013225	-0.004777	0.4428	20230704	6494	aaa
0	0		221.4	32.65	215.0	0.0	9.0	92.75	0.4552	-0.015041	0.001234	0.4555	20230704	6502	aaa
0	0		221.4	32.65	210.0	0.0	9.0	87.75	0.4697	-0.012388	0.007012	0.4699	20230704	6509	aaa
0	0		221.4	32.65	205.0	0.0	9.0	82.75	0.4804	-0.00975	0.004786	0.4805	20230704	6517	aaa
0	0		221.4	32.65	200.0	0.0	9.0	77.75	0.4863	-0.009081	0.0004636	0.4863	20230704	6525	aaa
0	0		221.4	32.65	195.0	0.0	9.0	72.75	0.4902	-0.009887	-0.0016672	0.4903	20230704	6533	aaa
0	0		221.4	32.65	190.0	0.0	9.0	67.75	0.4946	-0.010353	-0.0012406	0.4947	20230704	6540	aaa
0	0		221.4	32.65	185.0	0.0	9.0	62.75	0.4961	-0.010608	-0.0018116	0.4962	20230704	6548	aaa
0	0		221.4	32.65	180.0	0.0	9.0	57.75	0.4938	-0.011145	-0.0024172	0.4939	20230704	6556	aaa
0	0		221.4	32.65	175.0	0.0	9.0	52.75	0.4897	-0.012534	-0.002439	0.4898	20230704	6564	aaa
0	0		221.4	32.65	170.0	0.0	9.0	47.75	0.4871	-0.013235	-0.0018604	0.4873	20230704	6571	aaa
0	0		221.4	32.65	165.0	0.0	9.0	42.75	0.4806	-0.014268	-0.002813	0.4809	20230704	6579	aaa
0	0		221.4	32.65	160.0	0.0	9.0	37.75	0.467	-0.015922	-0.004484	0.4673	20230704	6587	aaa
0	0		221.4	32.65	155.0	0.0	9.0	32.75	0.4517	-0.018988	-0.005548	0.4521	20230704	6594	aaa
0	0		221.4	32.65	150.0	0.0	9.0	27.75	0.4405	-0.02185	-0.001094	0.441	20230704	6602	aaa
0	0		221.4	32.65	145.0	0.0	9.0	22.75	0.4143	-0.021657	0.00566	0.4149	20230704	6610	aaa
0	0		221.4	32.65	140.0	0.0	9.0	17.75	0.3533	-0.017321	0.011855	0.3539	20230704	6618	aaa
0	0		221.4	32.65	135.0	0.0	9.0	12.75	0.2459	-0.010104	0.010348	0.2464	20230704	6625	aaa
0	0		221.4	32.65	130.0	0.0	9.0	7.75	0.14232	-0.00589	0.0017546	0.14246	20230704	6633	aaa
0	0		221.4	32.65	125.0	0.0	9.0	2.75	0.0804	-0.004766	-0.0017747	0.08056	20230704	6641	aaa
0	0		221.4	32.65	120.0	0.0	9.0	-2.25	0.04761	-0.004002	-0.0017838	0.04781	20230704	6649	aaa
0	0		221.4	32.65	115.0	0.0	9.0	-7.25	0.02967	-0.003239	-0.0010505	0.02987	20230704	6657	aaa
0	0		221.4	32.65	110.0	0.0	9.0	-12.25	0.019223	-0.00253	-0.0004577	0.019394	20230704	6664	aaa
0	0		221.4	32.65	105.0	0.0	9.0	-17.25	0.012848	-0.0019337	-9.79e-05	0.012993	20230704	6672	aaa
0	0		221.4	32.65	100.0	0.0	9.0	-22.25	0.008791	-0.001468	9.46e-05	0.008914	20230704	6680	aaa
0	0		221.4	32.65	95.0	0.0	9.0	-27.25	0.006139	-0.001117	0.0001871	0.006243	20230704	6687	aaa
0	0		221.4	32.65	90.0	0.0	9.0	-32.25	0.004354	-0.000854	0.0002214	0.004443	20230704	6695	aaa
0	0		221.4	32.65	85.0	0.0	9.0	-37.25	0.003134	-0.0006602	0.000226	0.003211	20230704	6703	aaa
0	0		221.4	32.65	80.0	0.0	9.0	-42.25	0.002288	-0.0005151	0.0002147	0.002355	20230704	6711	aaa
0	0		225.9	32.65	80.0	4.5	9.0	-42.25	0.002307	0.0006359	-0.0004154	0.002428	20230704	6718	aaa
0	0		225.9	32.65	85.0	4.5	9.0	-37.25	0.003152	0.0009188	-0.000673	0.003351	20230704	6726	aaa
0	0		225.9	32.65	90.0	4.5	9.0	-32.25	0.004371	0.0013381	-0.0010821	0.004697	20230704	6734	aaa
0	0		225.9	32.65	95.0	4.5	9.0	-27.25	0.006151	0.0019653	-0.0017368	0.006686	20230704	6742	aaa
0	0		225.9	32.65	100.0	4.5	9.0	-22.25	0.008796	0.002928	-0.002805	0.009686	20230704	6749	aaa
0	0		225.9	32.65	105.0	4.5	9.0	-17.25	0.012844	0.004442	-0.004593	0.014346	20230704	6757	aaa
0	0		225.9	32.65	110.0	4.5	9.0	-12.25	0.019238	0.0069	-0.007654	0.021824	20230704	6765	aaa
0	0		225.9	32.65	115.0	4.5	9.0	-7.25	0.02982	0.011097	-0.013214	0.03445	20230704	6772	aaa
0	0		225.9	32.65	120.0	4.5	9.0	-2.25	0.04839	0.018691	-0.02383	0.05708	20230704	6780	aaa
0	0		225.9	32.65	125.0	4.5	9.0	2.75	0.08332	0.03371	-0.04458	0.10032	20230704	6788	aaa
0	0		225.9	32.65	130.0	4.5	9.0	7.75	0.15095	0.06539	-0.07893	0.18246	20230704	6796	aaa
0	0		225.9	32.65	135.0	4.5	9.0	12.75	0.25869	0.11929	-0.0921	0.29939	20230704	6803	aaa
0	0		225.9	32.65	140.0	4.5	9.0	17.75	0.359	0.16563	-0.0533	0.3989	20230704	6811	aaa
0	0		225.9	32.65	145.0	4.5	9.0	22.75	0.4162	0.18843	-0.02134	0.4574	20230704	6819	aaa
0	0		225.9	32.65	150.0	4.5	9.0	27.75	0.441	0.1975	-0.006554	0.4832	20230704	6827	aaa
0	0		225.9	32.65	155.0	4.5	9.0	32.75	0.4534	0.20349	-0.012119	0.4971	20230704	6834	aaa
0	0		225.9	32.65	160.0	4.5	9.0	37.75	0.4702	0.21471	-0.012039	0.517	20230704	6842	aaa
0	0		225.9	32.65	165.0	4.5	9.0	42.75	0.4823	0.22178	-0.002928	0.5309	20230704	6850	aaa
0	0		225.9	32.65	170.0	4.5	9.0	47.75	0.4867	0.22419	0.00484	0.5359	20230704	6858	aaa
0	0		225.9	32.65	175.0	4.5	9.0	52.75	0.487	0.22452	0.002923	0.5363	20230704	6865	aaa
0	0		225.9	32.65	180.0	4.5	9.0	57.75	0.4902	0.22811	0.0014666	0.5407	20230704	6873	aaa
0	0		225.9	32.65	185.0	4.5	9.0	62.75	0.4925	0.23076	0.005142	0.5439	20230704	6881	aaa
0	0		225.9	32.65	190.0	4.5	9.0	67.75	0.4906	0.23071	0.0095	0.5422	20230704	6889	aaa
0	0		225.9	32.65	195.0	4.5	9.0	72.75	0.487	0.22949	0.007065	0.5384	20230704	6896	aaa
0	0		225.9	32.65	200.0	4.5	9.0	77.75	0.4864	0.23165	0.009431	0.5388	20230704	6904	aaa
0	0		225.9	32.65	205.0	4.5	9.0	82.75	0.4808	0.22965	0.021008	0.5332	20230704	6912	aaa
0	0		225.9	32.65	210.0	4.5	9.0	87.75	0.4658	0.21962	0.03298	0.516	20230704	6919	aaa
0	0		225.9	32.65	215.0	4.5	9.0	92.75	0.4452	0.20525	0.02089	0.4907	20230704	6927	aaa
0	0		225.9	32.65	220.0	4.5	9.0	97.75	0.4376	0.20421	0.007252	0.4829	20230704	6935	aaa
0	0		225.9	32.65	225.0	4.5	9.0	102.75	0.4218	0.20038	0.02922	0.4679	20230704	6943	aaa
0	0		225.9	32.65	230.0	4.5	9.0	107.75	0.3757	0.17962	0.06776	0.4219	20230704	6950	aaa
0	0		225.9	32.65	235.0	4.5	9.0	112.75	0.283	0.13153	0.10839	0.3304	20230704	6958	aaa
0	0		225.9	32.65	240.0	4.5	9.0	117.75	0.17074	0.0724	0.08682	0.20478	20230704	6966	aaa
0	0		225.9	32.65	245.0	4.5	9.0	122.75	0.09542	0.0381	0.04583	0.1125	20230704	6974	aaa
0	0		225.9	32.65	250.0	4.5	9.0	127.75	0.05541	0.02213	0.02307	0.06397	20230704	6981	aaa
0	0		225.9	32.65	255.0	4.5	9.0	132.75	0.03396	0.01394	0.012183	0.03868	20230704	6989	aaa
0	0		225.9	32.65	260.0	4.5	9.0	137.75	0.02174	0.009222	0.006789	0.02458	20230704	6997	aaa
0	0		225.9	32.65	265.0	4.5	9.0	142.75	0.014358	0.006292	0.00393	0.016162	20230704	7005	aaa
0	0		225.9	32.65	270.0	4.5	9.0	147.75	0.009717	0.004387	0.002326	0.010912	20230704	7012	aaa
0	0		225.9	32.65	275.0	4.5	9.0	152.75	0.006703	0.003111	0.0013935	0.00752	20230704	7020	aaa
0	0		225.9	32.65	280.0	4.5	9.0	157.75	0.004693	0.002233	0.0008321	0.005263	20230704	7028	aaa
0	0		225.9	32.65	285.0	4.5	9.0	162.75	0.003329	0.0016194	0.0004908	0.003734	20230704	7035	aaa
0	0		225.9	32.65	290.0	4.5	9.0	167.75	0.00239	0.0011843	0.0002809	0.002682	20230704	7043	aaa
