0.01 0.016283 0.004619 2.0E+8
0.02 0.01049 0.003894 2.0E+8
0.03 0.005498 0.003018 2.0E+8
0.04 0.001167 0.002026 2.0E+8
0.05 -0.002617 0.000956 2.0E+8
0.06 -0.005945 -0.000163 2.0E+8
0.07 -0.008889 -0.001304 2.0E+8
0.08 -0.01151 -0.002446 2.0E+8
0.09 -0.013855 -0.003572 2.0E+8
0.1 -0.015967 -0.004669 2.0E+8
0.01 0.034506 0.025324 2.5E+8
0.02 0.028083 0.024608 2.5E+8
0.03 0.022404 0.023723 2.5E+8
0.04 0.01736 0.022696 2.5E+8
0.05 0.012859 0.021556 2.5E+8
0.06 0.008825 0.020331 2.5E+8
0.07 0.005194 0.019047 2.5E+8
0.08 0.001913 0.017727 2.5E+8
0.09 -0.001063 0.01639 2.5E+8
0.1 -0.003773 0.015053 2.5E+8
0.01 0.053152 0.046436 3.0E+8
0.02 0.04626 0.045751 3.0E+8
0.03 0.040054 0.04489 3.0E+8
0.04 0.034448 0.043877 3.0E+8
0.05 0.029366 0.042732 3.0E+8
0.06 0.024745 0.04148 3.0E+8
0.07 0.020531 0.040141 3.0E+8
0.08 0.016676 0.038738 3.0E+8
0.09 0.013141 0.03729 3.0E+8
0.1 0.009889 0.035814 3.0E+8
0.01 0.072048 0.067815 3.5E+8
0.02 0.064794 0.067166 3.5E+8
0.03 0.058174 0.066345 3.5E+8
0.04 0.052116 0.065367 3.5E+8
0.05 0.046558 0.06425 3.5E+8
0.06 0.041448 0.063011 3.5E+8
0.07 0.036739 0.06167 3.5E+8
0.08 0.032389 0.060245 3.5E+8
0.09 0.028363 0.058753 3.5E+8
0.1 0.024629 0.057211 3.5E+8
0.01 0.091105 0.089376 4.0E+8
0.02 0.083564 0.088765 4.0E+8
0.03 0.076609 0.087987 4.0E+8
0.04 0.070182 0.087053 4.0E+8
0.05 0.06423 0.085978 4.0E+8
0.06 0.058708 0.084775 4.0E+8
0.07 0.053576 0.08346 4.0E+8
0.08 0.048799 0.082048 4.0E+8
0.09 0.044343 0.080555 4.0E+8
0.1 0.040182 0.078994 4.0E+8
0.01 0.110271 0.111068 4.5E+8
0.02 0.102497 0.110493 4.5E+8
0.03 0.095268 0.109757 4.5E+8
0.04 0.088533 0.10887 4.5E+8
0.05 0.082249 0.107842 4.5E+8
0.06 0.076377 0.106685 4.5E+8
0.07 0.070883 0.105411 4.5E+8
0.08 0.065733 0.104032 4.5E+8
0.09 0.060902 0.102563 4.5E+8
0.1 0.056362 0.101014 4.5E+8
0.01 0.129515 0.132856 5.0E+8
0.02 0.121548 0.132314 5.0E+8
0.03 0.114089 0.131618 5.0E+8
0.04 0.107095 0.130777 5.0E+8
0.05 0.100529 0.129797 5.0E+8
0.06 0.094357 0.12869 5.0E+8
0.07 0.088548 0.127463 5.0E+8
0.08 0.083074 0.126129 5.0E+8
0.09 0.077911 0.124697 5.0E+8
0.1 0.073035 0.123179 5.0E+8
0.01 0.148816 0.154716 5.5E+8
0.02 0.140688 0.154205 5.5E+8
0.03 0.133034 0.153547 5.5E+8
0.04 0.125819 0.152749 5.5E+8
0.05 0.119009 0.151817 5.5E+8
0.06 0.112576 0.150759 5.5E+8
0.07 0.106493 0.149582 5.5E+8
0.08 0.100734 0.148296 5.5E+8
0.09 0.095277 0.14691 5.5E+8
0.1 0.090102 0.145432 5.5E+8
0.01 0.168162 0.176634 6.0E+8
0.02 0.159895 0.17615 6.0E+8
0.03 0.152074 0.175527 6.0E+8
0.04 0.144667 0.174769 6.0E+8
0.05 0.137647 0.173882 6.0E+8
0.06 0.130986 0.172872 6.0E+8
0.07 0.12466 0.171745 6.0E+8
0.08 0.118649 0.170509 6.0E+8
0.09 0.112931 0.169171 6.0E+8
0.1 0.107489 0.16774 6.0E+8
0.01 0.187541 0.198596 6.5E+8
0.02 0.179155 0.198138 6.5E+8
0.03 0.171189 0.197546 6.5E+8
0.04 0.163616 0.196826 6.5E+8
0.05 0.156409 0.195981 6.5E+8
0.06 0.149547 0.195016 6.5E+8
0.07 0.143008 0.193937 6.5E+8
0.08 0.136772 0.19275 6.5E+8
0.09 0.130821 0.191462 6.5E+8
0.1 0.125138 0.190079 6.5E+8
0.01 0.206948 0.220594 7.0E+8
0.02 0.198457 0.220159 7.0E+8
0.03 0.190364 0.219597 7.0E+8
0.04 0.182644 0.218911 7.0E+8
0.05 0.175274 0.218105 7.0E+8
0.06 0.168234 0.217183 7.0E+8
0.07 0.161504 0.21615 7.0E+8
0.08 0.155067 0.215011 7.0E+8
0.09 0.148905 0.213772 7.0E+8
0.1 0.143005 0.212438 7.0E+8
0.01 0.226376 0.242621 7.5E+8
0.02 0.217794 0.242207 7.5E+8
0.03 0.209589 0.241672 7.5E+8
0.04 0.201739 0.241018 7.5E+8
0.05 0.194223 0.240248 7.5E+8
0.06 0.187023 0.239366 7.5E+8
0.07 0.180122 0.238377 7.5E+8
0.08 0.173504 0.237283 7.5E+8
0.09 0.167153 0.236091 7.5E+8
0.1 0.161055 0.234805 7.5E+8
0.01 0.245822 0.264673 8.0E+8
0.02 0.237159 0.264278 8.0E+8
0.03 0.228854 0.263767 8.0E+8
0.04 0.220888 0.263142 8.0E+8
0.05 0.213241 0.262406 8.0E+8
0.06 0.205898 0.261562 8.0E+8
0.07 0.198843 0.260613 8.0E+8
0.08 0.192061 0.259563 8.0E+8
0.09 0.185538 0.258416 8.0E+8
0.1 0.179261 0.257177 8.0E+8
0.01 0.265282 0.286744 8.5E+8
0.02 0.256547 0.286367 8.5E+8
0.03 0.248153 0.285879 8.5E+8
0.04 0.240082 0.285281 8.5E+8
0.05 0.232318 0.284577 8.5E+8
0.06 0.224846 0.283767 8.5E+8
0.07 0.217651 0.282856 8.5E+8
0.08 0.21072 0.281847 8.5E+8
0.09 0.20404 0.280743 8.5E+8
0.1 0.1976 0.279548 8.5E+8
0.01 0.284755 0.308833 9.0E+8
0.02 0.275955 0.308473 9.0E+8
0.03 0.267481 0.308005 9.0E+8
0.04 0.259316 0.307432 9.0E+8
0.05 0.251446 0.306756 9.0E+8
0.06 0.243856 0.305979 9.0E+8
0.07 0.236534 0.305104 9.0E+8
0.08 0.229467 0.304134 9.0E+8
0.09 0.222644 0.30307 9.0E+8
0.1 0.216053 0.301918 9.0E+8
0.01 0.304239 0.330937 9.5E+8
0.02 0.29538 0.330591 9.5E+8
0.03 0.286833 0.330143 9.5E+8
0.04 0.278583 0.329593 9.5E+8
0.05 0.270616 0.328944 9.5E+8
0.06 0.262919 0.328197 9.5E+8
0.07 0.255481 0.327355 9.5E+8
0.08 0.248289 0.326421 9.5E+8
0.09 0.241334 0.325396 9.5E+8
0.1 0.234605 0.324284 9.5E+8
0.01 0.323731 0.353053 1.0E+9
0.02 0.314819 0.352721 1.0E+9
0.03 0.306206 0.35229 1.0E+9
0.04 0.297878 0.351762 1.0E+9
0.05 0.289823 0.351138 1.0E+9
0.06 0.282028 0.350419 1.0E+9
0.07 0.274483 0.349609 1.0E+9
0.08 0.267177 0.348708 1.0E+9
0.09 0.260101 0.347719 1.0E+9
0.1 0.253244 0.346645 1.0E+9
