0.05 0.12307080331946334 0.11208022559110177 5.0E+8
0.06 0.11903304890914368 0.11019016616379626 5.0E+8
0.07 0.11458980338977841 0.10840894326229891 5.0E+8
0.08 0.11052411742949618 0.10653723579633062 5.0E+8
0.09 0.10786748838643168 0.10329695070932181 5.0E+8
0.1 0.10311124520299901 0.10215046796846411 5.0E+8
0.01 0.1697994114855117 0.13422928938991716 5.5E+8
0.02 0.16483231147348415 0.13625221532817733 5.5E+8
0.03 0.15572568490177316 0.13459403546242998 5.5E+8
0.04 0.14959357304180654 0.13165756696042133 5.5E+8
0.05 0.1438224064561654 0.13228482731424976 5.5E+8
0.06 0.1358316043272462 0.13342614078918183 5.5E+8
0.07 0.133422781624969 0.12900501859609798 5.5E+8
0.08 0.12886890387690497 0.12727292353595382 5.5E+8
0.09 0.12484613825924962 0.12485522911480897 5.5E+8
0.1 0.12144804562331653 0.12154027913520894 5.5E+8
0.01 0.1905089330535927 0.1569045339781166 6.0E+8
0.02 0.18302531454953416 0.15605512585403794 6.0E+8
0.03 0.17546667320875772 0.1552441284067809 6.0E+8
0.04 0.1694956017679987 0.15605324157652997 6.0E+8
0.05 0.1631056823692289 0.15269141780194337 6.0E+8
0.06 0.158078774170758 0.15159494910001384 6.0E+8
0.07 0.15303206830033916 0.1497009309508475 6.0E+8
0.08 0.1486460747606217 0.14782607116197083 6.0E+8
0.09 0.14078107331547424 0.14765303379126227 6.0E+8
0.1 0.13664852837626607 0.14536311636689345 6.0E+8
0.01 0.21072700981640155 0.17780445435409983 6.5E+8
0.02 0.20355529037849096 0.17673968715470204 6.5E+8
0.03 0.19665621059693694 0.17557886083456037 6.5E+8
0.04 0.1902111192595136 0.17447242671410856 6.5E+8
0.05 0.1833424613916707 0.17366712726385125 6.5E+8
0.06 0.17835861928668423 0.17167047432483187 6.5E+8
0.07 0.17234109659609423 0.1702903826014157 6.5E+8
0.08 0.16668912115390783 0.16844521338530422 6.5E+8
0.09 0.16274354361459384 0.16659850962917655 6.5E+8
0.1 0.1574534282759621 0.16571947154196545 6.5E+8
0.01 0.2317140376576811 0.19678879434356336 7.0E+8
0.02 0.2242710756010006 0.19629879394996394 7.0E+8
0.03 0.2179314449807688 0.19519821871289922 7.0E+8
0.04 0.20905424840354242 0.1957343780263341 7.0E+8
0.05 0.20466620378080616 0.19374921840165746 7.0E+8
0.06 0.1982783429084996 0.1922561665872534 7.0E+8
0.07 0.1915062563311595 0.19157359939527271 7.0E+8
0.08 0.1868154615968699 0.18971843726798626 7.0E+8
0.09 0.18152739860903722 0.18801328406161325 7.0E+8
0.1 0.17691428523926514 0.18589080050883477 7.0E+8
0.01 0.2528442710875205 0.2182712268054112 7.5E+8
0.02 0.2439054713073965 0.21766849470597904 7.5E+8
0.03 0.2363332795660731 0.21728712396321803 7.5E+8
0.04 0.2303192347014511 0.21548477039377276 7.5E+8
0.05 0.2252017428640806 0.21342272788411795 7.5E+8
0.06 0.21759456654405349 0.21440727338485635 7.5E+8
0.07 0.2118053479232315 0.21200352025701377 7.5E+8
0.08 0.20734731600876224 0.20873851495228626 7.5E+8
