0.05 0.12307080331946334 0.11208022559110177 5.0E+820 20 21.48781640809661 28.921237828979077
0.05 0.12307080331946334 0.11208022559110177 5.0E+815 15 21.48781640809661 28.921237828979077
0.05 0.12307080331946334 0.11208022559110177 5.0E+810 10 21.48781640809661 28.921237828979077
0.05 0.12307080331946334 0.11208022559110177 5.0E+89 9 21.48781640809661 28.921237828979077
0.05 0.12307080331946334 0.11208022559110177 5.0E+88 8 21.48781640809661 28.921237828979077
0.05 0.12307080331946334 0.11208022559110177 5.0E+87 7 21.48781640809661 28.921237828979077
0.05 0.12307080331946334 0.11208022559110177 5.0E+86 6 21.48781640809661 28.921237828979077
0.05 0.12307080331946334 0.11208022559110177 5.0E+85 5 21.48781640809661 28.921237828979077
0.05 0.12307080331946334 0.11208022559110177 5.0E+84 4 21.48781640809661 28.921237828979077
0.05 0.12307080331946334 0.11208022559110177 5.0E+83 3 21.48781640809661 28.921237828979077
0.05 0.12307080331946334 0.11208022559110177 5.0E+82 2 21.48781640809661 28.921237828979077
0.05 0.12307080331946334 0.11208022559110177 5.0E+81 1 21.48781640809661 28.921237828979077
0.06 0.11903304890914368 0.11019016616379626 5.0E+820 20 22.094239295341062 27.75293718585217
0.06 0.11903304890914368 0.11019016616379626 5.0E+815 15 22.094239295341062 27.75293718585217
0.06 0.11903304890914368 0.11019016616379626 5.0E+810 10 22.094239295341062 27.75293718585217
0.06 0.11903304890914368 0.11019016616379626 5.0E+89 9 22.094239295341062 27.75293718585217
0.06 0.11903304890914368 0.11019016616379626 5.0E+88 8 22.094239295341062 27.75293718585217
0.06 0.11903304890914368 0.11019016616379626 5.0E+87 7 22.094239295341062 27.75293718585217
0.06 0.11903304890914368 0.11019016616379626 5.0E+86 6 22.094239295341062 27.75293718585217
0.06 0.11903304890914368 0.11019016616379626 5.0E+85 5 22.094239295341062 27.75293718585217
0.06 0.11903304890914368 0.11019016616379626 5.0E+84 4 22.094239295341062 27.75293718585217
0.06 0.11903304890914368 0.11019016616379626 5.0E+83 3 22.094239295341062 27.75293718585217
0.06 0.11903304890914368 0.11019016616379626 5.0E+82 2 22.094239295341062 27.75293718585217
0.06 0.11903304890914368 0.11019016616379626 5.0E+81 1 22.094239295341062 27.75293718585217
0.07 0.11458980338977841 0.10840894326229891 5.0E+820 20 22.769707181565646 26.7022696929239
0.07 0.11458980338977841 0.10840894326229891 5.0E+815 15 22.769707181565646 26.7022696929239
0.07 0.11458980338977841 0.10840894326229891 5.0E+810 10 22.769707181565646 26.7022696929239
0.07 0.11458980338977841 0.10840894326229891 5.0E+89 9 22.769707181565646 26.7022696929239
0.07 0.11458980338977841 0.10840894326229891 5.0E+88 8 22.769707181565646 26.7022696929239
0.07 0.11458980338977841 0.10840894326229891 5.0E+87 7 22.769707181565646 26.7022696929239
0.07 0.11458980338977841 0.10840894326229891 5.0E+86 6 22.769707181565646 26.7022696929239
0.07 0.11458980338977841 0.10840894326229891 5.0E+85 5 22.769707181565646 26.7022696929239
0.07 0.11458980338977841 0.10840894326229891 5.0E+84 4 22.769707181565646 26.7022696929239
0.07 0.11458980338977841 0.10840894326229891 5.0E+83 3 22.769707181565646 26.7022696929239
0.07 0.11458980338977841 0.10840894326229891 5.0E+82 2 22.769707181565646 26.7022696929239
0.07 0.11458980338977841 0.10840894326229891 5.0E+81 1 22.769707181565646 26.7022696929239
0.08 0.11052411742949618 0.10653723579633062 5.0E+820 20 23.31980784478336 25.785010314004126
0.08 0.11052411742949618 0.10653723579633062 5.0E+815 15 23.31980784478336 25.785010314004126
0.08 0.11052411742949618 0.10653723579633062 5.0E+810 10 23.31980784478336 25.785010314004126
0.08 0.11052411742949618 0.10653723579633062 5.0E+89 9 23.31980784478336 25.785010314004126
0.08 0.11052411742949618 0.10653723579633062 5.0E+88 8 23.31980784478336 25.785010314004126
0.08 0.11052411742949618 0.10653723579633062 5.0E+87 7 23.31980784478336 25.785010314004126
0.08 0.11052411742949618 0.10653723579633062 5.0E+86 6 23.31980784478336 25.785010314004126
0.08 0.11052411742949618 0.10653723579633062 5.0E+85 5 23.31980784478336 25.785010314004126
0.08 0.11052411742949618 0.10653723579633062 5.0E+84 4 23.31980784478336 25.785010314004126
0.08 0.11052411742949618 0.10653723579633062 5.0E+83 3 23.31980784478336 25.785010314004126
0.08 0.11052411742949618 0.10653723579633062 5.0E+82 2 23.31980784478336 25.785010314004126
0.08 0.11052411742949618 0.10653723579633062 5.0E+81 1 23.31980784478336 25.785010314004126
0.09 0.10786748838643168 0.10329695070932181 5.0E+820 20 23.91429118040941 24.807056229327454
0.09 0.10786748838643168 0.10329695070932181 5.0E+815 15 23.91429118040941 24.807056229327454
0.09 0.10786748838643168 0.10329695070932181 5.0E+810 10 23.91429118040941 24.807056229327454
0.09 0.10786748838643168 0.10329695070932181 5.0E+89 9 23.91429118040941 24.807056229327454
0.09 0.10786748838643168 0.10329695070932181 5.0E+88 8 23.91429118040941 24.807056229327454
0.09 0.10786748838643168 0.10329695070932181 5.0E+87 7 23.91429118040941 24.807056229327454
0.09 0.10786748838643168 0.10329695070932181 5.0E+86 6 23.91429118040941 24.807056229327454
0.09 0.10786748838643168 0.10329695070932181 5.0E+85 5 23.91429118040941 24.807056229327454
0.09 0.10786748838643168 0.10329695070932181 5.0E+84 4 23.91429118040941 24.807056229327454
0.09 0.10786748838643168 0.10329695070932181 5.0E+83 3 23.91429118040941 24.807056229327454
0.09 0.10786748838643168 0.10329695070932181 5.0E+82 2 23.91429118040941 24.807056229327454
0.09 0.10786748838643168 0.10329695070932181 5.0E+81 1 23.91429118040941 24.807056229327454
0.1 0.10311124520299901 0.10215046796846411 5.0E+820 20 24.464632296576585 24.06325197662427
0.1 0.10311124520299901 0.10215046796846411 5.0E+815 15 24.464632296576585 24.06325197662427
0.1 0.10311124520299901 0.10215046796846411 5.0E+810 10 24.464632296576585 24.06325197662427
0.1 0.10311124520299901 0.10215046796846411 5.0E+89 9 24.464632296576585 24.06325197662427
0.1 0.10311124520299901 0.10215046796846411 5.0E+88 8 24.464632296576585 24.06325197662427
0.1 0.10311124520299901 0.10215046796846411 5.0E+87 7 24.464632296576585 24.06325197662427
0.1 0.10311124520299901 0.10215046796846411 5.0E+86 6 24.464632296576585 24.06325197662427
0.1 0.10311124520299901 0.10215046796846411 5.0E+85 5 24.464632296576585 24.06325197662427
0.1 0.10311124520299901 0.10215046796846411 5.0E+84 4 24.464632296576585 24.06325197662427
0.1 0.10311124520299901 0.10215046796846411 5.0E+83 3 24.464632296576585 24.06325197662427
0.1 0.10311124520299901 0.10215046796846411 5.0E+82 2 24.464632296576585 24.06325197662427
0.1 0.10311124520299901 0.10215046796846411 5.0E+81 1 24.464632296576585 24.06325197662427
0.01 0.1697994114855117 0.13422928938991716 5.5E+815 15 17.307226343906127 31.514811961621962
0.01 0.1697994114855117 0.13422928938991716 5.5E+810 10 17.307226343906127 31.514811961621962
0.01 0.1697994114855117 0.13422928938991716 5.5E+89 9 17.307226343906127 31.514811961621962
0.01 0.1697994114855117 0.13422928938991716 5.5E+88 8 17.307226343906127 31.514811961621962
0.01 0.1697994114855117 0.13422928938991716 5.5E+87 7 17.307226343906127 31.514811961621962
0.01 0.1697994114855117 0.13422928938991716 5.5E+86 6 17.307226343906127 31.514811961621962
0.01 0.1697994114855117 0.13422928938991716 5.5E+85 5 17.307226343906127 31.514811961621962
0.01 0.1697994114855117 0.13422928938991716 5.5E+84 4 17.307226343906127 31.514811961621962
0.01 0.1697994114855117 0.13422928938991716 5.5E+83 3 17.307226343906127 31.514811961621962
0.01 0.1697994114855117 0.13422928938991716 5.5E+82 2 17.307226343906127 31.514811961621962
0.01 0.1697994114855117 0.13422928938991716 5.5E+81 1 17.307226343906127 31.514811961621962
0.02 0.16483231147348415 0.13625221532817733 5.5E+815 15 17.70308387721141 30.03303633997397
0.02 0.16483231147348415 0.13625221532817733 5.5E+810 10 17.70308387721141 30.03303633997397
0.02 0.16483231147348415 0.13625221532817733 5.5E+89 9 17.70308387721141 30.03303633997397
0.02 0.16483231147348415 0.13625221532817733 5.5E+88 8 17.70308387721141 30.03303633997397
0.02 0.16483231147348415 0.13625221532817733 5.5E+87 7 17.70308387721141 30.03303633997397
0.02 0.16483231147348415 0.13625221532817733 5.5E+86 6 17.70308387721141 30.03303633997397
0.02 0.16483231147348415 0.13625221532817733 5.5E+85 5 17.70308387721141 30.03303633997397
0.02 0.16483231147348415 0.13625221532817733 5.5E+84 4 17.70308387721141 30.03303633997397
0.02 0.16483231147348415 0.13625221532817733 5.5E+83 3 17.70308387721141 30.03303633997397
0.02 0.16483231147348415 0.13625221532817733 5.5E+82 2 17.70308387721141 30.03303633997397
0.02 0.16483231147348415 0.13625221532817733 5.5E+81 1 17.70308387721141 30.03303633997397
0.03 0.15572568490177316 0.13459403546242998 5.5E+815 15 18.437031392118783 29.122443696608855
0.03 0.15572568490177316 0.13459403546242998 5.5E+810 10 18.437031392118783 29.122443696608855
0.03 0.15572568490177316 0.13459403546242998 5.5E+89 9 18.437031392118783 29.122443696608855
0.03 0.15572568490177316 0.13459403546242998 5.5E+88 8 18.437031392118783 29.122443696608855
0.03 0.15572568490177316 0.13459403546242998 5.5E+87 7 18.437031392118783 29.122443696608855
0.03 0.15572568490177316 0.13459403546242998 5.5E+86 6 18.437031392118783 29.122443696608855
0.03 0.15572568490177316 0.13459403546242998 5.5E+85 5 18.437031392118783 29.122443696608855
0.03 0.15572568490177316 0.13459403546242998 5.5E+84 4 18.437031392118783 29.122443696608855
0.03 0.15572568490177316 0.13459403546242998 5.5E+83 3 18.437031392118783 29.122443696608855
0.03 0.15572568490177316 0.13459403546242998 5.5E+82 2 18.437031392118783 29.122443696608855
0.03 0.15572568490177316 0.13459403546242998 5.5E+81 1 18.437031392118783 29.122443696608855
0.04 0.14959357304180654 0.13165756696042133 5.5E+815 15 19.10949742021785 28.019925280199253
0.04 0.14959357304180654 0.13165756696042133 5.5E+810 10 19.10949742021785 28.019925280199253
0.04 0.14959357304180654 0.13165756696042133 5.5E+89 9 19.10949742021785 28.019925280199253
0.04 0.14959357304180654 0.13165756696042133 5.5E+88 8 19.10949742021785 28.019925280199253
0.04 0.14959357304180654 0.13165756696042133 5.5E+87 7 19.10949742021785 28.019925280199253
0.04 0.14959357304180654 0.13165756696042133 5.5E+86 6 19.10949742021785 28.019925280199253
0.04 0.14959357304180654 0.13165756696042133 5.5E+85 5 19.10949742021785 28.019925280199253
0.04 0.14959357304180654 0.13165756696042133 5.5E+84 4 19.10949742021785 28.019925280199253
0.04 0.14959357304180654 0.13165756696042133 5.5E+83 3 19.10949742021785 28.019925280199253
0.04 0.14959357304180654 0.13165756696042133 5.5E+82 2 19.10949742021785 28.019925280199253
0.04 0.14959357304180654 0.13165756696042133 5.5E+81 1 19.10949742021785 28.019925280199253
0.05 0.1438224064561654 0.13228482731424976 5.5E+815 15 19.573557428817494 27.060344568387503
0.05 0.1438224064561654 0.13228482731424976 5.5E+810 10 19.573557428817494 27.060344568387503
0.05 0.1438224064561654 0.13228482731424976 5.5E+89 9 19.573557428817494 27.060344568387503
0.05 0.1438224064561654 0.13228482731424976 5.5E+88 8 19.573557428817494 27.060344568387503
0.05 0.1438224064561654 0.13228482731424976 5.5E+87 7 19.573557428817494 27.060344568387503
0.05 0.1438224064561654 0.13228482731424976 5.5E+86 6 19.573557428817494 27.060344568387503
0.05 0.1438224064561654 0.13228482731424976 5.5E+85 5 19.573557428817494 27.060344568387503
0.05 0.1438224064561654 0.13228482731424976 5.5E+84 4 19.573557428817494 27.060344568387503
0.05 0.1438224064561654 0.13228482731424976 5.5E+83 3 19.573557428817494 27.060344568387503
0.05 0.1438224064561654 0.13228482731424976 5.5E+82 2 19.573557428817494 27.060344568387503
0.05 0.1438224064561654 0.13228482731424976 5.5E+81 1 19.573557428817494 27.060344568387503
0.06 0.1358316043272462 0.13342614078918183 5.5E+820 20 20.09592454650197 26.370535321867035
0.06 0.1358316043272462 0.13342614078918183 5.5E+815 15 20.09592454650197 26.370535321867035
0.06 0.1358316043272462 0.13342614078918183 5.5E+810 10 20.09592454650197 26.370535321867035
0.06 0.1358316043272462 0.13342614078918183 5.5E+89 9 20.09592454650197 26.370535321867035
0.06 0.1358316043272462 0.13342614078918183 5.5E+88 8 20.09592454650197 26.370535321867035
0.06 0.1358316043272462 0.13342614078918183 5.5E+87 7 20.09592454650197 26.370535321867035
0.06 0.1358316043272462 0.13342614078918183 5.5E+86 6 20.09592454650197 26.370535321867035
0.06 0.1358316043272462 0.13342614078918183 5.5E+85 5 20.09592454650197 26.370535321867035
0.06 0.1358316043272462 0.13342614078918183 5.5E+84 4 20.09592454650197 26.370535321867035
0.06 0.1358316043272462 0.13342614078918183 5.5E+83 3 20.09592454650197 26.370535321867035
0.06 0.1358316043272462 0.13342614078918183 5.5E+82 2 20.09592454650197 26.370535321867035
0.06 0.1358316043272462 0.13342614078918183 5.5E+81 1 20.09592454650197 26.370535321867035
0.07 0.133422781624969 0.12900501859609798 5.5E+820 20 20.719376761147025 25.239777889954567
0.07 0.133422781624969 0.12900501859609798 5.5E+815 15 20.719376761147025 25.239777889954567
0.07 0.133422781624969 0.12900501859609798 5.5E+810 10 20.719376761147025 25.239777889954567
0.07 0.133422781624969 0.12900501859609798 5.5E+89 9 20.719376761147025 25.239777889954567
0.07 0.133422781624969 0.12900501859609798 5.5E+88 8 20.719376761147025 25.239777889954567
0.07 0.133422781624969 0.12900501859609798 5.5E+87 7 20.719376761147025 25.239777889954567
0.07 0.133422781624969 0.12900501859609798 5.5E+86 6 20.719376761147025 25.239777889954567
0.07 0.133422781624969 0.12900501859609798 5.5E+85 5 20.719376761147025 25.239777889954567
0.07 0.133422781624969 0.12900501859609798 5.5E+84 4 20.719376761147025 25.239777889954567
0.07 0.133422781624969 0.12900501859609798 5.5E+83 3 20.719376761147025 25.239777889954567
0.07 0.133422781624969 0.12900501859609798 5.5E+82 2 20.719376761147025 25.239777889954567
0.07 0.133422781624969 0.12900501859609798 5.5E+81 1 20.719376761147025 25.239777889954567
0.08 0.12886890387690497 0.12727292353595382 5.5E+820 20 21.174477696216826 24.455192652573228
0.08 0.12886890387690497 0.12727292353595382 5.5E+815 15 21.174477696216826 24.455192652573228
0.08 0.12886890387690497 0.12727292353595382 5.5E+810 10 21.174477696216826 24.455192652573228
0.08 0.12886890387690497 0.12727292353595382 5.5E+89 9 21.174477696216826 24.455192652573228
0.08 0.12886890387690497 0.12727292353595382 5.5E+88 8 21.174477696216826 24.455192652573228
0.08 0.12886890387690497 0.12727292353595382 5.5E+87 7 21.174477696216826 24.455192652573228
0.08 0.12886890387690497 0.12727292353595382 5.5E+86 6 21.174477696216826 24.455192652573228
0.08 0.12886890387690497 0.12727292353595382 5.5E+85 5 21.174477696216826 24.455192652573228
0.08 0.12886890387690497 0.12727292353595382 5.5E+84 4 21.174477696216826 24.455192652573228
0.08 0.12886890387690497 0.12727292353595382 5.5E+83 3 21.174477696216826 24.455192652573228
0.08 0.12886890387690497 0.12727292353595382 5.5E+82 2 21.174477696216826 24.455192652573228
0.08 0.12886890387690497 0.12727292353595382 5.5E+81 1 21.174477696216826 24.455192652573228
0.09 0.12484613825924962 0.12485522911480897 5.5E+820 20 21.70170286028444 23.663660505350617
0.09 0.12484613825924962 0.12485522911480897 5.5E+815 15 21.70170286028444 23.663660505350617
0.09 0.12484613825924962 0.12485522911480897 5.5E+810 10 21.70170286028444 23.663660505350617
0.09 0.12484613825924962 0.12485522911480897 5.5E+89 9 21.70170286028444 23.663660505350617
0.09 0.12484613825924962 0.12485522911480897 5.5E+88 8 21.70170286028444 23.663660505350617
0.09 0.12484613825924962 0.12485522911480897 5.5E+87 7 21.70170286028444 23.663660505350617
0.09 0.12484613825924962 0.12485522911480897 5.5E+86 6 21.70170286028444 23.663660505350617
0.09 0.12484613825924962 0.12485522911480897 5.5E+85 5 21.70170286028444 23.663660505350617
0.09 0.12484613825924962 0.12485522911480897 5.5E+84 4 21.70170286028444 23.663660505350617
0.09 0.12484613825924962 0.12485522911480897 5.5E+83 3 21.70170286028444 23.663660505350617
0.09 0.12484613825924962 0.12485522911480897 5.5E+82 2 21.70170286028444 23.663660505350617
0.09 0.12484613825924962 0.12485522911480897 5.5E+81 1 21.70170286028444 23.663660505350617
0.1 0.12144804562331653 0.12154027913520894 5.5E+820 20 22.240343983986953 22.89260823116447
0.1 0.12144804562331653 0.12154027913520894 5.5E+815 15 22.240343983986953 22.89260823116447
0.1 0.12144804562331653 0.12154027913520894 5.5E+810 10 22.240343983986953 22.89260823116447
0.1 0.12144804562331653 0.12154027913520894 5.5E+89 9 22.240343983986953 22.89260823116447
0.1 0.12144804562331653 0.12154027913520894 5.5E+88 8 22.240343983986953 22.89260823116447
0.1 0.12144804562331653 0.12154027913520894 5.5E+87 7 22.240343983986953 22.89260823116447
0.1 0.12144804562331653 0.12154027913520894 5.5E+86 6 22.240343983986953 22.89260823116447
0.1 0.12144804562331653 0.12154027913520894 5.5E+85 5 22.240343983986953 22.89260823116447
0.1 0.12144804562331653 0.12154027913520894 5.5E+84 4 22.240343983986953 22.89260823116447
0.1 0.12144804562331653 0.12154027913520894 5.5E+83 3 22.240343983986953 22.89260823116447
0.1 0.12144804562331653 0.12154027913520894 5.5E+82 2 22.240343983986953 22.89260823116447
0.1 0.12144804562331653 0.12154027913520894 5.5E+81 1 22.240343983986953 22.89260823116447
0.01 0.1905089330535927 0.1569045339781166 6.0E+815 15 15.92289074773895 29.38391720265108
0.01 0.1905089330535927 0.1569045339781166 6.0E+810 10 15.92289074773895 29.38391720265108
0.01 0.1905089330535927 0.1569045339781166 6.0E+89 9 15.92289074773895 29.38391720265108
0.01 0.1905089330535927 0.1569045339781166 6.0E+88 8 15.92289074773895 29.38391720265108
0.01 0.1905089330535927 0.1569045339781166 6.0E+87 7 15.92289074773895 29.38391720265108
0.01 0.1905089330535927 0.1569045339781166 6.0E+86 6 15.92289074773895 29.38391720265108
0.01 0.1905089330535927 0.1569045339781166 6.0E+85 5 15.92289074773895 29.38391720265108
0.01 0.1905089330535927 0.1569045339781166 6.0E+84 4 15.92289074773895 29.38391720265108
0.01 0.1905089330535927 0.1569045339781166 6.0E+83 3 15.92289074773895 29.38391720265108
0.01 0.1905089330535927 0.1569045339781166 6.0E+82 2 15.92289074773895 29.38391720265108
0.01 0.1905089330535927 0.1569045339781166 6.0E+81 1 15.92289074773895 29.38391720265108
0.02 0.18302531454953416 0.15605512585403794 6.0E+815 15 16.45260005922936 28.31168014092925
0.02 0.18302531454953416 0.15605512585403794 6.0E+810 10 16.45260005922936 28.31168014092925
0.02 0.18302531454953416 0.15605512585403794 6.0E+89 9 16.45260005922936 28.31168014092925
0.02 0.18302531454953416 0.15605512585403794 6.0E+88 8 16.45260005922936 28.31168014092925
0.02 0.18302531454953416 0.15605512585403794 6.0E+87 7 16.45260005922936 28.31168014092925
0.02 0.18302531454953416 0.15605512585403794 6.0E+86 6 16.45260005922936 28.31168014092925
0.02 0.18302531454953416 0.15605512585403794 6.0E+85 5 16.45260005922936 28.31168014092925
0.02 0.18302531454953416 0.15605512585403794 6.0E+84 4 16.45260005922936 28.31168014092925
0.02 0.18302531454953416 0.15605512585403794 6.0E+83 3 16.45260005922936 28.31168014092925
0.02 0.18302531454953416 0.15605512585403794 6.0E+82 2 16.45260005922936 28.31168014092925
0.02 0.18302531454953416 0.15605512585403794 6.0E+81 1 16.45260005922936 28.31168014092925
0.03 0.17546667320875772 0.1552441284067809 6.0E+815 15 16.98465719300232 27.374760470845878
0.03 0.17546667320875772 0.1552441284067809 6.0E+810 10 16.98465719300232 27.374760470845878
0.03 0.17546667320875772 0.1552441284067809 6.0E+89 9 16.98465719300232 27.374760470845878
0.03 0.17546667320875772 0.1552441284067809 6.0E+88 8 16.98465719300232 27.374760470845878
0.03 0.17546667320875772 0.1552441284067809 6.0E+87 7 16.98465719300232 27.374760470845878
0.03 0.17546667320875772 0.1552441284067809 6.0E+86 6 16.98465719300232 27.374760470845878
0.03 0.17546667320875772 0.1552441284067809 6.0E+85 5 16.98465719300232 27.374760470845878
0.03 0.17546667320875772 0.1552441284067809 6.0E+84 4 16.98465719300232 27.374760470845878
0.03 0.17546667320875772 0.1552441284067809 6.0E+83 3 16.98465719300232 27.374760470845878
0.03 0.17546667320875772 0.1552441284067809 6.0E+82 2 16.98465719300232 27.374760470845878
0.03 0.17546667320875772 0.1552441284067809 6.0E+81 1 16.98465719300232 27.374760470845878
0.04 0.1694956017679987 0.15605324157652997 6.0E+815 15 17.42261455369069 26.375172171262786
0.04 0.1694956017679987 0.15605324157652997 6.0E+810 10 17.42261455369069 26.375172171262786
0.04 0.1694956017679987 0.15605324157652997 6.0E+89 9 17.42261455369069 26.375172171262786
0.04 0.1694956017679987 0.15605324157652997 6.0E+88 8 17.42261455369069 26.375172171262786
0.04 0.1694956017679987 0.15605324157652997 6.0E+87 7 17.42261455369069 26.375172171262786
0.04 0.1694956017679987 0.15605324157652997 6.0E+86 6 17.42261455369069 26.375172171262786
0.04 0.1694956017679987 0.15605324157652997 6.0E+85 5 17.42261455369069 26.375172171262786
0.04 0.1694956017679987 0.15605324157652997 6.0E+84 4 17.42261455369069 26.375172171262786
0.04 0.1694956017679987 0.15605324157652997 6.0E+83 3 17.42261455369069 26.375172171262786
0.04 0.1694956017679987 0.15605324157652997 6.0E+82 2 17.42261455369069 26.375172171262786
0.04 0.1694956017679987 0.15605324157652997 6.0E+81 1 17.42261455369069 26.375172171262786
0.05 0.1631056823692289 0.15269141780194337 6.0E+815 15 17.99143607642762 25.560194257476358
0.05 0.1631056823692289 0.15269141780194337 6.0E+810 10 17.99143607642762 25.560194257476358
0.05 0.1631056823692289 0.15269141780194337 6.0E+89 9 17.99143607642762 25.560194257476358
0.05 0.1631056823692289 0.15269141780194337 6.0E+88 8 17.99143607642762 25.560194257476358
0.05 0.1631056823692289 0.15269141780194337 6.0E+87 7 17.99143607642762 25.560194257476358
0.05 0.1631056823692289 0.15269141780194337 6.0E+86 6 17.99143607642762 25.560194257476358
0.05 0.1631056823692289 0.15269141780194337 6.0E+85 5 17.99143607642762 25.560194257476358
0.05 0.1631056823692289 0.15269141780194337 6.0E+84 4 17.99143607642762 25.560194257476358
0.05 0.1631056823692289 0.15269141780194337 6.0E+83 3 17.99143607642762 25.560194257476358
0.05 0.1631056823692289 0.15269141780194337 6.0E+82 2 17.99143607642762 25.560194257476358
0.05 0.1631056823692289 0.15269141780194337 6.0E+81 1 17.99143607642762 25.560194257476358
0.06 0.158078774170758 0.15159494910001384 6.0E+815 15 18.450638392088365 24.689325981400707
0.06 0.158078774170758 0.15159494910001384 6.0E+810 10 18.450638392088365 24.689325981400707
0.06 0.158078774170758 0.15159494910001384 6.0E+89 9 18.450638392088365 24.689325981400707
0.06 0.158078774170758 0.15159494910001384 6.0E+88 8 18.450638392088365 24.689325981400707
0.06 0.158078774170758 0.15159494910001384 6.0E+87 7 18.450638392088365 24.689325981400707
0.06 0.158078774170758 0.15159494910001384 6.0E+86 6 18.450638392088365 24.689325981400707
0.06 0.158078774170758 0.15159494910001384 6.0E+85 5 18.450638392088365 24.689325981400707
0.06 0.158078774170758 0.15159494910001384 6.0E+84 4 18.450638392088365 24.689325981400707
0.06 0.158078774170758 0.15159494910001384 6.0E+83 3 18.450638392088365 24.689325981400707
0.06 0.158078774170758 0.15159494910001384 6.0E+82 2 18.450638392088365 24.689325981400707
0.06 0.158078774170758 0.15159494910001384 6.0E+81 1 18.450638392088365 24.689325981400707
0.07 0.15303206830033916 0.1497009309508475 6.0E+815 15 18.95638767076546 23.88281498779323
0.07 0.15303206830033916 0.1497009309508475 6.0E+810 10 18.95638767076546 23.88281498779323
0.07 0.15303206830033916 0.1497009309508475 6.0E+89 9 18.95638767076546 23.88281498779323
0.07 0.15303206830033916 0.1497009309508475 6.0E+88 8 18.95638767076546 23.88281498779323
0.07 0.15303206830033916 0.1497009309508475 6.0E+87 7 18.95638767076546 23.88281498779323
0.07 0.15303206830033916 0.1497009309508475 6.0E+86 6 18.95638767076546 23.88281498779323
0.07 0.15303206830033916 0.1497009309508475 6.0E+85 5 18.95638767076546 23.88281498779323
0.07 0.15303206830033916 0.1497009309508475 6.0E+84 4 18.95638767076546 23.88281498779323
0.07 0.15303206830033916 0.1497009309508475 6.0E+83 3 18.95638767076546 23.88281498779323
0.07 0.15303206830033916 0.1497009309508475 6.0E+82 2 18.95638767076546 23.88281498779323
0.07 0.15303206830033916 0.1497009309508475 6.0E+81 1 18.95638767076546 23.88281498779323
0.08 0.1486460747606217 0.14782607116197083 6.0E+815 15 19.35433924285825 23.15291212183577
0.08 0.1486460747606217 0.14782607116197083 6.0E+810 10 19.35433924285825 23.15291212183577
0.08 0.1486460747606217 0.14782607116197083 6.0E+89 9 19.35433924285825 23.15291212183577
0.08 0.1486460747606217 0.14782607116197083 6.0E+88 8 19.35433924285825 23.15291212183577
0.08 0.1486460747606217 0.14782607116197083 6.0E+87 7 19.35433924285825 23.15291212183577
0.08 0.1486460747606217 0.14782607116197083 6.0E+86 6 19.35433924285825 23.15291212183577
0.08 0.1486460747606217 0.14782607116197083 6.0E+85 5 19.35433924285825 23.15291212183577
0.08 0.1486460747606217 0.14782607116197083 6.0E+84 4 19.35433924285825 23.15291212183577
0.08 0.1486460747606217 0.14782607116197083 6.0E+83 3 19.35433924285825 23.15291212183577
0.08 0.1486460747606217 0.14782607116197083 6.0E+82 2 19.35433924285825 23.15291212183577
0.08 0.1486460747606217 0.14782607116197083 6.0E+81 1 19.35433924285825 23.15291212183577
0.09 0.14078107331547424 0.14765303379126227 6.0E+815 15 19.845469940728197 22.700330415920497
0.09 0.14078107331547424 0.14765303379126227 6.0E+810 10 19.845469940728197 22.700330415920497
0.09 0.14078107331547424 0.14765303379126227 6.0E+89 9 19.845469940728197 22.700330415920497
0.09 0.14078107331547424 0.14765303379126227 6.0E+88 8 19.845469940728197 22.700330415920497
0.09 0.14078107331547424 0.14765303379126227 6.0E+87 7 19.845469940728197 22.700330415920497
0.09 0.14078107331547424 0.14765303379126227 6.0E+86 6 19.845469940728197 22.700330415920497
0.09 0.14078107331547424 0.14765303379126227 6.0E+85 5 19.845469940728197 22.700330415920497
0.09 0.14078107331547424 0.14765303379126227 6.0E+84 4 19.845469940728197 22.700330415920497
0.09 0.14078107331547424 0.14765303379126227 6.0E+83 3 19.845469940728197 22.700330415920497
0.09 0.14078107331547424 0.14765303379126227 6.0E+82 2 19.845469940728197 22.700330415920497
0.09 0.14078107331547424 0.14765303379126227 6.0E+81 1 19.845469940728197 22.700330415920497
0.1 0.13664852837626607 0.14536311636689345 6.0E+820 20 20.27273587328189 22.038837328892914
0.1 0.13664852837626607 0.14536311636689345 6.0E+815 15 20.27273587328189 22.038837328892914
0.1 0.13664852837626607 0.14536311636689345 6.0E+810 10 20.27273587328189 22.038837328892914
0.1 0.13664852837626607 0.14536311636689345 6.0E+89 9 20.27273587328189 22.038837328892914
0.1 0.13664852837626607 0.14536311636689345 6.0E+88 8 20.27273587328189 22.038837328892914
0.1 0.13664852837626607 0.14536311636689345 6.0E+87 7 20.27273587328189 22.038837328892914
0.1 0.13664852837626607 0.14536311636689345 6.0E+86 6 20.27273587328189 22.038837328892914
0.1 0.13664852837626607 0.14536311636689345 6.0E+85 5 20.27273587328189 22.038837328892914
0.1 0.13664852837626607 0.14536311636689345 6.0E+84 4 20.27273587328189 22.038837328892914
0.1 0.13664852837626607 0.14536311636689345 6.0E+83 3 20.27273587328189 22.038837328892914
0.1 0.13664852837626607 0.14536311636689345 6.0E+82 2 20.27273587328189 22.038837328892914
0.1 0.13664852837626607 0.14536311636689345 6.0E+81 1 20.27273587328189 22.038837328892914
0.01 0.21072700981640155 0.17780445435409983 6.5E+810 10 14.814814814814815 27.56339581036384
0.01 0.21072700981640155 0.17780445435409983 6.5E+89 9 14.814814814814815 27.56339581036384
0.01 0.21072700981640155 0.17780445435409983 6.5E+88 8 14.814814814814815 27.56339581036384
0.01 0.21072700981640155 0.17780445435409983 6.5E+87 7 14.814814814814815 27.56339581036384
0.01 0.21072700981640155 0.17780445435409983 6.5E+86 6 14.814814814814815 27.56339581036384
0.01 0.21072700981640155 0.17780445435409983 6.5E+85 5 14.814814814814815 27.56339581036384
0.01 0.21072700981640155 0.17780445435409983 6.5E+84 4 14.814814814814815 27.56339581036384
0.01 0.21072700981640155 0.17780445435409983 6.5E+83 3 14.814814814814815 27.56339581036384
0.01 0.21072700981640155 0.17780445435409983 6.5E+82 2 14.814814814814815 27.56339581036384
0.01 0.21072700981640155 0.17780445435409983 6.5E+81 1 14.814814814814815 27.56339581036384
0.02 0.20355529037849096 0.17673968715470204 6.5E+815 15 15.277905093653558 26.583961010190517
0.02 0.20355529037849096 0.17673968715470204 6.5E+810 10 15.277905093653558 26.583961010190517
0.02 0.20355529037849096 0.17673968715470204 6.5E+89 9 15.277905093653558 26.583961010190517
0.02 0.20355529037849096 0.17673968715470204 6.5E+88 8 15.277905093653558 26.583961010190517
0.02 0.20355529037849096 0.17673968715470204 6.5E+87 7 15.277905093653558 26.583961010190517
0.02 0.20355529037849096 0.17673968715470204 6.5E+86 6 15.277905093653558 26.583961010190517
0.02 0.20355529037849096 0.17673968715470204 6.5E+85 5 15.277905093653558 26.583961010190517
0.02 0.20355529037849096 0.17673968715470204 6.5E+84 4 15.277905093653558 26.583961010190517
0.02 0.20355529037849096 0.17673968715470204 6.5E+83 3 15.277905093653558 26.583961010190517
0.02 0.20355529037849096 0.17673968715470204 6.5E+82 2 15.277905093653558 26.583961010190517
0.02 0.20355529037849096 0.17673968715470204 6.5E+81 1 15.277905093653558 26.583961010190517
0.03 0.19665621059693694 0.17557886083456037 6.5E+815 15 15.736961927043446 25.69813260236423
0.03 0.19665621059693694 0.17557886083456037 6.5E+810 10 15.736961927043446 25.69813260236423
0.03 0.19665621059693694 0.17557886083456037 6.5E+89 9 15.736961927043446 25.69813260236423
0.03 0.19665621059693694 0.17557886083456037 6.5E+88 8 15.736961927043446 25.69813260236423
0.03 0.19665621059693694 0.17557886083456037 6.5E+87 7 15.736961927043446 25.69813260236423
0.03 0.19665621059693694 0.17557886083456037 6.5E+86 6 15.736961927043446 25.69813260236423
0.03 0.19665621059693694 0.17557886083456037 6.5E+85 5 15.736961927043446 25.69813260236423
0.03 0.19665621059693694 0.17557886083456037 6.5E+84 4 15.736961927043446 25.69813260236423
0.03 0.19665621059693694 0.17557886083456037 6.5E+83 3 15.736961927043446 25.69813260236423
0.03 0.19665621059693694 0.17557886083456037 6.5E+82 2 15.736961927043446 25.69813260236423
0.03 0.19665621059693694 0.17557886083456037 6.5E+81 1 15.736961927043446 25.69813260236423
0.04 0.1902111192595136 0.17447242671410856 6.5E+815 15 16.185245530174694 24.849522336959524
0.04 0.1902111192595136 0.17447242671410856 6.5E+810 10 16.185245530174694 24.849522336959524
0.04 0.1902111192595136 0.17447242671410856 6.5E+89 9 16.185245530174694 24.849522336959524
0.04 0.1902111192595136 0.17447242671410856 6.5E+88 8 16.185245530174694 24.849522336959524
0.04 0.1902111192595136 0.17447242671410856 6.5E+87 7 16.185245530174694 24.849522336959524
0.04 0.1902111192595136 0.17447242671410856 6.5E+86 6 16.185245530174694 24.849522336959524
0.04 0.1902111192595136 0.17447242671410856 6.5E+85 5 16.185245530174694 24.849522336959524
0.04 0.1902111192595136 0.17447242671410856 6.5E+84 4 16.185245530174694 24.849522336959524
0.04 0.1902111192595136 0.17447242671410856 6.5E+83 3 16.185245530174694 24.849522336959524
0.04 0.1902111192595136 0.17447242671410856 6.5E+82 2 16.185245530174694 24.849522336959524
0.04 0.1902111192595136 0.17447242671410856 6.5E+81 1 16.185245530174694 24.849522336959524
0.05 0.1833424613916707 0.17366712726385125 6.5E+815 15 16.595306847223608 24.15005232511337
0.05 0.1833424613916707 0.17366712726385125 6.5E+810 10 16.595306847223608 24.15005232511337
0.05 0.1833424613916707 0.17366712726385125 6.5E+89 9 16.595306847223608 24.15005232511337
0.05 0.1833424613916707 0.17366712726385125 6.5E+88 8 16.595306847223608 24.15005232511337
0.05 0.1833424613916707 0.17366712726385125 6.5E+87 7 16.595306847223608 24.15005232511337
0.05 0.1833424613916707 0.17366712726385125 6.5E+86 6 16.595306847223608 24.15005232511337
0.05 0.1833424613916707 0.17366712726385125 6.5E+85 5 16.595306847223608 24.15005232511337
0.05 0.1833424613916707 0.17366712726385125 6.5E+84 4 16.595306847223608 24.15005232511337
0.05 0.1833424613916707 0.17366712726385125 6.5E+83 3 16.595306847223608 24.15005232511337
0.05 0.1833424613916707 0.17366712726385125 6.5E+82 2 16.595306847223608 24.15005232511337
0.05 0.1833424613916707 0.17366712726385125 6.5E+81 1 16.595306847223608 24.15005232511337
0.06 0.17835861928668423 0.17167047432483187 6.5E+815 15 17.0264932234557 23.362060014536393
0.06 0.17835861928668423 0.17167047432483187 6.5E+810 10 17.0264932234557 23.362060014536393
0.06 0.17835861928668423 0.17167047432483187 6.5E+89 9 17.0264932234557 23.362060014536393
0.06 0.17835861928668423 0.17167047432483187 6.5E+88 8 17.0264932234557 23.362060014536393
0.06 0.17835861928668423 0.17167047432483187 6.5E+87 7 17.0264932234557 23.362060014536393
0.06 0.17835861928668423 0.17167047432483187 6.5E+86 6 17.0264932234557 23.362060014536393
0.06 0.17835861928668423 0.17167047432483187 6.5E+85 5 17.0264932234557 23.362060014536393
0.06 0.17835861928668423 0.17167047432483187 6.5E+84 4 17.0264932234557 23.362060014536393
0.06 0.17835861928668423 0.17167047432483187 6.5E+83 3 17.0264932234557 23.362060014536393
0.06 0.17835861928668423 0.17167047432483187 6.5E+82 2 17.0264932234557 23.362060014536393
0.06 0.17835861928668423 0.17167047432483187 6.5E+81 1 17.0264932234557 23.362060014536393
0.07 0.17234109659609423 0.1702903826014157 6.5E+815 15 17.46846941271006 22.69460624858159
0.07 0.17234109659609423 0.1702903826014157 6.5E+810 10 17.46846941271006 22.69460624858159
0.07 0.17234109659609423 0.1702903826014157 6.5E+89 9 17.46846941271006 22.69460624858159
0.07 0.17234109659609423 0.1702903826014157 6.5E+88 8 17.46846941271006 22.69460624858159
0.07 0.17234109659609423 0.1702903826014157 6.5E+87 7 17.46846941271006 22.69460624858159
0.07 0.17234109659609423 0.1702903826014157 6.5E+86 6 17.46846941271006 22.69460624858159
0.07 0.17234109659609423 0.1702903826014157 6.5E+85 5 17.46846941271006 22.69460624858159
0.07 0.17234109659609423 0.1702903826014157 6.5E+84 4 17.46846941271006 22.69460624858159
0.07 0.17234109659609423 0.1702903826014157 6.5E+83 3 17.46846941271006 22.69460624858159
0.07 0.17234109659609423 0.1702903826014157 6.5E+82 2 17.46846941271006 22.69460624858159
0.07 0.17234109659609423 0.1702903826014157 6.5E+81 1 17.46846941271006 22.69460624858159
0.08 0.16668912115390783 0.16844521338530422 6.5E+815 15 17.87267506285224 22.102161100196465
0.08 0.16668912115390783 0.16844521338530422 6.5E+810 10 17.87267506285224 22.102161100196465
0.08 0.16668912115390783 0.16844521338530422 6.5E+89 9 17.87267506285224 22.102161100196465
0.08 0.16668912115390783 0.16844521338530422 6.5E+88 8 17.87267506285224 22.102161100196465
0.08 0.16668912115390783 0.16844521338530422 6.5E+87 7 17.87267506285224 22.102161100196465
0.08 0.16668912115390783 0.16844521338530422 6.5E+86 6 17.87267506285224 22.102161100196465
0.08 0.16668912115390783 0.16844521338530422 6.5E+85 5 17.87267506285224 22.102161100196465
0.08 0.16668912115390783 0.16844521338530422 6.5E+84 4 17.87267506285224 22.102161100196465
0.08 0.16668912115390783 0.16844521338530422 6.5E+83 3 17.87267506285224 22.102161100196465
0.08 0.16668912115390783 0.16844521338530422 6.5E+82 2 17.87267506285224 22.102161100196465
0.08 0.16668912115390783 0.16844521338530422 6.5E+81 1 17.87267506285224 22.102161100196465
0.09 0.16274354361459384 0.16659850962917655 6.5E+815 15 18.245289674382395 21.430102150153584
0.09 0.16274354361459384 0.16659850962917655 6.5E+810 10 18.245289674382395 21.430102150153584
0.09 0.16274354361459384 0.16659850962917655 6.5E+89 9 18.245289674382395 21.430102150153584
0.09 0.16274354361459384 0.16659850962917655 6.5E+88 8 18.245289674382395 21.430102150153584
0.09 0.16274354361459384 0.16659850962917655 6.5E+87 7 18.245289674382395 21.430102150153584
0.09 0.16274354361459384 0.16659850962917655 6.5E+86 6 18.245289674382395 21.430102150153584
0.09 0.16274354361459384 0.16659850962917655 6.5E+85 5 18.245289674382395 21.430102150153584
0.09 0.16274354361459384 0.16659850962917655 6.5E+84 4 18.245289674382395 21.430102150153584
0.09 0.16274354361459384 0.16659850962917655 6.5E+83 3 18.245289674382395 21.430102150153584
0.09 0.16274354361459384 0.16659850962917655 6.5E+82 2 18.245289674382395 21.430102150153584
0.09 0.16274354361459384 0.16659850962917655 6.5E+81 1 18.245289674382395 21.430102150153584
0.1 0.1574534282759621 0.16571947154196545 6.5E+815 15 18.606959002666997 20.891849857239027
0.1 0.1574534282759621 0.16571947154196545 6.5E+810 10 18.606959002666997 20.891849857239027
0.1 0.1574534282759621 0.16571947154196545 6.5E+89 9 18.606959002666997 20.891849857239027
0.1 0.1574534282759621 0.16571947154196545 6.5E+88 8 18.606959002666997 20.891849857239027
0.1 0.1574534282759621 0.16571947154196545 6.5E+87 7 18.606959002666997 20.891849857239027
0.1 0.1574534282759621 0.16571947154196545 6.5E+86 6 18.606959002666997 20.891849857239027
0.1 0.1574534282759621 0.16571947154196545 6.5E+85 5 18.606959002666997 20.891849857239027
0.1 0.1574534282759621 0.16571947154196545 6.5E+84 4 18.606959002666997 20.891849857239027
0.1 0.1574534282759621 0.16571947154196545 6.5E+83 3 18.606959002666997 20.891849857239027
0.1 0.1574534282759621 0.16571947154196545 6.5E+82 2 18.606959002666997 20.891849857239027
0.1 0.1574534282759621 0.16571947154196545 6.5E+81 1 18.606959002666997 20.891849857239027
0.01 0.2317140376576811 0.19678879434356336 7.0E+810 10 13.887602999722247 25.89779005524862
0.01 0.2317140376576811 0.19678879434356336 7.0E+89 9 13.887602999722247 25.89779005524862
0.01 0.2317140376576811 0.19678879434356336 7.0E+88 8 13.887602999722247 25.89779005524862
0.01 0.2317140376576811 0.19678879434356336 7.0E+87 7 13.887602999722247 25.89779005524862
0.01 0.2317140376576811 0.19678879434356336 7.0E+86 6 13.887602999722247 25.89779005524862
0.01 0.2317140376576811 0.19678879434356336 7.0E+85 5 13.887602999722247 25.89779005524862
0.01 0.2317140376576811 0.19678879434356336 7.0E+84 4 13.887602999722247 25.89779005524862
0.01 0.2317140376576811 0.19678879434356336 7.0E+83 3 13.887602999722247 25.89779005524862
0.01 0.2317140376576811 0.19678879434356336 7.0E+82 2 13.887602999722247 25.89779005524862
0.01 0.2317140376576811 0.19678879434356336 7.0E+81 1 13.887602999722247 25.89779005524862
0.02 0.2242710756010006 0.19629879394996394 7.0E+810 10 14.287074959519954 25.04870581686613
0.02 0.2242710756010006 0.19629879394996394 7.0E+89 9 14.287074959519954 25.04870581686613
0.02 0.2242710756010006 0.19629879394996394 7.0E+88 8 14.287074959519954 25.04870581686613
0.02 0.2242710756010006 0.19629879394996394 7.0E+87 7 14.287074959519954 25.04870581686613
0.02 0.2242710756010006 0.19629879394996394 7.0E+86 6 14.287074959519954 25.04870581686613
0.02 0.2242710756010006 0.19629879394996394 7.0E+85 5 14.287074959519954 25.04870581686613
0.02 0.2242710756010006 0.19629879394996394 7.0E+84 4 14.287074959519954 25.04870581686613
0.02 0.2242710756010006 0.19629879394996394 7.0E+83 3 14.287074959519954 25.04870581686613
0.02 0.2242710756010006 0.19629879394996394 7.0E+82 2 14.287074959519954 25.04870581686613
0.02 0.2242710756010006 0.19629879394996394 7.0E+81 1 14.287074959519954 25.04870581686613
0.03 0.2179314449807688 0.19519821871289922 7.0E+810 10 14.66992665036675 24.21568099876231
0.03 0.2179314449807688 0.19519821871289922 7.0E+89 9 14.66992665036675 24.21568099876231
0.03 0.2179314449807688 0.19519821871289922 7.0E+88 8 14.66992665036675 24.21568099876231
0.03 0.2179314449807688 0.19519821871289922 7.0E+87 7 14.66992665036675 24.21568099876231
0.03 0.2179314449807688 0.19519821871289922 7.0E+86 6 14.66992665036675 24.21568099876231
0.03 0.2179314449807688 0.19519821871289922 7.0E+85 5 14.66992665036675 24.21568099876231
0.03 0.2179314449807688 0.19519821871289922 7.0E+84 4 14.66992665036675 24.21568099876231
0.03 0.2179314449807688 0.19519821871289922 7.0E+83 3 14.66992665036675 24.21568099876231
0.03 0.2179314449807688 0.19519821871289922 7.0E+82 2 14.66992665036675 24.21568099876231
0.03 0.2179314449807688 0.19519821871289922 7.0E+81 1 14.66992665036675 24.21568099876231
0.04 0.20905424840354242 0.1957343780263341 7.0E+815 15 15.079620395689238 23.60779581879705
0.04 0.20905424840354242 0.1957343780263341 7.0E+810 10 15.079620395689238 23.60779581879705
0.04 0.20905424840354242 0.1957343780263341 7.0E+89 9 15.079620395689238 23.60779581879705
0.04 0.20905424840354242 0.1957343780263341 7.0E+88 8 15.079620395689238 23.60779581879705
0.04 0.20905424840354242 0.1957343780263341 7.0E+87 7 15.079620395689238 23.60779581879705
0.04 0.20905424840354242 0.1957343780263341 7.0E+86 6 15.079620395689238 23.60779581879705
0.04 0.20905424840354242 0.1957343780263341 7.0E+85 5 15.079620395689238 23.60779581879705
0.04 0.20905424840354242 0.1957343780263341 7.0E+84 4 15.079620395689238 23.60779581879705
0.04 0.20905424840354242 0.1957343780263341 7.0E+83 3 15.079620395689238 23.60779581879705
0.04 0.20905424840354242 0.1957343780263341 7.0E+82 2 15.079620395689238 23.60779581879705
0.04 0.20905424840354242 0.1957343780263341 7.0E+81 1 15.079620395689238 23.60779581879705
0.05 0.20466620378080616 0.19374921840165746 7.0E+815 15 15.414020593131513 22.809062800952912
0.05 0.20466620378080616 0.19374921840165746 7.0E+810 10 15.414020593131513 22.809062800952912
0.05 0.20466620378080616 0.19374921840165746 7.0E+89 9 15.414020593131513 22.809062800952912
0.05 0.20466620378080616 0.19374921840165746 7.0E+88 8 15.414020593131513 22.809062800952912
0.05 0.20466620378080616 0.19374921840165746 7.0E+87 7 15.414020593131513 22.809062800952912
0.05 0.20466620378080616 0.19374921840165746 7.0E+86 6 15.414020593131513 22.809062800952912
0.05 0.20466620378080616 0.19374921840165746 7.0E+85 5 15.414020593131513 22.809062800952912
0.05 0.20466620378080616 0.19374921840165746 7.0E+84 4 15.414020593131513 22.809062800952912
0.05 0.20466620378080616 0.19374921840165746 7.0E+83 3 15.414020593131513 22.809062800952912
0.05 0.20466620378080616 0.19374921840165746 7.0E+82 2 15.414020593131513 22.809062800952912
0.05 0.20466620378080616 0.19374921840165746 7.0E+81 1 15.414020593131513 22.809062800952912
0.06 0.1982783429084996 0.1922561665872534 7.0E+815 15 15.80494589440189 22.185520250449873
0.06 0.1982783429084996 0.1922561665872534 7.0E+810 10 15.80494589440189 22.185520250449873
0.06 0.1982783429084996 0.1922561665872534 7.0E+89 9 15.80494589440189 22.185520250449873
0.06 0.1982783429084996 0.1922561665872534 7.0E+88 8 15.80494589440189 22.185520250449873
0.06 0.1982783429084996 0.1922561665872534 7.0E+87 7 15.80494589440189 22.185520250449873
0.06 0.1982783429084996 0.1922561665872534 7.0E+86 6 15.80494589440189 22.185520250449873
0.06 0.1982783429084996 0.1922561665872534 7.0E+85 5 15.80494589440189 22.185520250449873
0.06 0.1982783429084996 0.1922561665872534 7.0E+84 4 15.80494589440189 22.185520250449873
0.06 0.1982783429084996 0.1922561665872534 7.0E+83 3 15.80494589440189 22.185520250449873
0.06 0.1982783429084996 0.1922561665872534 7.0E+82 2 15.80494589440189 22.185520250449873
0.06 0.1982783429084996 0.1922561665872534 7.0E+81 1 15.80494589440189 22.185520250449873
0.07 0.1915062563311595 0.19157359939527271 7.0E+815 15 16.189438010641858 21.62162162162162
0.07 0.1915062563311595 0.19157359939527271 7.0E+810 10 16.189438010641858 21.62162162162162
0.07 0.1915062563311595 0.19157359939527271 7.0E+89 9 16.189438010641858 21.62162162162162
0.07 0.1915062563311595 0.19157359939527271 7.0E+88 8 16.189438010641858 21.62162162162162
0.07 0.1915062563311595 0.19157359939527271 7.0E+87 7 16.189438010641858 21.62162162162162
0.07 0.1915062563311595 0.19157359939527271 7.0E+86 6 16.189438010641858 21.62162162162162
0.07 0.1915062563311595 0.19157359939527271 7.0E+85 5 16.189438010641858 21.62162162162162
0.07 0.1915062563311595 0.19157359939527271 7.0E+84 4 16.189438010641858 21.62162162162162
0.07 0.1915062563311595 0.19157359939527271 7.0E+83 3 16.189438010641858 21.62162162162162
0.07 0.1915062563311595 0.19157359939527271 7.0E+82 2 16.189438010641858 21.62162162162162
0.07 0.1915062563311595 0.19157359939527271 7.0E+81 1 16.189438010641858 21.62162162162162
0.08 0.1868154615968699 0.18971843726798626 7.0E+815 15 16.52400938563733 21.018706648917536
0.08 0.1868154615968699 0.18971843726798626 7.0E+810 10 16.52400938563733 21.018706648917536
0.08 0.1868154615968699 0.18971843726798626 7.0E+89 9 16.52400938563733 21.018706648917536
0.08 0.1868154615968699 0.18971843726798626 7.0E+88 8 16.52400938563733 21.018706648917536
0.08 0.1868154615968699 0.18971843726798626 7.0E+87 7 16.52400938563733 21.018706648917536
0.08 0.1868154615968699 0.18971843726798626 7.0E+86 6 16.52400938563733 21.018706648917536
0.08 0.1868154615968699 0.18971843726798626 7.0E+85 5 16.52400938563733 21.018706648917536
0.08 0.1868154615968699 0.18971843726798626 7.0E+84 4 16.52400938563733 21.018706648917536
0.08 0.1868154615968699 0.18971843726798626 7.0E+83 3 16.52400938563733 21.018706648917536
0.08 0.1868154615968699 0.18971843726798626 7.0E+82 2 16.52400938563733 21.018706648917536
0.08 0.1868154615968699 0.18971843726798626 7.0E+81 1 16.52400938563733 21.018706648917536
0.09 0.18152739860903722 0.18801328406161325 7.0E+815 15 16.871562419157097 20.47967960679015
0.09 0.18152739860903722 0.18801328406161325 7.0E+810 10 16.871562419157097 20.47967960679015
0.09 0.18152739860903722 0.18801328406161325 7.0E+89 9 16.871562419157097 20.47967960679015
0.09 0.18152739860903722 0.18801328406161325 7.0E+88 8 16.871562419157097 20.47967960679015
0.09 0.18152739860903722 0.18801328406161325 7.0E+87 7 16.871562419157097 20.47967960679015
0.09 0.18152739860903722 0.18801328406161325 7.0E+86 6 16.871562419157097 20.47967960679015
0.09 0.18152739860903722 0.18801328406161325 7.0E+85 5 16.871562419157097 20.47967960679015
0.09 0.18152739860903722 0.18801328406161325 7.0E+84 4 16.871562419157097 20.47967960679015
0.09 0.18152739860903722 0.18801328406161325 7.0E+83 3 16.871562419157097 20.47967960679015
0.09 0.18152739860903722 0.18801328406161325 7.0E+82 2 16.871562419157097 20.47967960679015
0.09 0.18152739860903722 0.18801328406161325 7.0E+81 1 16.871562419157097 20.47967960679015
0.1 0.17691428523926514 0.18589080050883477 7.0E+815 15 17.219409718634843 19.941063080229544
0.1 0.17691428523926514 0.18589080050883477 7.0E+810 10 17.219409718634843 19.941063080229544
0.1 0.17691428523926514 0.18589080050883477 7.0E+89 9 17.219409718634843 19.941063080229544
0.1 0.17691428523926514 0.18589080050883477 7.0E+88 8 17.219409718634843 19.941063080229544
0.1 0.17691428523926514 0.18589080050883477 7.0E+87 7 17.219409718634843 19.941063080229544
0.1 0.17691428523926514 0.18589080050883477 7.0E+86 6 17.219409718634843 19.941063080229544
0.1 0.17691428523926514 0.18589080050883477 7.0E+85 5 17.219409718634843 19.941063080229544
0.1 0.17691428523926514 0.18589080050883477 7.0E+84 4 17.219409718634843 19.941063080229544
0.1 0.17691428523926514 0.18589080050883477 7.0E+83 3 17.219409718634843 19.941063080229544
0.1 0.17691428523926514 0.18589080050883477 7.0E+82 2 17.219409718634843 19.941063080229544
0.1 0.17691428523926514 0.18589080050883477 7.0E+81 1 17.219409718634843 19.941063080229544
0.01 0.2528442710875205 0.2182712268054112 7.5E+810 10 13.009540329575021 24.41008950366151
0.01 0.2528442710875205 0.2182712268054112 7.5E+89 9 13.009540329575021 24.41008950366151
0.01 0.2528442710875205 0.2182712268054112 7.5E+88 8 13.009540329575021 24.41008950366151
0.01 0.2528442710875205 0.2182712268054112 7.5E+87 7 13.009540329575021 24.41008950366151
0.01 0.2528442710875205 0.2182712268054112 7.5E+86 6 13.009540329575021 24.41008950366151
0.01 0.2528442710875205 0.2182712268054112 7.5E+85 5 13.009540329575021 24.41008950366151
0.01 0.2528442710875205 0.2182712268054112 7.5E+84 4 13.009540329575021 24.41008950366151
0.01 0.2528442710875205 0.2182712268054112 7.5E+83 3 13.009540329575021 24.41008950366151
0.01 0.2528442710875205 0.2182712268054112 7.5E+82 2 13.009540329575021 24.41008950366151
0.01 0.2528442710875205 0.2182712268054112 7.5E+81 1 13.009540329575021 24.41008950366151
0.02 0.2439054713073965 0.21766849470597904 7.5E+810 10 13.38927073105418 23.74858168192733
0.02 0.2439054713073965 0.21766849470597904 7.5E+89 9 13.38927073105418 23.74858168192733
0.02 0.2439054713073965 0.21766849470597904 7.5E+88 8 13.38927073105418 23.74858168192733
0.02 0.2439054713073965 0.21766849470597904 7.5E+87 7 13.38927073105418 23.74858168192733
0.02 0.2439054713073965 0.21766849470597904 7.5E+86 6 13.38927073105418 23.74858168192733
0.02 0.2439054713073965 0.21766849470597904 7.5E+85 5 13.38927073105418 23.74858168192733
0.02 0.2439054713073965 0.21766849470597904 7.5E+84 4 13.38927073105418 23.74858168192733
0.02 0.2439054713073965 0.21766849470597904 7.5E+83 3 13.38927073105418 23.74858168192733
0.02 0.2439054713073965 0.21766849470597904 7.5E+82 2 13.38927073105418 23.74858168192733
0.02 0.2439054713073965 0.21766849470597904 7.5E+81 1 13.38927073105418 23.74858168192733
0.03 0.2363332795660731 0.21728712396321803 7.5E+810 10 13.729977116704806 23.07396487629791
0.03 0.2363332795660731 0.21728712396321803 7.5E+89 9 13.729977116704806 23.07396487629791
0.03 0.2363332795660731 0.21728712396321803 7.5E+88 8 13.729977116704806 23.07396487629791
0.03 0.2363332795660731 0.21728712396321803 7.5E+87 7 13.729977116704806 23.07396487629791
0.03 0.2363332795660731 0.21728712396321803 7.5E+86 6 13.729977116704806 23.07396487629791
0.03 0.2363332795660731 0.21728712396321803 7.5E+85 5 13.729977116704806 23.07396487629791
0.03 0.2363332795660731 0.21728712396321803 7.5E+84 4 13.729977116704806 23.07396487629791
0.03 0.2363332795660731 0.21728712396321803 7.5E+83 3 13.729977116704806 23.07396487629791
0.03 0.2363332795660731 0.21728712396321803 7.5E+82 2 13.729977116704806 23.07396487629791
0.03 0.2363332795660731 0.21728712396321803 7.5E+81 1 13.729977116704806 23.07396487629791
0.04 0.2303192347014511 0.21548477039377276 7.5E+810 10 14.09377055341539 22.34525908086501
0.04 0.2303192347014511 0.21548477039377276 7.5E+89 9 14.09377055341539 22.34525908086501
0.04 0.2303192347014511 0.21548477039377276 7.5E+88 8 14.09377055341539 22.34525908086501
0.04 0.2303192347014511 0.21548477039377276 7.5E+87 7 14.09377055341539 22.34525908086501
0.04 0.2303192347014511 0.21548477039377276 7.5E+86 6 14.09377055341539 22.34525908086501
0.04 0.2303192347014511 0.21548477039377276 7.5E+85 5 14.09377055341539 22.34525908086501
0.04 0.2303192347014511 0.21548477039377276 7.5E+84 4 14.09377055341539 22.34525908086501
0.04 0.2303192347014511 0.21548477039377276 7.5E+83 3 14.09377055341539 22.34525908086501
0.04 0.2303192347014511 0.21548477039377276 7.5E+82 2 14.09377055341539 22.34525908086501
0.04 0.2303192347014511 0.21548477039377276 7.5E+81 1 14.09377055341539 22.34525908086501
0.05 0.2252017428640806 0.21342272788411795 7.5E+810 10 14.41060620616774 21.666385806109922
0.05 0.2252017428640806 0.21342272788411795 7.5E+89 9 14.41060620616774 21.666385806109922
0.05 0.2252017428640806 0.21342272788411795 7.5E+88 8 14.41060620616774 21.666385806109922
0.05 0.2252017428640806 0.21342272788411795 7.5E+87 7 14.41060620616774 21.666385806109922
0.05 0.2252017428640806 0.21342272788411795 7.5E+86 6 14.41060620616774 21.666385806109922
0.05 0.2252017428640806 0.21342272788411795 7.5E+85 5 14.41060620616774 21.666385806109922
0.05 0.2252017428640806 0.21342272788411795 7.5E+84 4 14.41060620616774 21.666385806109922
0.05 0.2252017428640806 0.21342272788411795 7.5E+83 3 14.41060620616774 21.666385806109922
0.05 0.2252017428640806 0.21342272788411795 7.5E+82 2 14.41060620616774 21.666385806109922
0.05 0.2252017428640806 0.21342272788411795 7.5E+81 1 14.41060620616774 21.666385806109922
0.06 0.21759456654405349 0.21440727338485635 7.5E+810 10 14.714537963507945 21.162030614404287
0.06 0.21759456654405349 0.21440727338485635 7.5E+89 9 14.714537963507945 21.162030614404287
0.06 0.21759456654405349 0.21440727338485635 7.5E+88 8 14.714537963507945 21.162030614404287
0.06 0.21759456654405349 0.21440727338485635 7.5E+87 7 14.714537963507945 21.162030614404287
0.06 0.21759456654405349 0.21440727338485635 7.5E+86 6 14.714537963507945 21.162030614404287
0.06 0.21759456654405349 0.21440727338485635 7.5E+85 5 14.714537963507945 21.162030614404287
0.06 0.21759456654405349 0.21440727338485635 7.5E+84 4 14.714537963507945 21.162030614404287
0.06 0.21759456654405349 0.21440727338485635 7.5E+83 3 14.714537963507945 21.162030614404287
0.06 0.21759456654405349 0.21440727338485635 7.5E+82 2 14.714537963507945 21.162030614404287
0.06 0.21759456654405349 0.21440727338485635 7.5E+81 1 14.714537963507945 21.162030614404287
0.07 0.2118053479232315 0.21200352025701377 7.5E+815 15 15.090543259557345 20.584131921414357
0.07 0.2118053479232315 0.21200352025701377 7.5E+810 10 15.090543259557345 20.584131921414357
0.07 0.2118053479232315 0.21200352025701377 7.5E+89 9 15.090543259557345 20.584131921414357
0.07 0.2118053479232315 0.21200352025701377 7.5E+88 8 15.090543259557345 20.584131921414357
0.07 0.2118053479232315 0.21200352025701377 7.5E+87 7 15.090543259557345 20.584131921414357
0.07 0.2118053479232315 0.21200352025701377 7.5E+86 6 15.090543259557345 20.584131921414357
0.07 0.2118053479232315 0.21200352025701377 7.5E+85 5 15.090543259557345 20.584131921414357
0.07 0.2118053479232315 0.21200352025701377 7.5E+84 4 15.090543259557345 20.584131921414357
0.07 0.2118053479232315 0.21200352025701377 7.5E+83 3 15.090543259557345 20.584131921414357
0.07 0.2118053479232315 0.21200352025701377 7.5E+82 2 15.090543259557345 20.584131921414357
0.07 0.2118053479232315 0.21200352025701377 7.5E+81 1 15.090543259557345 20.584131921414357
0.08 0.20734731600876224 0.20873851495228626 7.5E+815 15 15.40990343127183 20.019574695257585
0.08 0.20734731600876224 0.20873851495228626 7.5E+810 10 15.40990343127183 20.019574695257585
0.08 0.20734731600876224 0.20873851495228626 7.5E+89 9 15.40990343127183 20.019574695257585
0.08 0.20734731600876224 0.20873851495228626 7.5E+88 8 15.40990343127183 20.019574695257585
0.08 0.20734731600876224 0.20873851495228626 7.5E+87 7 15.40990343127183 20.019574695257585
0.08 0.20734731600876224 0.20873851495228626 7.5E+86 6 15.40990343127183 20.019574695257585
0.08 0.20734731600876224 0.20873851495228626 7.5E+85 5 15.40990343127183 20.019574695257585
0.08 0.20734731600876224 0.20873851495228626 7.5E+84 4 15.40990343127183 20.019574695257585
0.08 0.20734731600876224 0.20873851495228626 7.5E+83 3 15.40990343127183 20.019574695257585
0.08 0.20734731600876224 0.20873851495228626 7.5E+82 2 15.40990343127183 20.019574695257585
0.08 0.20734731600876224 0.20873851495228626 7.5E+81 1 15.40990343127183 20.019574695257585
