0.01 0.04709514621361626 0.017710503540035984 2.5E+850 50 32.623589029774465 55.147058823529406
0.01 0.04709514621361626 0.017710503540035984 2.5E+845 45 32.623589029774465 55.147058823529406
0.01 0.04709514621361626 0.017710503540035984 2.5E+840 40 32.623589029774465 55.147058823529406
0.01 0.04709514621361626 0.017710503540035984 2.5E+835 35 32.623589029774465 55.147058823529406
0.02 0.04308717870360614 0.015393373350561868 2.5E+850 50 34.6628460507464 50.62436719541006
0.02 0.04308717870360614 0.015393373350561868 2.5E+845 45 34.6628460507464 50.62436719541006
0.02 0.04308717870360614 0.015393373350561868 2.5E+840 40 34.6628460507464 50.62436719541006
0.02 0.04308717870360614 0.015393373350561868 2.5E+835 35 34.6628460507464 50.62436719541006
0.03 0.038400220639252095 0.01408579002576175 2.5E+850 50 36.59339855090142 47.14016341923318
0.03 0.038400220639252095 0.01408579002576175 2.5E+845 45 36.59339855090142 47.14016341923318
0.03 0.038400220639252095 0.01408579002576175 2.5E+840 40 36.59339855090142 47.14016341923318
0.04 0.03509575971412676 0.012423054873640392 2.5E+850 50 38.588517772156244 41.17792392672683
0.04 0.03509575971412676 0.012423054873640392 2.5E+845 45 38.588517772156244 41.17792392672683
0.04 0.03509575971412676 0.012423054873640392 2.5E+840 40 38.588517772156244 41.17792392672683
0.05 0.03160249660993284 0.010901665657849462 2.5E+850 50 39.53610964681075 36.255153411092
0.05 0.03160249660993284 0.010901665657849462 2.5E+845 45 39.53610964681075 36.255153411092
0.05 0.03160249660993284 0.010901665657849462 2.5E+840 40 39.53610964681075 36.255153411092
0.06 0.02881776237416602 0.008766513332909993 2.5E+850 50 40.42945060868784 32.219460554174724
0.06 0.02881776237416602 0.008766513332909993 2.5E+845 45 40.42945060868784 32.219460554174724
0.06 0.02881776237416602 0.008766513332909993 2.5E+840 40 40.42945060868784 32.219460554174724
0.06 0.02881776237416602 0.008766513332909993 2.5E+835 35 40.42945060868784 32.219460554174724
0.07 0.027264466189002103 0.0067068876763495934 2.5E+850 50 37.987323087609624 29.098769537745262
0.07 0.027264466189002103 0.0067068876763495934 2.5E+845 45 37.987323087609624 29.098769537745262
0.07 0.027264466189002103 0.0067068876763495934 2.5E+840 40 37.987323087609624 29.098769537745262
0.07 0.027264466189002103 0.0067068876763495934 2.5E+835 35 37.987323087609624 29.098769537745262
0.07 0.027264466189002103 0.0067068876763495934 2.5E+830 30 37.987323087609624 29.098769537745262
0.08 0.025818298180210593 0.004658100622618845 2.5E+850 50 34.81894150417828 26.56344869459624
0.08 0.025818298180210593 0.004658100622618845 2.5E+845 45 34.81894150417828 26.56344869459624
0.08 0.025818298180210593 0.004658100622618845 2.5E+840 40 34.81894150417828 26.56344869459624
0.08 0.025818298180210593 0.004658100622618845 2.5E+835 35 34.81894150417828 26.56344869459624
0.08 0.025818298180210593 0.004658100622618845 2.5E+830 30 34.81894150417828 26.56344869459624
0.09 0.023075001503324023 0.00187187359178333 2.5E+850 50 32.148433912005146 24.3207560280731
0.09 0.023075001503324023 0.00187187359178333 2.5E+845 45 32.148433912005146 24.3207560280731
0.09 0.023075001503324023 0.00187187359178333 2.5E+840 40 32.148433912005146 24.3207560280731
0.09 0.023075001503324023 0.00187187359178333 2.5E+835 35 32.148433912005146 24.3207560280731
0.09 0.023075001503324023 0.00187187359178333 2.5E+830 30 32.148433912005146 24.3207560280731
0.09 0.023075001503324023 0.00187187359178333 2.5E+825 25 32.148433912005146 24.3207560280731
0.1 0.022069478611207505 0.0006035715808114179 2.5E+850 50 29.8227675528289 22.52977148374638
0.1 0.022069478611207505 0.0006035715808114179 2.5E+845 45 29.8227675528289 22.52977148374638
0.1 0.022069478611207505 0.0006035715808114179 2.5E+840 40 29.8227675528289 22.52977148374638
0.1 0.022069478611207505 0.0006035715808114179 2.5E+835 35 29.8227675528289 22.52977148374638
0.1 0.022069478611207505 0.0006035715808114179 2.5E+830 30 29.8227675528289 22.52977148374638
0.1 0.022069478611207505 0.0006035715808114179 2.5E+825 25 29.8227675528289 22.52977148374638
0.01 0.06830762329056705 0.03558360939590227 3.0E+850 50 28.464078333143572 48.910385305146455
0.01 0.06830762329056705 0.03558360939590227 3.0E+845 45 28.464078333143572 48.910385305146455
0.01 0.06830762329056705 0.03558360939590227 3.0E+840 40 28.464078333143572 48.910385305146455
0.01 0.06830762329056705 0.03558360939590227 3.0E+835 35 28.464078333143572 48.910385305146455
0.01 0.06830762329056705 0.03558360939590227 3.0E+830 30 28.464078333143572 48.910385305146455
0.02 0.06194278197652052 0.03508664784337533 3.0E+850 50 30.073981995709445 45.824847250509166
0.02 0.06194278197652052 0.03508664784337533 3.0E+845 45 30.073981995709445 45.824847250509166
0.02 0.06194278197652052 0.03508664784337533 3.0E+840 40 30.073981995709445 45.824847250509166
0.02 0.06194278197652052 0.03508664784337533 3.0E+835 35 30.073981995709445 45.824847250509166
0.03 0.05671453195839804 0.033552818798878795 3.0E+850 50 31.640896913957857 43.03543250609668
0.03 0.05671453195839804 0.033552818798878795 3.0E+845 45 31.640896913957857 43.03543250609668
0.03 0.05671453195839804 0.033552818798878795 3.0E+840 40 31.640896913957857 43.03543250609668
0.03 0.05671453195839804 0.033552818798878795 3.0E+835 35 31.640896913957857 43.03543250609668
0.04 0.05592858413385775 0.03241184214514523 3.0E+850 50 32.78115302242231 39.7456279809221
0.04 0.05592858413385775 0.03241184214514523 3.0E+845 45 32.78115302242231 39.7456279809221
0.04 0.05592858413385775 0.03241184214514523 3.0E+840 40 32.78115302242231 39.7456279809221
0.04 0.05592858413385775 0.03241184214514523 3.0E+835 35 32.78115302242231 39.7456279809221
0.05 0.04767403184990583 0.03312043839768474 3.0E+850 50 34.2434480869327 36.95881731784583
0.05 0.04767403184990583 0.03312043839768474 3.0E+845 45 34.2434480869327 36.95881731784583
0.05 0.04767403184990583 0.03312043839768474 3.0E+840 40 34.2434480869327 36.95881731784583
0.05 0.04767403184990583 0.03312043839768474 3.0E+835 35 34.2434480869327 36.95881731784583
0.06 0.04557633566509056 0.029144359320294053 3.0E+850 50 35.689642865640394 32.87310979618672
0.06 0.04557633566509056 0.029144359320294053 3.0E+845 45 35.689642865640394 32.87310979618672
0.06 0.04557633566509056 0.029144359320294053 3.0E+840 40 35.689642865640394 32.87310979618672
0.06 0.04557633566509056 0.029144359320294053 3.0E+835 35 35.689642865640394 32.87310979618672
0.07 0.043179731857627225 0.02653672483718868 3.0E+850 50 37.089629739524824 29.708853238265004
0.07 0.043179731857627225 0.02653672483718868 3.0E+845 45 37.089629739524824 29.708853238265004
0.07 0.043179731857627225 0.02653672483718868 3.0E+840 40 37.089629739524824 29.708853238265004
0.07 0.043179731857627225 0.02653672483718868 3.0E+835 35 37.089629739524824 29.708853238265004
0.07 0.043179731857627225 0.02653672483718868 3.0E+830 30 37.089629739524824 29.708853238265004
0.08 0.04044269091760572 0.024321385159691813 3.0E+850 50 33.980582524271846 27.127577119826384
0.08 0.04044269091760572 0.024321385159691813 3.0E+845 45 33.980582524271846 27.127577119826384
0.08 0.04044269091760572 0.024321385159691813 3.0E+840 40 33.980582524271846 27.127577119826384
0.08 0.04044269091760572 0.024321385159691813 3.0E+835 35 33.980582524271846 27.127577119826384
0.08 0.04044269091760572 0.024321385159691813 3.0E+830 30 33.980582524271846 27.127577119826384
0.09 0.03852394287427848 0.021982563380254363 3.0E+850 50 31.3507703332139 24.85089463220676
0.09 0.03852394287427848 0.021982563380254363 3.0E+845 45 31.3507703332139 24.85089463220676
0.09 0.03852394287427848 0.021982563380254363 3.0E+840 40 31.3507703332139 24.85089463220676
0.09 0.03852394287427848 0.021982563380254363 3.0E+835 35 31.3507703332139 24.85089463220676
0.09 0.03852394287427848 0.021982563380254363 3.0E+830 30 31.3507703332139 24.85089463220676
0.09 0.03852394287427848 0.021982563380254363 3.0E+825 25 31.3507703332139 24.85089463220676
0.1 0.03662397122515668 0.019585788351636695 3.0E+850 50 29.091513589892777 23.02328640968294
0.1 0.03662397122515668 0.019585788351636695 3.0E+845 45 29.091513589892777 23.02328640968294
0.1 0.03662397122515668 0.019585788351636695 3.0E+840 40 29.091513589892777 23.02328640968294
0.1 0.03662397122515668 0.019585788351636695 3.0E+835 35 29.091513589892777 23.02328640968294
0.1 0.03662397122515668 0.019585788351636695 3.0E+830 30 29.091513589892777 23.02328640968294
0.1 0.03662397122515668 0.019585788351636695 3.0E+825 25 29.091513589892777 23.02328640968294
0.01 0.08787592936146638 0.056449173285551546 3.5E+850 50 25.199072674125592 44.18262150220913
0.01 0.08787592936146638 0.056449173285551546 3.5E+845 45 25.199072674125592 44.18262150220913
0.01 0.08787592936146638 0.056449173285551546 3.5E+840 40 25.199072674125592 44.18262150220913
0.01 0.08787592936146638 0.056449173285551546 3.5E+835 35 25.199072674125592 44.18262150220913
0.01 0.08787592936146638 0.056449173285551546 3.5E+830 30 25.199072674125592 44.18262150220913
0.02 0.0822270921381302 0.054603858723622535 3.5E+850 50 26.505981516495556 41.520575751983756
0.02 0.0822270921381302 0.054603858723622535 3.5E+845 45 26.505981516495556 41.520575751983756
0.02 0.0822270921381302 0.054603858723622535 3.5E+840 40 26.505981516495556 41.520575751983756
0.02 0.0822270921381302 0.054603858723622535 3.5E+835 35 26.505981516495556 41.520575751983756
0.02 0.0822270921381302 0.054603858723622535 3.5E+830 30 26.505981516495556 41.520575751983756
0.03 0.07606990402294919 0.053720710396054104 3.5E+850 50 27.738738072342628 39.36835658982547
0.03 0.07606990402294919 0.053720710396054104 3.5E+845 45 27.738738072342628 39.36835658982547
0.03 0.07606990402294919 0.053720710396054104 3.5E+840 40 27.738738072342628 39.36835658982547
0.03 0.07606990402294919 0.053720710396054104 3.5E+835 35 27.738738072342628 39.36835658982547
0.03 0.07606990402294919 0.053720710396054104 3.5E+830 30 27.738738072342628 39.36835658982547
0.04 0.07138658864582516 0.052287386963059554 3.5E+850 50 28.96871378910776 37.21622627465575
0.04 0.07138658864582516 0.052287386963059554 3.5E+845 45 28.96871378910776 37.21622627465575
0.04 0.07138658864582516 0.052287386963059554 3.5E+840 40 28.96871378910776 37.21622627465575
0.04 0.07138658864582516 0.052287386963059554 3.5E+835 35 28.96871378910776 37.21622627465575
0.04 0.07138658864582516 0.052287386963059554 3.5E+830 30 28.96871378910776 37.21622627465575
0.05 0.06736426667526493 0.05114030729851611 3.5E+850 50 29.956862118549285 35.35373374710296
0.05 0.06736426667526493 0.05114030729851611 3.5E+845 45 29.956862118549285 35.35373374710296
0.05 0.06736426667526493 0.05114030729851611 3.5E+840 40 29.956862118549285 35.35373374710296
0.05 0.06736426667526493 0.05114030729851611 3.5E+835 35 29.956862118549285 35.35373374710296
0.05 0.06736426667526493 0.05114030729851611 3.5E+830 30 29.956862118549285 35.35373374710296
0.06 0.06338226742893092 0.04865123145070672 3.5E+850 50 31.11129547434355 33.35239184295788
0.06 0.06338226742893092 0.04865123145070672 3.5E+845 45 31.11129547434355 33.35239184295788
0.06 0.06338226742893092 0.04865123145070672 3.5E+840 40 31.11129547434355 33.35239184295788
0.06 0.06338226742893092 0.04865123145070672 3.5E+835 35 31.11129547434355 33.35239184295788
0.07 0.06069323728954323 0.045837272959505425 3.5E+850 50 32.289312237649334 30.154217282674246
0.07 0.06069323728954323 0.045837272959505425 3.5E+845 45 32.289312237649334 30.154217282674246
0.07 0.06069323728954323 0.045837272959505425 3.5E+840 40 32.289312237649334 30.154217282674246
0.07 0.06069323728954323 0.045837272959505425 3.5E+835 35 32.289312237649334 30.154217282674246
0.08 0.05676601590477593 0.044881986871454636 3.5E+850 50 33.06951211446461 27.539538909434256
0.08 0.05676601590477593 0.044881986871454636 3.5E+845 45 33.06951211446461 27.539538909434256
0.08 0.05676601590477593 0.044881986871454636 3.5E+840 40 33.06951211446461 27.539538909434256
0.08 0.05676601590477593 0.044881986871454636 3.5E+835 35 33.06951211446461 27.539538909434256
0.08 0.05676601590477593 0.044881986871454636 3.5E+830 30 33.06951211446461 27.539538909434256
0.09 0.054453010175143826 0.042166636869390574 3.5E+850 50 30.79901443153819 25.23977788995457
0.09 0.054453010175143826 0.042166636869390574 3.5E+845 45 30.79901443153819 25.23977788995457
0.09 0.054453010175143826 0.042166636869390574 3.5E+840 40 30.79901443153819 25.23977788995457
0.09 0.054453010175143826 0.042166636869390574 3.5E+835 35 30.79901443153819 25.23977788995457
0.09 0.054453010175143826 0.042166636869390574 3.5E+830 30 30.79901443153819 25.23977788995457
0.1 0.05258964345993875 0.03948049032114809 3.5E+850 50 28.576094056172433 23.386342376052387
0.1 0.05258964345993875 0.03948049032114809 3.5E+845 45 28.576094056172433 23.386342376052387
0.1 0.05258964345993875 0.03948049032114809 3.5E+840 40 28.576094056172433 23.386342376052387
0.1 0.05258964345993875 0.03948049032114809 3.5E+835 35 28.576094056172433 23.386342376052387
0.1 0.05258964345993875 0.03948049032114809 3.5E+830 30 28.576094056172433 23.386342376052387
0.1 0.05258964345993875 0.03948049032114809 3.5E+825 25 28.576094056172433 23.386342376052387
0.01 0.10831203017500701 0.07523570182016408 4.0E+850 50 22.659979454951962 40.166019547462845
0.01 0.10831203017500701 0.07523570182016408 4.0E+845 45 22.659979454951962 40.166019547462845
0.01 0.10831203017500701 0.07523570182016408 4.0E+840 40 22.659979454951962 40.166019547462845
0.01 0.10831203017500701 0.07523570182016408 4.0E+835 35 22.659979454951962 40.166019547462845
0.01 0.10831203017500701 0.07523570182016408 4.0E+830 30 22.659979454951962 40.166019547462845
0.01 0.10831203017500701 0.07523570182016408 4.0E+825 25 22.659979454951962 40.166019547462845
0.02 0.10163804272243376 0.07502096209310963 4.0E+850 50 23.65557483046838 38.098463361977736
0.02 0.10163804272243376 0.07502096209310963 4.0E+845 45 23.65557483046838 38.098463361977736
0.02 0.10163804272243376 0.07502096209310963 4.0E+840 40 23.65557483046838 38.098463361977736
0.02 0.10163804272243376 0.07502096209310963 4.0E+835 35 23.65557483046838 38.098463361977736
0.02 0.10163804272243376 0.07502096209310963 4.0E+830 30 23.65557483046838 38.098463361977736
0.02 0.10163804272243376 0.07502096209310963 4.0E+825 25 23.65557483046838 38.098463361977736
0.03 0.09604466508008687 0.07365960748088131 4.0E+850 50 24.642681123706257 36.16491199871414
0.03 0.09604466508008687 0.07365960748088131 4.0E+845 45 24.642681123706257 36.16491199871414
0.03 0.09604466508008687 0.07365960748088131 4.0E+840 40 24.642681123706257 36.16491199871414
0.03 0.09604466508008687 0.07365960748088131 4.0E+835 35 24.642681123706257 36.16491199871414
0.03 0.09604466508008687 0.07365960748088131 4.0E+830 30 24.642681123706257 36.16491199871414
0.03 0.09604466508008687 0.07365960748088131 4.0E+825 25 24.642681123706257 36.16491199871414
0.04 0.0914464114221751 0.07202476099475183 4.0E+850 50 25.62569402921329 34.31970713849909
0.04 0.0914464114221751 0.07202476099475183 4.0E+845 45 25.62569402921329 34.31970713849909
0.04 0.0914464114221751 0.07202476099475183 4.0E+840 40 25.62569402921329 34.31970713849909
0.04 0.0914464114221751 0.07202476099475183 4.0E+835 35 25.62569402921329 34.31970713849909
0.04 0.0914464114221751 0.07202476099475183 4.0E+830 30 25.62569402921329 34.31970713849909
0.05 0.08572920769208511 0.0708203992183754 4.0E+850 50 26.54303510758777 32.9441048354625
0.05 0.08572920769208511 0.0708203992183754 4.0E+845 45 26.54303510758777 32.9441048354625
0.05 0.08572920769208511 0.0708203992183754 4.0E+840 40 26.54303510758777 32.9441048354625
0.05 0.08572920769208511 0.0708203992183754 4.0E+835 35 26.54303510758777 32.9441048354625
0.05 0.08572920769208511 0.0708203992183754 4.0E+830 30 26.54303510758777 32.9441048354625
0.06 0.08135447074303515 0.06924779858353641 4.0E+850 50 27.438355162069215 31.508192129953787
0.06 0.08135447074303515 0.06924779858353641 4.0E+845 45 27.438355162069215 31.508192129953787
0.06 0.08135447074303515 0.06924779858353641 4.0E+840 40 27.438355162069215 31.508192129953787
0.06 0.08135447074303515 0.06924779858353641 4.0E+835 35 27.438355162069215 31.508192129953787
0.06 0.08135447074303515 0.06924779858353641 4.0E+830 30 27.438355162069215 31.508192129953787
0.07 0.07713406931006533 0.06718658397752587 4.0E+850 50 28.40263576459895 30.18716039444556
0.07 0.07713406931006533 0.06718658397752587 4.0E+845 45 28.40263576459895 30.18716039444556
0.07 0.07713406931006533 0.06718658397752587 4.0E+840 40 28.40263576459895 30.18716039444556
0.07 0.07713406931006533 0.06718658397752587 4.0E+835 35 28.40263576459895 30.18716039444556
0.07 0.07713406931006533 0.06718658397752587 4.0E+830 30 28.40263576459895 30.18716039444556
0.08 0.0743198241132241 0.06506211425060965 4.0E+850 50 29.09796314258002 27.857370264247056
0.08 0.0743198241132241 0.06506211425060965 4.0E+845 45 29.09796314258002 27.857370264247056
0.08 0.0743198241132241 0.06506211425060965 4.0E+840 40 29.09796314258002 27.857370264247056
0.08 0.0743198241132241 0.06506211425060965 4.0E+835 35 29.09796314258002 27.857370264247056
0.08 0.0743198241132241 0.06506211425060965 4.0E+830 30 29.09796314258002 27.857370264247056
0.09 0.07055142433370237 0.06293154185529347 4.0E+850 50 29.937729522593003 25.53812477198103
0.09 0.07055142433370237 0.06293154185529347 4.0E+845 45 29.937729522593003 25.53812477198103
0.09 0.07055142433370237 0.06293154185529347 4.0E+840 40 29.937729522593003 25.53812477198103
0.09 0.07055142433370237 0.06293154185529347 4.0E+835 35 29.937729522593003 25.53812477198103
0.09 0.07055142433370237 0.06293154185529347 4.0E+830 30 29.937729522593003 25.53812477198103
0.1 0.06879879884809775 0.06032336063816141 4.0E+850 50 28.198517563648085 23.66463826910074
0.1 0.06879879884809775 0.06032336063816141 4.0E+845 45 28.198517563648085 23.66463826910074
0.1 0.06879879884809775 0.06032336063816141 4.0E+840 40 28.198517563648085 23.66463826910074
0.1 0.06879879884809775 0.06032336063816141 4.0E+835 35 28.198517563648085 23.66463826910074
0.1 0.06879879884809775 0.06032336063816141 4.0E+830 30 28.198517563648085 23.66463826910074
0.1 0.06879879884809775 0.06032336063816141 4.0E+825 25 28.198517563648085 23.66463826910074
0.01 0.12844080283475295 0.09622235823520177 4.5E+850 50 20.48200996791152 36.856546132110246
0.01 0.12844080283475295 0.09622235823520177 4.5E+845 45 20.48200996791152 36.856546132110246
0.01 0.12844080283475295 0.09622235823520177 4.5E+840 40 20.48200996791152 36.856546132110246
0.01 0.12844080283475295 0.09622235823520177 4.5E+835 35 20.48200996791152 36.856546132110246
0.01 0.12844080283475295 0.09622235823520177 4.5E+830 30 20.48200996791152 36.856546132110246
0.01 0.12844080283475295 0.09622235823520177 4.5E+825 25 20.48200996791152 36.856546132110246
0.02 0.12448514269991266 0.09388345533349177 4.5E+850 50 21.258202122985786 34.73428273706148
0.02 0.12448514269991266 0.09388345533349177 4.5E+845 45 21.258202122985786 34.73428273706148
0.02 0.12448514269991266 0.09388345533349177 4.5E+840 40 21.258202122985786 34.73428273706148
0.02 0.12448514269991266 0.09388345533349177 4.5E+835 35 21.258202122985786 34.73428273706148
0.02 0.12448514269991266 0.09388345533349177 4.5E+830 30 21.258202122985786 34.73428273706148
0.02 0.12448514269991266 0.09388345533349177 4.5E+825 25 21.258202122985786 34.73428273706148
0.03 0.11552895121987876 0.09413812054208885 4.5E+850 50 22.173932325158543 33.517056457619546
0.03 0.11552895121987876 0.09413812054208885 4.5E+845 45 22.173932325158543 33.517056457619546
0.03 0.11552895121987876 0.09413812054208885 4.5E+840 40 22.173932325158543 33.517056457619546
0.03 0.11552895121987876 0.09413812054208885 4.5E+835 35 22.173932325158543 33.517056457619546
0.03 0.11552895121987876 0.09413812054208885 4.5E+830 30 22.173932325158543 33.517056457619546
0.03 0.11552895121987876 0.09413812054208885 4.5E+825 25 22.173932325158543 33.517056457619546
0.04 0.11017360950622461 0.09274198253284678 4.5E+850 50 22.999080036798528 32.01024327784891
0.04 0.11017360950622461 0.09274198253284678 4.5E+845 45 22.999080036798528 32.01024327784891
0.04 0.11017360950622461 0.09274198253284678 4.5E+840 40 22.999080036798528 32.01024327784891
0.04 0.11017360950622461 0.09274198253284678 4.5E+835 35 22.999080036798528 32.01024327784891
0.04 0.11017360950622461 0.09274198253284678 4.5E+830 30 22.999080036798528 32.01024327784891
0.04 0.11017360950622461 0.09274198253284678 4.5E+825 25 22.999080036798528 32.01024327784891
0.05 0.10428731611328107 0.09128956096716909 4.5E+850 50 23.76915397657946 30.807147258163894
0.05 0.10428731611328107 0.09128956096716909 4.5E+845 45 23.76915397657946 30.807147258163894
0.05 0.10428731611328107 0.09128956096716909 4.5E+840 40 23.76915397657946 30.807147258163894
0.05 0.10428731611328107 0.09128956096716909 4.5E+835 35 23.76915397657946 30.807147258163894
0.05 0.10428731611328107 0.09128956096716909 4.5E+830 30 23.76915397657946 30.807147258163894
0.05 0.10428731611328107 0.09128956096716909 4.5E+825 25 23.76915397657946 30.807147258163894
0.06 0.10014030964316069 0.08970852809187319 4.5E+850 50 24.470618943521814 29.520779348574806
0.06 0.10014030964316069 0.08970852809187319 4.5E+845 45 24.470618943521814 29.520779348574806
0.06 0.10014030964316069 0.08970852809187319 4.5E+840 40 24.470618943521814 29.520779348574806
0.06 0.10014030964316069 0.08970852809187319 4.5E+835 35 24.470618943521814 29.520779348574806
0.06 0.10014030964316069 0.08970852809187319 4.5E+830 30 24.470618943521814 29.520779348574806
0.06 0.10014030964316069 0.08970852809187319 4.5E+825 25 24.470618943521814 29.520779348574806
0.07 0.09581387299784344 0.08791508380596022 4.5E+850 50 25.286154987272635 28.340208457977766
0.07 0.09581387299784344 0.08791508380596022 4.5E+845 45 25.286154987272635 28.340208457977766
0.07 0.09581387299784344 0.08791508380596022 4.5E+840 40 25.286154987272635 28.340208457977766
0.07 0.09581387299784344 0.08791508380596022 4.5E+835 35 25.286154987272635 28.340208457977766
0.07 0.09581387299784344 0.08791508380596022 4.5E+830 30 25.286154987272635 28.340208457977766
0.08 0.09092686434134674 0.08673076619129774 4.5E+850 50 25.89019106961009 27.419797093501508
0.08 0.09092686434134674 0.08673076619129774 4.5E+845 45 25.89019106961009 27.419797093501508
0.08 0.09092686434134674 0.08673076619129774 4.5E+840 40 25.89019106961009 27.419797093501508
0.08 0.09092686434134674 0.08673076619129774 4.5E+835 35 25.89019106961009 27.419797093501508
0.08 0.09092686434134674 0.08673076619129774 4.5E+830 30 25.89019106961009 27.419797093501508
0.09 0.08863465989364497 0.08332994268461744 4.5E+850 50 26.59904598088415 25.775093894984906
0.09 0.08863465989364497 0.08332994268461744 4.5E+845 45 26.59904598088415 25.775093894984906
0.09 0.08863465989364497 0.08332994268461744 4.5E+840 40 26.59904598088415 25.775093894984906
0.09 0.08863465989364497 0.08332994268461744 4.5E+835 35 26.59904598088415 25.775093894984906
0.09 0.08863465989364497 0.08332994268461744 4.5E+830 30 26.59904598088415 25.775093894984906
0.1 0.08518512631793725 0.08148637350455555 4.5E+850 50 27.23311546840959 23.88426368227105
0.1 0.08518512631793725 0.08148637350455555 4.5E+845 45 27.23311546840959 23.88426368227105
0.1 0.08518512631793725 0.08148637350455555 4.5E+840 40 27.23311546840959 23.88426368227105
0.1 0.08518512631793725 0.08148637350455555 4.5E+835 35 27.23311546840959 23.88426368227105
0.1 0.08518512631793725 0.08148637350455555 4.5E+830 30 27.23311546840959 23.88426368227105
0.1 0.08518512631793725 0.08148637350455555 4.5E+825 25 27.23311546840959 23.88426368227105
0.01 0.14938192452607071 0.11600279660453079 5.0E+850 50 18.708140535551703 33.94177100618494
0.01 0.14938192452607071 0.11600279660453079 5.0E+845 45 18.708140535551703 33.94177100618494
0.01 0.14938192452607071 0.11600279660453079 5.0E+840 40 18.708140535551703 33.94177100618494
0.01 0.14938192452607071 0.11600279660453079 5.0E+835 35 18.708140535551703 33.94177100618494
0.01 0.14938192452607071 0.11600279660453079 5.0E+830 30 18.708140535551703 33.94177100618494
0.01 0.14938192452607071 0.11600279660453079 5.0E+825 25 18.708140535551703 33.94177100618494
0.01 0.14938192452607071 0.11600279660453079 5.0E+820 20 18.708140535551703 33.94177100618494
0.02 0.14212629881644262 0.11520262385685721 5.0E+850 50 19.44037636568644 32.507404464350216
0.02 0.14212629881644262 0.11520262385685721 5.0E+845 45 19.44037636568644 32.507404464350216
0.02 0.14212629881644262 0.11520262385685721 5.0E+840 40 19.44037636568644 32.507404464350216
0.02 0.14212629881644262 0.11520262385685721 5.0E+835 35 19.44037636568644 32.507404464350216
0.02 0.14212629881644262 0.11520262385685721 5.0E+830 30 19.44037636568644 32.507404464350216
0.02 0.14212629881644262 0.11520262385685721 5.0E+825 25 19.44037636568644 32.507404464350216
0.02 0.14212629881644262 0.11520262385685721 5.0E+820 20 19.44037636568644 32.507404464350216
0.03 0.13548782673558554 0.11449516978547704 5.0E+850 50 20.135579569098596 31.187192459629912
0.03 0.13548782673558554 0.11449516978547704 5.0E+845 45 20.135579569098596 31.187192459629912
0.03 0.13548782673558554 0.11449516978547704 5.0E+840 40 20.135579569098596 31.187192459629912
0.03 0.13548782673558554 0.11449516978547704 5.0E+835 35 20.135579569098596 31.187192459629912
0.03 0.13548782673558554 0.11449516978547704 5.0E+830 30 20.135579569098596 31.187192459629912
0.03 0.13548782673558554 0.11449516978547704 5.0E+825 25 20.135579569098596 31.187192459629912
0.04 0.12999482416610755 0.11277109285205039 5.0E+850 50 20.842017507294706 29.876510423582523
0.04 0.12999482416610755 0.11277109285205039 5.0E+845 45 20.842017507294706 29.876510423582523
0.04 0.12999482416610755 0.11277109285205039 5.0E+840 40 20.842017507294706 29.876510423582523
0.04 0.12999482416610755 0.11277109285205039 5.0E+835 35 20.842017507294706 29.876510423582523
0.04 0.12999482416610755 0.11277109285205039 5.0E+830 30 20.842017507294706 29.876510423582523
0.04 0.12999482416610755 0.11277109285205039 5.0E+825 25 20.842017507294706 29.876510423582523
