0.01 0.04709514621361626 0.017710503540035984 2.5E+8
0.02 0.04308717870360614 0.015393373350561868 2.5E+8
0.03 0.038400220639252095 0.01408579002576175 2.5E+8
0.04 0.03509575971412676 0.012423054873640392 2.5E+8
0.05 0.03160249660993284 0.010901665657849462 2.5E+8
0.06 0.02881776237416602 0.008766513332909993 2.5E+8
0.07 0.027264466189002103 0.0067068876763495934 2.5E+8
0.08 0.025818298180210593 0.004658100622618845 2.5E+8
0.09 0.023075001503324023 0.00187187359178333 2.5E+8
0.1 0.022069478611207505 0.0006035715808114179 2.5E+8
0.01 0.06830762329056705 0.03558360939590227 3.0E+8
0.02 0.06194278197652052 0.03508664784337533 3.0E+8
0.03 0.05671453195839804 0.033552818798878795 3.0E+8
0.04 0.05592858413385775 0.03241184214514523 3.0E+8
0.05 0.04767403184990583 0.03312043839768474 3.0E+8
0.06 0.04557633566509056 0.029144359320294053 3.0E+8
0.07 0.043179731857627225 0.02653672483718868 3.0E+8
0.08 0.04044269091760572 0.024321385159691813 3.0E+8
0.09 0.03852394287427848 0.021982563380254363 3.0E+8
0.1 0.03662397122515668 0.019585788351636695 3.0E+8
0.01 0.08787592936146638 0.056449173285551546 3.5E+8
0.02 0.0822270921381302 0.054603858723622535 3.5E+8
0.03 0.07606990402294919 0.053720710396054104 3.5E+8
0.04 0.07138658864582516 0.052287386963059554 3.5E+8
0.05 0.06736426667526493 0.05114030729851611 3.5E+8
0.06 0.06338226742893092 0.04865123145070672 3.5E+8
0.07 0.06069323728954323 0.045837272959505425 3.5E+8
0.08 0.05676601590477593 0.044881986871454636 3.5E+8
0.09 0.054453010175143826 0.042166636869390574 3.5E+8
0.1 0.05258964345993875 0.03948049032114809 3.5E+8
0.01 0.10831203017500701 0.07523570182016408 4.0E+8
0.02 0.10163804272243376 0.07502096209310963 4.0E+8
0.03 0.09604466508008687 0.07365960748088131 4.0E+8
0.04 0.0914464114221751 0.07202476099475183 4.0E+8
0.05 0.08572920769208511 0.0708203992183754 4.0E+8
0.06 0.08135447074303515 0.06924779858353641 4.0E+8
0.07 0.07713406931006533 0.06718658397752587 4.0E+8
0.08 0.0743198241132241 0.06506211425060965 4.0E+8
0.09 0.07055142433370237 0.06293154185529347 4.0E+8
0.1 0.06879879884809775 0.06032336063816141 4.0E+8
0.01 0.12844080283475295 0.09622235823520177 4.5E+8
0.02 0.12448514269991266 0.09388345533349177 4.5E+8
0.03 0.11552895121987876 0.09413812054208885 4.5E+8
0.04 0.11017360950622461 0.09274198253284678 4.5E+8
0.05 0.10428731611328107 0.09128956096716909 4.5E+8
0.06 0.10014030964316069 0.08970852809187319 4.5E+8
0.07 0.09581387299784344 0.08791508380596022 4.5E+8
0.08 0.09092686434134674 0.08673076619129774 4.5E+8
0.09 0.08863465989364497 0.08332994268461744 4.5E+8
0.1 0.08518512631793725 0.08148637350455555 4.5E+8
0.01 0.14938192452607071 0.11600279660453079 5.0E+8
0.02 0.14212629881644262 0.11520262385685721 5.0E+8
0.03 0.13548782673558554 0.11449516978547704 5.0E+8
0.04 0.12999482416610755 0.11277109285205039 5.0E+8
