0.01 0.04709514621361626 0.017710503540035984 2.5E+830 30 32.623589029774465 55.147058823529406
0.01 0.04709514621361626 0.017710503540035984 2.5E+825 25 32.623589029774465 55.147058823529406
0.01 0.04709514621361626 0.017710503540035984 2.5E+820 20 32.623589029774465 55.147058823529406
0.01 0.04709514621361626 0.017710503540035984 2.5E+815 15 32.623589029774465 55.147058823529406
0.01 0.04709514621361626 0.017710503540035984 2.5E+810 10 32.623589029774465 55.147058823529406
0.01 0.04709514621361626 0.017710503540035984 2.5E+89 9 32.623589029774465 55.147058823529406
0.01 0.04709514621361626 0.017710503540035984 2.5E+88 8 32.623589029774465 55.147058823529406
0.01 0.04709514621361626 0.017710503540035984 2.5E+87 7 32.623589029774465 55.147058823529406
0.01 0.04709514621361626 0.017710503540035984 2.5E+86 6 32.623589029774465 55.147058823529406
0.01 0.04709514621361626 0.017710503540035984 2.5E+85 5 32.623589029774465 55.147058823529406
0.01 0.04709514621361626 0.017710503540035984 2.5E+84 4 32.623589029774465 55.147058823529406
0.01 0.04709514621361626 0.017710503540035984 2.5E+83 3 32.623589029774465 55.147058823529406
0.01 0.04709514621361626 0.017710503540035984 2.5E+82 2 32.623589029774465 55.147058823529406
0.01 0.04709514621361626 0.017710503540035984 2.5E+81 1 32.623589029774465 55.147058823529406
0.02 0.04308717870360614 0.015393373350561868 2.5E+830 30 34.6628460507464 50.62436719541006
0.02 0.04308717870360614 0.015393373350561868 2.5E+825 25 34.6628460507464 50.62436719541006
0.02 0.04308717870360614 0.015393373350561868 2.5E+820 20 34.6628460507464 50.62436719541006
0.02 0.04308717870360614 0.015393373350561868 2.5E+815 15 34.6628460507464 50.62436719541006
0.02 0.04308717870360614 0.015393373350561868 2.5E+810 10 34.6628460507464 50.62436719541006
0.02 0.04308717870360614 0.015393373350561868 2.5E+89 9 34.6628460507464 50.62436719541006
0.02 0.04308717870360614 0.015393373350561868 2.5E+88 8 34.6628460507464 50.62436719541006
0.02 0.04308717870360614 0.015393373350561868 2.5E+87 7 34.6628460507464 50.62436719541006
0.02 0.04308717870360614 0.015393373350561868 2.5E+86 6 34.6628460507464 50.62436719541006
0.02 0.04308717870360614 0.015393373350561868 2.5E+85 5 34.6628460507464 50.62436719541006
0.02 0.04308717870360614 0.015393373350561868 2.5E+84 4 34.6628460507464 50.62436719541006
0.02 0.04308717870360614 0.015393373350561868 2.5E+83 3 34.6628460507464 50.62436719541006
0.02 0.04308717870360614 0.015393373350561868 2.5E+82 2 34.6628460507464 50.62436719541006
0.02 0.04308717870360614 0.015393373350561868 2.5E+81 1 34.6628460507464 50.62436719541006
0.03 0.038400220639252095 0.01408579002576175 2.5E+835 35 36.59339855090142 47.14016341923318
0.03 0.038400220639252095 0.01408579002576175 2.5E+830 30 36.59339855090142 47.14016341923318
0.03 0.038400220639252095 0.01408579002576175 2.5E+825 25 36.59339855090142 47.14016341923318
0.03 0.038400220639252095 0.01408579002576175 2.5E+820 20 36.59339855090142 47.14016341923318
0.03 0.038400220639252095 0.01408579002576175 2.5E+815 15 36.59339855090142 47.14016341923318
0.03 0.038400220639252095 0.01408579002576175 2.5E+810 10 36.59339855090142 47.14016341923318
0.03 0.038400220639252095 0.01408579002576175 2.5E+89 9 36.59339855090142 47.14016341923318
0.03 0.038400220639252095 0.01408579002576175 2.5E+88 8 36.59339855090142 47.14016341923318
0.03 0.038400220639252095 0.01408579002576175 2.5E+87 7 36.59339855090142 47.14016341923318
0.03 0.038400220639252095 0.01408579002576175 2.5E+86 6 36.59339855090142 47.14016341923318
0.03 0.038400220639252095 0.01408579002576175 2.5E+85 5 36.59339855090142 47.14016341923318
0.03 0.038400220639252095 0.01408579002576175 2.5E+84 4 36.59339855090142 47.14016341923318
0.03 0.038400220639252095 0.01408579002576175 2.5E+83 3 36.59339855090142 47.14016341923318
0.03 0.038400220639252095 0.01408579002576175 2.5E+82 2 36.59339855090142 47.14016341923318
0.03 0.038400220639252095 0.01408579002576175 2.5E+81 1 36.59339855090142 47.14016341923318
0.04 0.03509575971412676 0.012423054873640392 2.5E+835 35 38.588517772156244 41.17792392672683
0.04 0.03509575971412676 0.012423054873640392 2.5E+830 30 38.588517772156244 41.17792392672683
0.04 0.03509575971412676 0.012423054873640392 2.5E+825 25 38.588517772156244 41.17792392672683
0.04 0.03509575971412676 0.012423054873640392 2.5E+820 20 38.588517772156244 41.17792392672683
0.04 0.03509575971412676 0.012423054873640392 2.5E+815 15 38.588517772156244 41.17792392672683
0.04 0.03509575971412676 0.012423054873640392 2.5E+810 10 38.588517772156244 41.17792392672683
0.04 0.03509575971412676 0.012423054873640392 2.5E+89 9 38.588517772156244 41.17792392672683
0.04 0.03509575971412676 0.012423054873640392 2.5E+88 8 38.588517772156244 41.17792392672683
0.04 0.03509575971412676 0.012423054873640392 2.5E+87 7 38.588517772156244 41.17792392672683
0.04 0.03509575971412676 0.012423054873640392 2.5E+86 6 38.588517772156244 41.17792392672683
0.04 0.03509575971412676 0.012423054873640392 2.5E+85 5 38.588517772156244 41.17792392672683
0.04 0.03509575971412676 0.012423054873640392 2.5E+84 4 38.588517772156244 41.17792392672683
0.04 0.03509575971412676 0.012423054873640392 2.5E+83 3 38.588517772156244 41.17792392672683
0.04 0.03509575971412676 0.012423054873640392 2.5E+82 2 38.588517772156244 41.17792392672683
0.04 0.03509575971412676 0.012423054873640392 2.5E+81 1 38.588517772156244 41.17792392672683
0.05 0.03160249660993284 0.010901665657849462 2.5E+835 35 39.53610964681075 36.255153411092
0.05 0.03160249660993284 0.010901665657849462 2.5E+830 30 39.53610964681075 36.255153411092
0.05 0.03160249660993284 0.010901665657849462 2.5E+825 25 39.53610964681075 36.255153411092
0.05 0.03160249660993284 0.010901665657849462 2.5E+820 20 39.53610964681075 36.255153411092
0.05 0.03160249660993284 0.010901665657849462 2.5E+815 15 39.53610964681075 36.255153411092
0.05 0.03160249660993284 0.010901665657849462 2.5E+810 10 39.53610964681075 36.255153411092
0.05 0.03160249660993284 0.010901665657849462 2.5E+89 9 39.53610964681075 36.255153411092
0.05 0.03160249660993284 0.010901665657849462 2.5E+88 8 39.53610964681075 36.255153411092
0.05 0.03160249660993284 0.010901665657849462 2.5E+87 7 39.53610964681075 36.255153411092
0.05 0.03160249660993284 0.010901665657849462 2.5E+86 6 39.53610964681075 36.255153411092
0.05 0.03160249660993284 0.010901665657849462 2.5E+85 5 39.53610964681075 36.255153411092
0.05 0.03160249660993284 0.010901665657849462 2.5E+84 4 39.53610964681075 36.255153411092
0.05 0.03160249660993284 0.010901665657849462 2.5E+83 3 39.53610964681075 36.255153411092
0.05 0.03160249660993284 0.010901665657849462 2.5E+82 2 39.53610964681075 36.255153411092
0.05 0.03160249660993284 0.010901665657849462 2.5E+81 1 39.53610964681075 36.255153411092
0.06 0.02881776237416602 0.008766513332909993 2.5E+830 30 40.42945060868784 32.219460554174724
0.06 0.02881776237416602 0.008766513332909993 2.5E+825 25 40.42945060868784 32.219460554174724
0.06 0.02881776237416602 0.008766513332909993 2.5E+820 20 40.42945060868784 32.219460554174724
0.06 0.02881776237416602 0.008766513332909993 2.5E+815 15 40.42945060868784 32.219460554174724
0.06 0.02881776237416602 0.008766513332909993 2.5E+810 10 40.42945060868784 32.219460554174724
0.06 0.02881776237416602 0.008766513332909993 2.5E+89 9 40.42945060868784 32.219460554174724
0.06 0.02881776237416602 0.008766513332909993 2.5E+88 8 40.42945060868784 32.219460554174724
0.06 0.02881776237416602 0.008766513332909993 2.5E+87 7 40.42945060868784 32.219460554174724
0.06 0.02881776237416602 0.008766513332909993 2.5E+86 6 40.42945060868784 32.219460554174724
0.06 0.02881776237416602 0.008766513332909993 2.5E+85 5 40.42945060868784 32.219460554174724
0.06 0.02881776237416602 0.008766513332909993 2.5E+84 4 40.42945060868784 32.219460554174724
0.06 0.02881776237416602 0.008766513332909993 2.5E+83 3 40.42945060868784 32.219460554174724
0.06 0.02881776237416602 0.008766513332909993 2.5E+82 2 40.42945060868784 32.219460554174724
0.06 0.02881776237416602 0.008766513332909993 2.5E+81 1 40.42945060868784 32.219460554174724
0.07 0.027264466189002103 0.0067068876763495934 2.5E+825 25 37.987323087609624 29.098769537745262
0.07 0.027264466189002103 0.0067068876763495934 2.5E+820 20 37.987323087609624 29.098769537745262
0.07 0.027264466189002103 0.0067068876763495934 2.5E+815 15 37.987323087609624 29.098769537745262
0.07 0.027264466189002103 0.0067068876763495934 2.5E+810 10 37.987323087609624 29.098769537745262
0.07 0.027264466189002103 0.0067068876763495934 2.5E+89 9 37.987323087609624 29.098769537745262
0.07 0.027264466189002103 0.0067068876763495934 2.5E+88 8 37.987323087609624 29.098769537745262
0.07 0.027264466189002103 0.0067068876763495934 2.5E+87 7 37.987323087609624 29.098769537745262
0.07 0.027264466189002103 0.0067068876763495934 2.5E+86 6 37.987323087609624 29.098769537745262
0.07 0.027264466189002103 0.0067068876763495934 2.5E+85 5 37.987323087609624 29.098769537745262
0.07 0.027264466189002103 0.0067068876763495934 2.5E+84 4 37.987323087609624 29.098769537745262
0.07 0.027264466189002103 0.0067068876763495934 2.5E+83 3 37.987323087609624 29.098769537745262
0.07 0.027264466189002103 0.0067068876763495934 2.5E+82 2 37.987323087609624 29.098769537745262
0.07 0.027264466189002103 0.0067068876763495934 2.5E+81 1 37.987323087609624 29.098769537745262
0.08 0.025818298180210593 0.004658100622618845 2.5E+825 25 34.81894150417828 26.56344869459624
0.08 0.025818298180210593 0.004658100622618845 2.5E+820 20 34.81894150417828 26.56344869459624
0.08 0.025818298180210593 0.004658100622618845 2.5E+815 15 34.81894150417828 26.56344869459624
0.08 0.025818298180210593 0.004658100622618845 2.5E+810 10 34.81894150417828 26.56344869459624
0.08 0.025818298180210593 0.004658100622618845 2.5E+89 9 34.81894150417828 26.56344869459624
0.08 0.025818298180210593 0.004658100622618845 2.5E+88 8 34.81894150417828 26.56344869459624
0.08 0.025818298180210593 0.004658100622618845 2.5E+87 7 34.81894150417828 26.56344869459624
0.08 0.025818298180210593 0.004658100622618845 2.5E+86 6 34.81894150417828 26.56344869459624
0.08 0.025818298180210593 0.004658100622618845 2.5E+85 5 34.81894150417828 26.56344869459624
0.08 0.025818298180210593 0.004658100622618845 2.5E+84 4 34.81894150417828 26.56344869459624
0.08 0.025818298180210593 0.004658100622618845 2.5E+83 3 34.81894150417828 26.56344869459624
0.08 0.025818298180210593 0.004658100622618845 2.5E+82 2 34.81894150417828 26.56344869459624
0.08 0.025818298180210593 0.004658100622618845 2.5E+81 1 34.81894150417828 26.56344869459624
0.09 0.023075001503324023 0.00187187359178333 2.5E+820 20 32.148433912005146 24.3207560280731
0.09 0.023075001503324023 0.00187187359178333 2.5E+815 15 32.148433912005146 24.3207560280731
0.09 0.023075001503324023 0.00187187359178333 2.5E+810 10 32.148433912005146 24.3207560280731
0.09 0.023075001503324023 0.00187187359178333 2.5E+89 9 32.148433912005146 24.3207560280731
0.09 0.023075001503324023 0.00187187359178333 2.5E+88 8 32.148433912005146 24.3207560280731
0.09 0.023075001503324023 0.00187187359178333 2.5E+87 7 32.148433912005146 24.3207560280731
0.09 0.023075001503324023 0.00187187359178333 2.5E+86 6 32.148433912005146 24.3207560280731
0.09 0.023075001503324023 0.00187187359178333 2.5E+85 5 32.148433912005146 24.3207560280731
0.09 0.023075001503324023 0.00187187359178333 2.5E+84 4 32.148433912005146 24.3207560280731
0.09 0.023075001503324023 0.00187187359178333 2.5E+83 3 32.148433912005146 24.3207560280731
0.09 0.023075001503324023 0.00187187359178333 2.5E+82 2 32.148433912005146 24.3207560280731
0.09 0.023075001503324023 0.00187187359178333 2.5E+81 1 32.148433912005146 24.3207560280731
0.1 0.022069478611207505 0.0006035715808114179 2.5E+820 20 29.8227675528289 22.52977148374638
0.1 0.022069478611207505 0.0006035715808114179 2.5E+815 15 29.8227675528289 22.52977148374638
0.1 0.022069478611207505 0.0006035715808114179 2.5E+810 10 29.8227675528289 22.52977148374638
0.1 0.022069478611207505 0.0006035715808114179 2.5E+89 9 29.8227675528289 22.52977148374638
0.1 0.022069478611207505 0.0006035715808114179 2.5E+88 8 29.8227675528289 22.52977148374638
0.1 0.022069478611207505 0.0006035715808114179 2.5E+87 7 29.8227675528289 22.52977148374638
0.1 0.022069478611207505 0.0006035715808114179 2.5E+86 6 29.8227675528289 22.52977148374638
0.1 0.022069478611207505 0.0006035715808114179 2.5E+85 5 29.8227675528289 22.52977148374638
0.1 0.022069478611207505 0.0006035715808114179 2.5E+84 4 29.8227675528289 22.52977148374638
0.1 0.022069478611207505 0.0006035715808114179 2.5E+83 3 29.8227675528289 22.52977148374638
0.1 0.022069478611207505 0.0006035715808114179 2.5E+82 2 29.8227675528289 22.52977148374638
0.1 0.022069478611207505 0.0006035715808114179 2.5E+81 1 29.8227675528289 22.52977148374638
0.01 0.06830762329056705 0.03558360939590227 3.0E+825 25 28.464078333143572 48.910385305146455
0.01 0.06830762329056705 0.03558360939590227 3.0E+820 20 28.464078333143572 48.910385305146455
0.01 0.06830762329056705 0.03558360939590227 3.0E+815 15 28.464078333143572 48.910385305146455
0.01 0.06830762329056705 0.03558360939590227 3.0E+810 10 28.464078333143572 48.910385305146455
0.01 0.06830762329056705 0.03558360939590227 3.0E+89 9 28.464078333143572 48.910385305146455
0.01 0.06830762329056705 0.03558360939590227 3.0E+88 8 28.464078333143572 48.910385305146455
0.01 0.06830762329056705 0.03558360939590227 3.0E+87 7 28.464078333143572 48.910385305146455
0.01 0.06830762329056705 0.03558360939590227 3.0E+86 6 28.464078333143572 48.910385305146455
0.01 0.06830762329056705 0.03558360939590227 3.0E+85 5 28.464078333143572 48.910385305146455
0.01 0.06830762329056705 0.03558360939590227 3.0E+84 4 28.464078333143572 48.910385305146455
0.01 0.06830762329056705 0.03558360939590227 3.0E+83 3 28.464078333143572 48.910385305146455
0.01 0.06830762329056705 0.03558360939590227 3.0E+82 2 28.464078333143572 48.910385305146455
0.01 0.06830762329056705 0.03558360939590227 3.0E+81 1 28.464078333143572 48.910385305146455
0.02 0.06194278197652052 0.03508664784337533 3.0E+830 30 30.073981995709445 45.824847250509166
0.02 0.06194278197652052 0.03508664784337533 3.0E+825 25 30.073981995709445 45.824847250509166
0.02 0.06194278197652052 0.03508664784337533 3.0E+820 20 30.073981995709445 45.824847250509166
0.02 0.06194278197652052 0.03508664784337533 3.0E+815 15 30.073981995709445 45.824847250509166
0.02 0.06194278197652052 0.03508664784337533 3.0E+810 10 30.073981995709445 45.824847250509166
0.02 0.06194278197652052 0.03508664784337533 3.0E+89 9 30.073981995709445 45.824847250509166
0.02 0.06194278197652052 0.03508664784337533 3.0E+88 8 30.073981995709445 45.824847250509166
0.02 0.06194278197652052 0.03508664784337533 3.0E+87 7 30.073981995709445 45.824847250509166
0.02 0.06194278197652052 0.03508664784337533 3.0E+86 6 30.073981995709445 45.824847250509166
0.02 0.06194278197652052 0.03508664784337533 3.0E+85 5 30.073981995709445 45.824847250509166
0.02 0.06194278197652052 0.03508664784337533 3.0E+84 4 30.073981995709445 45.824847250509166
0.02 0.06194278197652052 0.03508664784337533 3.0E+83 3 30.073981995709445 45.824847250509166
0.02 0.06194278197652052 0.03508664784337533 3.0E+82 2 30.073981995709445 45.824847250509166
0.02 0.06194278197652052 0.03508664784337533 3.0E+81 1 30.073981995709445 45.824847250509166
0.03 0.05671453195839804 0.033552818798878795 3.0E+830 30 31.640896913957857 43.03543250609668
0.03 0.05671453195839804 0.033552818798878795 3.0E+825 25 31.640896913957857 43.03543250609668
0.03 0.05671453195839804 0.033552818798878795 3.0E+820 20 31.640896913957857 43.03543250609668
0.03 0.05671453195839804 0.033552818798878795 3.0E+815 15 31.640896913957857 43.03543250609668
0.03 0.05671453195839804 0.033552818798878795 3.0E+810 10 31.640896913957857 43.03543250609668
0.03 0.05671453195839804 0.033552818798878795 3.0E+89 9 31.640896913957857 43.03543250609668
0.03 0.05671453195839804 0.033552818798878795 3.0E+88 8 31.640896913957857 43.03543250609668
0.03 0.05671453195839804 0.033552818798878795 3.0E+87 7 31.640896913957857 43.03543250609668
0.03 0.05671453195839804 0.033552818798878795 3.0E+86 6 31.640896913957857 43.03543250609668
0.03 0.05671453195839804 0.033552818798878795 3.0E+85 5 31.640896913957857 43.03543250609668
0.03 0.05671453195839804 0.033552818798878795 3.0E+84 4 31.640896913957857 43.03543250609668
0.03 0.05671453195839804 0.033552818798878795 3.0E+83 3 31.640896913957857 43.03543250609668
0.03 0.05671453195839804 0.033552818798878795 3.0E+82 2 31.640896913957857 43.03543250609668
0.03 0.05671453195839804 0.033552818798878795 3.0E+81 1 31.640896913957857 43.03543250609668
0.04 0.05592858413385775 0.03241184214514523 3.0E+830 30 32.78115302242231 39.7456279809221
0.04 0.05592858413385775 0.03241184214514523 3.0E+825 25 32.78115302242231 39.7456279809221
0.04 0.05592858413385775 0.03241184214514523 3.0E+820 20 32.78115302242231 39.7456279809221
0.04 0.05592858413385775 0.03241184214514523 3.0E+815 15 32.78115302242231 39.7456279809221
0.04 0.05592858413385775 0.03241184214514523 3.0E+810 10 32.78115302242231 39.7456279809221
0.04 0.05592858413385775 0.03241184214514523 3.0E+89 9 32.78115302242231 39.7456279809221
0.04 0.05592858413385775 0.03241184214514523 3.0E+88 8 32.78115302242231 39.7456279809221
0.04 0.05592858413385775 0.03241184214514523 3.0E+87 7 32.78115302242231 39.7456279809221
0.04 0.05592858413385775 0.03241184214514523 3.0E+86 6 32.78115302242231 39.7456279809221
0.04 0.05592858413385775 0.03241184214514523 3.0E+85 5 32.78115302242231 39.7456279809221
0.04 0.05592858413385775 0.03241184214514523 3.0E+84 4 32.78115302242231 39.7456279809221
0.04 0.05592858413385775 0.03241184214514523 3.0E+83 3 32.78115302242231 39.7456279809221
0.04 0.05592858413385775 0.03241184214514523 3.0E+82 2 32.78115302242231 39.7456279809221
0.04 0.05592858413385775 0.03241184214514523 3.0E+81 1 32.78115302242231 39.7456279809221
0.05 0.04767403184990583 0.03312043839768474 3.0E+830 30 34.2434480869327 36.95881731784583
0.05 0.04767403184990583 0.03312043839768474 3.0E+825 25 34.2434480869327 36.95881731784583
0.05 0.04767403184990583 0.03312043839768474 3.0E+820 20 34.2434480869327 36.95881731784583
0.05 0.04767403184990583 0.03312043839768474 3.0E+815 15 34.2434480869327 36.95881731784583
0.05 0.04767403184990583 0.03312043839768474 3.0E+810 10 34.2434480869327 36.95881731784583
0.05 0.04767403184990583 0.03312043839768474 3.0E+89 9 34.2434480869327 36.95881731784583
0.05 0.04767403184990583 0.03312043839768474 3.0E+88 8 34.2434480869327 36.95881731784583
0.05 0.04767403184990583 0.03312043839768474 3.0E+87 7 34.2434480869327 36.95881731784583
0.05 0.04767403184990583 0.03312043839768474 3.0E+86 6 34.2434480869327 36.95881731784583
0.05 0.04767403184990583 0.03312043839768474 3.0E+85 5 34.2434480869327 36.95881731784583
0.05 0.04767403184990583 0.03312043839768474 3.0E+84 4 34.2434480869327 36.95881731784583
0.05 0.04767403184990583 0.03312043839768474 3.0E+83 3 34.2434480869327 36.95881731784583
0.05 0.04767403184990583 0.03312043839768474 3.0E+82 2 34.2434480869327 36.95881731784583
0.05 0.04767403184990583 0.03312043839768474 3.0E+81 1 34.2434480869327 36.95881731784583
0.06 0.04557633566509056 0.029144359320294053 3.0E+830 30 35.689642865640394 32.87310979618672
0.06 0.04557633566509056 0.029144359320294053 3.0E+825 25 35.689642865640394 32.87310979618672
0.06 0.04557633566509056 0.029144359320294053 3.0E+820 20 35.689642865640394 32.87310979618672
0.06 0.04557633566509056 0.029144359320294053 3.0E+815 15 35.689642865640394 32.87310979618672
0.06 0.04557633566509056 0.029144359320294053 3.0E+810 10 35.689642865640394 32.87310979618672
0.06 0.04557633566509056 0.029144359320294053 3.0E+89 9 35.689642865640394 32.87310979618672
0.06 0.04557633566509056 0.029144359320294053 3.0E+88 8 35.689642865640394 32.87310979618672
0.06 0.04557633566509056 0.029144359320294053 3.0E+87 7 35.689642865640394 32.87310979618672
0.06 0.04557633566509056 0.029144359320294053 3.0E+86 6 35.689642865640394 32.87310979618672
0.06 0.04557633566509056 0.029144359320294053 3.0E+85 5 35.689642865640394 32.87310979618672
0.06 0.04557633566509056 0.029144359320294053 3.0E+84 4 35.689642865640394 32.87310979618672
0.06 0.04557633566509056 0.029144359320294053 3.0E+83 3 35.689642865640394 32.87310979618672
0.06 0.04557633566509056 0.029144359320294053 3.0E+82 2 35.689642865640394 32.87310979618672
0.06 0.04557633566509056 0.029144359320294053 3.0E+81 1 35.689642865640394 32.87310979618672
0.07 0.043179731857627225 0.02653672483718868 3.0E+825 25 37.089629739524824 29.708853238265004
0.07 0.043179731857627225 0.02653672483718868 3.0E+820 20 37.089629739524824 29.708853238265004
0.07 0.043179731857627225 0.02653672483718868 3.0E+815 15 37.089629739524824 29.708853238265004
0.07 0.043179731857627225 0.02653672483718868 3.0E+810 10 37.089629739524824 29.708853238265004
0.07 0.043179731857627225 0.02653672483718868 3.0E+89 9 37.089629739524824 29.708853238265004
0.07 0.043179731857627225 0.02653672483718868 3.0E+88 8 37.089629739524824 29.708853238265004
0.07 0.043179731857627225 0.02653672483718868 3.0E+87 7 37.089629739524824 29.708853238265004
0.07 0.043179731857627225 0.02653672483718868 3.0E+86 6 37.089629739524824 29.708853238265004
0.07 0.043179731857627225 0.02653672483718868 3.0E+85 5 37.089629739524824 29.708853238265004
0.07 0.043179731857627225 0.02653672483718868 3.0E+84 4 37.089629739524824 29.708853238265004
0.07 0.043179731857627225 0.02653672483718868 3.0E+83 3 37.089629739524824 29.708853238265004
0.07 0.043179731857627225 0.02653672483718868 3.0E+82 2 37.089629739524824 29.708853238265004
0.07 0.043179731857627225 0.02653672483718868 3.0E+81 1 37.089629739524824 29.708853238265004
0.08 0.04044269091760572 0.024321385159691813 3.0E+825 25 33.980582524271846 27.127577119826384
0.08 0.04044269091760572 0.024321385159691813 3.0E+820 20 33.980582524271846 27.127577119826384
0.08 0.04044269091760572 0.024321385159691813 3.0E+815 15 33.980582524271846 27.127577119826384
0.08 0.04044269091760572 0.024321385159691813 3.0E+810 10 33.980582524271846 27.127577119826384
0.08 0.04044269091760572 0.024321385159691813 3.0E+89 9 33.980582524271846 27.127577119826384
0.08 0.04044269091760572 0.024321385159691813 3.0E+88 8 33.980582524271846 27.127577119826384
0.08 0.04044269091760572 0.024321385159691813 3.0E+87 7 33.980582524271846 27.127577119826384
0.08 0.04044269091760572 0.024321385159691813 3.0E+86 6 33.980582524271846 27.127577119826384
0.08 0.04044269091760572 0.024321385159691813 3.0E+85 5 33.980582524271846 27.127577119826384
0.08 0.04044269091760572 0.024321385159691813 3.0E+84 4 33.980582524271846 27.127577119826384
0.08 0.04044269091760572 0.024321385159691813 3.0E+83 3 33.980582524271846 27.127577119826384
0.08 0.04044269091760572 0.024321385159691813 3.0E+82 2 33.980582524271846 27.127577119826384
0.08 0.04044269091760572 0.024321385159691813 3.0E+81 1 33.980582524271846 27.127577119826384
0.09 0.03852394287427848 0.021982563380254363 3.0E+820 20 31.3507703332139 24.85089463220676
0.09 0.03852394287427848 0.021982563380254363 3.0E+815 15 31.3507703332139 24.85089463220676
0.09 0.03852394287427848 0.021982563380254363 3.0E+810 10 31.3507703332139 24.85089463220676
0.09 0.03852394287427848 0.021982563380254363 3.0E+89 9 31.3507703332139 24.85089463220676
0.09 0.03852394287427848 0.021982563380254363 3.0E+88 8 31.3507703332139 24.85089463220676
0.09 0.03852394287427848 0.021982563380254363 3.0E+87 7 31.3507703332139 24.85089463220676
0.09 0.03852394287427848 0.021982563380254363 3.0E+86 6 31.3507703332139 24.85089463220676
0.09 0.03852394287427848 0.021982563380254363 3.0E+85 5 31.3507703332139 24.85089463220676
0.09 0.03852394287427848 0.021982563380254363 3.0E+84 4 31.3507703332139 24.85089463220676
0.09 0.03852394287427848 0.021982563380254363 3.0E+83 3 31.3507703332139 24.85089463220676
0.09 0.03852394287427848 0.021982563380254363 3.0E+82 2 31.3507703332139 24.85089463220676
0.09 0.03852394287427848 0.021982563380254363 3.0E+81 1 31.3507703332139 24.85089463220676
0.1 0.03662397122515668 0.019585788351636695 3.0E+820 20 29.091513589892777 23.02328640968294
0.1 0.03662397122515668 0.019585788351636695 3.0E+815 15 29.091513589892777 23.02328640968294
0.1 0.03662397122515668 0.019585788351636695 3.0E+810 10 29.091513589892777 23.02328640968294
0.1 0.03662397122515668 0.019585788351636695 3.0E+89 9 29.091513589892777 23.02328640968294
0.1 0.03662397122515668 0.019585788351636695 3.0E+88 8 29.091513589892777 23.02328640968294
0.1 0.03662397122515668 0.019585788351636695 3.0E+87 7 29.091513589892777 23.02328640968294
0.1 0.03662397122515668 0.019585788351636695 3.0E+86 6 29.091513589892777 23.02328640968294
0.1 0.03662397122515668 0.019585788351636695 3.0E+85 5 29.091513589892777 23.02328640968294
0.1 0.03662397122515668 0.019585788351636695 3.0E+84 4 29.091513589892777 23.02328640968294
0.1 0.03662397122515668 0.019585788351636695 3.0E+83 3 29.091513589892777 23.02328640968294
0.1 0.03662397122515668 0.019585788351636695 3.0E+82 2 29.091513589892777 23.02328640968294
0.1 0.03662397122515668 0.019585788351636695 3.0E+81 1 29.091513589892777 23.02328640968294
0.01 0.08787592936146638 0.056449173285551546 3.5E+825 25 25.199072674125592 44.18262150220913
0.01 0.08787592936146638 0.056449173285551546 3.5E+820 20 25.199072674125592 44.18262150220913
0.01 0.08787592936146638 0.056449173285551546 3.5E+815 15 25.199072674125592 44.18262150220913
0.01 0.08787592936146638 0.056449173285551546 3.5E+810 10 25.199072674125592 44.18262150220913
0.01 0.08787592936146638 0.056449173285551546 3.5E+89 9 25.199072674125592 44.18262150220913
0.01 0.08787592936146638 0.056449173285551546 3.5E+88 8 25.199072674125592 44.18262150220913
0.01 0.08787592936146638 0.056449173285551546 3.5E+87 7 25.199072674125592 44.18262150220913
0.01 0.08787592936146638 0.056449173285551546 3.5E+86 6 25.199072674125592 44.18262150220913
0.01 0.08787592936146638 0.056449173285551546 3.5E+85 5 25.199072674125592 44.18262150220913
0.01 0.08787592936146638 0.056449173285551546 3.5E+84 4 25.199072674125592 44.18262150220913
0.01 0.08787592936146638 0.056449173285551546 3.5E+83 3 25.199072674125592 44.18262150220913
0.01 0.08787592936146638 0.056449173285551546 3.5E+82 2 25.199072674125592 44.18262150220913
0.01 0.08787592936146638 0.056449173285551546 3.5E+81 1 25.199072674125592 44.18262150220913
0.02 0.0822270921381302 0.054603858723622535 3.5E+825 25 26.505981516495556 41.520575751983756
0.02 0.0822270921381302 0.054603858723622535 3.5E+820 20 26.505981516495556 41.520575751983756
0.02 0.0822270921381302 0.054603858723622535 3.5E+815 15 26.505981516495556 41.520575751983756
0.02 0.0822270921381302 0.054603858723622535 3.5E+810 10 26.505981516495556 41.520575751983756
0.02 0.0822270921381302 0.054603858723622535 3.5E+89 9 26.505981516495556 41.520575751983756
0.02 0.0822270921381302 0.054603858723622535 3.5E+88 8 26.505981516495556 41.520575751983756
0.02 0.0822270921381302 0.054603858723622535 3.5E+87 7 26.505981516495556 41.520575751983756
0.02 0.0822270921381302 0.054603858723622535 3.5E+86 6 26.505981516495556 41.520575751983756
0.02 0.0822270921381302 0.054603858723622535 3.5E+85 5 26.505981516495556 41.520575751983756
0.02 0.0822270921381302 0.054603858723622535 3.5E+84 4 26.505981516495556 41.520575751983756
0.02 0.0822270921381302 0.054603858723622535 3.5E+83 3 26.505981516495556 41.520575751983756
0.02 0.0822270921381302 0.054603858723622535 3.5E+82 2 26.505981516495556 41.520575751983756
0.02 0.0822270921381302 0.054603858723622535 3.5E+81 1 26.505981516495556 41.520575751983756
0.03 0.07606990402294919 0.053720710396054104 3.5E+825 25 27.738738072342628 39.36835658982547
0.03 0.07606990402294919 0.053720710396054104 3.5E+820 20 27.738738072342628 39.36835658982547
0.03 0.07606990402294919 0.053720710396054104 3.5E+815 15 27.738738072342628 39.36835658982547
0.03 0.07606990402294919 0.053720710396054104 3.5E+810 10 27.738738072342628 39.36835658982547
0.03 0.07606990402294919 0.053720710396054104 3.5E+89 9 27.738738072342628 39.36835658982547
0.03 0.07606990402294919 0.053720710396054104 3.5E+88 8 27.738738072342628 39.36835658982547
0.03 0.07606990402294919 0.053720710396054104 3.5E+87 7 27.738738072342628 39.36835658982547
0.03 0.07606990402294919 0.053720710396054104 3.5E+86 6 27.738738072342628 39.36835658982547
0.03 0.07606990402294919 0.053720710396054104 3.5E+85 5 27.738738072342628 39.36835658982547
0.03 0.07606990402294919 0.053720710396054104 3.5E+84 4 27.738738072342628 39.36835658982547
0.03 0.07606990402294919 0.053720710396054104 3.5E+83 3 27.738738072342628 39.36835658982547
0.03 0.07606990402294919 0.053720710396054104 3.5E+82 2 27.738738072342628 39.36835658982547
0.03 0.07606990402294919 0.053720710396054104 3.5E+81 1 27.738738072342628 39.36835658982547
0.04 0.07138658864582516 0.052287386963059554 3.5E+825 25 28.96871378910776 37.21622627465575
0.04 0.07138658864582516 0.052287386963059554 3.5E+820 20 28.96871378910776 37.21622627465575
0.04 0.07138658864582516 0.052287386963059554 3.5E+815 15 28.96871378910776 37.21622627465575
0.04 0.07138658864582516 0.052287386963059554 3.5E+810 10 28.96871378910776 37.21622627465575
0.04 0.07138658864582516 0.052287386963059554 3.5E+89 9 28.96871378910776 37.21622627465575
0.04 0.07138658864582516 0.052287386963059554 3.5E+88 8 28.96871378910776 37.21622627465575
0.04 0.07138658864582516 0.052287386963059554 3.5E+87 7 28.96871378910776 37.21622627465575
0.04 0.07138658864582516 0.052287386963059554 3.5E+86 6 28.96871378910776 37.21622627465575
0.04 0.07138658864582516 0.052287386963059554 3.5E+85 5 28.96871378910776 37.21622627465575
0.04 0.07138658864582516 0.052287386963059554 3.5E+84 4 28.96871378910776 37.21622627465575
0.04 0.07138658864582516 0.052287386963059554 3.5E+83 3 28.96871378910776 37.21622627465575
0.04 0.07138658864582516 0.052287386963059554 3.5E+82 2 28.96871378910776 37.21622627465575
0.04 0.07138658864582516 0.052287386963059554 3.5E+81 1 28.96871378910776 37.21622627465575
0.05 0.06736426667526493 0.05114030729851611 3.5E+825 25 29.956862118549285 35.35373374710296
0.05 0.06736426667526493 0.05114030729851611 3.5E+820 20 29.956862118549285 35.35373374710296
0.05 0.06736426667526493 0.05114030729851611 3.5E+815 15 29.956862118549285 35.35373374710296
0.05 0.06736426667526493 0.05114030729851611 3.5E+810 10 29.956862118549285 35.35373374710296
0.05 0.06736426667526493 0.05114030729851611 3.5E+89 9 29.956862118549285 35.35373374710296
0.05 0.06736426667526493 0.05114030729851611 3.5E+88 8 29.956862118549285 35.35373374710296
0.05 0.06736426667526493 0.05114030729851611 3.5E+87 7 29.956862118549285 35.35373374710296
0.05 0.06736426667526493 0.05114030729851611 3.5E+86 6 29.956862118549285 35.35373374710296
0.05 0.06736426667526493 0.05114030729851611 3.5E+85 5 29.956862118549285 35.35373374710296
0.05 0.06736426667526493 0.05114030729851611 3.5E+84 4 29.956862118549285 35.35373374710296
0.05 0.06736426667526493 0.05114030729851611 3.5E+83 3 29.956862118549285 35.35373374710296
0.05 0.06736426667526493 0.05114030729851611 3.5E+82 2 29.956862118549285 35.35373374710296
0.05 0.06736426667526493 0.05114030729851611 3.5E+81 1 29.956862118549285 35.35373374710296
0.06 0.06338226742893092 0.04865123145070672 3.5E+830 30 31.11129547434355 33.35239184295788
0.06 0.06338226742893092 0.04865123145070672 3.5E+825 25 31.11129547434355 33.35239184295788
0.06 0.06338226742893092 0.04865123145070672 3.5E+820 20 31.11129547434355 33.35239184295788
0.06 0.06338226742893092 0.04865123145070672 3.5E+815 15 31.11129547434355 33.35239184295788
0.06 0.06338226742893092 0.04865123145070672 3.5E+810 10 31.11129547434355 33.35239184295788
0.06 0.06338226742893092 0.04865123145070672 3.5E+89 9 31.11129547434355 33.35239184295788
0.06 0.06338226742893092 0.04865123145070672 3.5E+88 8 31.11129547434355 33.35239184295788
0.06 0.06338226742893092 0.04865123145070672 3.5E+87 7 31.11129547434355 33.35239184295788
0.06 0.06338226742893092 0.04865123145070672 3.5E+86 6 31.11129547434355 33.35239184295788
0.06 0.06338226742893092 0.04865123145070672 3.5E+85 5 31.11129547434355 33.35239184295788
0.06 0.06338226742893092 0.04865123145070672 3.5E+84 4 31.11129547434355 33.35239184295788
0.06 0.06338226742893092 0.04865123145070672 3.5E+83 3 31.11129547434355 33.35239184295788
0.06 0.06338226742893092 0.04865123145070672 3.5E+82 2 31.11129547434355 33.35239184295788
0.06 0.06338226742893092 0.04865123145070672 3.5E+81 1 31.11129547434355 33.35239184295788
0.07 0.06069323728954323 0.045837272959505425 3.5E+830 30 32.289312237649334 30.154217282674246
0.07 0.06069323728954323 0.045837272959505425 3.5E+825 25 32.289312237649334 30.154217282674246
0.07 0.06069323728954323 0.045837272959505425 3.5E+820 20 32.289312237649334 30.154217282674246
0.07 0.06069323728954323 0.045837272959505425 3.5E+815 15 32.289312237649334 30.154217282674246
0.07 0.06069323728954323 0.045837272959505425 3.5E+810 10 32.289312237649334 30.154217282674246
0.07 0.06069323728954323 0.045837272959505425 3.5E+89 9 32.289312237649334 30.154217282674246
0.07 0.06069323728954323 0.045837272959505425 3.5E+88 8 32.289312237649334 30.154217282674246
0.07 0.06069323728954323 0.045837272959505425 3.5E+87 7 32.289312237649334 30.154217282674246
0.07 0.06069323728954323 0.045837272959505425 3.5E+86 6 32.289312237649334 30.154217282674246
0.07 0.06069323728954323 0.045837272959505425 3.5E+85 5 32.289312237649334 30.154217282674246
0.07 0.06069323728954323 0.045837272959505425 3.5E+84 4 32.289312237649334 30.154217282674246
0.07 0.06069323728954323 0.045837272959505425 3.5E+83 3 32.289312237649334 30.154217282674246
0.07 0.06069323728954323 0.045837272959505425 3.5E+82 2 32.289312237649334 30.154217282674246
0.07 0.06069323728954323 0.045837272959505425 3.5E+81 1 32.289312237649334 30.154217282674246
0.08 0.05676601590477593 0.044881986871454636 3.5E+825 25 33.06951211446461 27.539538909434256
0.08 0.05676601590477593 0.044881986871454636 3.5E+820 20 33.06951211446461 27.539538909434256
0.08 0.05676601590477593 0.044881986871454636 3.5E+815 15 33.06951211446461 27.539538909434256
0.08 0.05676601590477593 0.044881986871454636 3.5E+810 10 33.06951211446461 27.539538909434256
0.08 0.05676601590477593 0.044881986871454636 3.5E+89 9 33.06951211446461 27.539538909434256
0.08 0.05676601590477593 0.044881986871454636 3.5E+88 8 33.06951211446461 27.539538909434256
0.08 0.05676601590477593 0.044881986871454636 3.5E+87 7 33.06951211446461 27.539538909434256
0.08 0.05676601590477593 0.044881986871454636 3.5E+86 6 33.06951211446461 27.539538909434256
0.08 0.05676601590477593 0.044881986871454636 3.5E+85 5 33.06951211446461 27.539538909434256
0.08 0.05676601590477593 0.044881986871454636 3.5E+84 4 33.06951211446461 27.539538909434256
0.08 0.05676601590477593 0.044881986871454636 3.5E+83 3 33.06951211446461 27.539538909434256
0.08 0.05676601590477593 0.044881986871454636 3.5E+82 2 33.06951211446461 27.539538909434256
0.08 0.05676601590477593 0.044881986871454636 3.5E+81 1 33.06951211446461 27.539538909434256
0.09 0.054453010175143826 0.042166636869390574 3.5E+825 25 30.79901443153819 25.23977788995457
0.09 0.054453010175143826 0.042166636869390574 3.5E+820 20 30.79901443153819 25.23977788995457
0.09 0.054453010175143826 0.042166636869390574 3.5E+815 15 30.79901443153819 25.23977788995457
0.09 0.054453010175143826 0.042166636869390574 3.5E+810 10 30.79901443153819 25.23977788995457
0.09 0.054453010175143826 0.042166636869390574 3.5E+89 9 30.79901443153819 25.23977788995457
0.09 0.054453010175143826 0.042166636869390574 3.5E+88 8 30.79901443153819 25.23977788995457
0.09 0.054453010175143826 0.042166636869390574 3.5E+87 7 30.79901443153819 25.23977788995457
0.09 0.054453010175143826 0.042166636869390574 3.5E+86 6 30.79901443153819 25.23977788995457
0.09 0.054453010175143826 0.042166636869390574 3.5E+85 5 30.79901443153819 25.23977788995457
0.09 0.054453010175143826 0.042166636869390574 3.5E+84 4 30.79901443153819 25.23977788995457
0.09 0.054453010175143826 0.042166636869390574 3.5E+83 3 30.79901443153819 25.23977788995457
0.09 0.054453010175143826 0.042166636869390574 3.5E+82 2 30.79901443153819 25.23977788995457
0.09 0.054453010175143826 0.042166636869390574 3.5E+81 1 30.79901443153819 25.23977788995457
0.1 0.05258964345993875 0.03948049032114809 3.5E+820 20 28.576094056172433 23.386342376052387
0.1 0.05258964345993875 0.03948049032114809 3.5E+815 15 28.576094056172433 23.386342376052387
0.1 0.05258964345993875 0.03948049032114809 3.5E+810 10 28.576094056172433 23.386342376052387
0.1 0.05258964345993875 0.03948049032114809 3.5E+89 9 28.576094056172433 23.386342376052387
0.1 0.05258964345993875 0.03948049032114809 3.5E+88 8 28.576094056172433 23.386342376052387
0.1 0.05258964345993875 0.03948049032114809 3.5E+87 7 28.576094056172433 23.386342376052387
0.1 0.05258964345993875 0.03948049032114809 3.5E+86 6 28.576094056172433 23.386342376052387
0.1 0.05258964345993875 0.03948049032114809 3.5E+85 5 28.576094056172433 23.386342376052387
0.1 0.05258964345993875 0.03948049032114809 3.5E+84 4 28.576094056172433 23.386342376052387
0.1 0.05258964345993875 0.03948049032114809 3.5E+83 3 28.576094056172433 23.386342376052387
0.1 0.05258964345993875 0.03948049032114809 3.5E+82 2 28.576094056172433 23.386342376052387
0.1 0.05258964345993875 0.03948049032114809 3.5E+81 1 28.576094056172433 23.386342376052387
0.01 0.10831203017500701 0.07523570182016408 4.0E+820 20 22.659979454951962 40.166019547462845
0.01 0.10831203017500701 0.07523570182016408 4.0E+815 15 22.659979454951962 40.166019547462845
0.01 0.10831203017500701 0.07523570182016408 4.0E+810 10 22.659979454951962 40.166019547462845
0.01 0.10831203017500701 0.07523570182016408 4.0E+89 9 22.659979454951962 40.166019547462845
0.01 0.10831203017500701 0.07523570182016408 4.0E+88 8 22.659979454951962 40.166019547462845
0.01 0.10831203017500701 0.07523570182016408 4.0E+87 7 22.659979454951962 40.166019547462845
0.01 0.10831203017500701 0.07523570182016408 4.0E+86 6 22.659979454951962 40.166019547462845
0.01 0.10831203017500701 0.07523570182016408 4.0E+85 5 22.659979454951962 40.166019547462845
0.01 0.10831203017500701 0.07523570182016408 4.0E+84 4 22.659979454951962 40.166019547462845
0.01 0.10831203017500701 0.07523570182016408 4.0E+83 3 22.659979454951962 40.166019547462845
0.01 0.10831203017500701 0.07523570182016408 4.0E+82 2 22.659979454951962 40.166019547462845
0.01 0.10831203017500701 0.07523570182016408 4.0E+81 1 22.659979454951962 40.166019547462845
0.02 0.10163804272243376 0.07502096209310963 4.0E+820 20 23.65557483046838 38.098463361977736
0.02 0.10163804272243376 0.07502096209310963 4.0E+815 15 23.65557483046838 38.098463361977736
0.02 0.10163804272243376 0.07502096209310963 4.0E+810 10 23.65557483046838 38.098463361977736
0.02 0.10163804272243376 0.07502096209310963 4.0E+89 9 23.65557483046838 38.098463361977736
0.02 0.10163804272243376 0.07502096209310963 4.0E+88 8 23.65557483046838 38.098463361977736
0.02 0.10163804272243376 0.07502096209310963 4.0E+87 7 23.65557483046838 38.098463361977736
0.02 0.10163804272243376 0.07502096209310963 4.0E+86 6 23.65557483046838 38.098463361977736
0.02 0.10163804272243376 0.07502096209310963 4.0E+85 5 23.65557483046838 38.098463361977736
0.02 0.10163804272243376 0.07502096209310963 4.0E+84 4 23.65557483046838 38.098463361977736
0.02 0.10163804272243376 0.07502096209310963 4.0E+83 3 23.65557483046838 38.098463361977736
0.02 0.10163804272243376 0.07502096209310963 4.0E+82 2 23.65557483046838 38.098463361977736
0.02 0.10163804272243376 0.07502096209310963 4.0E+81 1 23.65557483046838 38.098463361977736
0.03 0.09604466508008687 0.07365960748088131 4.0E+820 20 24.642681123706257 36.16491199871414
0.03 0.09604466508008687 0.07365960748088131 4.0E+815 15 24.642681123706257 36.16491199871414
0.03 0.09604466508008687 0.07365960748088131 4.0E+810 10 24.642681123706257 36.16491199871414
0.03 0.09604466508008687 0.07365960748088131 4.0E+89 9 24.642681123706257 36.16491199871414
0.03 0.09604466508008687 0.07365960748088131 4.0E+88 8 24.642681123706257 36.16491199871414
0.03 0.09604466508008687 0.07365960748088131 4.0E+87 7 24.642681123706257 36.16491199871414
0.03 0.09604466508008687 0.07365960748088131 4.0E+86 6 24.642681123706257 36.16491199871414
0.03 0.09604466508008687 0.07365960748088131 4.0E+85 5 24.642681123706257 36.16491199871414
0.03 0.09604466508008687 0.07365960748088131 4.0E+84 4 24.642681123706257 36.16491199871414
0.03 0.09604466508008687 0.07365960748088131 4.0E+83 3 24.642681123706257 36.16491199871414
0.03 0.09604466508008687 0.07365960748088131 4.0E+82 2 24.642681123706257 36.16491199871414
0.03 0.09604466508008687 0.07365960748088131 4.0E+81 1 24.642681123706257 36.16491199871414
0.04 0.0914464114221751 0.07202476099475183 4.0E+825 25 25.62569402921329 34.31970713849909
0.04 0.0914464114221751 0.07202476099475183 4.0E+820 20 25.62569402921329 34.31970713849909
0.04 0.0914464114221751 0.07202476099475183 4.0E+815 15 25.62569402921329 34.31970713849909
0.04 0.0914464114221751 0.07202476099475183 4.0E+810 10 25.62569402921329 34.31970713849909
0.04 0.0914464114221751 0.07202476099475183 4.0E+89 9 25.62569402921329 34.31970713849909
0.04 0.0914464114221751 0.07202476099475183 4.0E+88 8 25.62569402921329 34.31970713849909
0.04 0.0914464114221751 0.07202476099475183 4.0E+87 7 25.62569402921329 34.31970713849909
0.04 0.0914464114221751 0.07202476099475183 4.0E+86 6 25.62569402921329 34.31970713849909
0.04 0.0914464114221751 0.07202476099475183 4.0E+85 5 25.62569402921329 34.31970713849909
0.04 0.0914464114221751 0.07202476099475183 4.0E+84 4 25.62569402921329 34.31970713849909
0.04 0.0914464114221751 0.07202476099475183 4.0E+83 3 25.62569402921329 34.31970713849909
0.04 0.0914464114221751 0.07202476099475183 4.0E+82 2 25.62569402921329 34.31970713849909
0.04 0.0914464114221751 0.07202476099475183 4.0E+81 1 25.62569402921329 34.31970713849909
0.05 0.08572920769208511 0.0708203992183754 4.0E+825 25 26.54303510758777 32.9441048354625
0.05 0.08572920769208511 0.0708203992183754 4.0E+820 20 26.54303510758777 32.9441048354625
0.05 0.08572920769208511 0.0708203992183754 4.0E+815 15 26.54303510758777 32.9441048354625
0.05 0.08572920769208511 0.0708203992183754 4.0E+810 10 26.54303510758777 32.9441048354625
0.05 0.08572920769208511 0.0708203992183754 4.0E+89 9 26.54303510758777 32.9441048354625
0.05 0.08572920769208511 0.0708203992183754 4.0E+88 8 26.54303510758777 32.9441048354625
0.05 0.08572920769208511 0.0708203992183754 4.0E+87 7 26.54303510758777 32.9441048354625
0.05 0.08572920769208511 0.0708203992183754 4.0E+86 6 26.54303510758777 32.9441048354625
0.05 0.08572920769208511 0.0708203992183754 4.0E+85 5 26.54303510758777 32.9441048354625
0.05 0.08572920769208511 0.0708203992183754 4.0E+84 4 26.54303510758777 32.9441048354625
0.05 0.08572920769208511 0.0708203992183754 4.0E+83 3 26.54303510758777 32.9441048354625
0.05 0.08572920769208511 0.0708203992183754 4.0E+82 2 26.54303510758777 32.9441048354625
0.05 0.08572920769208511 0.0708203992183754 4.0E+81 1 26.54303510758777 32.9441048354625
0.06 0.08135447074303515 0.06924779858353641 4.0E+825 25 27.438355162069215 31.508192129953787
0.06 0.08135447074303515 0.06924779858353641 4.0E+820 20 27.438355162069215 31.508192129953787
0.06 0.08135447074303515 0.06924779858353641 4.0E+815 15 27.438355162069215 31.508192129953787
0.06 0.08135447074303515 0.06924779858353641 4.0E+810 10 27.438355162069215 31.508192129953787
0.06 0.08135447074303515 0.06924779858353641 4.0E+89 9 27.438355162069215 31.508192129953787
0.06 0.08135447074303515 0.06924779858353641 4.0E+88 8 27.438355162069215 31.508192129953787
0.06 0.08135447074303515 0.06924779858353641 4.0E+87 7 27.438355162069215 31.508192129953787
0.06 0.08135447074303515 0.06924779858353641 4.0E+86 6 27.438355162069215 31.508192129953787
0.06 0.08135447074303515 0.06924779858353641 4.0E+85 5 27.438355162069215 31.508192129953787
0.06 0.08135447074303515 0.06924779858353641 4.0E+84 4 27.438355162069215 31.508192129953787
0.06 0.08135447074303515 0.06924779858353641 4.0E+83 3 27.438355162069215 31.508192129953787
0.06 0.08135447074303515 0.06924779858353641 4.0E+82 2 27.438355162069215 31.508192129953787
0.06 0.08135447074303515 0.06924779858353641 4.0E+81 1 27.438355162069215 31.508192129953787
0.07 0.07713406931006533 0.06718658397752587 4.0E+825 25 28.40263576459895 30.18716039444556
0.07 0.07713406931006533 0.06718658397752587 4.0E+820 20 28.40263576459895 30.18716039444556
0.07 0.07713406931006533 0.06718658397752587 4.0E+815 15 28.40263576459895 30.18716039444556
0.07 0.07713406931006533 0.06718658397752587 4.0E+810 10 28.40263576459895 30.18716039444556
0.07 0.07713406931006533 0.06718658397752587 4.0E+89 9 28.40263576459895 30.18716039444556
0.07 0.07713406931006533 0.06718658397752587 4.0E+88 8 28.40263576459895 30.18716039444556
0.07 0.07713406931006533 0.06718658397752587 4.0E+87 7 28.40263576459895 30.18716039444556
0.07 0.07713406931006533 0.06718658397752587 4.0E+86 6 28.40263576459895 30.18716039444556
0.07 0.07713406931006533 0.06718658397752587 4.0E+85 5 28.40263576459895 30.18716039444556
0.07 0.07713406931006533 0.06718658397752587 4.0E+84 4 28.40263576459895 30.18716039444556
0.07 0.07713406931006533 0.06718658397752587 4.0E+83 3 28.40263576459895 30.18716039444556
0.07 0.07713406931006533 0.06718658397752587 4.0E+82 2 28.40263576459895 30.18716039444556
0.07 0.07713406931006533 0.06718658397752587 4.0E+81 1 28.40263576459895 30.18716039444556
0.08 0.0743198241132241 0.06506211425060965 4.0E+825 25 29.09796314258002 27.857370264247056
0.08 0.0743198241132241 0.06506211425060965 4.0E+820 20 29.09796314258002 27.857370264247056
0.08 0.0743198241132241 0.06506211425060965 4.0E+815 15 29.09796314258002 27.857370264247056
0.08 0.0743198241132241 0.06506211425060965 4.0E+810 10 29.09796314258002 27.857370264247056
0.08 0.0743198241132241 0.06506211425060965 4.0E+89 9 29.09796314258002 27.857370264247056
0.08 0.0743198241132241 0.06506211425060965 4.0E+88 8 29.09796314258002 27.857370264247056
0.08 0.0743198241132241 0.06506211425060965 4.0E+87 7 29.09796314258002 27.857370264247056
0.08 0.0743198241132241 0.06506211425060965 4.0E+86 6 29.09796314258002 27.857370264247056
0.08 0.0743198241132241 0.06506211425060965 4.0E+85 5 29.09796314258002 27.857370264247056
0.08 0.0743198241132241 0.06506211425060965 4.0E+84 4 29.09796314258002 27.857370264247056
0.08 0.0743198241132241 0.06506211425060965 4.0E+83 3 29.09796314258002 27.857370264247056
0.08 0.0743198241132241 0.06506211425060965 4.0E+82 2 29.09796314258002 27.857370264247056
0.08 0.0743198241132241 0.06506211425060965 4.0E+81 1 29.09796314258002 27.857370264247056
0.09 0.07055142433370237 0.06293154185529347 4.0E+825 25 29.937729522593003 25.53812477198103
0.09 0.07055142433370237 0.06293154185529347 4.0E+820 20 29.937729522593003 25.53812477198103
0.09 0.07055142433370237 0.06293154185529347 4.0E+815 15 29.937729522593003 25.53812477198103
0.09 0.07055142433370237 0.06293154185529347 4.0E+810 10 29.937729522593003 25.53812477198103
0.09 0.07055142433370237 0.06293154185529347 4.0E+89 9 29.937729522593003 25.53812477198103
0.09 0.07055142433370237 0.06293154185529347 4.0E+88 8 29.937729522593003 25.53812477198103
0.09 0.07055142433370237 0.06293154185529347 4.0E+87 7 29.937729522593003 25.53812477198103
0.09 0.07055142433370237 0.06293154185529347 4.0E+86 6 29.937729522593003 25.53812477198103
0.09 0.07055142433370237 0.06293154185529347 4.0E+85 5 29.937729522593003 25.53812477198103
0.09 0.07055142433370237 0.06293154185529347 4.0E+84 4 29.937729522593003 25.53812477198103
0.09 0.07055142433370237 0.06293154185529347 4.0E+83 3 29.937729522593003 25.53812477198103
0.09 0.07055142433370237 0.06293154185529347 4.0E+82 2 29.937729522593003 25.53812477198103
0.09 0.07055142433370237 0.06293154185529347 4.0E+81 1 29.937729522593003 25.53812477198103
0.1 0.06879879884809775 0.06032336063816141 4.0E+820 20 28.198517563648085 23.66463826910074
0.1 0.06879879884809775 0.06032336063816141 4.0E+815 15 28.198517563648085 23.66463826910074
0.1 0.06879879884809775 0.06032336063816141 4.0E+810 10 28.198517563648085 23.66463826910074
0.1 0.06879879884809775 0.06032336063816141 4.0E+89 9 28.198517563648085 23.66463826910074
0.1 0.06879879884809775 0.06032336063816141 4.0E+88 8 28.198517563648085 23.66463826910074
0.1 0.06879879884809775 0.06032336063816141 4.0E+87 7 28.198517563648085 23.66463826910074
0.1 0.06879879884809775 0.06032336063816141 4.0E+86 6 28.198517563648085 23.66463826910074
0.1 0.06879879884809775 0.06032336063816141 4.0E+85 5 28.198517563648085 23.66463826910074
0.1 0.06879879884809775 0.06032336063816141 4.0E+84 4 28.198517563648085 23.66463826910074
0.1 0.06879879884809775 0.06032336063816141 4.0E+83 3 28.198517563648085 23.66463826910074
0.1 0.06879879884809775 0.06032336063816141 4.0E+82 2 28.198517563648085 23.66463826910074
0.1 0.06879879884809775 0.06032336063816141 4.0E+81 1 28.198517563648085 23.66463826910074
0.01 0.12844080283475295 0.09622235823520177 4.5E+820 20 20.48200996791152 36.856546132110246
0.01 0.12844080283475295 0.09622235823520177 4.5E+815 15 20.48200996791152 36.856546132110246
0.01 0.12844080283475295 0.09622235823520177 4.5E+810 10 20.48200996791152 36.856546132110246
0.01 0.12844080283475295 0.09622235823520177 4.5E+89 9 20.48200996791152 36.856546132110246
0.01 0.12844080283475295 0.09622235823520177 4.5E+88 8 20.48200996791152 36.856546132110246
0.01 0.12844080283475295 0.09622235823520177 4.5E+87 7 20.48200996791152 36.856546132110246
0.01 0.12844080283475295 0.09622235823520177 4.5E+86 6 20.48200996791152 36.856546132110246
0.01 0.12844080283475295 0.09622235823520177 4.5E+85 5 20.48200996791152 36.856546132110246
0.01 0.12844080283475295 0.09622235823520177 4.5E+84 4 20.48200996791152 36.856546132110246
0.01 0.12844080283475295 0.09622235823520177 4.5E+83 3 20.48200996791152 36.856546132110246
0.01 0.12844080283475295 0.09622235823520177 4.5E+82 2 20.48200996791152 36.856546132110246
0.01 0.12844080283475295 0.09622235823520177 4.5E+81 1 20.48200996791152 36.856546132110246
0.02 0.12448514269991266 0.09388345533349177 4.5E+820 20 21.258202122985786 34.73428273706148
0.02 0.12448514269991266 0.09388345533349177 4.5E+815 15 21.258202122985786 34.73428273706148
0.02 0.12448514269991266 0.09388345533349177 4.5E+810 10 21.258202122985786 34.73428273706148
0.02 0.12448514269991266 0.09388345533349177 4.5E+89 9 21.258202122985786 34.73428273706148
0.02 0.12448514269991266 0.09388345533349177 4.5E+88 8 21.258202122985786 34.73428273706148
0.02 0.12448514269991266 0.09388345533349177 4.5E+87 7 21.258202122985786 34.73428273706148
0.02 0.12448514269991266 0.09388345533349177 4.5E+86 6 21.258202122985786 34.73428273706148
0.02 0.12448514269991266 0.09388345533349177 4.5E+85 5 21.258202122985786 34.73428273706148
0.02 0.12448514269991266 0.09388345533349177 4.5E+84 4 21.258202122985786 34.73428273706148
0.02 0.12448514269991266 0.09388345533349177 4.5E+83 3 21.258202122985786 34.73428273706148
0.02 0.12448514269991266 0.09388345533349177 4.5E+82 2 21.258202122985786 34.73428273706148
0.02 0.12448514269991266 0.09388345533349177 4.5E+81 1 21.258202122985786 34.73428273706148
0.03 0.11552895121987876 0.09413812054208885 4.5E+820 20 22.173932325158543 33.517056457619546
0.03 0.11552895121987876 0.09413812054208885 4.5E+815 15 22.173932325158543 33.517056457619546
0.03 0.11552895121987876 0.09413812054208885 4.5E+810 10 22.173932325158543 33.517056457619546
0.03 0.11552895121987876 0.09413812054208885 4.5E+89 9 22.173932325158543 33.517056457619546
0.03 0.11552895121987876 0.09413812054208885 4.5E+88 8 22.173932325158543 33.517056457619546
0.03 0.11552895121987876 0.09413812054208885 4.5E+87 7 22.173932325158543 33.517056457619546
0.03 0.11552895121987876 0.09413812054208885 4.5E+86 6 22.173932325158543 33.517056457619546
0.03 0.11552895121987876 0.09413812054208885 4.5E+85 5 22.173932325158543 33.517056457619546
0.03 0.11552895121987876 0.09413812054208885 4.5E+84 4 22.173932325158543 33.517056457619546
0.03 0.11552895121987876 0.09413812054208885 4.5E+83 3 22.173932325158543 33.517056457619546
0.03 0.11552895121987876 0.09413812054208885 4.5E+82 2 22.173932325158543 33.517056457619546
0.03 0.11552895121987876 0.09413812054208885 4.5E+81 1 22.173932325158543 33.517056457619546
0.04 0.11017360950622461 0.09274198253284678 4.5E+820 20 22.999080036798528 32.01024327784891
0.04 0.11017360950622461 0.09274198253284678 4.5E+815 15 22.999080036798528 32.01024327784891
0.04 0.11017360950622461 0.09274198253284678 4.5E+810 10 22.999080036798528 32.01024327784891
0.04 0.11017360950622461 0.09274198253284678 4.5E+89 9 22.999080036798528 32.01024327784891
0.04 0.11017360950622461 0.09274198253284678 4.5E+88 8 22.999080036798528 32.01024327784891
0.04 0.11017360950622461 0.09274198253284678 4.5E+87 7 22.999080036798528 32.01024327784891
0.04 0.11017360950622461 0.09274198253284678 4.5E+86 6 22.999080036798528 32.01024327784891
0.04 0.11017360950622461 0.09274198253284678 4.5E+85 5 22.999080036798528 32.01024327784891
0.04 0.11017360950622461 0.09274198253284678 4.5E+84 4 22.999080036798528 32.01024327784891
0.04 0.11017360950622461 0.09274198253284678 4.5E+83 3 22.999080036798528 32.01024327784891
0.04 0.11017360950622461 0.09274198253284678 4.5E+82 2 22.999080036798528 32.01024327784891
0.04 0.11017360950622461 0.09274198253284678 4.5E+81 1 22.999080036798528 32.01024327784891
0.05 0.10428731611328107 0.09128956096716909 4.5E+820 20 23.76915397657946 30.807147258163894
0.05 0.10428731611328107 0.09128956096716909 4.5E+815 15 23.76915397657946 30.807147258163894
0.05 0.10428731611328107 0.09128956096716909 4.5E+810 10 23.76915397657946 30.807147258163894
0.05 0.10428731611328107 0.09128956096716909 4.5E+89 9 23.76915397657946 30.807147258163894
0.05 0.10428731611328107 0.09128956096716909 4.5E+88 8 23.76915397657946 30.807147258163894
0.05 0.10428731611328107 0.09128956096716909 4.5E+87 7 23.76915397657946 30.807147258163894
0.05 0.10428731611328107 0.09128956096716909 4.5E+86 6 23.76915397657946 30.807147258163894
0.05 0.10428731611328107 0.09128956096716909 4.5E+85 5 23.76915397657946 30.807147258163894
0.05 0.10428731611328107 0.09128956096716909 4.5E+84 4 23.76915397657946 30.807147258163894
0.05 0.10428731611328107 0.09128956096716909 4.5E+83 3 23.76915397657946 30.807147258163894
0.05 0.10428731611328107 0.09128956096716909 4.5E+82 2 23.76915397657946 30.807147258163894
0.05 0.10428731611328107 0.09128956096716909 4.5E+81 1 23.76915397657946 30.807147258163894
0.06 0.10014030964316069 0.08970852809187319 4.5E+820 20 24.470618943521814 29.520779348574806
0.06 0.10014030964316069 0.08970852809187319 4.5E+815 15 24.470618943521814 29.520779348574806
0.06 0.10014030964316069 0.08970852809187319 4.5E+810 10 24.470618943521814 29.520779348574806
0.06 0.10014030964316069 0.08970852809187319 4.5E+89 9 24.470618943521814 29.520779348574806
0.06 0.10014030964316069 0.08970852809187319 4.5E+88 8 24.470618943521814 29.520779348574806
0.06 0.10014030964316069 0.08970852809187319 4.5E+87 7 24.470618943521814 29.520779348574806
0.06 0.10014030964316069 0.08970852809187319 4.5E+86 6 24.470618943521814 29.520779348574806
0.06 0.10014030964316069 0.08970852809187319 4.5E+85 5 24.470618943521814 29.520779348574806
0.06 0.10014030964316069 0.08970852809187319 4.5E+84 4 24.470618943521814 29.520779348574806
0.06 0.10014030964316069 0.08970852809187319 4.5E+83 3 24.470618943521814 29.520779348574806
0.06 0.10014030964316069 0.08970852809187319 4.5E+82 2 24.470618943521814 29.520779348574806
0.06 0.10014030964316069 0.08970852809187319 4.5E+81 1 24.470618943521814 29.520779348574806
0.07 0.09581387299784344 0.08791508380596022 4.5E+825 25 25.286154987272635 28.340208457977766
0.07 0.09581387299784344 0.08791508380596022 4.5E+820 20 25.286154987272635 28.340208457977766
0.07 0.09581387299784344 0.08791508380596022 4.5E+815 15 25.286154987272635 28.340208457977766
0.07 0.09581387299784344 0.08791508380596022 4.5E+810 10 25.286154987272635 28.340208457977766
0.07 0.09581387299784344 0.08791508380596022 4.5E+89 9 25.286154987272635 28.340208457977766
0.07 0.09581387299784344 0.08791508380596022 4.5E+88 8 25.286154987272635 28.340208457977766
0.07 0.09581387299784344 0.08791508380596022 4.5E+87 7 25.286154987272635 28.340208457977766
0.07 0.09581387299784344 0.08791508380596022 4.5E+86 6 25.286154987272635 28.340208457977766
0.07 0.09581387299784344 0.08791508380596022 4.5E+85 5 25.286154987272635 28.340208457977766
0.07 0.09581387299784344 0.08791508380596022 4.5E+84 4 25.286154987272635 28.340208457977766
0.07 0.09581387299784344 0.08791508380596022 4.5E+83 3 25.286154987272635 28.340208457977766
0.07 0.09581387299784344 0.08791508380596022 4.5E+82 2 25.286154987272635 28.340208457977766
0.07 0.09581387299784344 0.08791508380596022 4.5E+81 1 25.286154987272635 28.340208457977766
0.08 0.09092686434134674 0.08673076619129774 4.5E+825 25 25.89019106961009 27.419797093501508
0.08 0.09092686434134674 0.08673076619129774 4.5E+820 20 25.89019106961009 27.419797093501508
0.08 0.09092686434134674 0.08673076619129774 4.5E+815 15 25.89019106961009 27.419797093501508
0.08 0.09092686434134674 0.08673076619129774 4.5E+810 10 25.89019106961009 27.419797093501508
0.08 0.09092686434134674 0.08673076619129774 4.5E+89 9 25.89019106961009 27.419797093501508
0.08 0.09092686434134674 0.08673076619129774 4.5E+88 8 25.89019106961009 27.419797093501508
0.08 0.09092686434134674 0.08673076619129774 4.5E+87 7 25.89019106961009 27.419797093501508
0.08 0.09092686434134674 0.08673076619129774 4.5E+86 6 25.89019106961009 27.419797093501508
0.08 0.09092686434134674 0.08673076619129774 4.5E+85 5 25.89019106961009 27.419797093501508
0.08 0.09092686434134674 0.08673076619129774 4.5E+84 4 25.89019106961009 27.419797093501508
0.08 0.09092686434134674 0.08673076619129774 4.5E+83 3 25.89019106961009 27.419797093501508
0.08 0.09092686434134674 0.08673076619129774 4.5E+82 2 25.89019106961009 27.419797093501508
0.08 0.09092686434134674 0.08673076619129774 4.5E+81 1 25.89019106961009 27.419797093501508
0.09 0.08863465989364497 0.08332994268461744 4.5E+825 25 26.59904598088415 25.775093894984906
0.09 0.08863465989364497 0.08332994268461744 4.5E+820 20 26.59904598088415 25.775093894984906
0.09 0.08863465989364497 0.08332994268461744 4.5E+815 15 26.59904598088415 25.775093894984906
0.09 0.08863465989364497 0.08332994268461744 4.5E+810 10 26.59904598088415 25.775093894984906
0.09 0.08863465989364497 0.08332994268461744 4.5E+89 9 26.59904598088415 25.775093894984906
0.09 0.08863465989364497 0.08332994268461744 4.5E+88 8 26.59904598088415 25.775093894984906
0.09 0.08863465989364497 0.08332994268461744 4.5E+87 7 26.59904598088415 25.775093894984906
0.09 0.08863465989364497 0.08332994268461744 4.5E+86 6 26.59904598088415 25.775093894984906
0.09 0.08863465989364497 0.08332994268461744 4.5E+85 5 26.59904598088415 25.775093894984906
0.09 0.08863465989364497 0.08332994268461744 4.5E+84 4 26.59904598088415 25.775093894984906
0.09 0.08863465989364497 0.08332994268461744 4.5E+83 3 26.59904598088415 25.775093894984906
0.09 0.08863465989364497 0.08332994268461744 4.5E+82 2 26.59904598088415 25.775093894984906
0.09 0.08863465989364497 0.08332994268461744 4.5E+81 1 26.59904598088415 25.775093894984906
0.1 0.08518512631793725 0.08148637350455555 4.5E+820 20 27.23311546840959 23.88426368227105
0.1 0.08518512631793725 0.08148637350455555 4.5E+815 15 27.23311546840959 23.88426368227105
0.1 0.08518512631793725 0.08148637350455555 4.5E+810 10 27.23311546840959 23.88426368227105
0.1 0.08518512631793725 0.08148637350455555 4.5E+89 9 27.23311546840959 23.88426368227105
0.1 0.08518512631793725 0.08148637350455555 4.5E+88 8 27.23311546840959 23.88426368227105
0.1 0.08518512631793725 0.08148637350455555 4.5E+87 7 27.23311546840959 23.88426368227105
0.1 0.08518512631793725 0.08148637350455555 4.5E+86 6 27.23311546840959 23.88426368227105
0.1 0.08518512631793725 0.08148637350455555 4.5E+85 5 27.23311546840959 23.88426368227105
0.1 0.08518512631793725 0.08148637350455555 4.5E+84 4 27.23311546840959 23.88426368227105
0.1 0.08518512631793725 0.08148637350455555 4.5E+83 3 27.23311546840959 23.88426368227105
0.1 0.08518512631793725 0.08148637350455555 4.5E+82 2 27.23311546840959 23.88426368227105
0.1 0.08518512631793725 0.08148637350455555 4.5E+81 1 27.23311546840959 23.88426368227105
0.01 0.14938192452607071 0.11600279660453079 5.0E+815 15 18.708140535551703 33.94177100618494
0.01 0.14938192452607071 0.11600279660453079 5.0E+810 10 18.708140535551703 33.94177100618494
0.01 0.14938192452607071 0.11600279660453079 5.0E+89 9 18.708140535551703 33.94177100618494
0.01 0.14938192452607071 0.11600279660453079 5.0E+88 8 18.708140535551703 33.94177100618494
0.01 0.14938192452607071 0.11600279660453079 5.0E+87 7 18.708140535551703 33.94177100618494
0.01 0.14938192452607071 0.11600279660453079 5.0E+86 6 18.708140535551703 33.94177100618494
0.01 0.14938192452607071 0.11600279660453079 5.0E+85 5 18.708140535551703 33.94177100618494
0.01 0.14938192452607071 0.11600279660453079 5.0E+84 4 18.708140535551703 33.94177100618494
0.01 0.14938192452607071 0.11600279660453079 5.0E+83 3 18.708140535551703 33.94177100618494
0.01 0.14938192452607071 0.11600279660453079 5.0E+82 2 18.708140535551703 33.94177100618494
0.01 0.14938192452607071 0.11600279660453079 5.0E+81 1 18.708140535551703 33.94177100618494
0.02 0.14212629881644262 0.11520262385685721 5.0E+815 15 19.44037636568644 32.507404464350216
0.02 0.14212629881644262 0.11520262385685721 5.0E+810 10 19.44037636568644 32.507404464350216
0.02 0.14212629881644262 0.11520262385685721 5.0E+89 9 19.44037636568644 32.507404464350216
0.02 0.14212629881644262 0.11520262385685721 5.0E+88 8 19.44037636568644 32.507404464350216
0.02 0.14212629881644262 0.11520262385685721 5.0E+87 7 19.44037636568644 32.507404464350216
0.02 0.14212629881644262 0.11520262385685721 5.0E+86 6 19.44037636568644 32.507404464350216
0.02 0.14212629881644262 0.11520262385685721 5.0E+85 5 19.44037636568644 32.507404464350216
0.02 0.14212629881644262 0.11520262385685721 5.0E+84 4 19.44037636568644 32.507404464350216
0.02 0.14212629881644262 0.11520262385685721 5.0E+83 3 19.44037636568644 32.507404464350216
0.02 0.14212629881644262 0.11520262385685721 5.0E+82 2 19.44037636568644 32.507404464350216
0.02 0.14212629881644262 0.11520262385685721 5.0E+81 1 19.44037636568644 32.507404464350216
0.03 0.13548782673558554 0.11449516978547704 5.0E+820 20 20.135579569098596 31.187192459629912
0.03 0.13548782673558554 0.11449516978547704 5.0E+815 15 20.135579569098596 31.187192459629912
0.03 0.13548782673558554 0.11449516978547704 5.0E+810 10 20.135579569098596 31.187192459629912
0.03 0.13548782673558554 0.11449516978547704 5.0E+89 9 20.135579569098596 31.187192459629912
0.03 0.13548782673558554 0.11449516978547704 5.0E+88 8 20.135579569098596 31.187192459629912
0.03 0.13548782673558554 0.11449516978547704 5.0E+87 7 20.135579569098596 31.187192459629912
0.03 0.13548782673558554 0.11449516978547704 5.0E+86 6 20.135579569098596 31.187192459629912
0.03 0.13548782673558554 0.11449516978547704 5.0E+85 5 20.135579569098596 31.187192459629912
0.03 0.13548782673558554 0.11449516978547704 5.0E+84 4 20.135579569098596 31.187192459629912
0.03 0.13548782673558554 0.11449516978547704 5.0E+83 3 20.135579569098596 31.187192459629912
0.03 0.13548782673558554 0.11449516978547704 5.0E+82 2 20.135579569098596 31.187192459629912
0.03 0.13548782673558554 0.11449516978547704 5.0E+81 1 20.135579569098596 31.187192459629912
0.04 0.12999482416610755 0.11277109285205039 5.0E+820 20 20.842017507294706 29.876510423582523
0.04 0.12999482416610755 0.11277109285205039 5.0E+815 15 20.842017507294706 29.876510423582523
0.04 0.12999482416610755 0.11277109285205039 5.0E+810 10 20.842017507294706 29.876510423582523
0.04 0.12999482416610755 0.11277109285205039 5.0E+89 9 20.842017507294706 29.876510423582523
0.04 0.12999482416610755 0.11277109285205039 5.0E+88 8 20.842017507294706 29.876510423582523
0.04 0.12999482416610755 0.11277109285205039 5.0E+87 7 20.842017507294706 29.876510423582523
0.04 0.12999482416610755 0.11277109285205039 5.0E+86 6 20.842017507294706 29.876510423582523
0.04 0.12999482416610755 0.11277109285205039 5.0E+85 5 20.842017507294706 29.876510423582523
0.04 0.12999482416610755 0.11277109285205039 5.0E+84 4 20.842017507294706 29.876510423582523
0.04 0.12999482416610755 0.11277109285205039 5.0E+83 3 20.842017507294706 29.876510423582523
0.04 0.12999482416610755 0.11277109285205039 5.0E+82 2 20.842017507294706 29.876510423582523
0.04 0.12999482416610755 0.11277109285205039 5.0E+81 1 20.842017507294706 29.876510423582523
