0.09 0.24097779216860374 0.24965852772294073 8.5E+8
0.1 0.23443665344372686 0.2494875751407101 8.5E+8
0.01 0.29948415335654516 0.28887156403113695 9.0E+8
0.02 0.2991823391905869 0.2833847926438748 9.0E+8
0.03 0.2990683140036149 0.27871923824549066 9.0E+8
0.04 0.29248732439386654 0.27739785731612426 9.0E+8
0.05 0.2850320296100942 0.2766163514252905 9.0E+8
0.06 0.28328902239776976 0.27633195614707595 9.0E+8
0.07 0.2725303410811939 0.2739214072354559 9.0E+8
0.08 0.2725923577605476 0.2622884910346305 9.0E+8
0.09 0.2601679838463493 0.2703052274873099 9.0E+8
0.1 0.2539701823389465 0.2696433246714146 9.0E+8
0.01 0.2991969296600764 0.2998125084112098 9.5E+8
0.02 0.29814852573747486 0.2974078706316825 9.5E+8
0.03 0.29893874509600254 0.29914885596104296 9.5E+8
0.04 0.2985443737433237 0.29873192482030764 9.5E+8
