0.09 0.08863465989364497 0.08332994268461744 4.5E+8
0.1 0.08518512631793725 0.08148637350455555 4.5E+8
0.01 0.14938192452607071 0.11600279660453079 5.0E+8
0.02 0.14212629881644262 0.11520262385685721 5.0E+8
0.03 0.13548782673558554 0.11449516978547704 5.0E+8
0.04 0.12999482416610755 0.11277109285205039 5.0E+8
0.05 0.12307080331946334 0.11208022559110177 5.0E+8
0.06 0.11903304890914368 0.11019016616379626 5.0E+8
0.07 0.11458980338977841 0.10840894326229891 5.0E+8
0.08 0.11052411742949618 0.10653723579633062 5.0E+8
0.09 0.10786748838643168 0.10329695070932181 5.0E+8
0.1 0.10311124520299901 0.10215046796846411 5.0E+8
0.01 0.1697994114855117 0.13422928938991716 5.5E+8
0.02 0.16483231147348415 0.13625221532817733 5.5E+8
0.03 0.15572568490177316 0.13459403546242998 5.5E+8
0.04 0.14959357304180654 0.13165756696042133 5.5E+8
