  0.0000E+00  0.0000E+00 -7.9016E-10  1.0000E-03  9.9915E-01  1.1742E+00 -7.4820E-08
  4.4000E-03  1.4677E-02  4.6992E-07  4.5086E-03  9.9915E-01  1.1742E+00  9.7427E-01
  8.8000E-03  2.9354E-02  9.4063E-07  8.8492E-03  9.9915E-01  1.1742E+00  9.9275E-01
  1.3200E-02  4.4031E-02  1.4113E-06  1.3227E-02  9.9915E-01  1.1742E+00  9.9629E-01
  1.7600E-02  5.8707E-02  1.8821E-06  1.7613E-02  9.9915E-01  1.1742E+00  9.9754E-01
  2.2000E-02  7.3384E-02  2.3528E-06  2.2004E-02  9.9915E-01  1.1742E+00  9.9812E-01
  2.6400E-02  8.8061E-02  2.8235E-06  2.6397E-02  9.9915E-01  1.1742E+00  9.9844E-01
  3.0800E-02  1.0274E-01  3.2942E-06  3.0790E-02  9.9915E-01  1.1742E+00  9.9863E-01
  3.5200E-02  1.1741E-01  3.7649E-06  3.5184E-02  9.9915E-01  1.1742E+00  9.9875E-01
  3.9600E-02  1.3209E-01  4.2356E-06  3.9579E-02  9.9915E-01  1.1742E+00  9.9883E-01
  4.4000E-02  1.4677E-01  4.7063E-06  4.3974E-02  9.9915E-01  1.1742E+00  9.9889E-01
  4.8400E-02  1.6145E-01  5.1770E-06  4.8369E-02  9.9915E-01  1.1742E+00  9.9894E-01
  5.2800E-02  1.7612E-01  5.6477E-06  5.2765E-02  9.9915E-01  1.1742E+00  9.9897E-01
  5.7200E-02  1.9080E-01  6.1184E-06  5.7160E-02  9.9915E-01  1.1742E+00  9.9900E-01
  6.1600E-02  2.0548E-01  6.5892E-06  6.1556E-02  9.9915E-01  1.1742E+00  9.9902E-01
  6.6000E-02  2.2015E-01  7.0599E-06  6.5952E-02  9.9915E-01  1.1742E+00  9.9904E-01
  7.0400E-02  2.3483E-01  7.5306E-06  7.0347E-02  9.9915E-01  1.1742E+00  9.9905E-01
  7.4800E-02  2.4951E-01  8.0013E-06  7.4743E-02  9.9915E-01  1.1742E+00  9.9906E-01
  7.9200E-02  2.6418E-01  8.4720E-06  7.9139E-02  9.9915E-01  1.1742E+00  9.9907E-01
  8.3600E-02  2.7886E-01  8.9427E-06  8.3535E-02  9.9915E-01  1.1742E+00  9.9908E-01
  8.8000E-02  2.9354E-01  9.4134E-06  8.7931E-02  9.9915E-01  1.1742E+00  9.9909E-01
  9.2400E-02  3.0821E-01  9.8841E-06  9.2327E-02  9.9915E-01  1.1742E+00  9.9909E-01
  9.6800E-02  3.2289E-01  1.0355E-05  9.6723E-02  9.9915E-01  1.1742E+00  9.9910E-01
  1.0120E-01  3.3757E-01  1.0826E-05  1.0112E-01  9.9915E-01  1.1742E+00  9.9910E-01
  1.0560E-01  3.5224E-01  1.1296E-05  1.0552E-01  9.9915E-01  1.1742E+00  9.9911E-01
  1.1000E-01  3.6692E-01  1.1767E-05  1.0991E-01  9.9915E-01  1.1742E+00  9.9911E-01
  1.1440E-01  3.8160E-01  1.2238E-05  1.1431E-01  9.9915E-01  1.1742E+00  9.9911E-01
  1.1880E-01  3.9627E-01  1.2708E-05  1.1870E-01  9.9915E-01  1.1742E+00  9.9912E-01
  1.2320E-01  4.1095E-01  1.3179E-05  1.2310E-01  9.9915E-01  1.1742E+00  9.9912E-01
  1.2760E-01  4.2563E-01  1.3650E-05  1.2750E-01  9.9915E-01  1.1742E+00  9.9912E-01
  1.3200E-01  4.4031E-01  1.4121E-05  1.3189E-01  9.9915E-01  1.1742E+00  9.9912E-01
  1.3640E-01  4.5498E-01  1.4591E-05  1.3629E-01  9.9916E-01  1.1742E+00  9.9914E-01
  1.4080E-01  4.6966E-01  1.5062E-05  1.4068E-01  9.9929E-01  1.1742E+00  9.9927E-01
  1.4520E-01  4.8434E-01  1.5533E-05  1.4508E-01  1.0009E+00  1.1742E+00  1.0009E+00
  1.4960E-01  4.9901E-01  1.6007E-05  1.4951E-01  1.0159E+00  1.1742E+00  1.0159E+00
  1.5400E-01  5.1369E-01  1.6497E-05  1.5408E-01  1.0689E+00  1.1742E+00  1.0689E+00
  1.5840E-01  5.2837E-01  1.7017E-05  1.5895E-01  1.1425E+00  1.1742E+00  1.1425E+00
  1.6280E-01  5.4304E-01  1.7574E-05  1.6414E-01  1.2210E+00  1.1742E+00  1.2210E+00
  1.6720E-01  5.5772E-01  1.8169E-05  1.6969E-01  1.3024E+00  1.1742E+00  1.3024E+00
  1.7160E-01  5.7240E-01  1.8802E-05  1.7561E-01  1.3866E+00  1.1742E+00  1.3866E+00
  1.7600E-01  5.8707E-01  1.9476E-05  1.8190E-01  1.4736E+00  1.1742E+00  1.4736E+00
  1.8040E-01  6.0175E-01  2.0191E-05  1.8858E-01  1.5626E+00  1.1742E+00  1.5626E+00
  1.8480E-01  6.1643E-01  2.0947E-05  1.9564E-01  1.6424E+00  1.1742E+00  1.6424E+00
  1.8920E-01  6.3110E-01  2.1732E-05  2.0297E-01  1.6788E+00  1.1742E+00  1.6788E+00
  1.9360E-01  6.4578E-01  2.2524E-05  2.1037E-01  1.6843E+00  1.1742E+00  1.6842E+00
  1.9800E-01  6.6046E-01  2.3318E-05  2.1778E-01  1.6847E+00  1.1742E+00  1.6847E+00
  2.0240E-01  6.7513E-01  2.4112E-05  2.2519E-01  1.6848E+00  1.1742E+00  1.6848E+00
  2.0680E-01  6.8981E-01  2.4905E-05  2.3261E-01  1.6848E+00  1.1742E+00  1.6848E+00
  2.1120E-01  7.0449E-01  2.5699E-05  2.4002E-01  1.6848E+00  1.1742E+00  1.6848E+00
  2.1560E-01  7.1917E-01  2.6493E-05  2.4743E-01  1.6848E+00  1.1742E+00  1.6848E+00
  2.2000E-01  7.3384E-01  2.7287E-05  2.5485E-01  1.6848E+00  1.1742E+00  1.6848E+00
  2.2440E-01  7.4852E-01  2.8081E-05  2.6226E-01  1.6848E+00  1.1742E+00  1.6848E+00
  2.2880E-01  7.6320E-01  2.8874E-05  2.6967E-01  1.6848E+00  1.1742E+00  1.6848E+00
  2.3320E-01  7.7787E-01  2.9668E-05  2.7708E-01  1.6848E+00  1.1742E+00  1.6848E+00
  2.3760E-01  7.9255E-01  3.0462E-05  2.8450E-01  1.6848E+00  1.1742E+00  1.6848E+00
  2.4200E-01  8.0723E-01  3.1256E-05  2.9191E-01  1.6848E+00  1.1742E+00  1.6848E+00
  2.4640E-01  8.2190E-01  3.2049E-05  2.9932E-01  1.6848E+00  1.1742E+00  1.6848E+00
  2.5080E-01  8.3658E-01  3.2843E-05  3.0674E-01  1.6848E+00  1.1742E+00  1.6848E+00
  2.5520E-01  8.5126E-01  3.3637E-05  3.1415E-01  1.6848E+00  1.1742E+00  1.6848E+00
  2.5960E-01  8.6593E-01  3.4431E-05  3.2156E-01  1.6847E+00  1.1742E+00  1.6847E+00
  2.6400E-01  8.8061E-01  3.5224E-05  3.2898E-01  1.6846E+00  1.1742E+00  1.6846E+00
  2.6840E-01  8.9529E-01  3.6018E-05  3.3639E-01  1.6843E+00  1.1742E+00  1.6843E+00
  2.7280E-01  9.0996E-01  3.6811E-05  3.4380E-01  1.6834E+00  1.1742E+00  1.6834E+00
  2.7720E-01  9.2464E-01  3.7604E-05  3.5120E-01  1.6810E+00  1.1742E+00  1.6810E+00
  2.8160E-01  9.3932E-01  3.8395E-05  3.5858E-01  1.6750E+00  1.1742E+00  1.6750E+00
  2.8600E-01  9.5399E-01  3.9181E-05  3.6593E-01  1.6607E+00  1.1742E+00  1.6607E+00
  2.9040E-01  9.6867E-01  3.9957E-05  3.7318E-01  1.6316E+00  1.1742E+00  1.6316E+00
  2.9480E-01  9.8335E-01  4.0715E-05  3.8026E-01  1.5836E+00  1.1742E+00  1.5836E+00
  2.9920E-01  9.9803E-01  4.1447E-05  3.8709E-01  1.5197E+00  1.1742E+00  1.5197E+00
  3.0360E-01  1.0127E+00  4.2146E-05  3.9362E-01  1.4458E+00  1.1742E+00  1.4458E+00
  3.0800E-01  1.0274E+00  4.2809E-05  3.9980E-01  1.3666E+00  1.1742E+00  1.3666E+00
  3.1240E-01  1.0421E+00  4.3434E-05  4.0564E-01  1.2845E+00  1.1742E+00  1.2845E+00
  3.1680E-01  1.0567E+00  4.4019E-05  4.1110E-01  1.2006E+00  1.1742E+00  1.2006E+00
  3.2120E-01  1.0714E+00  4.4565E-05  4.1620E-01  1.1153E+00  1.1742E+00  1.1153E+00
  3.2560E-01  1.0861E+00  4.5070E-05  4.2092E-01  1.0289E+00  1.1742E+00  1.0289E+00
  3.3000E-01  1.1008E+00  4.5535E-05  4.2525E-01  9.4158E-01  1.1742E+00  9.4158E-01
  3.3440E-01  1.1154E+00  4.5958E-05  4.2920E-01  8.5337E-01  1.1742E+00  8.5337E-01
  3.3880E-01  1.1301E+00  4.6339E-05  4.3276E-01  7.6438E-01  1.1742E+00  7.6437E-01
  3.4320E-01  1.1448E+00  4.6678E-05  4.3593E-01  6.7469E-01  1.1742E+00  6.7468E-01
  3.4760E-01  1.1595E+00  4.6975E-05  4.3870E-01  5.8439E-01  1.1742E+00  5.8438E-01
  3.5200E-01  1.1741E+00  4.7229E-05  4.4107E-01  4.9355E-01  1.1742E+00  4.9355E-01
  3.5640E-01  1.1888E+00  4.7440E-05  4.4304E-01  4.0227E-01  1.1742E+00  4.0226E-01
  3.6080E-01  1.2035E+00  4.7608E-05  4.4461E-01  3.1062E-01  1.1742E+00  3.1062E-01
  3.6520E-01  1.2182E+00  4.7733E-05  4.4577E-01  2.1870E-01  1.1742E+00  2.1869E-01
  3.6960E-01  1.2329E+00  4.7815E-05  4.4653E-01  1.2659E-01  1.1742E+00  1.2657E-01
  3.7400E-01  1.2475E+00  4.7853E-05  4.4689E-01  3.4412E-02  1.1742E+00  3.4340E-02
  3.7840E-01  1.2622E+00  4.7848E-05  4.4684E-01  5.7931E-02  1.1742E+00 -5.7888E-02
  3.8280E-01  1.2769E+00  4.7799E-05  4.4638E-01  1.5000E-01  1.1742E+00 -1.4998E-01
  3.8720E-01  1.2916E+00  4.7707E-05  4.4552E-01  2.4174E-01  1.1742E+00 -2.4173E-01
  3.9160E-01  1.3062E+00  4.7571E-05  4.4425E-01  3.3272E-01  1.1742E+00 -3.3271E-01
  3.9600E-01  1.3209E+00  4.7394E-05  4.4259E-01  4.2196E-01  1.1742E+00 -4.2196E-01
  4.0040E-01  1.3356E+00  4.7175E-05  4.4054E-01  5.0727E-01  1.1742E+00 -5.0727E-01
  4.0480E-01  1.3503E+00  4.6917E-05  4.3814E-01  5.8407E-01  1.1742E+00 -5.8406E-01
  4.0920E-01  1.3649E+00  4.6627E-05  4.3543E-01  6.4524E-01  1.1742E+00 -6.4524E-01
  4.1360E-01  1.3796E+00  4.6314E-05  4.3249E-01  6.8536E-01  1.1742E+00 -6.8535E-01
  4.1800E-01  1.3943E+00  4.5986E-05  4.2942E-01  7.0647E-01  1.1742E+00 -7.0646E-01
  4.2240E-01  1.4090E+00  4.5651E-05  4.2629E-01  7.1582E-01  1.1742E+00 -7.1582E-01
  4.2680E-01  1.4237E+00  4.5313E-05  4.2313E-01  7.1959E-01  1.1742E+00 -7.1958E-01
  4.3120E-01  1.4383E+00  4.4975E-05  4.1996E-01  7.2104E-01  1.1742E+00 -7.2103E-01
  4.3560E-01  1.4530E+00  4.4635E-05  4.1679E-01  7.2158E-01  1.1742E+00 -7.2158E-01
  4.4000E-01  1.4677E+00  4.4296E-05  4.1361E-01  7.2179E-01  1.1742E+00 -7.2178E-01
  4.4440E-01  1.4824E+00  4.3957E-05  4.1044E-01  7.2186E-01  1.1742E+00 -7.2186E-01
  4.4880E-01  1.4970E+00  4.3617E-05  4.0726E-01  7.2189E-01  1.1742E+00 -7.2189E-01
  4.5320E-01  1.5117E+00  4.3278E-05  4.0409E-01  7.2190E-01  1.1742E+00 -7.2190E-01
  4.5760E-01  1.5264E+00  4.2939E-05  4.0091E-01  7.2190E-01  1.1742E+00 -7.2190E-01
  4.6200E-01  1.5411E+00  4.2599E-05  3.9773E-01  7.2190E-01  1.1742E+00 -7.2190E-01
  4.6640E-01  1.5557E+00  4.2260E-05  3.9456E-01  7.2190E-01  1.1742E+00 -7.2190E-01
  4.7080E-01  1.5704E+00  4.1920E-05  3.9138E-01  7.2190E-01  1.1742E+00 -7.2190E-01
  4.7520E-01  1.5851E+00  4.1581E-05  3.8820E-01  7.2190E-01  1.1742E+00 -7.2190E-01
  4.7960E-01  1.5998E+00  4.1242E-05  3.8503E-01  7.2190E-01  1.1742E+00 -7.2190E-01
  4.8400E-01  1.6145E+00  4.0902E-05  3.8185E-01  7.2190E-01  1.1742E+00 -7.2190E-01
  4.8840E-01  1.6291E+00  4.0563E-05  3.7867E-01  7.2190E-01  1.1742E+00 -7.2190E-01
  4.9280E-01  1.6438E+00  4.0223E-05  3.7550E-01  7.2190E-01  1.1742E+00 -7.2190E-01
  4.9720E-01  1.6585E+00  3.9884E-05  3.7232E-01  7.2190E-01  1.1742E+00 -7.2190E-01
  5.0160E-01  1.6732E+00  3.9545E-05  3.6915E-01  7.2190E-01  1.1742E+00 -7.2190E-01
  5.0600E-01  1.6878E+00  3.9205E-05  3.6597E-01  7.2190E-01  1.1742E+00 -7.2190E-01
  5.1040E-01  1.7025E+00  3.8866E-05  3.6279E-01  7.2190E-01  1.1742E+00 -7.2190E-01
  5.1480E-01  1.7172E+00  3.8526E-05  3.5962E-01  7.2190E-01  1.1742E+00 -7.2190E-01
  5.1920E-01  1.7319E+00  3.8187E-05  3.5644E-01  7.2190E-01  1.1742E+00 -7.2190E-01
  5.2360E-01  1.7465E+00  3.7848E-05  3.5326E-01  7.2190E-01  1.1742E+00 -7.2190E-01
  5.2800E-01  1.7612E+00  3.7508E-05  3.5009E-01  7.2190E-01  1.1742E+00 -7.2190E-01
  5.3240E-01  1.7759E+00  3.7169E-05  3.4691E-01  7.2190E-01  1.1742E+00 -7.2190E-01
  5.3680E-01  1.7906E+00  3.6830E-05  3.4373E-01  7.2190E-01  1.1742E+00 -7.2190E-01
  5.4120E-01  1.8053E+00  3.6490E-05  3.4056E-01  7.2190E-01  1.1742E+00 -7.2190E-01
  5.4560E-01  1.8199E+00  3.6151E-05  3.3738E-01  7.2190E-01  1.1742E+00 -7.2190E-01
  5.5000E-01  1.8346E+00  3.5811E-05  3.3421E-01  7.2190E-01  1.1742E+00 -7.2190E-01
  5.5440E-01  1.8493E+00  3.5472E-05  3.3103E-01  7.2190E-01  1.1742E+00 -7.2190E-01
  5.5880E-01  1.8640E+00  3.5133E-05  3.2785E-01  7.2190E-01  1.1742E+00 -7.2190E-01
  5.6320E-01  1.8786E+00  3.4793E-05  3.2468E-01  7.2190E-01  1.1742E+00 -7.2190E-01
  5.6760E-01  1.8933E+00  3.4454E-05  3.2150E-01  7.2190E-01  1.1742E+00 -7.2190E-01
  5.7200E-01  1.9080E+00  3.4114E-05  3.1832E-01  7.2190E-01  1.1742E+00 -7.2190E-01
  5.7640E-01  1.9227E+00  3.3775E-05  3.1515E-01  7.2190E-01  1.1742E+00 -7.2190E-01
  5.8080E-01  1.9373E+00  3.3436E-05  3.1197E-01  7.2190E-01  1.1742E+00 -7.2190E-01
  5.8520E-01  1.9520E+00  3.3096E-05  3.0879E-01  7.2190E-01  1.1742E+00 -7.2190E-01
  5.8960E-01  1.9667E+00  3.2757E-05  3.0562E-01  7.2190E-01  1.1742E+00 -7.2190E-01
  5.9400E-01  1.9814E+00  3.2417E-05  3.0244E-01  7.2190E-01  1.1742E+00 -7.2190E-01
  5.9840E-01  1.9961E+00  3.2078E-05  2.9927E-01  7.2190E-01  1.1742E+00 -7.2190E-01
  6.0280E-01  2.0107E+00  3.1739E-05  2.9609E-01  7.2190E-01  1.1742E+00 -7.2190E-01
  6.0720E-01  2.0254E+00  3.1399E-05  2.9291E-01  7.2190E-01  1.1742E+00 -7.2190E-01
  6.1160E-01  2.0401E+00  3.1060E-05  2.8974E-01  7.2190E-01  1.1742E+00 -7.2190E-01
  6.1600E-01  2.0548E+00  3.0720E-05  2.8656E-01  7.2190E-01  1.1742E+00 -7.2190E-01
  6.2040E-01  2.0694E+00  3.0381E-05  2.8338E-01  7.2190E-01  1.1742E+00 -7.2190E-01
  6.2480E-01  2.0841E+00  3.0042E-05  2.8021E-01  7.2190E-01  1.1742E+00 -7.2190E-01
  6.2920E-01  2.0988E+00  2.9702E-05  2.7703E-01  7.2190E-01  1.1742E+00 -7.2189E-01
  6.3360E-01  2.1135E+00  2.9363E-05  2.7385E-01  7.2190E-01  1.1742E+00 -7.2189E-01
  6.3800E-01  2.1281E+00  2.9023E-05  2.7068E-01  7.2189E-01  1.1742E+00 -7.2188E-01
  6.4240E-01  2.1428E+00  2.8684E-05  2.6750E-01  7.2188E-01  1.1742E+00 -7.2187E-01
  6.4680E-01  2.1575E+00  2.8345E-05  2.6433E-01  7.2186E-01  1.1742E+00 -7.2185E-01
  6.5120E-01  2.1722E+00  2.8005E-05  2.6115E-01  7.2182E-01  1.1742E+00 -7.2181E-01
  6.5560E-01  2.1869E+00  2.7666E-05  2.5797E-01  7.2175E-01  1.1742E+00 -7.2174E-01
  6.6000E-01  2.2015E+00  2.7327E-05  2.5480E-01  7.2163E-01  1.1742E+00 -7.2162E-01
  6.6440E-01  2.2162E+00  2.6987E-05  2.5162E-01  7.2141E-01  1.1742E+00 -7.2140E-01
  6.6880E-01  2.2309E+00  2.6648E-05  2.4845E-01  7.2103E-01  1.1742E+00 -7.2102E-01
  6.7320E-01  2.2456E+00  2.6310E-05  2.4528E-01  7.2037E-01  1.1742E+00 -7.2035E-01
  6.7760E-01  2.2602E+00  2.5971E-05  2.4211E-01  7.1920E-01  1.1742E+00 -7.1919E-01
  6.8200E-01  2.2749E+00  2.5634E-05  2.3895E-01  7.1720E-01  1.1742E+00 -7.1719E-01
  6.8640E-01  2.2896E+00  2.5297E-05  2.3580E-01  7.1383E-01  1.1742E+00 -7.1382E-01
  6.9080E-01  2.3043E+00  2.4963E-05  2.3267E-01  7.0836E-01  1.1742E+00 -7.0835E-01
  6.9520E-01  2.3189E+00  2.4632E-05  2.2957E-01  6.9994E-01  1.1742E+00 -6.9992E-01
  6.9960E-01  2.3336E+00  2.4306E-05  2.2652E-01  6.8784E-01  1.1742E+00 -6.8783E-01
  7.0400E-01  2.3483E+00  2.3987E-05  2.2353E-01  6.7184E-01  1.1742E+00 -6.7183E-01
  7.0840E-01  2.3630E+00  2.3676E-05  2.2061E-01  6.5234E-01  1.1742E+00 -6.5232E-01
  7.1280E-01  2.3776E+00  2.3375E-05  2.1779E-01  6.3016E-01  1.1742E+00 -6.3014E-01
  7.1720E-01  2.3923E+00  2.3085E-05  2.1507E-01  6.0623E-01  1.1742E+00 -6.0622E-01
  7.2160E-01  2.4070E+00  2.2807E-05  2.1246E-01  5.8131E-01  1.1742E+00 -5.8129E-01
  7.2600E-01  2.4217E+00  2.2541E-05  2.0996E-01  5.5591E-01  1.1742E+00 -5.5589E-01
  7.3040E-01  2.4364E+00  2.2287E-05  2.0757E-01  5.3036E-01  1.1742E+00 -5.3034E-01
  7.3480E-01  2.4510E+00  2.2044E-05  2.0529E-01  5.0485E-01  1.1742E+00 -5.0482E-01
  7.3920E-01  2.4657E+00  2.1814E-05  2.0312E-01  4.7947E-01  1.1742E+00 -4.7944E-01
  7.4360E-01  2.4804E+00  2.1596E-05  2.0107E-01  4.5428E-01  1.1742E+00 -4.5425E-01
  7.4800E-01  2.4951E+00  2.1390E-05  1.9913E-01  4.2930E-01  1.1742E+00 -4.2927E-01
  7.5240E-01  2.5097E+00  2.1195E-05  1.9729E-01  4.0455E-01  1.1742E+00 -4.0452E-01
  7.5680E-01  2.5244E+00  2.1012E-05  1.9556E-01  3.8004E-01  1.1742E+00 -3.8000E-01
  7.6120E-01  2.5391E+00  2.0841E-05  1.9395E-01  3.5577E-01  1.1742E+00 -3.5573E-01
  7.6560E-01  2.5538E+00  2.0681E-05  1.9243E-01  3.3178E-01  1.1742E+00 -3.3174E-01
  7.7000E-01  2.5684E+00  2.0532E-05  1.9103E-01  3.0813E-01  1.1742E+00 -3.0808E-01
  7.7440E-01  2.5831E+00  2.0394E-05  1.8972E-01  2.8490E-01  1.1742E+00 -2.8485E-01
  7.7880E-01  2.5978E+00  2.0267E-05  1.8852E-01  2.6228E-01  1.1742E+00 -2.6222E-01
  7.8320E-01  2.6125E+00  2.0151E-05  1.8741E-01  2.4057E-01  1.1742E+00 -2.4051E-01
  7.8760E-01  2.6272E+00  2.0045E-05  1.8640E-01  2.2022E-01  1.1742E+00 -2.2016E-01
  7.9200E-01  2.6418E+00  1.9948E-05  1.8547E-01  2.0188E-01  1.1742E+00 -2.0181E-01
  7.9640E-01  2.6565E+00  1.9859E-05  1.8462E-01  1.8625E-01  1.1742E+00 -1.8617E-01
  8.0080E-01  2.6712E+00  1.9776E-05  1.8383E-01  1.7387E-01  1.1742E+00 -1.7378E-01
  8.0520E-01  2.6859E+00  1.9699E-05  1.8309E-01  1.6483E-01  1.1742E+00 -1.6474E-01
  8.0960E-01  2.7005E+00  1.9625E-05  1.8238E-01  1.5875E-01  1.1742E+00 -1.5865E-01
  8.1400E-01  2.7152E+00  1.9554E-05  1.8169E-01  1.5492E-01  1.1742E+00 -1.5482E-01
  8.1840E-01  2.7299E+00  1.9484E-05  1.8101E-01  1.5261E-01  1.1742E+00 -1.5251E-01
  8.2280E-01  2.7446E+00  1.9414E-05  1.8034E-01  1.5128E-01  1.1742E+00 -1.5118E-01
  8.2720E-01  2.7592E+00  1.9346E-05  1.7968E-01  1.5052E-01  1.1742E+00 -1.5041E-01
  8.3160E-01  2.7739E+00  1.9277E-05  1.7902E-01  1.5009E-01  1.1742E+00 -1.4998E-01
  8.3600E-01  2.7886E+00  1.9209E-05  1.7836E-01  1.4985E-01  1.1742E+00 -1.4974E-01
  8.4040E-01  2.8033E+00  1.9141E-05  1.7770E-01  1.4971E-01  1.1742E+00 -1.4961E-01
  8.4480E-01  2.8180E+00  1.9073E-05  1.7704E-01  1.4964E-01  1.1742E+00 -1.4953E-01
  8.4920E-01  2.8326E+00  1.9005E-05  1.7639E-01  1.4960E-01  1.1742E+00 -1.4949E-01
  8.5360E-01  2.8473E+00  1.8937E-05  1.7573E-01  1.4958E-01  1.1742E+00 -1.4947E-01
  8.5800E-01  2.8620E+00  1.8869E-05  1.7507E-01  1.4956E-01  1.1742E+00 -1.4945E-01
  8.6240E-01  2.8767E+00  1.8801E-05  1.7441E-01  1.4956E-01  1.1742E+00 -1.4945E-01
  8.6680E-01  2.8913E+00  1.8733E-05  1.7376E-01  1.4955E-01  1.1742E+00 -1.4944E-01
  8.7120E-01  2.9060E+00  1.8665E-05  1.7310E-01  1.4955E-01  1.1742E+00 -1.4944E-01
  8.7560E-01  2.9207E+00  1.8597E-05  1.7244E-01  1.4955E-01  1.1742E+00 -1.4944E-01
  8.8000E-01  2.9354E+00  1.8529E-05  1.7178E-01  1.4955E-01  1.1742E+00 -1.4944E-01
  8.8440E-01  2.9500E+00  1.8461E-05  1.7112E-01  1.4955E-01  1.1742E+00 -1.4944E-01
  8.8880E-01  2.9647E+00  1.8393E-05  1.7047E-01  1.4955E-01  1.1742E+00 -1.4943E-01
  8.9320E-01  2.9794E+00  1.8325E-05  1.6981E-01  1.4955E-01  1.1742E+00 -1.4943E-01
  8.9760E-01  2.9941E+00  1.8256E-05  1.6915E-01  1.4955E-01  1.1742E+00 -1.4943E-01
  9.0200E-01  3.0088E+00  1.8188E-05  1.6849E-01  1.4955E-01  1.1742E+00 -1.4943E-01
  9.0640E-01  3.0234E+00  1.8120E-05  1.6784E-01  1.4955E-01  1.1742E+00 -1.4943E-01
  9.1080E-01  3.0381E+00  1.8052E-05  1.6718E-01  1.4955E-01  1.1742E+00 -1.4943E-01
  9.1520E-01  3.0528E+00  1.7984E-05  1.6652E-01  1.4955E-01  1.1742E+00 -1.4943E-01
  9.1960E-01  3.0675E+00  1.7916E-05  1.6586E-01  1.4955E-01  1.1742E+00 -1.4943E-01
  9.2400E-01  3.0821E+00  1.7848E-05  1.6521E-01  1.4955E-01  1.1742E+00 -1.4943E-01
  9.2840E-01  3.0968E+00  1.7780E-05  1.6455E-01  1.4955E-01  1.1742E+00 -1.4943E-01
  9.3280E-01  3.1115E+00  1.7712E-05  1.6389E-01  1.4955E-01  1.1742E+00 -1.4942E-01
  9.3720E-01  3.1262E+00  1.7644E-05  1.6324E-01  1.4955E-01  1.1742E+00 -1.4942E-01
  9.4160E-01  3.1408E+00  1.7576E-05  1.6258E-01  1.4955E-01  1.1742E+00 -1.4942E-01
  9.4600E-01  3.1555E+00  1.7508E-05  1.6192E-01  1.4955E-01  1.1742E+00 -1.4942E-01
  9.5040E-01  3.1702E+00  1.7440E-05  1.6126E-01  1.4955E-01  1.1742E+00 -1.4942E-01
  9.5480E-01  3.1849E+00  1.7372E-05  1.6061E-01  1.4955E-01  1.1742E+00 -1.4942E-01
  9.5920E-01  3.1996E+00  1.7304E-05  1.5995E-01  1.4955E-01  1.1742E+00 -1.4942E-01
  9.6360E-01  3.2142E+00  1.7236E-05  1.5929E-01  1.4955E-01  1.1742E+00 -1.4942E-01
  9.6800E-01  3.2289E+00  1.7168E-05  1.5863E-01  1.4955E-01  1.1742E+00 -1.4942E-01
  9.7240E-01  3.2436E+00  1.7100E-05  1.5798E-01  1.4955E-01  1.1742E+00 -1.4942E-01
  9.7680E-01  3.2583E+00  1.7032E-05  1.5732E-01  1.4955E-01  1.1742E+00 -1.4941E-01
  9.8120E-01  3.2729E+00  1.6964E-05  1.5666E-01  1.4955E-01  1.1742E+00 -1.4941E-01
  9.8560E-01  3.2876E+00  1.6896E-05  1.5600E-01  1.4955E-01  1.1742E+00 -1.4941E-01
  9.9000E-01  3.3023E+00  1.6828E-05  1.5535E-01  1.4955E-01  1.1742E+00 -1.4941E-01
  9.9440E-01  3.3170E+00  1.6760E-05  1.5469E-01  1.4955E-01  1.1742E+00 -1.4941E-01
  9.9880E-01  3.3316E+00  1.6692E-05  1.5403E-01  1.4955E-01  1.1742E+00 -1.4941E-01
  1.0032E+00  3.3463E+00  1.6624E-05  1.5337E-01  1.4955E-01  1.1742E+00 -1.4941E-01
  1.0076E+00  3.3610E+00  1.6556E-05  1.5272E-01  1.4955E-01  1.1742E+00 -1.4941E-01
  1.0120E+00  3.3757E+00  1.6488E-05  1.5206E-01  1.4955E-01  1.1742E+00 -1.4940E-01
  1.0164E+00  3.3904E+00  1.6420E-05  1.5140E-01  1.4955E-01  1.1742E+00 -1.4940E-01
  1.0208E+00  3.4050E+00  1.6352E-05  1.5074E-01  1.4955E-01  1.1742E+00 -1.4940E-01
  1.0252E+00  3.4197E+00  1.6284E-05  1.5009E-01  1.4955E-01  1.1742E+00 -1.4940E-01
  1.0296E+00  3.4344E+00  1.6215E-05  1.4943E-01  1.4955E-01  1.1742E+00 -1.4940E-01
  1.0340E+00  3.4491E+00  1.6147E-05  1.4877E-01  1.4955E-01  1.1742E+00 -1.4940E-01
  1.0384E+00  3.4637E+00  1.6079E-05  1.4811E-01  1.4955E-01  1.1742E+00 -1.4940E-01
  1.0428E+00  3.4784E+00  1.6011E-05  1.4746E-01  1.4955E-01  1.1742E+00 -1.4940E-01
  1.0472E+00  3.4931E+00  1.5943E-05  1.4680E-01  1.4955E-01  1.1742E+00 -1.4939E-01
  1.0516E+00  3.5078E+00  1.5875E-05  1.4614E-01  1.4955E-01  1.1742E+00 -1.4939E-01
  1.0560E+00  3.5224E+00  1.5807E-05  1.4549E-01  1.4955E-01  1.1742E+00 -1.4939E-01
  1.0604E+00  3.5371E+00  1.5739E-05  1.4483E-01  1.4955E-01  1.1742E+00 -1.4939E-01
  1.0648E+00  3.5518E+00  1.5671E-05  1.4417E-01  1.4955E-01  1.1742E+00 -1.4939E-01
  1.0692E+00  3.5665E+00  1.5603E-05  1.4351E-01  1.4955E-01  1.1742E+00 -1.4939E-01
  1.0736E+00  3.5811E+00  1.5535E-05  1.4286E-01  1.4955E-01  1.1742E+00 -1.4939E-01
  1.0780E+00  3.5958E+00  1.5467E-05  1.4220E-01  1.4955E-01  1.1742E+00 -1.4938E-01
  1.0824E+00  3.6105E+00  1.5399E-05  1.4154E-01  1.4955E-01  1.1742E+00 -1.4938E-01
  1.0868E+00  3.6252E+00  1.5331E-05  1.4088E-01  1.4955E-01  1.1742E+00 -1.4938E-01
  1.0912E+00  3.6399E+00  1.5263E-05  1.4023E-01  1.4955E-01  1.1742E+00 -1.4938E-01
  1.0956E+00  3.6545E+00  1.5195E-05  1.3957E-01  1.4955E-01  1.1742E+00 -1.4938E-01
  1.1000E+00  3.6692E+00  1.5127E-05  1.3891E-01  1.4955E-01  1.1742E+00 -1.4938E-01
  1.1044E+00  3.6839E+00  1.5059E-05  1.3826E-01  1.4955E-01  1.1742E+00 -1.4937E-01
  1.1088E+00  3.6986E+00  1.4991E-05  1.3760E-01  1.4955E-01  1.1742E+00 -1.4937E-01
  1.1132E+00  3.7132E+00  1.4923E-05  1.3694E-01  1.4955E-01  1.1742E+00 -1.4937E-01
  1.1176E+00  3.7279E+00  1.4855E-05  1.3628E-01  1.4955E-01  1.1742E+00 -1.4937E-01
  1.1220E+00  3.7426E+00  1.4787E-05  1.3563E-01  1.4955E-01  1.1742E+00 -1.4937E-01
  1.1264E+00  3.7573E+00  1.4719E-05  1.3497E-01  1.4955E-01  1.1742E+00 -1.4937E-01
  1.1308E+00  3.7719E+00  1.4651E-05  1.3431E-01  1.4955E-01  1.1742E+00 -1.4936E-01
  1.1352E+00  3.7866E+00  1.4583E-05  1.3365E-01  1.4955E-01  1.1742E+00 -1.4936E-01
  1.1396E+00  3.8013E+00  1.4515E-05  1.3300E-01  1.4955E-01  1.1742E+00 -1.4936E-01
  1.1440E+00  3.8160E+00  1.4447E-05  1.3234E-01  1.4955E-01  1.1742E+00 -1.4936E-01
  1.1484E+00  3.8307E+00  1.4379E-05  1.3168E-01  1.4955E-01  1.1742E+00 -1.4936E-01
  1.1528E+00  3.8453E+00  1.4311E-05  1.3103E-01  1.4955E-01  1.1742E+00 -1.4935E-01
  1.1572E+00  3.8600E+00  1.4242E-05  1.3037E-01  1.4955E-01  1.1742E+00 -1.4935E-01
  1.1616E+00  3.8747E+00  1.4174E-05  1.2971E-01  1.4955E-01  1.1742E+00 -1.4935E-01
  1.1660E+00  3.8894E+00  1.4106E-05  1.2905E-01  1.4955E-01  1.1742E+00 -1.4935E-01
  1.1704E+00  3.9040E+00  1.4038E-05  1.2840E-01  1.4955E-01  1.1742E+00 -1.4935E-01
  1.1748E+00  3.9187E+00  1.3970E-05  1.2774E-01  1.4955E-01  1.1742E+00 -1.4934E-01
  1.1792E+00  3.9334E+00  1.3902E-05  1.2708E-01  1.4955E-01  1.1742E+00 -1.4934E-01
  1.1836E+00  3.9481E+00  1.3834E-05  1.2643E-01  1.4955E-01  1.1742E+00 -1.4934E-01
  1.1880E+00  3.9627E+00  1.3766E-05  1.2577E-01  1.4955E-01  1.1742E+00 -1.4934E-01
  1.1924E+00  3.9774E+00  1.3698E-05  1.2511E-01  1.4955E-01  1.1742E+00 -1.4934E-01
  1.1968E+00  3.9921E+00  1.3630E-05  1.2445E-01  1.4955E-01  1.1742E+00 -1.4933E-01
  1.2012E+00  4.0068E+00  1.3562E-05  1.2380E-01  1.4955E-01  1.1742E+00 -1.4933E-01
  1.2056E+00  4.0215E+00  1.3494E-05  1.2314E-01  1.4955E-01  1.1742E+00 -1.4933E-01
  1.2100E+00  4.0361E+00  1.3426E-05  1.2248E-01  1.4955E-01  1.1742E+00 -1.4933E-01
  1.2144E+00  4.0508E+00  1.3358E-05  1.2183E-01  1.4955E-01  1.1742E+00 -1.4932E-01
  1.2188E+00  4.0655E+00  1.3290E-05  1.2117E-01  1.4955E-01  1.1742E+00 -1.4932E-01
  1.2232E+00  4.0802E+00  1.3222E-05  1.2051E-01  1.4955E-01  1.1742E+00 -1.4932E-01
  1.2276E+00  4.0948E+00  1.3154E-05  1.1986E-01  1.4955E-01  1.1742E+00 -1.4932E-01
  1.2320E+00  4.1095E+00  1.3086E-05  1.1920E-01  1.4955E-01  1.1742E+00 -1.4931E-01
  1.2364E+00  4.1242E+00  1.3018E-05  1.1854E-01  1.4955E-01  1.1742E+00 -1.4931E-01
  1.2408E+00  4.1389E+00  1.2950E-05  1.1788E-01  1.4955E-01  1.1742E+00 -1.4931E-01
  1.2452E+00  4.1535E+00  1.2882E-05  1.1723E-01  1.4955E-01  1.1742E+00 -1.4931E-01
  1.2496E+00  4.1682E+00  1.2814E-05  1.1657E-01  1.4955E-01  1.1742E+00 -1.4930E-01
  1.2540E+00  4.1829E+00  1.2746E-05  1.1591E-01  1.4955E-01  1.1742E+00 -1.4930E-01
  1.2584E+00  4.1976E+00  1.2678E-05  1.1526E-01  1.4955E-01  1.1742E+00 -1.4930E-01
  1.2628E+00  4.2123E+00  1.2610E-05  1.1460E-01  1.4955E-01  1.1742E+00 -1.4929E-01
  1.2672E+00  4.2269E+00  1.2542E-05  1.1394E-01  1.4955E-01  1.1742E+00 -1.4929E-01
  1.2716E+00  4.2416E+00  1.2474E-05  1.1329E-01  1.4955E-01  1.1742E+00 -1.4929E-01
  1.2760E+00  4.2563E+00  1.2406E-05  1.1263E-01  1.4955E-01  1.1742E+00 -1.4929E-01
  1.2804E+00  4.2710E+00  1.2338E-05  1.1197E-01  1.4955E-01  1.1742E+00 -1.4928E-01
  1.2848E+00  4.2856E+00  1.2270E-05  1.1132E-01  1.4955E-01  1.1742E+00 -1.4928E-01
  1.2892E+00  4.3003E+00  1.2201E-05  1.1066E-01  1.4955E-01  1.1742E+00 -1.4928E-01
  1.2936E+00  4.3150E+00  1.2133E-05  1.1000E-01  1.4955E-01  1.1742E+00 -1.4927E-01
  1.2980E+00  4.3297E+00  1.2065E-05  1.0935E-01  1.4955E-01  1.1742E+00 -1.4927E-01
  1.3024E+00  4.3443E+00  1.1997E-05  1.0869E-01  1.4955E-01  1.1742E+00 -1.4927E-01
  1.3068E+00  4.3590E+00  1.1929E-05  1.0803E-01  1.4955E-01  1.1742E+00 -1.4926E-01
  1.3112E+00  4.3737E+00  1.1861E-05  1.0737E-01  1.4955E-01  1.1742E+00 -1.4926E-01
  1.3156E+00  4.3884E+00  1.1793E-05  1.0672E-01  1.4955E-01  1.1742E+00 -1.4926E-01
  1.3200E+00  4.4031E+00  1.1725E-05  1.0606E-01  1.4955E-01  1.1742E+00 -1.4925E-01
  1.3244E+00  4.4177E+00  1.1657E-05  1.0540E-01  1.4955E-01  1.1742E+00 -1.4925E-01
  1.3288E+00  4.4324E+00  1.1589E-05  1.0475E-01  1.4955E-01  1.1742E+00 -1.4924E-01
  1.3332E+00  4.4471E+00  1.1521E-05  1.0409E-01  1.4955E-01  1.1742E+00 -1.4924E-01
  1.3376E+00  4.4618E+00  1.1453E-05  1.0343E-01  1.4955E-01  1.1742E+00 -1.4924E-01
  1.3420E+00  4.4764E+00  1.1385E-05  1.0278E-01  1.4955E-01  1.1742E+00 -1.4923E-01
  1.3464E+00  4.4911E+00  1.1317E-05  1.0212E-01  1.4955E-01  1.1742E+00 -1.4923E-01
  1.3508E+00  4.5058E+00  1.1249E-05  1.0146E-01  1.4955E-01  1.1742E+00 -1.4922E-01
  1.3552E+00  4.5205E+00  1.1181E-05  1.0081E-01  1.4955E-01  1.1742E+00 -1.4922E-01
  1.3596E+00  4.5351E+00  1.1113E-05  1.0015E-01  1.4955E-01  1.1742E+00 -1.4922E-01
  1.3640E+00  4.5498E+00  1.1045E-05  9.9495E-02  1.4955E-01  1.1742E+00 -1.4921E-01
  1.3684E+00  4.5645E+00  1.0977E-05  9.8839E-02  1.4955E-01  1.1742E+00 -1.4921E-01
  1.3728E+00  4.5792E+00  1.0909E-05  9.8182E-02  1.4955E-01  1.1742E+00 -1.4920E-01
  1.3772E+00  4.5939E+00  1.0841E-05  9.7526E-02  1.4955E-01  1.1742E+00 -1.4920E-01
  1.3816E+00  4.6085E+00  1.0773E-05  9.6869E-02  1.4955E-01  1.1742E+00 -1.4919E-01
  1.3860E+00  4.6232E+00  1.0705E-05  9.6213E-02  1.4955E-01  1.1742E+00 -1.4919E-01
  1.3904E+00  4.6379E+00  1.0637E-05  9.5556E-02  1.4955E-01  1.1742E+00 -1.4918E-01
  1.3948E+00  4.6526E+00  1.0569E-05  9.4900E-02  1.4955E-01  1.1742E+00 -1.4918E-01
  1.3992E+00  4.6672E+00  1.0501E-05  9.4244E-02  1.4955E-01  1.1742E+00 -1.4917E-01
  1.4036E+00  4.6819E+00  1.0433E-05  9.3587E-02  1.4955E-01  1.1742E+00 -1.4917E-01
  1.4080E+00  4.6966E+00  1.0365E-05  9.2931E-02  1.4955E-01  1.1742E+00 -1.4916E-01
  1.4124E+00  4.7113E+00  1.0297E-05  9.2275E-02  1.4955E-01  1.1742E+00 -1.4916E-01
  1.4168E+00  4.7259E+00  1.0228E-05  9.1618E-02  1.4955E-01  1.1742E+00 -1.4915E-01
  1.4212E+00  4.7406E+00  1.0160E-05  9.0962E-02  1.4955E-01  1.1742E+00 -1.4915E-01
  1.4256E+00  4.7553E+00  1.0092E-05  9.0306E-02  1.4955E-01  1.1742E+00 -1.4914E-01
  1.4300E+00  4.7700E+00  1.0024E-05  8.9650E-02  1.4955E-01  1.1742E+00 -1.4913E-01
  1.4344E+00  4.7846E+00  9.9564E-06  8.8994E-02  1.4955E-01  1.1742E+00 -1.4913E-01
  1.4388E+00  4.7993E+00  9.8883E-06  8.8337E-02  1.4955E-01  1.1742E+00 -1.4912E-01
  1.4432E+00  4.8140E+00  9.8203E-06  8.7681E-02  1.4955E-01  1.1742E+00 -1.4911E-01
  1.4476E+00  4.8287E+00  9.7523E-06  8.7025E-02  1.4955E-01  1.1742E+00 -1.4911E-01
  1.4520E+00  4.8434E+00  9.6842E-06  8.6369E-02  1.4955E-01  1.1742E+00 -1.4910E-01
  1.4564E+00  4.8580E+00  9.6162E-06  8.5713E-02  1.4955E-01  1.1742E+00 -1.4909E-01
  1.4608E+00  4.8727E+00  9.5482E-06  8.5057E-02  1.4955E-01  1.1742E+00 -1.4909E-01
  1.4652E+00  4.8874E+00  9.4801E-06  8.4401E-02  1.4955E-01  1.1742E+00 -1.4908E-01
  1.4696E+00  4.9021E+00  9.4121E-06  8.3745E-02  1.4955E-01  1.1742E+00 -1.4907E-01
  1.4740E+00  4.9167E+00  9.3441E-06  8.3089E-02  1.4955E-01  1.1742E+00 -1.4906E-01
  1.4784E+00  4.9314E+00  9.2760E-06  8.2433E-02  1.4955E-01  1.1742E+00 -1.4906E-01
  1.4828E+00  4.9461E+00  9.2080E-06  8.1778E-02  1.4955E-01  1.1742E+00 -1.4905E-01
  1.4872E+00  4.9608E+00  9.1399E-06  8.1122E-02  1.4955E-01  1.1742E+00 -1.4904E-01
  1.4916E+00  4.9754E+00  9.0719E-06  8.0466E-02  1.4955E-01  1.1742E+00 -1.4903E-01
  1.4960E+00  4.9901E+00  9.0039E-06  7.9810E-02  1.4955E-01  1.1742E+00 -1.4902E-01
  1.5004E+00  5.0048E+00  8.9358E-06  7.9155E-02  1.4955E-01  1.1742E+00 -1.4902E-01
  1.5048E+00  5.0195E+00  8.8678E-06  7.8499E-02  1.4955E-01  1.1742E+00 -1.4901E-01
  1.5092E+00  5.0342E+00  8.7998E-06  7.7843E-02  1.4955E-01  1.1742E+00 -1.4900E-01
  1.5136E+00  5.0488E+00  8.7317E-06  7.7188E-02  1.4955E-01  1.1742E+00 -1.4899E-01
  1.5180E+00  5.0635E+00  8.6637E-06  7.6532E-02  1.4955E-01  1.1742E+00 -1.4898E-01
  1.5224E+00  5.0782E+00  8.5957E-06  7.5877E-02  1.4955E-01  1.1742E+00 -1.4897E-01
  1.5268E+00  5.0929E+00  8.5276E-06  7.5221E-02  1.4955E-01  1.1742E+00 -1.4896E-01
  1.5312E+00  5.1075E+00  8.4596E-06  7.4566E-02  1.4955E-01  1.1742E+00 -1.4895E-01
  1.5356E+00  5.1222E+00  8.3916E-06  7.3911E-02  1.4955E-01  1.1742E+00 -1.4894E-01
  1.5400E+00  5.1369E+00  8.3235E-06  7.3255E-02  1.4955E-01  1.1742E+00 -1.4893E-01
  1.5444E+00  5.1516E+00  8.2555E-06  7.2600E-02  1.4955E-01  1.1742E+00 -1.4891E-01
  1.5488E+00  5.1662E+00  8.1875E-06  7.1945E-02  1.4955E-01  1.1742E+00 -1.4890E-01
  1.5532E+00  5.1809E+00  8.1194E-06  7.1290E-02  1.4955E-01  1.1742E+00 -1.4889E-01
  1.5576E+00  5.1956E+00  8.0514E-06  7.0635E-02  1.4955E-01  1.1742E+00 -1.4888E-01
  1.5620E+00  5.2103E+00  7.9834E-06  6.9980E-02  1.4955E-01  1.1742E+00 -1.4887E-01
  1.5664E+00  5.2250E+00  7.9153E-06  6.9325E-02  1.4955E-01  1.1742E+00 -1.4885E-01
  1.5708E+00  5.2396E+00  7.8473E-06  6.8670E-02  1.4955E-01  1.1742E+00 -1.4884E-01
  1.5752E+00  5.2543E+00  7.7793E-06  6.8015E-02  1.4955E-01  1.1742E+00 -1.4883E-01
  1.5796E+00  5.2690E+00  7.7112E-06  6.7360E-02  1.4955E-01  1.1742E+00 -1.4881E-01
  1.5840E+00  5.2837E+00  7.6432E-06  6.6705E-02  1.4955E-01  1.1742E+00 -1.4880E-01
  1.5884E+00  5.2983E+00  7.5752E-06  6.6051E-02  1.4955E-01  1.1742E+00 -1.4878E-01
  1.5928E+00  5.3130E+00  7.5071E-06  6.5396E-02  1.4955E-01  1.1742E+00 -1.4877E-01
  1.5972E+00  5.3277E+00  7.4391E-06  6.4741E-02  1.4955E-01  1.1742E+00 -1.4875E-01
  1.6016E+00  5.3424E+00  7.3711E-06  6.4087E-02  1.4955E-01  1.1742E+00 -1.4873E-01
  1.6060E+00  5.3570E+00  7.3030E-06  6.3433E-02  1.4955E-01  1.1742E+00 -1.4872E-01
  1.6104E+00  5.3717E+00  7.2350E-06  6.2778E-02  1.4955E-01  1.1742E+00 -1.4870E-01
  1.6148E+00  5.3864E+00  7.1670E-06  6.2124E-02  1.4955E-01  1.1742E+00 -1.4868E-01
  1.6192E+00  5.4011E+00  7.0989E-06  6.1470E-02  1.4955E-01  1.1742E+00 -1.4866E-01
  1.6236E+00  5.4158E+00  7.0309E-06  6.0816E-02  1.4955E-01  1.1742E+00 -1.4864E-01
  1.6280E+00  5.4304E+00  6.9629E-06  6.0162E-02  1.4955E-01  1.1742E+00 -1.4862E-01
  1.6324E+00  5.4451E+00  6.8948E-06  5.9508E-02  1.4955E-01  1.1742E+00 -1.4860E-01
  1.6368E+00  5.4598E+00  6.8268E-06  5.8854E-02  1.4955E-01  1.1742E+00 -1.4858E-01
  1.6412E+00  5.4745E+00  6.7588E-06  5.8200E-02  1.4955E-01  1.1742E+00 -1.4856E-01
  1.6456E+00  5.4891E+00  6.6907E-06  5.7547E-02  1.4955E-01  1.1742E+00 -1.4854E-01
  1.6500E+00  5.5038E+00  6.6227E-06  5.6893E-02  1.4955E-01  1.1742E+00 -1.4851E-01
  1.6544E+00  5.5185E+00  6.5547E-06  5.6240E-02  1.4955E-01  1.1742E+00 -1.4849E-01
  1.6588E+00  5.5332E+00  6.4866E-06  5.5587E-02  1.4955E-01  1.1742E+00 -1.4847E-01
  1.6632E+00  5.5478E+00  6.4186E-06  5.4933E-02  1.4955E-01  1.1742E+00 -1.4844E-01
  1.6676E+00  5.5625E+00  6.3506E-06  5.4280E-02  1.4955E-01  1.1742E+00 -1.4841E-01
  1.6720E+00  5.5772E+00  6.2825E-06  5.3627E-02  1.4955E-01  1.1742E+00 -1.4838E-01
  1.6764E+00  5.5919E+00  6.2145E-06  5.2974E-02  1.4955E-01  1.1742E+00 -1.4836E-01
  1.6808E+00  5.6066E+00  6.1465E-06  5.2322E-02  1.4955E-01  1.1742E+00 -1.4832E-01
  1.6852E+00  5.6212E+00  6.0784E-06  5.1669E-02  1.4955E-01  1.1742E+00 -1.4829E-01
  1.6896E+00  5.6359E+00  6.0104E-06  5.1017E-02  1.4955E-01  1.1742E+00 -1.4826E-01
  1.6940E+00  5.6506E+00  5.9424E-06  5.0365E-02  1.4955E-01  1.1742E+00 -1.4823E-01
  1.6984E+00  5.6653E+00  5.8743E-06  4.9712E-02  1.4955E-01  1.1742E+00 -1.4819E-01
  1.7028E+00  5.6799E+00  5.8063E-06  4.9060E-02  1.4955E-01  1.1742E+00 -1.4816E-01
  1.7072E+00  5.6946E+00  5.7383E-06  4.8409E-02  1.4955E-01  1.1742E+00 -1.4812E-01
  1.7116E+00  5.7093E+00  5.6702E-06  4.7757E-02  1.4955E-01  1.1742E+00 -1.4808E-01
  1.7160E+00  5.7240E+00  5.6022E-06  4.7106E-02  1.4955E-01  1.1742E+00 -1.4804E-01
  1.7204E+00  5.7386E+00  5.5342E-06  4.6454E-02  1.4955E-01  1.1742E+00 -1.4799E-01
  1.7248E+00  5.7533E+00  5.4661E-06  4.5803E-02  1.4955E-01  1.1742E+00 -1.4795E-01
  1.7292E+00  5.7680E+00  5.3981E-06  4.5152E-02  1.4955E-01  1.1742E+00 -1.4790E-01
  1.7336E+00  5.7827E+00  5.3301E-06  4.4502E-02  1.4955E-01  1.1742E+00 -1.4785E-01
  1.7380E+00  5.7974E+00  5.2620E-06  4.3851E-02  1.4955E-01  1.1742E+00 -1.4780E-01
  1.7424E+00  5.8120E+00  5.1940E-06  4.3201E-02  1.4955E-01  1.1742E+00 -1.4775E-01
  1.7468E+00  5.8267E+00  5.1260E-06  4.2551E-02  1.4955E-01  1.1742E+00 -1.4769E-01
  1.7512E+00  5.8414E+00  5.0579E-06  4.1901E-02  1.4955E-01  1.1742E+00 -1.4764E-01
  1.7556E+00  5.8561E+00  4.9899E-06  4.1252E-02  1.4955E-01  1.1742E+00 -1.4757E-01
  1.7600E+00  5.8707E+00  4.9218E-06  4.0603E-02  1.4955E-01  1.1742E+00 -1.4751E-01
  1.7644E+00  5.8854E+00  4.8538E-06  3.9954E-02  1.4955E-01  1.1742E+00 -1.4744E-01
  1.7688E+00  5.9001E+00  4.7858E-06  3.9305E-02  1.4955E-01  1.1742E+00 -1.4737E-01
  1.7732E+00  5.9148E+00  4.7177E-06  3.8657E-02  1.4955E-01  1.1742E+00 -1.4730E-01
  1.7776E+00  5.9294E+00  4.6497E-06  3.8009E-02  1.4955E-01  1.1742E+00 -1.4722E-01
  1.7820E+00  5.9441E+00  4.5817E-06  3.7361E-02  1.4955E-01  1.1742E+00 -1.4714E-01
  1.7864E+00  5.9588E+00  4.5136E-06  3.6714E-02  1.4955E-01  1.1742E+00 -1.4705E-01
  1.7908E+00  5.9735E+00  4.4456E-06  3.6067E-02  1.4955E-01  1.1742E+00 -1.4696E-01
  1.7952E+00  5.9881E+00  4.3776E-06  3.5421E-02  1.4955E-01  1.1742E+00 -1.4686E-01
  1.7996E+00  6.0028E+00  4.3095E-06  3.4775E-02  1.4955E-01  1.1742E+00 -1.4676E-01
  1.8040E+00  6.0175E+00  4.2415E-06  3.4129E-02  1.4955E-01  1.1742E+00 -1.4666E-01
  1.8084E+00  6.0322E+00  4.1735E-06  3.3484E-02  1.4955E-01  1.1742E+00 -1.4654E-01
  1.8128E+00  6.0469E+00  4.1054E-06  3.2840E-02  1.4955E-01  1.1742E+00 -1.4642E-01
  1.8172E+00  6.0615E+00  4.0374E-06  3.2196E-02  1.4955E-01  1.1742E+00 -1.4629E-01
  1.8216E+00  6.0762E+00  3.9694E-06  3.1552E-02  1.4955E-01  1.1742E+00 -1.4616E-01
  1.8260E+00  6.0909E+00  3.9013E-06  3.0910E-02  1.4955E-01  1.1742E+00 -1.4601E-01
  1.8304E+00  6.1056E+00  3.8333E-06  3.0268E-02  1.4955E-01  1.1742E+00 -1.4586E-01
  1.8348E+00  6.1202E+00  3.7653E-06  2.9626E-02  1.4955E-01  1.1742E+00 -1.4570E-01
  1.8392E+00  6.1349E+00  3.6972E-06  2.8985E-02  1.4955E-01  1.1742E+00 -1.4552E-01
  1.8436E+00  6.1496E+00  3.6292E-06  2.8346E-02  1.4955E-01  1.1742E+00 -1.4534E-01
  1.8480E+00  6.1643E+00  3.5612E-06  2.7706E-02  1.4955E-01  1.1742E+00 -1.4514E-01
  1.8524E+00  6.1789E+00  3.4931E-06  2.7068E-02  1.4955E-01  1.1742E+00 -1.4492E-01
  1.8568E+00  6.1936E+00  3.4251E-06  2.6431E-02  1.4955E-01  1.1742E+00 -1.4469E-01
  1.8612E+00  6.2083E+00  3.3571E-06  2.5795E-02  1.4955E-01  1.1742E+00 -1.4445E-01
  1.8656E+00  6.2230E+00  3.2890E-06  2.5160E-02  1.4955E-01  1.1742E+00 -1.4418E-01
  1.8700E+00  6.2377E+00  3.2210E-06  2.4526E-02  1.4955E-01  1.1742E+00 -1.4389E-01
  1.8744E+00  6.2523E+00  3.1530E-06  2.3894E-02  1.4955E-01  1.1742E+00 -1.4358E-01
  1.8788E+00  6.2670E+00  3.0849E-06  2.3263E-02  1.4955E-01  1.1742E+00 -1.4325E-01
  1.8832E+00  6.2817E+00  3.0169E-06  2.2633E-02  1.4955E-01  1.1742E+00 -1.4288E-01
  1.8876E+00  6.2964E+00  2.9489E-06  2.2005E-02  1.4955E-01  1.1742E+00 -1.4249E-01
  1.8920E+00  6.3110E+00  2.8808E-06  2.1379E-02  1.4955E-01  1.1742E+00 -1.4206E-01
  1.8964E+00  6.3257E+00  2.8128E-06  2.0755E-02  1.4955E-01  1.1742E+00 -1.4159E-01
  1.9008E+00  6.3404E+00  2.7448E-06  2.0134E-02  1.4955E-01  1.1742E+00 -1.4107E-01
  1.9052E+00  6.3551E+00  2.6767E-06  1.9514E-02  1.4955E-01  1.1742E+00 -1.4051E-01
  1.9096E+00  6.3697E+00  2.6087E-06  1.8897E-02  1.4955E-01  1.1742E+00 -1.3989E-01
  1.9140E+00  6.3844E+00  2.5407E-06  1.8283E-02  1.4955E-01  1.1742E+00 -1.3921E-01
  1.9184E+00  6.3991E+00  2.4726E-06  1.7672E-02  1.4955E-01  1.1742E+00 -1.3845E-01
  1.9228E+00  6.4138E+00  2.4046E-06  1.7065E-02  1.4955E-01  1.1742E+00 -1.3761E-01
  1.9272E+00  6.4285E+00  2.3366E-06  1.6461E-02  1.4955E-01  1.1742E+00 -1.3668E-01
  1.9316E+00  6.4431E+00  2.2685E-06  1.5862E-02  1.4955E-01  1.1742E+00 -1.3564E-01
  1.9360E+00  6.4578E+00  2.2005E-06  1.5268E-02  1.4955E-01  1.1742E+00 -1.3447E-01
  1.9404E+00  6.4725E+00  2.1325E-06  1.4679E-02  1.4955E-01  1.1742E+00 -1.3316E-01
  1.9448E+00  6.4872E+00  2.0644E-06  1.4096E-02  1.4955E-01  1.1742E+00 -1.3168E-01
  1.9492E+00  6.5018E+00  1.9964E-06  1.3521E-02  1.4955E-01  1.1742E+00 -1.3001E-01
  1.9536E+00  6.5165E+00  1.9284E-06  1.2953E-02  1.4955E-01  1.1742E+00 -1.2812E-01
  1.9580E+00  6.5312E+00  1.8603E-06  1.2394E-02  1.4955E-01  1.1742E+00 -1.2596E-01
  1.9624E+00  6.5459E+00  1.7923E-06  1.1845E-02  1.4955E-01  1.1742E+00 -1.2349E-01
  1.9668E+00  6.5605E+00  1.7243E-06  1.1307E-02  1.4955E-01  1.1742E+00 -1.2065E-01
  1.9712E+00  6.5752E+00  1.6562E-06  1.0783E-02  1.4955E-01  1.1742E+00 -1.1739E-01
  1.9756E+00  6.5899E+00  1.5882E-06  1.0275E-02  1.4955E-01  1.1742E+00 -1.1362E-01
  1.9800E+00  6.6046E+00  1.5202E-06  9.7845E-03  1.4955E-01  1.1742E+00 -1.0926E-01
  1.9844E+00  6.6193E+00  1.4521E-06  9.3146E-03  1.4955E-01  1.1742E+00 -1.0420E-01
  1.9888E+00  6.6339E+00  1.3841E-06  8.8687E-03  1.4955E-01  1.1742E+00 -9.8348E-02
  1.9932E+00  6.6486E+00  1.3161E-06  8.4505E-03  1.4955E-01  1.1742E+00 -9.1570E-02
  1.9976E+00  6.6633E+00  1.2480E-06  8.0644E-03  1.4955E-01  1.1742E+00 -8.3751E-02
  2.0000E+00  6.6713E+00  1.2109E-06  7.8692E-03  1.4955E-01  1.1742E+00 -7.9013E-02
  2.0020E+00  6.6780E+00  1.1800E-06  7.7152E-03  1.4955E-01  1.1742E+00 -7.4788E-02
