  0.0000E+00  0.0000E+00  2.1122E-10  1.0000E-03  9.9915E-01  1.1742E+00  3.0944E-07
  4.4000E-03  1.4677E-02  1.1312E-07  4.5086E-03  9.9915E-01  1.1742E+00  9.7426E-01
  8.8000E-03  2.9354E-02  2.2604E-07  8.8492E-03  9.9915E-01  1.1742E+00  9.9275E-01
  1.3200E-02  4.4031E-02  3.3895E-07  1.3227E-02  9.9915E-01  1.1742E+00  9.9629E-01
  1.7600E-02  5.8707E-02  4.5186E-07  1.7613E-02  9.9915E-01  1.1742E+00  9.9754E-01
  2.2000E-02  7.3384E-02  5.6477E-07  2.2004E-02  9.9915E-01  1.1742E+00  9.9812E-01
  2.6400E-02  8.8061E-02  6.7768E-07  2.6397E-02  9.9915E-01  1.1742E+00  9.9843E-01
  3.0800E-02  1.0274E-01  7.9060E-07  3.0790E-02  9.9915E-01  1.1742E+00  9.9862E-01
  3.5200E-02  1.1741E-01  9.0351E-07  3.5184E-02  9.9915E-01  1.1742E+00  9.9875E-01
  3.9600E-02  1.3209E-01  1.0164E-06  3.9579E-02  9.9915E-01  1.1742E+00  9.9883E-01
  4.4000E-02  1.4677E-01  1.1293E-06  4.3974E-02  9.9915E-01  1.1742E+00  9.9889E-01
  4.8400E-02  1.6145E-01  1.2422E-06  4.8369E-02  9.9915E-01  1.1742E+00  9.9894E-01
  5.2800E-02  1.7612E-01  1.3552E-06  5.2765E-02  9.9915E-01  1.1742E+00  9.9897E-01
  5.7200E-02  1.9080E-01  1.4681E-06  5.7160E-02  9.9915E-01  1.1742E+00  9.9900E-01
  6.1600E-02  2.0548E-01  1.5810E-06  6.1556E-02  9.9915E-01  1.1742E+00  9.9902E-01
  6.6000E-02  2.2015E-01  1.6939E-06  6.5952E-02  9.9915E-01  1.1742E+00  9.9904E-01
  7.0400E-02  2.3483E-01  1.8068E-06  7.0347E-02  9.9915E-01  1.1742E+00  9.9905E-01
  7.4800E-02  2.4951E-01  1.9197E-06  7.4743E-02  9.9915E-01  1.1742E+00  9.9906E-01
  7.9200E-02  2.6418E-01  2.0326E-06  7.9139E-02  9.9915E-01  1.1742E+00  9.9907E-01
  8.3600E-02  2.7886E-01  2.1455E-06  8.3535E-02  9.9915E-01  1.1742E+00  9.9908E-01
  8.8000E-02  2.9354E-01  2.2585E-06  8.7931E-02  9.9915E-01  1.1742E+00  9.9909E-01
  9.2400E-02  3.0821E-01  2.3714E-06  9.2327E-02  9.9915E-01  1.1742E+00  9.9909E-01
  9.6800E-02  3.2289E-01  2.4843E-06  9.6723E-02  9.9915E-01  1.1742E+00  9.9910E-01
  1.0120E-01  3.3757E-01  2.5972E-06  1.0112E-01  9.9915E-01  1.1742E+00  9.9910E-01
  1.0560E-01  3.5224E-01  2.7101E-06  1.0552E-01  9.9915E-01  1.1742E+00  9.9911E-01
  1.1000E-01  3.6692E-01  2.8230E-06  1.0991E-01  9.9915E-01  1.1742E+00  9.9911E-01
  1.1440E-01  3.8160E-01  2.9359E-06  1.1431E-01  9.9915E-01  1.1742E+00  9.9911E-01
  1.1880E-01  3.9627E-01  3.0488E-06  1.1870E-01  9.9915E-01  1.1742E+00  9.9912E-01
  1.2320E-01  4.1095E-01  3.1617E-06  1.2310E-01  9.9915E-01  1.1742E+00  9.9912E-01
  1.2760E-01  4.2563E-01  3.2747E-06  1.2750E-01  9.9915E-01  1.1742E+00  9.9912E-01
  1.3200E-01  4.4031E-01  3.3876E-06  1.3189E-01  9.9915E-01  1.1742E+00  9.9912E-01
  1.3640E-01  4.5498E-01  3.5005E-06  1.3629E-01  9.9914E-01  1.1742E+00  9.9911E-01
  1.4080E-01  4.6966E-01  3.6134E-06  1.4068E-01  9.9901E-01  1.1742E+00  9.9899E-01
  1.4520E-01  4.8434E-01  3.7262E-06  1.4508E-01  9.9741E-01  1.1742E+00  9.9738E-01
  1.4960E-01  4.9901E-01  3.8384E-06  1.4944E-01  9.8237E-01  1.1742E+00  9.8235E-01
  1.5400E-01  5.1369E-01  3.9467E-06  1.5366E-01  9.2949E-01  1.1741E+00  9.2947E-01
  1.5840E-01  5.2837E-01  4.0477E-06  1.5759E-01  8.5627E-01  1.1741E+00  8.5624E-01
  1.6280E-01  5.4304E-01  4.1401E-06  1.6119E-01  7.7876E-01  1.1741E+00  7.7874E-01
  1.6720E-01  5.5772E-01  4.2237E-06  1.6444E-01  6.9937E-01  1.1741E+00  6.9935E-01
  1.7160E-01  5.7240E-01  4.2982E-06  1.6734E-01  6.1847E-01  1.1741E+00  6.1844E-01
  1.7600E-01  5.8707E-01  4.3634E-06  1.6988E-01  5.3634E-01  1.1741E+00  5.3631E-01
  1.8040E-01  6.0175E-01  4.4193E-06  1.7206E-01  4.5418E-01  1.1741E+00  4.5414E-01
  1.8480E-01  6.1643E-01  4.4663E-06  1.7389E-01  3.8223E-01  1.1742E+00  3.8218E-01
  1.8920E-01  6.3110E-01  4.5073E-06  1.7549E-01  3.5023E-01  1.1742E+00  3.5018E-01
  1.9360E-01  6.4578E-01  4.5465E-06  1.7701E-01  3.4556E-01  1.1742E+00  3.4552E-01
  1.9800E-01  6.6046E-01  4.5856E-06  1.7853E-01  3.4515E-01  1.1742E+00  3.4511E-01
  2.0240E-01  6.7513E-01  4.6246E-06  1.8005E-01  3.4512E-01  1.1742E+00  3.4507E-01
  2.0680E-01  6.8981E-01  4.6636E-06  1.8157E-01  3.4512E-01  1.1742E+00  3.4507E-01
  2.1120E-01  7.0449E-01  4.7026E-06  1.8309E-01  3.4512E-01  1.1742E+00  3.4507E-01
  2.1560E-01  7.1917E-01  4.7417E-06  1.8461E-01  3.4512E-01  1.1742E+00  3.4507E-01
  2.2000E-01  7.3384E-01  4.7807E-06  1.8613E-01  3.4512E-01  1.1742E+00  3.4507E-01
  2.2440E-01  7.4852E-01  4.8197E-06  1.8764E-01  3.4512E-01  1.1742E+00  3.4508E-01
  2.2880E-01  7.6320E-01  4.8587E-06  1.8916E-01  3.4512E-01  1.1742E+00  3.4508E-01
  2.3320E-01  7.7787E-01  4.8977E-06  1.9068E-01  3.4512E-01  1.1742E+00  3.4508E-01
  2.3760E-01  7.9255E-01  4.9368E-06  1.9220E-01  3.4512E-01  1.1742E+00  3.4508E-01
  2.4200E-01  8.0723E-01  4.9758E-06  1.9372E-01  3.4512E-01  1.1742E+00  3.4508E-01
  2.4640E-01  8.2190E-01  5.0148E-06  1.9524E-01  3.4512E-01  1.1742E+00  3.4508E-01
  2.5080E-01  8.3658E-01  5.0538E-06  1.9675E-01  3.4512E-01  1.1742E+00  3.4508E-01
  2.5520E-01  8.5126E-01  5.0929E-06  1.9827E-01  3.4513E-01  1.1742E+00  3.4509E-01
  2.5960E-01  8.6593E-01  5.1319E-06  1.9979E-01  3.4516E-01  1.1742E+00  3.4512E-01
  2.6400E-01  8.8061E-01  5.1709E-06  2.0131E-01  3.4523E-01  1.1742E+00  3.4520E-01
  2.6840E-01  8.9529E-01  5.2100E-06  2.0283E-01  3.4543E-01  1.1742E+00  3.4540E-01
  2.7280E-01  9.0996E-01  5.2490E-06  2.0435E-01  3.4596E-01  1.1742E+00  3.4593E-01
  2.7720E-01  9.2464E-01  5.2882E-06  2.0587E-01  3.4735E-01  1.1742E+00  3.4732E-01
  2.8160E-01  9.3932E-01  5.3277E-06  2.0741E-01  3.5087E-01  1.1742E+00  3.5084E-01
  2.8600E-01  9.5399E-01  5.3678E-06  2.0897E-01  3.5908E-01  1.1742E+00  3.5905E-01
  2.9040E-01  9.6867E-01  5.4093E-06  2.1058E-01  3.7560E-01  1.1742E+00  3.7557E-01
  2.9480E-01  9.8335E-01  5.4533E-06  2.1229E-01  4.0248E-01  1.1742E+00  4.0246E-01
  2.9920E-01  9.9803E-01  5.5008E-06  2.1414E-01  4.3801E-01  1.1742E+00  4.3799E-01
  3.0360E-01  1.0127E+00  5.5527E-06  2.1615E-01  4.7873E-01  1.1742E+00  4.7871E-01
  3.0800E-01  1.0274E+00  5.6094E-06  2.1835E-01  5.2210E-01  1.1742E+00  5.2208E-01
  3.1240E-01  1.0421E+00  5.6711E-06  2.2075E-01  5.6685E-01  1.1742E+00  5.6683E-01
  3.1680E-01  1.0567E+00  5.7379E-06  2.2334E-01  6.1247E-01  1.1742E+00  6.1245E-01
  3.2120E-01  1.0714E+00  5.8100E-06  2.2614E-01  6.5878E-01  1.1742E+00  6.5877E-01
  3.2560E-01  1.0861E+00  5.8872E-06  2.2914E-01  7.0575E-01  1.1742E+00  7.0574E-01
  3.3000E-01  1.1008E+00  5.9699E-06  2.3235E-01  7.5338E-01  1.1742E+00  7.5336E-01
  3.3440E-01  1.1154E+00  6.0579E-06  2.3577E-01  8.0170E-01  1.1742E+00  8.0169E-01
  3.3880E-01  1.1301E+00  6.1515E-06  2.3940E-01  8.5075E-01  1.1742E+00  8.5074E-01
  3.4320E-01  1.1448E+00  6.2507E-06  2.4326E-01  9.0057E-01  1.1742E+00  9.0056E-01
  3.4760E-01  1.1595E+00  6.3555E-06  2.4733E-01  9.5122E-01  1.1742E+00  9.5121E-01
  3.5200E-01  1.1741E+00  6.4662E-06  2.5163E-01  1.0027E+00  1.1742E+00  1.0027E+00
  3.5640E-01  1.1888E+00  6.5827E-06  2.5616E-01  1.0551E+00  1.1742E+00  1.0551E+00
  3.6080E-01  1.2035E+00  6.7051E-06  2.6092E-01  1.1085E+00  1.1742E+00  1.1085E+00
  3.6520E-01  1.2182E+00  6.8337E-06  2.6591E-01  1.1629E+00  1.1742E+00  1.1629E+00
  3.6960E-01  1.2329E+00  6.9685E-06  2.7115E-01  1.2183E+00  1.1742E+00  1.2183E+00
  3.7400E-01  1.2475E+00  7.1096E-06  2.7664E-01  1.2749E+00  1.1742E+00  1.2749E+00
  3.7840E-01  1.2622E+00  7.2572E-06  2.8237E-01  1.3326E+00  1.1742E+00  1.3326E+00
  3.8280E-01  1.2769E+00  7.4113E-06  2.8836E-01  1.3914E+00  1.1742E+00  1.3914E+00
  3.8720E-01  1.2916E+00  7.5722E-06  2.9462E-01  1.4514E+00  1.1742E+00  1.4514E+00
  3.9160E-01  1.3062E+00  7.7399E-06  3.0114E-01  1.5123E+00  1.1742E+00  1.5123E+00
  3.9600E-01  1.3209E+00  7.9146E-06  3.0793E-01  1.5735E+00  1.1742E+00  1.5735E+00
  4.0040E-01  1.3356E+00  8.0961E-06  3.1498E-01  1.6337E+00  1.1742E+00  1.6337E+00
  4.0480E-01  1.3503E+00  8.2842E-06  3.2230E-01  1.6894E+00  1.1742E+00  1.6894E+00
  4.0920E-01  1.3649E+00  8.4782E-06  3.2983E-01  1.7350E+00  1.1742E+00  1.7350E+00
  4.1360E-01  1.3796E+00  8.6765E-06  3.3754E-01  1.7658E+00  1.1742E+00  1.7658E+00
  4.1800E-01  1.3943E+00  8.8776E-06  3.4535E-01  1.7825E+00  1.1742E+00  1.7825E+00
  4.2240E-01  1.4090E+00  9.0800E-06  3.5321E-01  1.7901E+00  1.1742E+00  1.7901E+00
  4.2680E-01  1.4237E+00  9.2830E-06  3.6110E-01  1.7933E+00  1.1742E+00  1.7933E+00
  4.3120E-01  1.4383E+00  9.4862E-06  3.6899E-01  1.7945E+00  1.1742E+00  1.7945E+00
  4.3560E-01  1.4530E+00  9.6895E-06  3.7689E-01  1.7950E+00  1.1742E+00  1.7950E+00
  4.4000E-01  1.4677E+00  9.8929E-06  3.8479E-01  1.7952E+00  1.1742E+00  1.7952E+00
  4.4440E-01  1.4824E+00  1.0096E-05  3.9269E-01  1.7953E+00  1.1742E+00  1.7953E+00
  4.4880E-01  1.4970E+00  1.0300E-05  4.0059E-01  1.7953E+00  1.1742E+00  1.7953E+00
  4.5320E-01  1.5117E+00  1.0503E-05  4.0849E-01  1.7953E+00  1.1742E+00  1.7953E+00
  4.5760E-01  1.5264E+00  1.0706E-05  4.1638E-01  1.7953E+00  1.1742E+00  1.7953E+00
  4.6200E-01  1.5411E+00  1.0910E-05  4.2428E-01  1.7953E+00  1.1742E+00  1.7953E+00
  4.6640E-01  1.5557E+00  1.1113E-05  4.3218E-01  1.7953E+00  1.1742E+00  1.7953E+00
  4.7080E-01  1.5704E+00  1.1317E-05  4.4008E-01  1.7953E+00  1.1742E+00  1.7953E+00
  4.7520E-01  1.5851E+00  1.1520E-05  4.4798E-01  1.7953E+00  1.1742E+00  1.7953E+00
  4.7960E-01  1.5998E+00  1.1723E-05  4.5588E-01  1.7953E+00  1.1742E+00  1.7953E+00
  4.8400E-01  1.6145E+00  1.1927E-05  4.6378E-01  1.7953E+00  1.1742E+00  1.7953E+00
  4.8840E-01  1.6291E+00  1.2130E-05  4.7168E-01  1.7953E+00  1.1742E+00  1.7953E+00
  4.9280E-01  1.6438E+00  1.2334E-05  4.7958E-01  1.7953E+00  1.1742E+00  1.7953E+00
  4.9720E-01  1.6585E+00  1.2537E-05  4.8748E-01  1.7953E+00  1.1742E+00  1.7953E+00
  5.0160E-01  1.6732E+00  1.2740E-05  4.9538E-01  1.7953E+00  1.1742E+00  1.7953E+00
  5.0600E-01  1.6878E+00  1.2944E-05  5.0328E-01  1.7953E+00  1.1742E+00  1.7953E+00
  5.1040E-01  1.7025E+00  1.3147E-05  5.1118E-01  1.7953E+00  1.1742E+00  1.7953E+00
  5.1480E-01  1.7172E+00  1.3351E-05  5.1908E-01  1.7953E+00  1.1742E+00  1.7953E+00
  5.1920E-01  1.7319E+00  1.3554E-05  5.2698E-01  1.7953E+00  1.1742E+00  1.7953E+00
  5.2360E-01  1.7465E+00  1.3757E-05  5.3487E-01  1.7953E+00  1.1742E+00  1.7953E+00
  5.2800E-01  1.7612E+00  1.3961E-05  5.4277E-01  1.7953E+00  1.1742E+00  1.7953E+00
  5.3240E-01  1.7759E+00  1.4164E-05  5.5067E-01  1.7953E+00  1.1742E+00  1.7953E+00
  5.3680E-01  1.7906E+00  1.4367E-05  5.5857E-01  1.7953E+00  1.1742E+00  1.7953E+00
  5.4120E-01  1.8053E+00  1.4571E-05  5.6647E-01  1.7953E+00  1.1742E+00  1.7953E+00
  5.4560E-01  1.8199E+00  1.4774E-05  5.7437E-01  1.7953E+00  1.1742E+00  1.7953E+00
  5.5000E-01  1.8346E+00  1.4978E-05  5.8227E-01  1.7953E+00  1.1742E+00  1.7953E+00
  5.5440E-01  1.8493E+00  1.5181E-05  5.9017E-01  1.7953E+00  1.1742E+00  1.7953E+00
  5.5880E-01  1.8640E+00  1.5384E-05  5.9807E-01  1.7953E+00  1.1742E+00  1.7953E+00
  5.6320E-01  1.8786E+00  1.5588E-05  6.0597E-01  1.7953E+00  1.1742E+00  1.7953E+00
  5.6760E-01  1.8933E+00  1.5791E-05  6.1387E-01  1.7953E+00  1.1742E+00  1.7953E+00
  5.7200E-01  1.9080E+00  1.5995E-05  6.2177E-01  1.7953E+00  1.1742E+00  1.7953E+00
  5.7640E-01  1.9227E+00  1.6198E-05  6.2967E-01  1.7953E+00  1.1742E+00  1.7953E+00
  5.8080E-01  1.9373E+00  1.6401E-05  6.3757E-01  1.7953E+00  1.1742E+00  1.7953E+00
  5.8520E-01  1.9520E+00  1.6605E-05  6.4546E-01  1.7953E+00  1.1742E+00  1.7953E+00
  5.8960E-01  1.9667E+00  1.6808E-05  6.5336E-01  1.7953E+00  1.1742E+00  1.7953E+00
  5.9400E-01  1.9814E+00  1.7012E-05  6.6126E-01  1.7953E+00  1.1742E+00  1.7953E+00
  5.9840E-01  1.9961E+00  1.7215E-05  6.6916E-01  1.7953E+00  1.1742E+00  1.7953E+00
  6.0280E-01  2.0107E+00  1.7418E-05  6.7706E-01  1.7953E+00  1.1742E+00  1.7953E+00
  6.0720E-01  2.0254E+00  1.7622E-05  6.8496E-01  1.7953E+00  1.1742E+00  1.7953E+00
  6.1160E-01  2.0401E+00  1.7825E-05  6.9286E-01  1.7953E+00  1.1742E+00  1.7953E+00
  6.1600E-01  2.0548E+00  1.8029E-05  7.0076E-01  1.7953E+00  1.1742E+00  1.7953E+00
  6.2040E-01  2.0694E+00  1.8232E-05  7.0866E-01  1.7953E+00  1.1742E+00  1.7953E+00
  6.2480E-01  2.0841E+00  1.8435E-05  7.1656E-01  1.7953E+00  1.1742E+00  1.7953E+00
  6.2920E-01  2.0988E+00  1.8639E-05  7.2446E-01  1.7953E+00  1.1742E+00  1.7953E+00
  6.3360E-01  2.1135E+00  1.8842E-05  7.3236E-01  1.7953E+00  1.1742E+00  1.7953E+00
  6.3800E-01  2.1281E+00  1.9045E-05  7.4026E-01  1.7953E+00  1.1742E+00  1.7953E+00
  6.4240E-01  2.1428E+00  1.9249E-05  7.4816E-01  1.7952E+00  1.1742E+00  1.7952E+00
  6.4680E-01  2.1575E+00  1.9452E-05  7.5605E-01  1.7952E+00  1.1742E+00  1.7952E+00
  6.5120E-01  2.1722E+00  1.9656E-05  7.6395E-01  1.7951E+00  1.1742E+00  1.7951E+00
  6.5560E-01  2.1869E+00  1.9859E-05  7.7185E-01  1.7949E+00  1.1742E+00  1.7949E+00
  6.6000E-01  2.2015E+00  2.0062E-05  7.7975E-01  1.7945E+00  1.1742E+00  1.7945E+00
  6.6440E-01  2.2162E+00  2.0266E-05  7.8764E-01  1.7938E+00  1.1742E+00  1.7938E+00
  6.6880E-01  2.2309E+00  2.0469E-05  7.9553E-01  1.7926E+00  1.1742E+00  1.7926E+00
  6.7320E-01  2.2456E+00  2.0672E-05  8.0342E-01  1.7904E+00  1.1742E+00  1.7904E+00
  6.7760E-01  2.2602E+00  2.0874E-05  8.1129E-01  1.7866E+00  1.1742E+00  1.7866E+00
  6.8200E-01  2.2749E+00  2.1077E-05  8.1913E-01  1.7798E+00  1.1742E+00  1.7798E+00
  6.8640E-01  2.2896E+00  2.1278E-05  8.2694E-01  1.7681E+00  1.1742E+00  1.7681E+00
  6.9080E-01  2.3043E+00  2.1477E-05  8.3468E-01  1.7487E+00  1.1742E+00  1.7487E+00
  6.9520E-01  2.3189E+00  2.1674E-05  8.4231E-01  1.7181E+00  1.1742E+00  1.7181E+00
  6.9960E-01  2.3336E+00  2.1867E-05  8.4978E-01  1.6732E+00  1.1742E+00  1.6732E+00
  7.0400E-01  2.3483E+00  2.2054E-05  8.5701E-01  1.6125E+00  1.1743E+00  1.6125E+00
  7.0840E-01  2.3630E+00  2.2233E-05  8.6395E-01  1.5369E+00  1.1744E+00  1.5369E+00
  7.1280E-01  2.3776E+00  2.2404E-05  8.7052E-01  1.4491E+00  1.1744E+00  1.4491E+00
  7.1720E-01  2.3923E+00  2.2563E-05  8.7669E-01  1.3525E+00  1.1745E+00  1.3525E+00
  7.2160E-01  2.4070E+00  2.2712E-05  8.8241E-01  1.2499E+00  1.1746E+00  1.2499E+00
  7.2600E-01  2.4217E+00  2.2849E-05  8.8768E-01  1.1435E+00  1.1746E+00  1.1435E+00
  7.3040E-01  2.4364E+00  2.2974E-05  8.9247E-01  1.0345E+00  1.1746E+00  1.0345E+00
  7.3480E-01  2.4510E+00  2.3086E-05  8.9678E-01  9.2393E-01  1.1746E+00  9.2393E-01
  7.3920E-01  2.4657E+00  2.3186E-05  9.0060E-01  8.1222E-01  1.1746E+00  8.1222E-01
  7.4360E-01  2.4804E+00  2.3273E-05  9.0393E-01  6.9973E-01  1.1746E+00  6.9973E-01
  7.4800E-01  2.4951E+00  2.3347E-05  9.0676E-01  5.8671E-01  1.1746E+00  5.8671E-01
  7.5240E-01  2.5097E+00  2.3408E-05  9.0909E-01  4.7332E-01  1.1746E+00  4.7332E-01
  7.5680E-01  2.5244E+00  2.3457E-05  9.1092E-01  3.5973E-01  1.1746E+00  3.5973E-01
  7.6120E-01  2.5391E+00  2.3492E-05  9.1226E-01  2.4614E-01  1.1746E+00  2.4614E-01
  7.6560E-01  2.5538E+00  2.3515E-05  9.1309E-01  1.3280E-01  1.1746E+00  1.3279E-01
  7.7000E-01  2.5684E+00  2.3525E-05  9.1342E-01  2.0111E-02  1.1746E+00  2.0082E-02
  7.7440E-01  2.5831E+00  2.3522E-05  9.1327E-01  9.1390E-02  1.1746E+00 -9.1383E-02
  7.7880E-01  2.5978E+00  2.3507E-05  9.1262E-01  2.0061E-01  1.1746E+00 -2.0061E-01
  7.8320E-01  2.6125E+00  2.3479E-05  9.1151E-01  3.0599E-01  1.1745E+00 -3.0599E-01
  7.8760E-01  2.6272E+00  2.3440E-05  9.0994E-01  4.0515E-01  1.1745E+00 -4.0514E-01
  7.9200E-01  2.6418E+00  2.3389E-05  9.0796E-01  4.9483E-01  1.1744E+00 -4.9483E-01
  7.9640E-01  2.6565E+00  2.3330E-05  9.0560E-01  5.7146E-01  1.1743E+00 -5.7146E-01
  8.0080E-01  2.6712E+00  2.3262E-05  9.0295E-01  6.3229E-01  1.1742E+00 -6.3229E-01
  8.0520E-01  2.6859E+00  2.3188E-05  9.0006E-01  6.7671E-01  1.1742E+00 -6.7671E-01
  8.0960E-01  2.7005E+00  2.3109E-05  8.9702E-01  7.0665E-01  1.1742E+00 -7.0665E-01
  8.1400E-01  2.7152E+00  2.3028E-05  8.9386E-01  7.2553E-01  1.1742E+00 -7.2553E-01
  8.1840E-01  2.7299E+00  2.2945E-05  8.9064E-01  7.3686E-01  1.1743E+00 -7.3686E-01
  8.2280E-01  2.7446E+00  2.2861E-05  8.8739E-01  7.4344E-01  1.1743E+00 -7.4344E-01
  8.2720E-01  2.7592E+00  2.2777E-05  8.8411E-01  7.4719E-01  1.1743E+00 -7.4719E-01
  8.3160E-01  2.7739E+00  2.2692E-05  8.8081E-01  7.4930E-01  1.1743E+00 -7.4930E-01
  8.3600E-01  2.7886E+00  2.2607E-05  8.7751E-01  7.5048E-01  1.1743E+00 -7.5048E-01
  8.4040E-01  2.8033E+00  2.2521E-05  8.7421E-01  7.5114E-01  1.1743E+00 -7.5114E-01
  8.4480E-01  2.8180E+00  2.2436E-05  8.7090E-01  7.5151E-01  1.1743E+00 -7.5150E-01
  8.4920E-01  2.8326E+00  2.2351E-05  8.6760E-01  7.5171E-01  1.1743E+00 -7.5171E-01
  8.5360E-01  2.8473E+00  2.2265E-05  8.6429E-01  7.5182E-01  1.1743E+00 -7.5182E-01
  8.5800E-01  2.8620E+00  2.2180E-05  8.6098E-01  7.5188E-01  1.1743E+00 -7.5188E-01
  8.6240E-01  2.8767E+00  2.2094E-05  8.5767E-01  7.5192E-01  1.1743E+00 -7.5192E-01
  8.6680E-01  2.8913E+00  2.2009E-05  8.5436E-01  7.5194E-01  1.1743E+00 -7.5194E-01
  8.7120E-01  2.9060E+00  2.1924E-05  8.5105E-01  7.5195E-01  1.1743E+00 -7.5195E-01
  8.7560E-01  2.9207E+00  2.1838E-05  8.4775E-01  7.5195E-01  1.1743E+00 -7.5195E-01
  8.8000E-01  2.9354E+00  2.1753E-05  8.4444E-01  7.5195E-01  1.1743E+00 -7.5195E-01
  8.8440E-01  2.9500E+00  2.1667E-05  8.4113E-01  7.5195E-01  1.1743E+00 -7.5195E-01
  8.8880E-01  2.9647E+00  2.1582E-05  8.3782E-01  7.5195E-01  1.1743E+00 -7.5195E-01
  8.9320E-01  2.9794E+00  2.1497E-05  8.3451E-01  7.5195E-01  1.1743E+00 -7.5195E-01
  8.9760E-01  2.9941E+00  2.1411E-05  8.3120E-01  7.5195E-01  1.1743E+00 -7.5195E-01
  9.0200E-01  3.0088E+00  2.1326E-05  8.2789E-01  7.5195E-01  1.1743E+00 -7.5195E-01
  9.0640E-01  3.0234E+00  2.1240E-05  8.2459E-01  7.5195E-01  1.1743E+00 -7.5195E-01
  9.1080E-01  3.0381E+00  2.1155E-05  8.2128E-01  7.5195E-01  1.1743E+00 -7.5195E-01
  9.1520E-01  3.0528E+00  2.1070E-05  8.1797E-01  7.5195E-01  1.1743E+00 -7.5195E-01
  9.1960E-01  3.0675E+00  2.0984E-05  8.1466E-01  7.5195E-01  1.1743E+00 -7.5195E-01
  9.2400E-01  3.0821E+00  2.0899E-05  8.1135E-01  7.5195E-01  1.1743E+00 -7.5195E-01
  9.2840E-01  3.0968E+00  2.0813E-05  8.0804E-01  7.5195E-01  1.1743E+00 -7.5195E-01
  9.3280E-01  3.1115E+00  2.0728E-05  8.0473E-01  7.5195E-01  1.1743E+00 -7.5195E-01
  9.3720E-01  3.1262E+00  2.0643E-05  8.0143E-01  7.5195E-01  1.1743E+00 -7.5195E-01
  9.4160E-01  3.1408E+00  2.0557E-05  7.9812E-01  7.5195E-01  1.1743E+00 -7.5195E-01
  9.4600E-01  3.1555E+00  2.0472E-05  7.9481E-01  7.5195E-01  1.1743E+00 -7.5195E-01
  9.5040E-01  3.1702E+00  2.0386E-05  7.9150E-01  7.5195E-01  1.1743E+00 -7.5195E-01
  9.5480E-01  3.1849E+00  2.0301E-05  7.8819E-01  7.5195E-01  1.1743E+00 -7.5195E-01
  9.5920E-01  3.1996E+00  2.0216E-05  7.8488E-01  7.5195E-01  1.1743E+00 -7.5195E-01
  9.6360E-01  3.2142E+00  2.0130E-05  7.8157E-01  7.5195E-01  1.1743E+00 -7.5195E-01
  9.6800E-01  3.2289E+00  2.0045E-05  7.7827E-01  7.5195E-01  1.1743E+00 -7.5195E-01
  9.7240E-01  3.2436E+00  1.9959E-05  7.7496E-01  7.5195E-01  1.1743E+00 -7.5195E-01
  9.7680E-01  3.2583E+00  1.9874E-05  7.7165E-01  7.5195E-01  1.1743E+00 -7.5195E-01
  9.8120E-01  3.2729E+00  1.9789E-05  7.6834E-01  7.5195E-01  1.1743E+00 -7.5195E-01
  9.8560E-01  3.2876E+00  1.9703E-05  7.6503E-01  7.5195E-01  1.1743E+00 -7.5195E-01
  9.9000E-01  3.3023E+00  1.9618E-05  7.6172E-01  7.5195E-01  1.1743E+00 -7.5195E-01
  9.9440E-01  3.3170E+00  1.9532E-05  7.5841E-01  7.5195E-01  1.1743E+00 -7.5195E-01
  9.9880E-01  3.3316E+00  1.9447E-05  7.5511E-01  7.5195E-01  1.1743E+00 -7.5195E-01
  1.0032E+00  3.3463E+00  1.9362E-05  7.5180E-01  7.5195E-01  1.1743E+00 -7.5195E-01
  1.0076E+00  3.3610E+00  1.9276E-05  7.4849E-01  7.5195E-01  1.1743E+00 -7.5195E-01
  1.0120E+00  3.3757E+00  1.9191E-05  7.4518E-01  7.5195E-01  1.1743E+00 -7.5195E-01
  1.0164E+00  3.3904E+00  1.9105E-05  7.4187E-01  7.5195E-01  1.1743E+00 -7.5195E-01
  1.0208E+00  3.4050E+00  1.9020E-05  7.3856E-01  7.5195E-01  1.1743E+00 -7.5195E-01
  1.0252E+00  3.4197E+00  1.8935E-05  7.3525E-01  7.5195E-01  1.1743E+00 -7.5195E-01
  1.0296E+00  3.4344E+00  1.8849E-05  7.3195E-01  7.5195E-01  1.1743E+00 -7.5195E-01
  1.0340E+00  3.4491E+00  1.8764E-05  7.2864E-01  7.5195E-01  1.1743E+00 -7.5195E-01
  1.0384E+00  3.4637E+00  1.8678E-05  7.2533E-01  7.5195E-01  1.1743E+00 -7.5195E-01
  1.0428E+00  3.4784E+00  1.8593E-05  7.2202E-01  7.5195E-01  1.1743E+00 -7.5195E-01
  1.0472E+00  3.4931E+00  1.8508E-05  7.1871E-01  7.5195E-01  1.1743E+00 -7.5195E-01
  1.0516E+00  3.5078E+00  1.8422E-05  7.1540E-01  7.5195E-01  1.1743E+00 -7.5195E-01
  1.0560E+00  3.5224E+00  1.8337E-05  7.1209E-01  7.5195E-01  1.1743E+00 -7.5195E-01
  1.0604E+00  3.5371E+00  1.8251E-05  7.0879E-01  7.5195E-01  1.1743E+00 -7.5195E-01
  1.0648E+00  3.5518E+00  1.8166E-05  7.0548E-01  7.5195E-01  1.1743E+00 -7.5195E-01
  1.0692E+00  3.5665E+00  1.8081E-05  7.0217E-01  7.5195E-01  1.1743E+00 -7.5195E-01
  1.0736E+00  3.5811E+00  1.7995E-05  6.9886E-01  7.5195E-01  1.1743E+00 -7.5195E-01
  1.0780E+00  3.5958E+00  1.7910E-05  6.9555E-01  7.5195E-01  1.1743E+00 -7.5195E-01
  1.0824E+00  3.6105E+00  1.7824E-05  6.9224E-01  7.5195E-01  1.1743E+00 -7.5195E-01
  1.0868E+00  3.6252E+00  1.7739E-05  6.8893E-01  7.5195E-01  1.1743E+00 -7.5195E-01
  1.0912E+00  3.6399E+00  1.7654E-05  6.8563E-01  7.5195E-01  1.1743E+00 -7.5195E-01
  1.0956E+00  3.6545E+00  1.7568E-05  6.8232E-01  7.5195E-01  1.1743E+00 -7.5195E-01
  1.1000E+00  3.6692E+00  1.7483E-05  6.7901E-01  7.5195E-01  1.1743E+00 -7.5195E-01
  1.1044E+00  3.6839E+00  1.7397E-05  6.7570E-01  7.5195E-01  1.1743E+00 -7.5195E-01
  1.1088E+00  3.6986E+00  1.7312E-05  6.7239E-01  7.5195E-01  1.1743E+00 -7.5195E-01
  1.1132E+00  3.7132E+00  1.7227E-05  6.6908E-01  7.5195E-01  1.1743E+00 -7.5195E-01
  1.1176E+00  3.7279E+00  1.7141E-05  6.6577E-01  7.5195E-01  1.1743E+00 -7.5195E-01
  1.1220E+00  3.7426E+00  1.7056E-05  6.6247E-01  7.5195E-01  1.1743E+00 -7.5195E-01
  1.1264E+00  3.7573E+00  1.6970E-05  6.5916E-01  7.5195E-01  1.1743E+00 -7.5195E-01
  1.1308E+00  3.7719E+00  1.6885E-05  6.5585E-01  7.5195E-01  1.1743E+00 -7.5195E-01
  1.1352E+00  3.7866E+00  1.6800E-05  6.5254E-01  7.5195E-01  1.1743E+00 -7.5195E-01
  1.1396E+00  3.8013E+00  1.6714E-05  6.4923E-01  7.5195E-01  1.1743E+00 -7.5195E-01
  1.1440E+00  3.8160E+00  1.6629E-05  6.4592E-01  7.5195E-01  1.1743E+00 -7.5195E-01
  1.1484E+00  3.8307E+00  1.6543E-05  6.4261E-01  7.5195E-01  1.1743E+00 -7.5195E-01
  1.1528E+00  3.8453E+00  1.6458E-05  6.3931E-01  7.5195E-01  1.1743E+00 -7.5195E-01
  1.1572E+00  3.8600E+00  1.6372E-05  6.3600E-01  7.5195E-01  1.1743E+00 -7.5195E-01
  1.1616E+00  3.8747E+00  1.6287E-05  6.3269E-01  7.5195E-01  1.1743E+00 -7.5195E-01
  1.1660E+00  3.8894E+00  1.6202E-05  6.2938E-01  7.5195E-01  1.1743E+00 -7.5195E-01
  1.1704E+00  3.9040E+00  1.6116E-05  6.2607E-01  7.5195E-01  1.1743E+00 -7.5195E-01
  1.1748E+00  3.9187E+00  1.6031E-05  6.2276E-01  7.5195E-01  1.1743E+00 -7.5195E-01
  1.1792E+00  3.9334E+00  1.5945E-05  6.1945E-01  7.5195E-01  1.1743E+00 -7.5195E-01
  1.1836E+00  3.9481E+00  1.5860E-05  6.1615E-01  7.5195E-01  1.1743E+00 -7.5195E-01
  1.1880E+00  3.9627E+00  1.5775E-05  6.1284E-01  7.5195E-01  1.1743E+00 -7.5195E-01
  1.1924E+00  3.9774E+00  1.5689E-05  6.0953E-01  7.5195E-01  1.1743E+00 -7.5195E-01
  1.1968E+00  3.9921E+00  1.5604E-05  6.0622E-01  7.5195E-01  1.1743E+00 -7.5195E-01
  1.2012E+00  4.0068E+00  1.5518E-05  6.0291E-01  7.5195E-01  1.1743E+00 -7.5195E-01
  1.2056E+00  4.0215E+00  1.5433E-05  5.9960E-01  7.5195E-01  1.1743E+00 -7.5195E-01
  1.2100E+00  4.0361E+00  1.5348E-05  5.9629E-01  7.5195E-01  1.1743E+00 -7.5195E-01
  1.2144E+00  4.0508E+00  1.5262E-05  5.9299E-01  7.5195E-01  1.1743E+00 -7.5195E-01
  1.2188E+00  4.0655E+00  1.5177E-05  5.8968E-01  7.5195E-01  1.1743E+00 -7.5195E-01
  1.2232E+00  4.0802E+00  1.5091E-05  5.8637E-01  7.5195E-01  1.1743E+00 -7.5195E-01
  1.2276E+00  4.0948E+00  1.5006E-05  5.8306E-01  7.5195E-01  1.1743E+00 -7.5195E-01
  1.2320E+00  4.1095E+00  1.4921E-05  5.7975E-01  7.5195E-01  1.1743E+00 -7.5195E-01
  1.2364E+00  4.1242E+00  1.4835E-05  5.7644E-01  7.5195E-01  1.1743E+00 -7.5195E-01
  1.2408E+00  4.1389E+00  1.4750E-05  5.7313E-01  7.5195E-01  1.1743E+00 -7.5195E-01
  1.2452E+00  4.1535E+00  1.4664E-05  5.6983E-01  7.5195E-01  1.1743E+00 -7.5195E-01
  1.2496E+00  4.1682E+00  1.4579E-05  5.6652E-01  7.5195E-01  1.1743E+00 -7.5195E-01
  1.2540E+00  4.1829E+00  1.4494E-05  5.6321E-01  7.5195E-01  1.1743E+00 -7.5195E-01
  1.2584E+00  4.1976E+00  1.4408E-05  5.5990E-01  7.5195E-01  1.1743E+00 -7.5195E-01
  1.2628E+00  4.2123E+00  1.4323E-05  5.5659E-01  7.5195E-01  1.1743E+00 -7.5195E-01
  1.2672E+00  4.2269E+00  1.4237E-05  5.5328E-01  7.5195E-01  1.1743E+00 -7.5195E-01
  1.2716E+00  4.2416E+00  1.4152E-05  5.4997E-01  7.5195E-01  1.1743E+00 -7.5195E-01
  1.2760E+00  4.2563E+00  1.4067E-05  5.4667E-01  7.5195E-01  1.1743E+00 -7.5195E-01
  1.2804E+00  4.2710E+00  1.3981E-05  5.4336E-01  7.5195E-01  1.1743E+00 -7.5195E-01
  1.2848E+00  4.2856E+00  1.3896E-05  5.4005E-01  7.5195E-01  1.1743E+00 -7.5195E-01
  1.2892E+00  4.3003E+00  1.3810E-05  5.3674E-01  7.5195E-01  1.1743E+00 -7.5195E-01
  1.2936E+00  4.3150E+00  1.3725E-05  5.3343E-01  7.5195E-01  1.1743E+00 -7.5195E-01
  1.2980E+00  4.3297E+00  1.3640E-05  5.3012E-01  7.5195E-01  1.1743E+00 -7.5195E-01
  1.3024E+00  4.3443E+00  1.3554E-05  5.2681E-01  7.5195E-01  1.1743E+00 -7.5195E-01
  1.3068E+00  4.3590E+00  1.3469E-05  5.2351E-01  7.5195E-01  1.1743E+00 -7.5195E-01
  1.3112E+00  4.3737E+00  1.3383E-05  5.2020E-01  7.5195E-01  1.1743E+00 -7.5195E-01
  1.3156E+00  4.3884E+00  1.3298E-05  5.1689E-01  7.5195E-01  1.1743E+00 -7.5195E-01
  1.3200E+00  4.4031E+00  1.3213E-05  5.1358E-01  7.5195E-01  1.1743E+00 -7.5195E-01
  1.3244E+00  4.4177E+00  1.3127E-05  5.1027E-01  7.5195E-01  1.1743E+00 -7.5195E-01
  1.3288E+00  4.4324E+00  1.3042E-05  5.0696E-01  7.5195E-01  1.1743E+00 -7.5195E-01
  1.3332E+00  4.4471E+00  1.2956E-05  5.0365E-01  7.5195E-01  1.1743E+00 -7.5195E-01
  1.3376E+00  4.4618E+00  1.2871E-05  5.0035E-01  7.5195E-01  1.1743E+00 -7.5195E-01
  1.3420E+00  4.4764E+00  1.2786E-05  4.9704E-01  7.5195E-01  1.1743E+00 -7.5195E-01
  1.3464E+00  4.4911E+00  1.2700E-05  4.9373E-01  7.5195E-01  1.1743E+00 -7.5195E-01
  1.3508E+00  4.5058E+00  1.2615E-05  4.9042E-01  7.5195E-01  1.1743E+00 -7.5195E-01
  1.3552E+00  4.5205E+00  1.2529E-05  4.8711E-01  7.5195E-01  1.1743E+00 -7.5195E-01
  1.3596E+00  4.5351E+00  1.2444E-05  4.8380E-01  7.5195E-01  1.1743E+00 -7.5195E-01
  1.3640E+00  4.5498E+00  1.2359E-05  4.8049E-01  7.5195E-01  1.1743E+00 -7.5195E-01
  1.3684E+00  4.5645E+00  1.2273E-05  4.7719E-01  7.5195E-01  1.1743E+00 -7.5195E-01
  1.3728E+00  4.5792E+00  1.2188E-05  4.7388E-01  7.5195E-01  1.1743E+00 -7.5195E-01
  1.3772E+00  4.5939E+00  1.2102E-05  4.7057E-01  7.5195E-01  1.1743E+00 -7.5195E-01
  1.3816E+00  4.6085E+00  1.2017E-05  4.6726E-01  7.5195E-01  1.1743E+00 -7.5195E-01
  1.3860E+00  4.6232E+00  1.1932E-05  4.6395E-01  7.5195E-01  1.1743E+00 -7.5195E-01
  1.3904E+00  4.6379E+00  1.1846E-05  4.6064E-01  7.5195E-01  1.1743E+00 -7.5195E-01
  1.3948E+00  4.6526E+00  1.1761E-05  4.5733E-01  7.5195E-01  1.1743E+00 -7.5195E-01
  1.3992E+00  4.6672E+00  1.1675E-05  4.5403E-01  7.5195E-01  1.1743E+00 -7.5195E-01
  1.4036E+00  4.6819E+00  1.1590E-05  4.5072E-01  7.5195E-01  1.1743E+00 -7.5195E-01
  1.4080E+00  4.6966E+00  1.1505E-05  4.4741E-01  7.5195E-01  1.1743E+00 -7.5195E-01
  1.4124E+00  4.7113E+00  1.1419E-05  4.4410E-01  7.5195E-01  1.1743E+00 -7.5195E-01
  1.4168E+00  4.7259E+00  1.1334E-05  4.4079E-01  7.5195E-01  1.1743E+00 -7.5195E-01
  1.4212E+00  4.7406E+00  1.1248E-05  4.3748E-01  7.5195E-01  1.1743E+00 -7.5195E-01
  1.4256E+00  4.7553E+00  1.1163E-05  4.3417E-01  7.5195E-01  1.1743E+00 -7.5195E-01
  1.4300E+00  4.7700E+00  1.1078E-05  4.3087E-01  7.5195E-01  1.1743E+00 -7.5195E-01
  1.4344E+00  4.7846E+00  1.0992E-05  4.2756E-01  7.5195E-01  1.1743E+00 -7.5195E-01
  1.4388E+00  4.7993E+00  1.0907E-05  4.2425E-01  7.5195E-01  1.1743E+00 -7.5195E-01
  1.4432E+00  4.8140E+00  1.0821E-05  4.2094E-01  7.5195E-01  1.1743E+00 -7.5195E-01
  1.4476E+00  4.8287E+00  1.0736E-05  4.1763E-01  7.5195E-01  1.1743E+00 -7.5195E-01
  1.4520E+00  4.8434E+00  1.0651E-05  4.1432E-01  7.5195E-01  1.1743E+00 -7.5195E-01
  1.4564E+00  4.8580E+00  1.0565E-05  4.1101E-01  7.5195E-01  1.1743E+00 -7.5195E-01
  1.4608E+00  4.8727E+00  1.0480E-05  4.0771E-01  7.5195E-01  1.1743E+00 -7.5195E-01
  1.4652E+00  4.8874E+00  1.0394E-05  4.0440E-01  7.5195E-01  1.1743E+00 -7.5195E-01
  1.4696E+00  4.9021E+00  1.0309E-05  4.0109E-01  7.5195E-01  1.1743E+00 -7.5195E-01
  1.4740E+00  4.9167E+00  1.0224E-05  3.9778E-01  7.5195E-01  1.1743E+00 -7.5195E-01
  1.4784E+00  4.9314E+00  1.0138E-05  3.9447E-01  7.5195E-01  1.1743E+00 -7.5195E-01
  1.4828E+00  4.9461E+00  1.0053E-05  3.9116E-01  7.5195E-01  1.1743E+00 -7.5195E-01
  1.4872E+00  4.9608E+00  9.9674E-06  3.8785E-01  7.5195E-01  1.1743E+00 -7.5195E-01
  1.4916E+00  4.9754E+00  9.8819E-06  3.8455E-01  7.5195E-01  1.1743E+00 -7.5195E-01
  1.4960E+00  4.9901E+00  9.7965E-06  3.8124E-01  7.5195E-01  1.1743E+00 -7.5195E-01
  1.5004E+00  5.0048E+00  9.7111E-06  3.7793E-01  7.5195E-01  1.1743E+00 -7.5195E-01
  1.5048E+00  5.0195E+00  9.6257E-06  3.7462E-01  7.5195E-01  1.1743E+00 -7.5195E-01
  1.5092E+00  5.0342E+00  9.5403E-06  3.7131E-01  7.5195E-01  1.1743E+00 -7.5195E-01
  1.5136E+00  5.0488E+00  9.4549E-06  3.6800E-01  7.5195E-01  1.1743E+00 -7.5195E-01
  1.5180E+00  5.0635E+00  9.3695E-06  3.6469E-01  7.5195E-01  1.1743E+00 -7.5195E-01
  1.5224E+00  5.0782E+00  9.2841E-06  3.6139E-01  7.5195E-01  1.1743E+00 -7.5195E-01
  1.5268E+00  5.0929E+00  9.1987E-06  3.5808E-01  7.5195E-01  1.1743E+00 -7.5195E-01
  1.5312E+00  5.1075E+00  9.1133E-06  3.5477E-01  7.5195E-01  1.1743E+00 -7.5195E-01
  1.5356E+00  5.1222E+00  9.0279E-06  3.5146E-01  7.5195E-01  1.1743E+00 -7.5195E-01
  1.5400E+00  5.1369E+00  8.9425E-06  3.4815E-01  7.5195E-01  1.1743E+00 -7.5195E-01
  1.5444E+00  5.1516E+00  8.8571E-06  3.4484E-01  7.5195E-01  1.1743E+00 -7.5195E-01
  1.5488E+00  5.1662E+00  8.7717E-06  3.4153E-01  7.5195E-01  1.1743E+00 -7.5195E-01
  1.5532E+00  5.1809E+00  8.6863E-06  3.3823E-01  7.5195E-01  1.1743E+00 -7.5195E-01
  1.5576E+00  5.1956E+00  8.6009E-06  3.3492E-01  7.5195E-01  1.1743E+00 -7.5195E-01
  1.5620E+00  5.2103E+00  8.5155E-06  3.3161E-01  7.5195E-01  1.1743E+00 -7.5195E-01
  1.5664E+00  5.2250E+00  8.4301E-06  3.2830E-01  7.5195E-01  1.1743E+00 -7.5195E-01
  1.5708E+00  5.2396E+00  8.3447E-06  3.2499E-01  7.5195E-01  1.1743E+00 -7.5195E-01
  1.5752E+00  5.2543E+00  8.2593E-06  3.2168E-01  7.5195E-01  1.1743E+00 -7.5195E-01
  1.5796E+00  5.2690E+00  8.1739E-06  3.1837E-01  7.5195E-01  1.1743E+00 -7.5194E-01
  1.5840E+00  5.2837E+00  8.0885E-06  3.1507E-01  7.5195E-01  1.1743E+00 -7.5194E-01
  1.5884E+00  5.2983E+00  8.0031E-06  3.1176E-01  7.5195E-01  1.1743E+00 -7.5194E-01
  1.5928E+00  5.3130E+00  7.9177E-06  3.0845E-01  7.5195E-01  1.1743E+00 -7.5194E-01
  1.5972E+00  5.3277E+00  7.8323E-06  3.0514E-01  7.5195E-01  1.1743E+00 -7.5194E-01
  1.6016E+00  5.3424E+00  7.7469E-06  3.0183E-01  7.5195E-01  1.1743E+00 -7.5194E-01
  1.6060E+00  5.3570E+00  7.6615E-06  2.9852E-01  7.5195E-01  1.1743E+00 -7.5194E-01
  1.6104E+00  5.3717E+00  7.5761E-06  2.9521E-01  7.5195E-01  1.1743E+00 -7.5194E-01
  1.6148E+00  5.3864E+00  7.4907E-06  2.9191E-01  7.5195E-01  1.1743E+00 -7.5194E-01
  1.6192E+00  5.4011E+00  7.4053E-06  2.8860E-01  7.5195E-01  1.1743E+00 -7.5194E-01
  1.6236E+00  5.4158E+00  7.3199E-06  2.8529E-01  7.5195E-01  1.1743E+00 -7.5194E-01
  1.6280E+00  5.4304E+00  7.2345E-06  2.8198E-01  7.5195E-01  1.1743E+00 -7.5194E-01
  1.6324E+00  5.4451E+00  7.1491E-06  2.7867E-01  7.5195E-01  1.1743E+00 -7.5194E-01
  1.6368E+00  5.4598E+00  7.0637E-06  2.7536E-01  7.5195E-01  1.1743E+00 -7.5194E-01
  1.6412E+00  5.4745E+00  6.9783E-06  2.7205E-01  7.5195E-01  1.1743E+00 -7.5194E-01
  1.6456E+00  5.4891E+00  6.8929E-06  2.6875E-01  7.5195E-01  1.1743E+00 -7.5194E-01
  1.6500E+00  5.5038E+00  6.8075E-06  2.6544E-01  7.5195E-01  1.1743E+00 -7.5194E-01
  1.6544E+00  5.5185E+00  6.7221E-06  2.6213E-01  7.5195E-01  1.1743E+00 -7.5194E-01
  1.6588E+00  5.5332E+00  6.6367E-06  2.5882E-01  7.5195E-01  1.1743E+00 -7.5194E-01
  1.6632E+00  5.5478E+00  6.5513E-06  2.5551E-01  7.5195E-01  1.1743E+00 -7.5194E-01
  1.6676E+00  5.5625E+00  6.4659E-06  2.5220E-01  7.5195E-01  1.1743E+00 -7.5194E-01
  1.6720E+00  5.5772E+00  6.3805E-06  2.4889E-01  7.5195E-01  1.1743E+00 -7.5194E-01
  1.6764E+00  5.5919E+00  6.2951E-06  2.4559E-01  7.5195E-01  1.1743E+00 -7.5194E-01
  1.6808E+00  5.6066E+00  6.2097E-06  2.4228E-01  7.5195E-01  1.1743E+00 -7.5194E-01
  1.6852E+00  5.6212E+00  6.1243E-06  2.3897E-01  7.5195E-01  1.1743E+00 -7.5194E-01
  1.6896E+00  5.6359E+00  6.0389E-06  2.3566E-01  7.5195E-01  1.1743E+00 -7.5194E-01
  1.6940E+00  5.6506E+00  5.9535E-06  2.3235E-01  7.5195E-01  1.1743E+00 -7.5194E-01
  1.6984E+00  5.6653E+00  5.8681E-06  2.2904E-01  7.5195E-01  1.1743E+00 -7.5194E-01
  1.7028E+00  5.6799E+00  5.7827E-06  2.2573E-01  7.5195E-01  1.1743E+00 -7.5194E-01
  1.7072E+00  5.6946E+00  5.6973E-06  2.2243E-01  7.5195E-01  1.1743E+00 -7.5194E-01
  1.7116E+00  5.7093E+00  5.6119E-06  2.1912E-01  7.5195E-01  1.1743E+00 -7.5194E-01
  1.7160E+00  5.7240E+00  5.5265E-06  2.1581E-01  7.5195E-01  1.1743E+00 -7.5194E-01
  1.7204E+00  5.7386E+00  5.4411E-06  2.1250E-01  7.5195E-01  1.1743E+00 -7.5194E-01
  1.7248E+00  5.7533E+00  5.3557E-06  2.0919E-01  7.5195E-01  1.1743E+00 -7.5194E-01
  1.7292E+00  5.7680E+00  5.2702E-06  2.0588E-01  7.5195E-01  1.1743E+00 -7.5194E-01
  1.7336E+00  5.7827E+00  5.1848E-06  2.0257E-01  7.5195E-01  1.1743E+00 -7.5194E-01
  1.7380E+00  5.7974E+00  5.0994E-06  1.9927E-01  7.5195E-01  1.1743E+00 -7.5193E-01
  1.7424E+00  5.8120E+00  5.0140E-06  1.9596E-01  7.5195E-01  1.1743E+00 -7.5193E-01
  1.7468E+00  5.8267E+00  4.9286E-06  1.9265E-01  7.5195E-01  1.1743E+00 -7.5193E-01
  1.7512E+00  5.8414E+00  4.8432E-06  1.8934E-01  7.5195E-01  1.1743E+00 -7.5193E-01
  1.7556E+00  5.8561E+00  4.7578E-06  1.8603E-01  7.5195E-01  1.1743E+00 -7.5193E-01
  1.7600E+00  5.8707E+00  4.6724E-06  1.8272E-01  7.5195E-01  1.1743E+00 -7.5193E-01
  1.7644E+00  5.8854E+00  4.5870E-06  1.7942E-01  7.5195E-01  1.1743E+00 -7.5193E-01
  1.7688E+00  5.9001E+00  4.5016E-06  1.7611E-01  7.5195E-01  1.1743E+00 -7.5193E-01
  1.7732E+00  5.9148E+00  4.4162E-06  1.7280E-01  7.5195E-01  1.1743E+00 -7.5193E-01
  1.7776E+00  5.9294E+00  4.3308E-06  1.6949E-01  7.5195E-01  1.1743E+00 -7.5193E-01
  1.7820E+00  5.9441E+00  4.2454E-06  1.6618E-01  7.5195E-01  1.1743E+00 -7.5193E-01
  1.7864E+00  5.9588E+00  4.1600E-06  1.6287E-01  7.5195E-01  1.1743E+00 -7.5193E-01
  1.7908E+00  5.9735E+00  4.0746E-06  1.5956E-01  7.5195E-01  1.1743E+00 -7.5193E-01
  1.7952E+00  5.9881E+00  3.9892E-06  1.5626E-01  7.5195E-01  1.1743E+00 -7.5192E-01
  1.7996E+00  6.0028E+00  3.9038E-06  1.5295E-01  7.5195E-01  1.1743E+00 -7.5192E-01
  1.8040E+00  6.0175E+00  3.8184E-06  1.4964E-01  7.5195E-01  1.1743E+00 -7.5192E-01
  1.8084E+00  6.0322E+00  3.7330E-06  1.4633E-01  7.5195E-01  1.1743E+00 -7.5192E-01
  1.8128E+00  6.0469E+00  3.6476E-06  1.4302E-01  7.5195E-01  1.1743E+00 -7.5192E-01
  1.8172E+00  6.0615E+00  3.5622E-06  1.3971E-01  7.5195E-01  1.1743E+00 -7.5192E-01
  1.8216E+00  6.0762E+00  3.4768E-06  1.3641E-01  7.5195E-01  1.1743E+00 -7.5192E-01
  1.8260E+00  6.0909E+00  3.3914E-06  1.3310E-01  7.5195E-01  1.1743E+00 -7.5191E-01
  1.8304E+00  6.1056E+00  3.3060E-06  1.2979E-01  7.5195E-01  1.1743E+00 -7.5191E-01
  1.8348E+00  6.1202E+00  3.2206E-06  1.2648E-01  7.5195E-01  1.1743E+00 -7.5191E-01
  1.8392E+00  6.1349E+00  3.1352E-06  1.2317E-01  7.5195E-01  1.1743E+00 -7.5191E-01
  1.8436E+00  6.1496E+00  3.0498E-06  1.1986E-01  7.5195E-01  1.1743E+00 -7.5191E-01
  1.8480E+00  6.1643E+00  2.9644E-06  1.1655E-01  7.5195E-01  1.1743E+00 -7.5190E-01
  1.8524E+00  6.1789E+00  2.8790E-06  1.1325E-01  7.5195E-01  1.1743E+00 -7.5190E-01
  1.8568E+00  6.1936E+00  2.7936E-06  1.0994E-01  7.5195E-01  1.1743E+00 -7.5190E-01
  1.8612E+00  6.2083E+00  2.7082E-06  1.0663E-01  7.5195E-01  1.1743E+00 -7.5189E-01
  1.8656E+00  6.2230E+00  2.6228E-06  1.0332E-01  7.5195E-01  1.1743E+00 -7.5189E-01
  1.8700E+00  6.2377E+00  2.5374E-06  1.0001E-01  7.5195E-01  1.1743E+00 -7.5189E-01
  1.8744E+00  6.2523E+00  2.4520E-06  9.6705E-02  7.5195E-01  1.1743E+00 -7.5188E-01
  1.8788E+00  6.2670E+00  2.3666E-06  9.3397E-02  7.5195E-01  1.1743E+00 -7.5188E-01
  1.8832E+00  6.2817E+00  2.2812E-06  9.0088E-02  7.5195E-01  1.1743E+00 -7.5187E-01
  1.8876E+00  6.2964E+00  2.1958E-06  8.6780E-02  7.5195E-01  1.1743E+00 -7.5186E-01
  1.8920E+00  6.3110E+00  2.1104E-06  8.3472E-02  7.5195E-01  1.1743E+00 -7.5186E-01
  1.8964E+00  6.3257E+00  2.0250E-06  8.0164E-02  7.5195E-01  1.1743E+00 -7.5185E-01
  1.9008E+00  6.3404E+00  1.9396E-06  7.6856E-02  7.5195E-01  1.1743E+00 -7.5184E-01
  1.9052E+00  6.3551E+00  1.8542E-06  7.3548E-02  7.5195E-01  1.1743E+00 -7.5183E-01
  1.9096E+00  6.3697E+00  1.7688E-06  7.0240E-02  7.5195E-01  1.1743E+00 -7.5182E-01
  1.9140E+00  6.3844E+00  1.6834E-06  6.6932E-02  7.5195E-01  1.1743E+00 -7.5180E-01
  1.9184E+00  6.3991E+00  1.5980E-06  6.3624E-02  7.5195E-01  1.1743E+00 -7.5179E-01
  1.9228E+00  6.4138E+00  1.5126E-06  6.0316E-02  7.5195E-01  1.1743E+00 -7.5177E-01
  1.9272E+00  6.4285E+00  1.4272E-06  5.7008E-02  7.5195E-01  1.1743E+00 -7.5175E-01
  1.9316E+00  6.4431E+00  1.3418E-06  5.3701E-02  7.5195E-01  1.1743E+00 -7.5172E-01
  1.9360E+00  6.4578E+00  1.2564E-06  5.0393E-02  7.5195E-01  1.1743E+00 -7.5169E-01
  1.9404E+00  6.4725E+00  1.1710E-06  4.7086E-02  7.5195E-01  1.1743E+00 -7.5165E-01
  1.9448E+00  6.4872E+00  1.0856E-06  4.3779E-02  7.5195E-01  1.1743E+00 -7.5160E-01
  1.9492E+00  6.5018E+00  1.0002E-06  4.0472E-02  7.5195E-01  1.1743E+00 -7.5155E-01
  1.9536E+00  6.5165E+00  9.1475E-07  3.7165E-02  7.5195E-01  1.1743E+00 -7.5147E-01
  1.9580E+00  6.5312E+00  8.2935E-07  3.3859E-02  7.5195E-01  1.1743E+00 -7.5137E-01
  1.9624E+00  6.5459E+00  7.4395E-07  3.0553E-02  7.5195E-01  1.1743E+00 -7.5124E-01
  1.9668E+00  6.5605E+00  6.5855E-07  2.7248E-02  7.5195E-01  1.1743E+00 -7.5106E-01
  1.9712E+00  6.5752E+00  5.7315E-07  2.3944E-02  7.5195E-01  1.1743E+00 -7.5079E-01
  1.9756E+00  6.5899E+00  4.8774E-07  2.0641E-02  7.5195E-01  1.1743E+00 -7.5039E-01
  1.9800E+00  6.6046E+00  4.0234E-07  1.7341E-02  7.5195E-01  1.1743E+00 -7.4974E-01
  1.9844E+00  6.6193E+00  3.1694E-07  1.4044E-02  7.5195E-01  1.1743E+00 -7.4858E-01
  1.9888E+00  6.6339E+00  2.3154E-07  1.0755E-02  7.5195E-01  1.1743E+00 -7.4619E-01
  1.9932E+00  6.6486E+00  1.4614E-07  7.4828E-03  7.5195E-01  1.1743E+00 -7.4000E-01
  1.9976E+00  6.6633E+00  6.0735E-08  4.2675E-03  7.5195E-01  1.1743E+00 -7.1456E-01
  2.0000E+00  6.6713E+00  1.4184E-08  2.6147E-03  7.5195E-01  1.1743E+00 -6.4759E-01
  2.0020E+00  6.6780E+00 -2.4667E-08  1.5243E-03  7.5195E-01  1.1743E+00 -3.6835E-01
