  0.0000E+00  0.0000E+00  6.0000E+02  0.0000E+00  1.6975E-02  0.0000E+00  0.0000E+00
  4.4000E-03  1.4677E-02  6.0000E+02  4.4221E-06  1.6975E-02  7.3105E-08 -6.5149E-04
  8.8000E-03  2.9354E-02  6.0000E+02  8.8443E-06  1.6975E-02  1.4621E-07 -6.5149E-04
  1.3200E-02  4.4031E-02  6.0000E+02  1.3266E-05  1.6975E-02  2.1932E-07 -6.5149E-04
  1.7600E-02  5.8707E-02  6.0000E+02  1.7689E-05  1.6975E-02  2.9242E-07 -6.5149E-04
  2.2000E-02  7.3384E-02  6.0000E+02  2.2111E-05  1.6975E-02  3.6553E-07 -6.5149E-04
  2.6400E-02  8.8061E-02  6.0000E+02  2.6533E-05  1.6975E-02  4.3863E-07 -6.5149E-04
  3.0800E-02  1.0274E-01  6.0000E+02  3.0955E-05  1.6975E-02  5.1174E-07 -6.5149E-04
  3.5200E-02  1.1741E-01  6.0000E+02  3.5377E-05  1.6975E-02  5.8484E-07 -6.5149E-04
  3.9600E-02  1.3209E-01  6.0000E+02  3.9799E-05  1.6975E-02  6.5795E-07 -6.5149E-04
  4.4000E-02  1.4677E-01  6.0000E+02  4.4221E-05  1.6975E-02  7.3105E-07 -6.5149E-04
  4.8400E-02  1.6145E-01  6.0000E+02  4.8644E-05  1.6975E-02  8.0416E-07 -6.5149E-04
  5.2800E-02  1.7612E-01  6.0000E+02  5.3066E-05  1.6975E-02  8.7726E-07 -6.5149E-04
  5.7200E-02  1.9080E-01  6.0000E+02  5.7488E-05  1.6975E-02  9.5037E-07 -6.5149E-04
  6.1600E-02  2.0548E-01  6.0000E+02  6.1910E-05  1.6975E-02  1.0235E-06 -6.5149E-04
  6.6000E-02  2.2015E-01  6.0000E+02  6.6332E-05  1.6975E-02  1.0966E-06 -6.5149E-04
  7.0400E-02  2.3483E-01  6.0000E+02  7.0754E-05  1.6975E-02  1.1697E-06 -6.5149E-04
  7.4800E-02  2.4951E-01  6.0000E+02  7.5176E-05  1.6975E-02  1.2428E-06 -6.5149E-04
  7.9200E-02  2.6418E-01  6.0000E+02  7.9599E-05  1.6975E-02  1.3159E-06 -6.5149E-04
  8.3600E-02  2.7886E-01  6.0000E+02  8.4021E-05  1.6975E-02  1.3890E-06 -6.5149E-04
  8.8000E-02  2.9354E-01  6.0000E+02  8.8443E-05  1.6975E-02  1.4621E-06 -6.5149E-04
  9.2400E-02  3.0821E-01  6.0000E+02  9.2865E-05  1.6975E-02  1.5352E-06 -6.5149E-04
  9.6800E-02  3.2289E-01  6.0000E+02  9.7287E-05  1.6975E-02  1.6083E-06 -6.5149E-04
  1.0120E-01  3.3757E-01  6.0000E+02  1.0171E-04  1.6975E-02  1.6814E-06 -6.5149E-04
  1.0560E-01  3.5224E-01  6.0000E+02  1.0613E-04  1.6975E-02  1.7545E-06 -6.5149E-04
  1.1000E-01  3.6692E-01  6.0000E+02  1.1055E-04  1.6975E-02  1.8276E-06 -6.5149E-04
  1.1440E-01  3.8160E-01  6.0000E+02  1.1498E-04  1.6975E-02  1.9007E-06 -6.5149E-04
  1.1880E-01  3.9627E-01  6.0000E+02  1.1940E-04  1.6975E-02  1.9738E-06 -6.5149E-04
  1.2320E-01  4.1095E-01  6.0000E+02  1.2382E-04  1.6975E-02  2.0469E-06 -6.5149E-04
  1.2760E-01  4.2563E-01  6.0000E+02  1.2824E-04  1.6975E-02  2.1201E-06 -6.5149E-04
  1.3200E-01  4.4031E-01  6.0000E+02  1.3266E-04  1.6975E-02  2.1932E-06 -6.5149E-04
  1.3640E-01  4.5498E-01  6.0000E+02  1.3709E-04  1.3860E-02  2.2663E-06 -6.5149E-04
  1.4080E-01  4.6966E-01  6.0000E+02  1.4151E-04  1.5496E-02  2.3394E-06 -6.5151E-04
  1.4520E-01  4.8434E-01  6.0000E+02  1.4593E-04  1.6975E-02  2.4125E-06 -6.5168E-04
  1.4960E-01  4.9901E-01  6.0000E+02  1.5035E-04  1.5183E-02  2.4856E-06 -6.5357E-04
  1.5400E-01  5.1369E-01  6.0000E+02  1.5478E-04  1.5496E-02  2.5587E-06 -6.6416E-04
  1.5840E-01  5.2837E-01  6.0000E+02  1.5924E-04  1.6975E-02  2.6323E-06 -6.9103E-04
  1.6280E-01  5.4304E-01  6.0000E+02  1.6382E-04  1.6975E-02  2.7076E-06 -7.3544E-04
  1.6720E-01  5.5772E-01  6.0000E+02  1.6857E-04  1.6975E-02  2.7857E-06 -7.9654E-04
  1.7160E-01  5.7240E-01  6.0000E+02  1.7361E-04  1.4700E-02  2.8683E-06 -8.7314E-04
  1.7600E-01  5.8707E-01  6.0000E+02  1.7903E-04  1.4700E-02  2.9569E-06 -9.6391E-04
  1.8040E-01  6.0175E-01  6.0000E+02  1.8495E-04  1.4700E-02  3.0535E-06 -1.0672E-03
  1.8480E-01  6.1643E-01  6.0000E+02  1.9147E-04  1.6975E-02  3.1597E-06 -1.1803E-03
  1.8920E-01  6.3110E-01  6.0000E+02  1.9850E-04  2.4006E-02  3.2740E-06 -1.2961E-03
  1.9360E-01  6.4578E-01  6.0000E+02  2.0578E-04  1.3860E-02  3.3921E-06 -1.4062E-03
  1.9800E-01  6.6046E-01  6.0000E+02  2.1318E-04  1.3860E-02  3.5123E-06 -1.5082E-03
  2.0240E-01  6.7513E-01  6.0000E+02  2.2070E-04         NaN  3.6341E-06 -1.6027E-03
  2.0680E-01  6.8981E-01  6.0000E+02  2.2830E-04         NaN  3.7574E-06 -1.6903E-03
  2.1120E-01  7.0449E-01  6.0000E+02  2.3599E-04         NaN  3.8819E-06 -1.7716E-03
  2.1560E-01  7.1917E-01  6.0000E+02  2.4375E-04         NaN  4.0076E-06 -1.8472E-03
  2.2000E-01  7.3384E-01  6.0000E+02  2.5159E-04         NaN  4.1343E-06 -1.9175E-03
  2.2440E-01  7.4852E-01  6.0000E+02  2.5949E-04         NaN  4.2621E-06 -1.9832E-03
  2.2880E-01  7.6320E-01  6.0000E+02  2.6744E-04         NaN  4.3907E-06 -2.0446E-03
  2.3320E-01  7.7787E-01  6.0000E+02  2.7544E-04         NaN  4.5202E-06 -2.1020E-03
  2.3760E-01  7.9255E-01  6.0000E+02  2.8350E-04         NaN  4.6503E-06 -2.1558E-03
  2.4200E-01  8.0723E-01  6.0000E+02  2.9160E-04         NaN  4.7812E-06 -2.2063E-03
  2.4640E-01  8.2190E-01  6.0000E+02  2.9973E-04  1.6975E-02  4.9127E-06 -2.2537E-03
  2.5080E-01  8.3658E-01  6.0000E+02  3.0791E-04  1.4700E-02  5.0448E-06 -2.2984E-03
  2.5520E-01  8.5126E-01  6.0000E+02  3.1612E-04  1.3860E-02  5.1774E-06 -2.3405E-03
  2.5960E-01  8.6593E-01  6.0000E+02  3.2436E-04  1.2003E-02  5.3105E-06 -2.3802E-03
  2.6400E-01  8.8061E-01  6.0000E+02  3.3263E-04  1.4700E-02  5.4441E-06 -2.4178E-03
  2.6840E-01  8.9529E-01  6.0000E+02  3.4092E-04  0.0000E+00  5.5780E-06 -2.4533E-03
  2.7280E-01  9.0996E-01  6.0000E+02  3.4924E-04  1.5715E-02  5.7123E-06 -2.4870E-03
  2.7720E-01  9.2464E-01  6.0000E+02  3.5756E-04  1.5715E-02  5.8467E-06 -2.5188E-03
  2.8160E-01  9.3932E-01  6.0000E+02  3.6587E-04  1.5496E-02  5.9808E-06 -2.5488E-03
  2.8600E-01  9.5399E-01  6.0000E+02  3.7411E-04  1.5496E-02  6.1139E-06 -2.5768E-03
  2.9040E-01  9.6867E-01  6.0000E+02  3.8217E-04  1.5183E-02  6.2440E-06 -2.6025E-03
  2.9480E-01  9.8335E-01  6.0000E+02  3.8990E-04  1.4700E-02  6.3689E-06 -2.6253E-03
  2.9920E-01  9.9803E-01  6.0000E+02  3.9714E-04  1.6004E-02  6.4860E-06 -2.6445E-03
  3.0360E-01  1.0127E+00  6.0000E+02  4.0381E-04  1.5183E-02  6.5939E-06 -2.6600E-03
  3.0800E-01  1.0274E+00  6.0000E+02  4.0988E-04  1.5878E-02  6.6922E-06 -2.6717E-03
  3.1240E-01  1.0421E+00  6.0000E+02  4.1535E-04  1.5183E-02  6.7810E-06 -2.6797E-03
  3.1680E-01  1.0567E+00  6.0000E+02  4.2024E-04  1.4700E-02  6.8606E-06 -2.6841E-03
  3.2120E-01  1.0714E+00  6.0000E+02  4.2460E-04  1.2003E-02  6.9316E-06 -2.6850E-03
  3.2560E-01  1.0861E+00  6.0000E+02  4.2845E-04  1.5496E-02  6.9947E-06 -2.6825E-03
  3.3000E-01  1.1008E+00  6.0000E+02  4.3185E-04  1.3860E-02  7.0506E-06 -2.6767E-03
  3.3440E-01  1.1154E+00  6.0000E+02  4.3483E-04  1.5715E-02  7.1000E-06 -2.6675E-03
  3.3880E-01  1.1301E+00  6.0000E+02  4.3746E-04  1.5496E-02  7.1437E-06 -2.6550E-03
  3.4320E-01  1.1448E+00  6.0000E+02  4.3978E-04  1.5496E-02  7.1827E-06 -2.6391E-03
  3.4760E-01  1.1595E+00  6.0000E+02  4.4184E-04  1.5878E-02  7.2178E-06 -2.6199E-03
  3.5200E-01  1.1741E+00  6.0000E+02  4.4372E-04  1.5878E-02  7.2500E-06 -2.5972E-03
  3.5640E-01  1.1888E+00  6.0000E+02  4.4546E-04  1.4700E-02  7.2803E-06 -2.5710E-03
  3.6080E-01  1.2035E+00  6.0000E+02  4.4713E-04  1.6975E-02  7.3097E-06 -2.5412E-03
  3.6520E-01  1.2182E+00  6.0000E+02  4.4879E-04  1.5496E-02  7.3392E-06 -2.5078E-03
  3.6960E-01  1.2329E+00  6.0000E+02  4.5052E-04  1.5183E-02  7.3700E-06 -2.4708E-03
  3.7400E-01  1.2475E+00  6.0000E+02  4.5238E-04  1.5183E-02  7.4033E-06 -2.4299E-03
  3.7840E-01  1.2622E+00  6.0000E+02  4.5445E-04  1.5496E-02  7.4401E-06 -2.3853E-03
  3.8280E-01  1.2769E+00  6.0000E+02  4.5680E-04  1.5183E-02  7.4818E-06 -2.3369E-03
  3.8720E-01  1.2916E+00  6.0000E+02  4.5951E-04  1.6975E-02  7.5295E-06 -2.2847E-03
  3.9160E-01  1.3062E+00  6.0000E+02  4.6264E-04  1.4700E-02  7.5844E-06 -2.2288E-03
  3.9600E-01  1.3209E+00  6.0000E+02  4.6628E-04  1.5715E-02  7.6478E-06 -2.1692E-03
  4.0040E-01  1.3356E+00  6.0000E+02  4.7049E-04  1.5183E-02  7.7207E-06 -2.1061E-03
  4.0480E-01  1.3503E+00  6.0000E+02  4.7531E-04  1.5715E-02  7.8037E-06 -2.0401E-03
  4.0920E-01  1.3649E+00  6.0000E+02  4.8071E-04  1.5183E-02  7.8965E-06 -1.9716E-03
  4.1360E-01  1.3796E+00  6.0000E+02  4.8662E-04         NaN  7.9975E-06 -1.9019E-03
  4.1800E-01  1.3943E+00  6.0000E+02  4.9290E-04  0.0000E+00  8.1046E-06 -1.8319E-03
  4.2240E-01  1.4090E+00  6.0000E+02  4.9942E-04         NaN  8.2155E-06 -1.7626E-03
  4.2680E-01  1.4237E+00  6.0000E+02  5.0611E-04         NaN  8.3293E-06 -1.6944E-03
  4.3120E-01  1.4383E+00  6.0000E+02  5.1294E-04  1.9601E-02  8.4452E-06 -1.6274E-03
  4.3560E-01  1.4530E+00  6.0000E+02  5.1990E-04  2.4006E-02  8.5630E-06 -1.5619E-03
  4.4000E-01  1.4677E+00  6.0000E+02  5.2696E-04  0.0000E+00  8.6825E-06 -1.4977E-03
  4.4440E-01  1.4824E+00  6.0000E+02  5.3414E-04         NaN  8.8037E-06 -1.4349E-03
  4.4880E-01  1.4970E+00  6.0000E+02  5.4141E-04         NaN  8.9264E-06 -1.3736E-03
  4.5320E-01  1.5117E+00  6.0000E+02  5.4878E-04  2.0790E-02  9.0506E-06 -1.3136E-03
  4.5760E-01  1.5264E+00  6.0000E+02  5.5624E-04  2.4006E-02  9.1762E-06 -1.2551E-03
  4.6200E-01  1.5411E+00  6.0000E+02  5.6379E-04  2.4006E-02  9.3031E-06 -1.1979E-03
  4.6640E-01  1.5557E+00  6.0000E+02  5.7143E-04  2.4006E-02  9.4314E-06 -1.1420E-03
  4.7080E-01  1.5704E+00  6.0000E+02  5.7914E-04  2.4006E-02  9.5609E-06 -1.0874E-03
  4.7520E-01  1.5851E+00  6.0000E+02  5.8694E-04  2.4006E-02  9.6916E-06 -1.0342E-03
  4.7960E-01  1.5998E+00  6.0000E+02  5.9481E-04  2.4006E-02  9.8235E-06 -9.8220E-04
  4.8400E-01  1.6145E+00  6.0000E+02  6.0276E-04  2.4006E-02  9.9564E-06 -9.3146E-04
  4.8840E-01  1.6291E+00  6.0000E+02  6.1077E-04  2.4006E-02  1.0090E-05 -8.8194E-04
  4.9280E-01  1.6438E+00  6.0000E+02  6.1885E-04  2.4006E-02  1.0226E-05 -8.3362E-04
  4.9720E-01  1.6585E+00  6.0000E+02  6.2700E-04  2.4006E-02  1.0362E-05 -7.8646E-04
  5.0160E-01  1.6732E+00  6.0000E+02  6.3520E-04  2.4006E-02  1.0499E-05 -7.4043E-04
  5.0600E-01  1.6878E+00  6.0000E+02  6.4347E-04  2.4006E-02  1.0636E-05 -6.9552E-04
  5.1040E-01  1.7025E+00  6.0000E+02  6.5180E-04  2.4006E-02  1.0775E-05 -6.5169E-04
  5.1480E-01  1.7172E+00  6.0000E+02  6.6017E-04  2.4006E-02  1.0915E-05 -6.0891E-04
  5.1920E-01  1.7319E+00  6.0000E+02  6.6861E-04  2.4006E-02  1.1055E-05 -5.6716E-04
  5.2360E-01  1.7465E+00  6.0000E+02  6.7709E-04  2.4006E-02  1.1196E-05 -5.2641E-04
  5.2800E-01  1.7612E+00  6.0000E+02  6.8562E-04  2.4006E-02  1.1338E-05 -4.8664E-04
  5.3240E-01  1.7759E+00  6.0000E+02  6.9420E-04  2.4006E-02  1.1481E-05 -4.4781E-04
  5.3680E-01  1.7906E+00  6.0000E+02  7.0283E-04  2.4006E-02  1.1624E-05 -4.0990E-04
  5.4120E-01  1.8053E+00  6.0000E+02  7.1150E-04  2.4006E-02  1.1768E-05 -3.7289E-04
  5.4560E-01  1.8199E+00  6.0000E+02  7.2021E-04  2.4006E-02  1.1913E-05 -3.3675E-04
  5.5000E-01  1.8346E+00  6.0000E+02  7.2897E-04  2.4006E-02  1.2058E-05 -3.0146E-04
  5.5440E-01  1.8493E+00  6.0000E+02  7.3776E-04  2.4006E-02  1.2204E-05 -2.6699E-04
  5.5880E-01  1.8640E+00  6.0000E+02  7.4659E-04  2.4006E-02  1.2351E-05 -2.3332E-04
  5.6320E-01  1.8786E+00  6.0000E+02  7.5546E-04  2.4006E-02  1.2498E-05 -2.0043E-04
  5.6760E-01  1.8933E+00  6.0000E+02  7.6436E-04  2.4006E-02  1.2645E-05 -1.6829E-04
  5.7200E-01  1.9080E+00  6.0000E+02  7.7330E-04  2.4006E-02  1.2793E-05 -1.3689E-04
  5.7640E-01  1.9227E+00  6.0000E+02  7.8227E-04  2.4006E-02  1.2942E-05 -1.0620E-04
  5.8080E-01  1.9373E+00  6.0000E+02  7.9127E-04  2.4006E-02  1.3091E-05 -7.6206E-05
  5.8520E-01  1.9520E+00  6.0000E+02  8.0030E-04  2.4006E-02  1.3241E-05 -4.6883E-05
  5.8960E-01  1.9667E+00  6.0000E+02  8.0937E-04  2.4006E-02  1.3391E-05 -1.8213E-05
  5.9400E-01  1.9814E+00  6.0000E+02  8.1846E-04  2.4006E-02  1.3541E-05  9.8209E-06
  5.9840E-01  1.9961E+00  6.0000E+02  8.2758E-04  2.4006E-02  1.3692E-05  3.7238E-05
  6.0280E-01  2.0107E+00  6.0000E+02  8.3672E-04  2.4006E-02  1.3843E-05  6.4055E-05
  6.0720E-01  2.0254E+00  6.0000E+02  8.4590E-04  2.4006E-02  1.3995E-05  9.0290E-05
  6.1160E-01  2.0401E+00  6.0000E+02  8.5509E-04  2.4006E-02  1.4147E-05  1.1596E-04
  6.1600E-01  2.0548E+00  6.0000E+02  8.6432E-04  2.4006E-02  1.4299E-05  1.4108E-04
  6.2040E-01  2.0694E+00  6.0000E+02  8.7356E-04  2.4006E-02  1.4452E-05  1.6566E-04
  6.2480E-01  2.0841E+00  6.0000E+02  8.8283E-04  1.6975E-02  1.4605E-05  1.8972E-04
  6.2920E-01  2.0988E+00  6.0000E+02  8.9212E-04  2.0790E-02  1.4758E-05  2.1328E-04
  6.3360E-01  2.1135E+00  6.0000E+02  9.0143E-04  2.4006E-02  1.4912E-05  2.3635E-04
  6.3800E-01  2.1281E+00  6.0000E+02  9.1077E-04  2.4006E-02  1.5066E-05  2.5894E-04
  6.4240E-01  2.1428E+00  6.0000E+02  9.2012E-04  2.4006E-02  1.5221E-05  2.8106E-04
  6.4680E-01  2.1575E+00  6.0000E+02  9.2949E-04  2.4006E-02  1.5375E-05  3.0273E-04
  6.5120E-01  2.1722E+00  6.0000E+02  9.3888E-04  2.4006E-02  1.5530E-05  3.2396E-04
  6.5560E-01  2.1869E+00  6.0000E+02  9.4829E-04         NaN  1.5686E-05  3.4476E-04
  6.6000E-01  2.2015E+00  6.0000E+02  9.5771E-04  2.4006E-02  1.5841E-05  3.6513E-04
  6.6440E-01  2.2162E+00  6.0000E+02  9.6715E-04  0.0000E+00  1.5997E-05  3.8509E-04
  6.6880E-01  2.2309E+00  6.0000E+02  9.7659E-04  1.6975E-02  1.6152E-05  4.0464E-04
  6.7320E-01  2.2456E+00  6.0000E+02  9.8603E-04  2.0790E-02  1.6308E-05  4.2377E-04
  6.7760E-01  2.2602E+00  6.0000E+02  9.9546E-04  1.9601E-02  1.6463E-05  4.4246E-04
  6.8200E-01  2.2749E+00  6.0000E+02  1.0048E-03         NaN  1.6618E-05  4.6068E-04
  6.8640E-01  2.2896E+00  6.0000E+02  1.0142E-03  1.2003E-02  1.6772E-05  4.7837E-04
  6.9080E-01  2.3043E+00  6.0000E+02  1.0233E-03         NaN  1.6923E-05  4.9539E-04
  6.9520E-01  2.3189E+00  6.0000E+02  1.0323E-03         NaN  1.7070E-05  5.1160E-04
  6.9960E-01  2.3336E+00  6.0000E+02  1.0408E-03         NaN  1.7211E-05  5.2676E-04
  7.0400E-01  2.3483E+00  6.0000E+02  1.0489E-03  1.9601E-02  1.7344E-05  5.4065E-04
  7.0840E-01  2.3630E+00  6.0000E+02  1.0563E-03         NaN  1.7467E-05  5.5307E-04
  7.1280E-01  2.3776E+00  6.0000E+02  1.0631E-03  2.0790E-02  1.7578E-05  5.6387E-04
  7.1720E-01  2.3923E+00  6.0000E+02  1.0690E-03         NaN  1.7676E-05  5.7304E-04
  7.2160E-01  2.4070E+00  6.0000E+02  1.0742E-03  1.6975E-02  1.7761E-05  5.8061E-04
  7.2600E-01  2.4217E+00  6.0000E+02  1.0786E-03  1.9601E-02  1.7834E-05  5.8667E-04
  7.3040E-01  2.4364E+00  6.0000E+02  1.0823E-03  1.6975E-02  1.7895E-05  5.9134E-04
  7.3480E-01  2.4510E+00  6.0000E+02  1.0854E-03  2.4006E-02  1.7945E-05  5.9476E-04
  7.3920E-01  2.4657E+00  6.0000E+02  1.0878E-03  1.9601E-02  1.7985E-05  5.9708E-04
  7.4360E-01  2.4804E+00  6.0000E+02  1.0897E-03  2.4006E-02  1.8017E-05  5.9845E-04
  7.4800E-01  2.4951E+00  6.0000E+02  1.0912E-03  0.0000E+00  1.8041E-05  5.9902E-04
  7.5240E-01  2.5097E+00  6.0000E+02  1.0922E-03  2.0790E-02  1.8058E-05  5.9894E-04
  7.5680E-01  2.5244E+00  6.0000E+02  1.0929E-03  2.4006E-02  1.8070E-05  5.9838E-04
  7.6120E-01  2.5391E+00  6.0000E+02  1.0934E-03         NaN  1.8077E-05  5.9747E-04
  7.6560E-01  2.5538E+00  6.0000E+02  1.0937E-03  1.8978E-02  1.8082E-05  5.9639E-04
  7.7000E-01  2.5684E+00  6.0000E+02  1.0938E-03  2.0790E-02  1.8085E-05  5.9528E-04
  7.7440E-01  2.5831E+00  6.0000E+02  1.0940E-03  2.4006E-02  1.8088E-05  5.9431E-04
  7.7880E-01  2.5978E+00  6.0000E+02  1.0942E-03         NaN  1.8090E-05  5.9361E-04
  7.8320E-01  2.6125E+00  6.0000E+02  1.0944E-03         NaN  1.8095E-05  5.9334E-04
  7.8760E-01  2.6272E+00  6.0000E+02  1.0949E-03         NaN  1.8102E-05  5.9358E-04
  7.9200E-01  2.6418E+00  6.0000E+02  1.0955E-03  2.4006E-02  1.8113E-05  5.9443E-04
  7.9640E-01  2.6565E+00  6.0000E+02  1.0963E-03  2.0790E-02  1.8126E-05  5.9590E-04
  8.0080E-01  2.6712E+00  6.0000E+02  1.0974E-03  2.4006E-02  1.8144E-05  5.9795E-04
  8.0520E-01  2.6859E+00  6.0000E+02  1.0986E-03  0.0000E+00  1.8164E-05  6.0047E-04
  8.0960E-01  2.7005E+00  6.0000E+02  1.0999E-03  2.0790E-02  1.8186E-05  6.0333E-04
  8.1400E-01  2.7152E+00  6.0000E+02  1.1014E-03  2.4006E-02  1.8210E-05  6.0643E-04
  8.1840E-01  2.7299E+00  6.0000E+02  1.1029E-03  1.6975E-02  1.8234E-05  6.0968E-04
  8.2280E-01  2.7446E+00  6.0000E+02  1.1044E-03  2.0790E-02  1.8260E-05  6.1300E-04
  8.2720E-01  2.7592E+00  6.0000E+02  1.1060E-03         NaN  1.8285E-05  6.1637E-04
  8.3160E-01  2.7739E+00  6.0000E+02  1.1076E-03  1.6975E-02  1.8311E-05  6.1976E-04
  8.3600E-01  2.7886E+00  6.0000E+02  1.1091E-03  1.6975E-02  1.8337E-05  6.2315E-04
  8.4040E-01  2.8033E+00  6.0000E+02  1.1107E-03  2.4006E-02  1.8363E-05  6.2655E-04
  8.4480E-01  2.8180E+00  6.0000E+02  1.1123E-03  2.0790E-02  1.8389E-05  6.2993E-04
  8.4920E-01  2.8326E+00  6.0000E+02  1.1139E-03  2.0790E-02  1.8415E-05  6.3332E-04
  8.5360E-01  2.8473E+00  6.0000E+02  1.1155E-03  2.0790E-02  1.8441E-05  6.3669E-04
  8.5800E-01  2.8620E+00  6.0000E+02  1.1171E-03  0.0000E+00  1.8468E-05  6.4005E-04
  8.6240E-01  2.8767E+00  6.0000E+02  1.1187E-03         NaN  1.8494E-05  6.4341E-04
  8.6680E-01  2.8913E+00  6.0000E+02  1.1203E-03         NaN  1.8520E-05  6.4675E-04
  8.7120E-01  2.9060E+00  6.0000E+02  1.1218E-03         NaN  1.8546E-05  6.5009E-04
  8.7560E-01  2.9207E+00  6.0000E+02  1.1234E-03  1.6975E-02  1.8572E-05  6.5341E-04
  8.8000E-01  2.9354E+00  6.0000E+02  1.1250E-03  1.6975E-02  1.8598E-05  6.5673E-04
  8.8440E-01  2.9500E+00  6.0000E+02  1.1266E-03  1.6975E-02  1.8625E-05  6.6004E-04
  8.8880E-01  2.9647E+00  6.0000E+02  1.1282E-03  1.6975E-02  1.8651E-05  6.6333E-04
  8.9320E-01  2.9794E+00  6.0000E+02  1.1298E-03  1.6975E-02  1.8677E-05  6.6662E-04
  8.9760E-01  2.9941E+00  6.0000E+02  1.1314E-03  1.6975E-02  1.8703E-05  6.6990E-04
  9.0200E-01  3.0088E+00  6.0000E+02  1.1330E-03  1.6975E-02  1.8729E-05  6.7316E-04
  9.0640E-01  3.0234E+00  6.0000E+02  1.1346E-03  1.6975E-02  1.8756E-05  6.7642E-04
  9.1080E-01  3.0381E+00  6.0000E+02  1.1362E-03  1.6975E-02  1.8782E-05  6.7967E-04
  9.1520E-01  3.0528E+00  6.0000E+02  1.1378E-03  1.6975E-02  1.8808E-05  6.8291E-04
  9.1960E-01  3.0675E+00  6.0000E+02  1.1394E-03  1.6975E-02  1.8834E-05  6.8614E-04
  9.2400E-01  3.0821E+00  6.0000E+02  1.1410E-03  1.6975E-02  1.8861E-05  6.8936E-04
  9.2840E-01  3.0968E+00  6.0000E+02  1.1426E-03  1.6975E-02  1.8887E-05  6.9257E-04
  9.3280E-01  3.1115E+00  6.0000E+02  1.1442E-03  1.6975E-02  1.8913E-05  6.9578E-04
  9.3720E-01  3.1262E+00  6.0000E+02  1.1458E-03  1.6975E-02  1.8939E-05  6.9897E-04
  9.4160E-01  3.1408E+00  6.0000E+02  1.1474E-03  1.6975E-02  1.8966E-05  7.0215E-04
  9.4600E-01  3.1555E+00  6.0000E+02  1.1490E-03  1.6975E-02  1.8992E-05  7.0533E-04
  9.5040E-01  3.1702E+00  6.0000E+02  1.1506E-03  1.6975E-02  1.9018E-05  7.0849E-04
  9.5480E-01  3.1849E+00  6.0000E+02  1.1522E-03  1.6975E-02  1.9045E-05  7.1165E-04
  9.5920E-01  3.1996E+00  6.0000E+02  1.1538E-03  1.6975E-02  1.9071E-05  7.1479E-04
  9.6360E-01  3.2142E+00  6.0000E+02  1.1554E-03  1.6975E-02  1.9097E-05  7.1793E-04
  9.6800E-01  3.2289E+00  6.0000E+02  1.1570E-03  1.6975E-02  1.9124E-05  7.2106E-04
  9.7240E-01  3.2436E+00  6.0000E+02  1.1586E-03  1.6975E-02  1.9150E-05  7.2418E-04
  9.7680E-01  3.2583E+00  6.0000E+02  1.1602E-03  1.6975E-02  1.9176E-05  7.2729E-04
  9.8120E-01  3.2729E+00  6.0000E+02  1.1618E-03  1.6975E-02  1.9203E-05  7.3039E-04
  9.8560E-01  3.2876E+00  6.0000E+02  1.1634E-03  1.6975E-02  1.9229E-05  7.3349E-04
  9.9000E-01  3.3023E+00  6.0000E+02  1.1650E-03  1.6975E-02  1.9255E-05  7.3657E-04
  9.9440E-01  3.3170E+00  6.0000E+02  1.1666E-03  1.6975E-02  1.9282E-05  7.3965E-04
  9.9880E-01  3.3316E+00  6.0000E+02  1.1682E-03  1.6975E-02  1.9308E-05  7.4271E-04
  1.0032E+00  3.3463E+00  6.0000E+02  1.1698E-03  1.6975E-02  1.9335E-05  7.4577E-04
  1.0076E+00  3.3610E+00  6.0000E+02  1.1714E-03  1.6975E-02  1.9361E-05  7.4882E-04
  1.0120E+00  3.3757E+00  6.0000E+02  1.1730E-03  1.6975E-02  1.9387E-05  7.5186E-04
  1.0164E+00  3.3904E+00  6.0000E+02  1.1747E-03  1.6975E-02  1.9414E-05  7.5489E-04
  1.0208E+00  3.4050E+00  6.0000E+02  1.1763E-03  1.6975E-02  1.9440E-05  7.5792E-04
  1.0252E+00  3.4197E+00  6.0000E+02  1.1779E-03  1.6975E-02  1.9467E-05  7.6093E-04
  1.0296E+00  3.4344E+00  6.0000E+02  1.1795E-03  1.6975E-02  1.9493E-05  7.6394E-04
  1.0340E+00  3.4491E+00  6.0000E+02  1.1811E-03  1.6975E-02  1.9520E-05  7.6693E-04
  1.0384E+00  3.4637E+00  6.0000E+02  1.1827E-03  1.6975E-02  1.9546E-05  7.6992E-04
  1.0428E+00  3.4784E+00  6.0000E+02  1.1843E-03  1.6975E-02  1.9572E-05  7.7290E-04
  1.0472E+00  3.4931E+00  6.0000E+02  1.1859E-03  1.6975E-02  1.9599E-05  7.7588E-04
  1.0516E+00  3.5078E+00  6.0000E+02  1.1875E-03  1.6975E-02  1.9625E-05  7.7884E-04
  1.0560E+00  3.5224E+00  6.0000E+02  1.1892E-03  1.6975E-02  1.9652E-05  7.8180E-04
  1.0604E+00  3.5371E+00  6.0000E+02  1.1908E-03  1.6975E-02  1.9678E-05  7.8474E-04
  1.0648E+00  3.5518E+00  6.0000E+02  1.1924E-03  1.6975E-02  1.9705E-05  7.8768E-04
  1.0692E+00  3.5665E+00  6.0000E+02  1.1940E-03  1.6975E-02  1.9731E-05  7.9061E-04
  1.0736E+00  3.5811E+00  6.0000E+02  1.1956E-03  1.6975E-02  1.9758E-05  7.9353E-04
  1.0780E+00  3.5958E+00  6.0000E+02  1.1972E-03  1.6975E-02  1.9784E-05  7.9645E-04
  1.0824E+00  3.6105E+00  6.0000E+02  1.1988E-03  1.6975E-02  1.9811E-05  7.9936E-04
  1.0868E+00  3.6252E+00  6.0000E+02  1.2005E-03  1.6975E-02  1.9838E-05  8.0225E-04
  1.0912E+00  3.6399E+00  6.0000E+02  1.2021E-03  1.6975E-02  1.9864E-05  8.0514E-04
  1.0956E+00  3.6545E+00  6.0000E+02  1.2037E-03  1.6975E-02  1.9891E-05  8.0802E-04
  1.1000E+00  3.6692E+00  6.0000E+02  1.2053E-03  1.6975E-02  1.9917E-05  8.1090E-04
  1.1044E+00  3.6839E+00  6.0000E+02  1.2069E-03  1.6975E-02  1.9944E-05  8.1376E-04
  1.1088E+00  3.6986E+00  6.0000E+02  1.2085E-03  1.6975E-02  1.9970E-05  8.1662E-04
  1.1132E+00  3.7132E+00  6.0000E+02  1.2102E-03  1.6975E-02  1.9997E-05  8.1947E-04
  1.1176E+00  3.7279E+00  6.0000E+02  1.2118E-03  1.6975E-02  2.0024E-05  8.2231E-04
  1.1220E+00  3.7426E+00  6.0000E+02  1.2134E-03  1.6975E-02  2.0050E-05  8.2515E-04
  1.1264E+00  3.7573E+00  6.0000E+02  1.2150E-03  1.6975E-02  2.0077E-05  8.2797E-04
  1.1308E+00  3.7719E+00  6.0000E+02  1.2166E-03  1.6975E-02  2.0103E-05  8.3079E-04
  1.1352E+00  3.7866E+00  6.0000E+02  1.2183E-03  1.6975E-02  2.0130E-05  8.3360E-04
  1.1396E+00  3.8013E+00  6.0000E+02  1.2199E-03  1.6975E-02  2.0157E-05  8.3640E-04
  1.1440E+00  3.8160E+00  6.0000E+02  1.2215E-03  1.6975E-02  2.0183E-05  8.3920E-04
  1.1484E+00  3.8307E+00  6.0000E+02  1.2231E-03  1.6975E-02  2.0210E-05  8.4199E-04
  1.1528E+00  3.8453E+00  6.0000E+02  1.2248E-03  1.6975E-02  2.0236E-05  8.4477E-04
  1.1572E+00  3.8600E+00  6.0000E+02  1.2264E-03  1.6975E-02  2.0263E-05  8.4754E-04
  1.1616E+00  3.8747E+00  6.0000E+02  1.2280E-03  1.6975E-02  2.0290E-05  8.5030E-04
  1.1660E+00  3.8894E+00  6.0000E+02  1.2296E-03  1.6975E-02  2.0316E-05  8.5306E-04
  1.1704E+00  3.9040E+00  6.0000E+02  1.2313E-03  1.6975E-02  2.0343E-05  8.5581E-04
  1.1748E+00  3.9187E+00  6.0000E+02  1.2329E-03  1.6975E-02  2.0370E-05  8.5855E-04
  1.1792E+00  3.9334E+00  6.0000E+02  1.2345E-03  1.6975E-02  2.0396E-05  8.6128E-04
  1.1836E+00  3.9481E+00  6.0000E+02  1.2361E-03  1.6975E-02  2.0423E-05  8.6401E-04
  1.1880E+00  3.9627E+00  6.0000E+02  1.2378E-03  1.6975E-02  2.0450E-05  8.6673E-04
  1.1924E+00  3.9774E+00  6.0000E+02  1.2394E-03  1.6975E-02  2.0477E-05  8.6944E-04
  1.1968E+00  3.9921E+00  6.0000E+02  1.2410E-03  1.6975E-02  2.0503E-05  8.7214E-04
  1.2012E+00  4.0068E+00  6.0000E+02  1.2426E-03  1.6975E-02  2.0530E-05  8.7484E-04
  1.2056E+00  4.0215E+00  6.0000E+02  1.2443E-03  1.6975E-02  2.0557E-05  8.7753E-04
  1.2100E+00  4.0361E+00  6.0000E+02  1.2459E-03  1.6975E-02  2.0583E-05  8.8021E-04
  1.2144E+00  4.0508E+00  6.0000E+02  1.2475E-03  1.6975E-02  2.0610E-05  8.8289E-04
  1.2188E+00  4.0655E+00  6.0000E+02  1.2492E-03  1.6975E-02  2.0637E-05  8.8555E-04
  1.2232E+00  4.0802E+00  6.0000E+02  1.2508E-03  1.6975E-02  2.0664E-05  8.8821E-04
  1.2276E+00  4.0948E+00  6.0000E+02  1.2524E-03  1.6975E-02  2.0690E-05  8.9087E-04
  1.2320E+00  4.1095E+00  6.0000E+02  1.2540E-03  1.6975E-02  2.0717E-05  8.9351E-04
  1.2364E+00  4.1242E+00  6.0000E+02  1.2557E-03  1.6975E-02  2.0744E-05  8.9615E-04
  1.2408E+00  4.1389E+00  6.0000E+02  1.2573E-03  1.6975E-02  2.0771E-05  8.9878E-04
  1.2452E+00  4.1535E+00  6.0000E+02  1.2589E-03  1.6975E-02  2.0798E-05  9.0141E-04
  1.2496E+00  4.1682E+00  6.0000E+02  1.2606E-03  1.6975E-02  2.0824E-05  9.0403E-04
  1.2540E+00  4.1829E+00  6.0000E+02  1.2622E-03  1.6975E-02  2.0851E-05  9.0664E-04
  1.2584E+00  4.1976E+00  6.0000E+02  1.2638E-03  1.6975E-02  2.0878E-05  9.0924E-04
  1.2628E+00  4.2123E+00  6.0000E+02  1.2655E-03  1.6975E-02  2.0905E-05  9.1184E-04
  1.2672E+00  4.2269E+00  6.0000E+02  1.2671E-03  1.6975E-02  2.0932E-05  9.1442E-04
  1.2716E+00  4.2416E+00  6.0000E+02  1.2687E-03  1.6975E-02  2.0958E-05  9.1701E-04
  1.2760E+00  4.2563E+00  6.0000E+02  1.2704E-03  1.6975E-02  2.0985E-05  9.1958E-04
  1.2804E+00  4.2710E+00  6.0000E+02  1.2720E-03  1.6975E-02  2.1012E-05  9.2215E-04
  1.2848E+00  4.2856E+00  6.0000E+02  1.2736E-03  1.6975E-02  2.1039E-05  9.2471E-04
  1.2892E+00  4.3003E+00  6.0000E+02  1.2753E-03  1.6975E-02  2.1066E-05  9.2727E-04
  1.2936E+00  4.3150E+00  6.0000E+02  1.2769E-03  1.6975E-02  2.1093E-05  9.2981E-04
  1.2980E+00  4.3297E+00  6.0000E+02  1.2786E-03  1.6975E-02  2.1119E-05  9.3236E-04
  1.3024E+00  4.3443E+00  6.0000E+02  1.2802E-03  1.6975E-02  2.1146E-05  9.3489E-04
  1.3068E+00  4.3590E+00  6.0000E+02  1.2818E-03  1.6975E-02  2.1173E-05  9.3742E-04
  1.3112E+00  4.3737E+00  6.0000E+02  1.2835E-03  1.6975E-02  2.1200E-05  9.3994E-04
  1.3156E+00  4.3884E+00  6.0000E+02  1.2851E-03  1.6975E-02  2.1227E-05  9.4245E-04
  1.3200E+00  4.4031E+00  6.0000E+02  1.2867E-03  1.6975E-02  2.1254E-05  9.4496E-04
  1.3244E+00  4.4177E+00  6.0000E+02  1.2884E-03  1.6975E-02  2.1281E-05  9.4746E-04
  1.3288E+00  4.4324E+00  6.0000E+02  1.2900E-03  1.6975E-02  2.1308E-05  9.4996E-04
  1.3332E+00  4.4471E+00  6.0000E+02  1.2917E-03  1.6975E-02  2.1334E-05  9.5244E-04
  1.3376E+00  4.4618E+00  6.0000E+02  1.2933E-03  1.6975E-02  2.1361E-05  9.5492E-04
  1.3420E+00  4.4764E+00  6.0000E+02  1.2949E-03  1.6975E-02  2.1388E-05  9.5740E-04
  1.3464E+00  4.4911E+00  6.0000E+02  1.2966E-03  1.6975E-02  2.1415E-05  9.5987E-04
  1.3508E+00  4.5058E+00  6.0000E+02  1.2982E-03  1.6975E-02  2.1442E-05  9.6233E-04
  1.3552E+00  4.5205E+00  6.0000E+02  1.2999E-03  1.6975E-02  2.1469E-05  9.6478E-04
  1.3596E+00  4.5351E+00  6.0000E+02  1.3015E-03  1.6975E-02  2.1496E-05  9.6723E-04
  1.3640E+00  4.5498E+00  6.0000E+02  1.3032E-03  1.6975E-02  2.1523E-05  9.6967E-04
  1.3684E+00  4.5645E+00  6.0000E+02  1.3048E-03  1.6975E-02  2.1550E-05  9.7211E-04
  1.3728E+00  4.5792E+00  6.0000E+02  1.3064E-03  1.6975E-02  2.1577E-05  9.7454E-04
  1.3772E+00  4.5939E+00  6.0000E+02  1.3081E-03  1.6975E-02  2.1604E-05  9.7696E-04
  1.3816E+00  4.6085E+00  6.0000E+02  1.3097E-03  1.6975E-02  2.1631E-05  9.7938E-04
  1.3860E+00  4.6232E+00  6.0000E+02  1.3114E-03  1.6975E-02  2.1658E-05  9.8179E-04
  1.3904E+00  4.6379E+00  6.0000E+02  1.3130E-03  1.6975E-02  2.1685E-05  9.8419E-04
  1.3948E+00  4.6526E+00  6.0000E+02  1.3147E-03  1.6975E-02  2.1712E-05  9.8659E-04
  1.3992E+00  4.6672E+00  6.0000E+02  1.3163E-03  1.6975E-02  2.1739E-05  9.8898E-04
  1.4036E+00  4.6819E+00  6.0000E+02  1.3180E-03  1.6975E-02  2.1766E-05  9.9136E-04
  1.4080E+00  4.6966E+00  6.0000E+02  1.3196E-03  1.6975E-02  2.1793E-05  9.9374E-04
  1.4124E+00  4.7113E+00  6.0000E+02  1.3212E-03  1.6975E-02  2.1820E-05  9.9611E-04
  1.4168E+00  4.7259E+00  6.0000E+02  1.3229E-03  1.6975E-02  2.1847E-05  9.9848E-04
  1.4212E+00  4.7406E+00  6.0000E+02  1.3245E-03  1.6975E-02  2.1874E-05  1.0008E-03
  1.4256E+00  4.7553E+00  6.0000E+02  1.3262E-03  1.6975E-02  2.1901E-05  1.0032E-03
  1.4300E+00  4.7700E+00  6.0000E+02  1.3278E-03  1.6975E-02  2.1928E-05  1.0055E-03
  1.4344E+00  4.7846E+00  6.0000E+02  1.3295E-03  1.6975E-02  2.1955E-05  1.0079E-03
  1.4388E+00  4.7993E+00  6.0000E+02  1.3311E-03  1.6975E-02  2.1982E-05  1.0102E-03
  1.4432E+00  4.8140E+00  6.0000E+02  1.3328E-03  1.6975E-02  2.2009E-05  1.0126E-03
  1.4476E+00  4.8287E+00  6.0000E+02  1.3344E-03  1.6975E-02  2.2036E-05  1.0149E-03
  1.4520E+00  4.8434E+00  6.0000E+02  1.3361E-03  1.6975E-02  2.2063E-05  1.0172E-03
  1.4564E+00  4.8580E+00  6.0000E+02  1.3377E-03  1.6975E-02  2.2090E-05  1.0195E-03
  1.4608E+00  4.8727E+00  6.0000E+02  1.3394E-03  1.6975E-02  2.2117E-05  1.0218E-03
  1.4652E+00  4.8874E+00  6.0000E+02  1.3410E-03  1.6975E-02  2.2144E-05  1.0241E-03
  1.4696E+00  4.9021E+00  6.0000E+02  1.3427E-03  1.6975E-02  2.2171E-05  1.0264E-03
  1.4740E+00  4.9167E+00  6.0000E+02  1.3443E-03  1.6975E-02  2.2198E-05  1.0287E-03
  1.4784E+00  4.9314E+00  6.0000E+02  1.3460E-03  1.6975E-02  2.2225E-05  1.0310E-03
  1.4828E+00  4.9461E+00  6.0000E+02  1.3476E-03  1.6975E-02  2.2252E-05  1.0333E-03
  1.4872E+00  4.9608E+00  6.0000E+02  1.3493E-03  1.6975E-02  2.2279E-05  1.0355E-03
  1.4916E+00  4.9754E+00  6.0000E+02  1.3509E-03  1.6975E-02  2.2307E-05  1.0378E-03
  1.4960E+00  4.9901E+00  6.0000E+02  1.3526E-03  1.6975E-02  2.2334E-05  1.0400E-03
  1.5004E+00  5.0048E+00  6.0000E+02  1.3542E-03  1.6975E-02  2.2361E-05  1.0423E-03
  1.5048E+00  5.0195E+00  6.0000E+02  1.3559E-03  1.6975E-02  2.2388E-05  1.0445E-03
  1.5092E+00  5.0342E+00  6.0000E+02  1.3576E-03  1.6975E-02  2.2415E-05  1.0468E-03
  1.5136E+00  5.0488E+00  6.0000E+02  1.3592E-03  1.6975E-02  2.2442E-05  1.0490E-03
  1.5180E+00  5.0635E+00  6.0000E+02  1.3609E-03  1.6975E-02  2.2469E-05  1.0513E-03
  1.5224E+00  5.0782E+00  6.0000E+02  1.3625E-03  1.6975E-02  2.2496E-05  1.0535E-03
  1.5268E+00  5.0929E+00  6.0000E+02  1.3642E-03  1.6975E-02  2.2523E-05  1.0557E-03
  1.5312E+00  5.1075E+00  6.0000E+02  1.3658E-03  1.6975E-02  2.2551E-05  1.0579E-03
  1.5356E+00  5.1222E+00  6.0000E+02  1.3675E-03  1.6975E-02  2.2578E-05  1.0601E-03
  1.5400E+00  5.1369E+00  6.0000E+02  1.3691E-03  1.6975E-02  2.2605E-05  1.0623E-03
  1.5444E+00  5.1516E+00  6.0000E+02  1.3708E-03  1.6975E-02  2.2632E-05  1.0645E-03
  1.5488E+00  5.1662E+00  6.0000E+02  1.3724E-03  1.6975E-02  2.2659E-05  1.0667E-03
  1.5532E+00  5.1809E+00  6.0000E+02  1.3741E-03  1.6975E-02  2.2686E-05  1.0689E-03
  1.5576E+00  5.1956E+00  6.0000E+02  1.3758E-03  1.6975E-02  2.2714E-05  1.0711E-03
  1.5620E+00  5.2103E+00  6.0000E+02  1.3774E-03  1.6975E-02  2.2741E-05  1.0733E-03
  1.5664E+00  5.2250E+00  6.0000E+02  1.3791E-03  1.6975E-02  2.2768E-05  1.0754E-03
  1.5708E+00  5.2396E+00  6.0000E+02  1.3807E-03  1.6975E-02  2.2795E-05  1.0776E-03
  1.5752E+00  5.2543E+00  6.0000E+02  1.3824E-03  1.6975E-02  2.2822E-05  1.0797E-03
  1.5796E+00  5.2690E+00  6.0000E+02  1.3841E-03  1.6975E-02  2.2849E-05  1.0819E-03
  1.5840E+00  5.2837E+00  6.0000E+02  1.3857E-03  1.6975E-02  2.2877E-05  1.0840E-03
  1.5884E+00  5.2983E+00  6.0000E+02  1.3874E-03  1.6975E-02  2.2904E-05  1.0862E-03
  1.5928E+00  5.3130E+00  6.0000E+02  1.3890E-03  1.6975E-02  2.2931E-05  1.0883E-03
  1.5972E+00  5.3277E+00  6.0000E+02  1.3907E-03  1.6975E-02  2.2958E-05  1.0905E-03
  1.6016E+00  5.3424E+00  6.0000E+02  1.3924E-03  1.6975E-02  2.2985E-05  1.0926E-03
  1.6060E+00  5.3570E+00  6.0000E+02  1.3940E-03  1.6975E-02  2.3013E-05  1.0947E-03
  1.6104E+00  5.3717E+00  6.0000E+02  1.3957E-03  1.6975E-02  2.3040E-05  1.0968E-03
  1.6148E+00  5.3864E+00  6.0000E+02  1.3973E-03  1.6975E-02  2.3067E-05  1.0989E-03
  1.6192E+00  5.4011E+00  6.0000E+02  1.3990E-03  1.6975E-02  2.3094E-05  1.1010E-03
  1.6236E+00  5.4158E+00  6.0000E+02  1.4007E-03  1.6975E-02  2.3122E-05  1.1031E-03
  1.6280E+00  5.4304E+00  6.0000E+02  1.4023E-03  1.6975E-02  2.3149E-05  1.1052E-03
  1.6324E+00  5.4451E+00  6.0000E+02  1.4040E-03  1.6975E-02  2.3176E-05  1.1073E-03
  1.6368E+00  5.4598E+00  6.0000E+02  1.4056E-03  1.6975E-02  2.3203E-05  1.1094E-03
  1.6412E+00  5.4745E+00  6.0000E+02  1.4073E-03  1.6975E-02  2.3231E-05  1.1115E-03
  1.6456E+00  5.4891E+00  6.0000E+02  1.4090E-03  1.6975E-02  2.3258E-05  1.1136E-03
  1.6500E+00  5.5038E+00  6.0000E+02  1.4106E-03  1.6975E-02  2.3285E-05  1.1156E-03
  1.6544E+00  5.5185E+00  6.0000E+02  1.4123E-03  1.6975E-02  2.3312E-05  1.1177E-03
  1.6588E+00  5.5332E+00  6.0000E+02  1.4140E-03  1.6975E-02  2.3340E-05  1.1197E-03
  1.6632E+00  5.5478E+00  6.0000E+02  1.4156E-03  1.6975E-02  2.3367E-05  1.1218E-03
  1.6676E+00  5.5625E+00  6.0000E+02  1.4173E-03  1.6975E-02  2.3394E-05  1.1238E-03
  1.6720E+00  5.5772E+00  6.0000E+02  1.4190E-03  1.6975E-02  2.3421E-05  1.1259E-03
  1.6764E+00  5.5919E+00  6.0000E+02  1.4206E-03  1.6975E-02  2.3449E-05  1.1279E-03
  1.6808E+00  5.6066E+00  6.0000E+02  1.4223E-03  1.6975E-02  2.3476E-05  1.1300E-03
  1.6852E+00  5.6212E+00  6.0000E+02  1.4240E-03  1.6975E-02  2.3503E-05  1.1320E-03
  1.6896E+00  5.6359E+00  6.0000E+02  1.4256E-03  1.6975E-02  2.3531E-05  1.1340E-03
  1.6940E+00  5.6506E+00  6.0000E+02  1.4273E-03  1.6975E-02  2.3558E-05  1.1360E-03
  1.6984E+00  5.6653E+00  6.0000E+02  1.4290E-03  1.6975E-02  2.3585E-05  1.1380E-03
  1.7028E+00  5.6799E+00  6.0000E+02  1.4306E-03  1.6975E-02  2.3613E-05  1.1401E-03
  1.7072E+00  5.6946E+00  6.0000E+02  1.4323E-03  1.6975E-02  2.3640E-05  1.1421E-03
  1.7116E+00  5.7093E+00  6.0000E+02  1.4340E-03  1.6975E-02  2.3667E-05  1.1441E-03
  1.7160E+00  5.7240E+00  6.0000E+02  1.4356E-03  1.6975E-02  2.3695E-05  1.1461E-03
  1.7204E+00  5.7386E+00  6.0000E+02  1.4373E-03  1.6975E-02  2.3722E-05  1.1480E-03
  1.7248E+00  5.7533E+00  6.0000E+02  1.4390E-03  1.6975E-02  2.3749E-05  1.1500E-03
  1.7292E+00  5.7680E+00  6.0000E+02  1.4406E-03  1.6975E-02  2.3777E-05  1.1520E-03
  1.7336E+00  5.7827E+00  6.0000E+02  1.4423E-03  1.6975E-02  2.3804E-05  1.1540E-03
  1.7380E+00  5.7974E+00  6.0000E+02  1.4440E-03  1.6975E-02  2.3831E-05  1.1559E-03
  1.7424E+00  5.8120E+00  6.0000E+02  1.4456E-03  1.6975E-02  2.3859E-05  1.1579E-03
  1.7468E+00  5.8267E+00  6.0000E+02  1.4473E-03  1.6975E-02  2.3886E-05  1.1599E-03
  1.7512E+00  5.8414E+00  6.0000E+02  1.4490E-03  1.6975E-02  2.3913E-05  1.1618E-03
  1.7556E+00  5.8561E+00  6.0000E+02  1.4506E-03  1.6975E-02  2.3941E-05  1.1638E-03
  1.7600E+00  5.8707E+00  6.0000E+02  1.4523E-03  1.6975E-02  2.3968E-05  1.1657E-03
  1.7644E+00  5.8854E+00  6.0000E+02  1.4540E-03  1.6975E-02  2.3995E-05  1.1677E-03
  1.7688E+00  5.9001E+00  6.0000E+02  1.4557E-03  1.6975E-02  2.4023E-05  1.1696E-03
  1.7732E+00  5.9148E+00  6.0000E+02  1.4573E-03  1.6975E-02  2.4050E-05  1.1715E-03
  1.7776E+00  5.9294E+00  6.0000E+02  1.4590E-03  1.6975E-02  2.4078E-05  1.1735E-03
  1.7820E+00  5.9441E+00  6.0000E+02  1.4607E-03  1.6975E-02  2.4105E-05  1.1754E-03
  1.7864E+00  5.9588E+00  6.0000E+02  1.4623E-03  1.6975E-02  2.4132E-05  1.1773E-03
  1.7908E+00  5.9735E+00  6.0000E+02  1.4640E-03  1.6975E-02  2.4160E-05  1.1792E-03
  1.7952E+00  5.9881E+00  6.0000E+02  1.4657E-03  1.6975E-02  2.4187E-05  1.1811E-03
  1.7996E+00  6.0028E+00  6.0000E+02  1.4674E-03  1.6975E-02  2.4215E-05  1.1830E-03
  1.8040E+00  6.0175E+00  6.0000E+02  1.4690E-03  1.6975E-02  2.4242E-05  1.1849E-03
  1.8084E+00  6.0322E+00  6.0000E+02  1.4707E-03  1.6975E-02  2.4269E-05  1.1868E-03
  1.8128E+00  6.0469E+00  6.0000E+02  1.4724E-03  1.6975E-02  2.4297E-05  1.1887E-03
  1.8172E+00  6.0615E+00  6.0000E+02  1.4741E-03  1.6975E-02  2.4324E-05  1.1906E-03
  1.8216E+00  6.0762E+00  6.0000E+02  1.4757E-03  1.6975E-02  2.4352E-05  1.1925E-03
  1.8260E+00  6.0909E+00  6.0000E+02  1.4774E-03  1.6975E-02  2.4379E-05  1.1944E-03
  1.8304E+00  6.1056E+00  6.0000E+02  1.4791E-03  1.6975E-02  2.4407E-05  1.1962E-03
  1.8348E+00  6.1202E+00  6.0000E+02  1.4808E-03  1.6975E-02  2.4434E-05  1.1981E-03
  1.8392E+00  6.1349E+00  6.0000E+02  1.4824E-03  1.6975E-02  2.4461E-05  1.2000E-03
  1.8436E+00  6.1496E+00  6.0000E+02  1.4841E-03  1.6975E-02  2.4489E-05  1.2018E-03
  1.8480E+00  6.1643E+00  6.0000E+02  1.4858E-03  1.6975E-02  2.4516E-05  1.2037E-03
  1.8524E+00  6.1789E+00  6.0000E+02  1.4875E-03  1.6975E-02  2.4544E-05  1.2055E-03
  1.8568E+00  6.1936E+00  6.0000E+02  1.4891E-03  1.6975E-02  2.4571E-05  1.2074E-03
  1.8612E+00  6.2083E+00  6.0000E+02  1.4908E-03  1.6975E-02  2.4599E-05  1.2092E-03
  1.8656E+00  6.2230E+00  6.0000E+02  1.4925E-03  1.6975E-02  2.4626E-05  1.2111E-03
  1.8700E+00  6.2377E+00  6.0000E+02  1.4942E-03  1.6975E-02  2.4654E-05  1.2129E-03
  1.8744E+00  6.2523E+00  6.0000E+02  1.4958E-03  1.6975E-02  2.4681E-05  1.2147E-03
  1.8788E+00  6.2670E+00  6.0000E+02  1.4975E-03  1.6975E-02  2.4709E-05  1.2166E-03
  1.8832E+00  6.2817E+00  6.0000E+02  1.4992E-03  1.6975E-02  2.4736E-05  1.2184E-03
  1.8876E+00  6.2964E+00  6.0000E+02  1.5009E-03  1.6975E-02  2.4763E-05  1.2202E-03
  1.8920E+00  6.3110E+00  6.0000E+02  1.5026E-03  1.6975E-02  2.4791E-05  1.2220E-03
  1.8964E+00  6.3257E+00  6.0000E+02  1.5042E-03  1.6975E-02  2.4818E-05  1.2238E-03
  1.9008E+00  6.3404E+00  6.0000E+02  1.5059E-03  1.6975E-02  2.4846E-05  1.2256E-03
  1.9052E+00  6.3551E+00  6.0000E+02  1.5076E-03  1.6975E-02  2.4873E-05  1.2274E-03
  1.9096E+00  6.3697E+00  6.0000E+02  1.5093E-03  1.6975E-02  2.4901E-05  1.2292E-03
  1.9140E+00  6.3844E+00  6.0000E+02  1.5109E-03  1.6975E-02  2.4928E-05  1.2310E-03
  1.9184E+00  6.3991E+00  6.0000E+02  1.5126E-03  1.6975E-02  2.4956E-05  1.2328E-03
  1.9228E+00  6.4138E+00  6.0000E+02  1.5143E-03  1.6975E-02  2.4983E-05  1.2346E-03
  1.9272E+00  6.4285E+00  6.0000E+02  1.5160E-03  1.6975E-02  2.5011E-05  1.2364E-03
  1.9316E+00  6.4431E+00  6.0000E+02  1.5177E-03  1.6975E-02  2.5039E-05  1.2381E-03
  1.9360E+00  6.4578E+00  6.0000E+02  1.5193E-03  1.6975E-02  2.5066E-05  1.2399E-03
  1.9404E+00  6.4725E+00  6.0000E+02  1.5210E-03  1.6975E-02  2.5094E-05  1.2417E-03
  1.9448E+00  6.4872E+00  6.0000E+02  1.5227E-03  1.6975E-02  2.5121E-05  1.2434E-03
  1.9492E+00  6.5018E+00  6.0000E+02  1.5244E-03  1.6975E-02  2.5149E-05  1.2452E-03
  1.9536E+00  6.5165E+00  6.0000E+02  1.5261E-03  1.6975E-02  2.5176E-05  1.2469E-03
  1.9580E+00  6.5312E+00  6.0000E+02  1.5277E-03  1.6975E-02  2.5204E-05  1.2487E-03
  1.9624E+00  6.5459E+00  6.0000E+02  1.5294E-03  1.6975E-02  2.5231E-05  1.2504E-03
  1.9668E+00  6.5605E+00  6.0000E+02  1.5311E-03  1.6975E-02  2.5259E-05  1.2522E-03
  1.9712E+00  6.5752E+00  6.0000E+02  1.5328E-03  1.6975E-02  2.5286E-05  1.2539E-03
  1.9756E+00  6.5899E+00  6.0000E+02  1.5345E-03  1.6975E-02  2.5314E-05  1.2557E-03
  1.9800E+00  6.6046E+00  6.0000E+02  1.5362E-03  1.6975E-02  2.5341E-05  1.2574E-03
  1.9844E+00  6.6193E+00  6.0000E+02  1.5378E-03  1.6975E-02  2.5369E-05  1.2591E-03
  1.9888E+00  6.6339E+00  6.0000E+02  1.5395E-03  1.6975E-02  2.5397E-05  1.2608E-03
  1.9932E+00  6.6486E+00  6.0000E+02  1.5412E-03  1.6975E-02  2.5424E-05  1.2626E-03
  1.9976E+00  6.6633E+00  6.0000E+02  1.5429E-03  1.6975E-02  2.5452E-05  1.2643E-03
  2.0000E+00  6.6713E+00  6.0000E+02  1.5438E-03  1.6975E-02  2.5467E-05  1.2652E-03
  2.0020E+00  6.6780E+00  6.0000E+02  1.5446E-03  1.6975E-02  2.5479E-05  1.2660E-03
