0.008
0.01
0.012
0.014
0.016
0.018
0.02
0.022
0.024
0.026
0.028
0.03
0.032
0.034
0.036
0.038
0.04
0.042
0.044
0.046
0.048
0.05
0.052
0.054
0.056
0.058
0.060
0.062
0.064
0.066
0.068
0.07
0.072
0.074
0.076
0.078
0.081
0.082
0.084
0.086
0.088
0.09
0.092
0.094
0.096
0.098
0.1
0.103
0.105
0.107
0.109
0.111
0.113
0.114
0.116
0.118
0.12
0.122
0.124
0.126
0.128
0.13
0.132
0.134
0.136
0.138
0.14
0.143
0.145
0.147
0.149
0.151
0.153
0.154
0.156
0.158
0.16
0.162
0.164
0.166
0.168
0.17
0.172
0.175
0.177
0.179
0.181
0.183
0.184
0.186
0.188
0.19
0.192
0.194
0.196
0.198
0.2
0.202
0.205
0.207
0.209
0.211
0.213
0.215
0.217
0.218
0.22
0.222
0.224
0.226
0.228
0.23
0.232
0.234
0.237
0.239
0.241
0.243
0.245
0.247
0.248
0.25
0.252
0.254
0.256
0.258
0.26
0.262
0.264
0.266
0.268
0.27
0.272
0.274
0.276
0.278
0.28
0.282
0.285
0.287
0.289
0.291
0.293
0.295
0.297
0.298
0.3
0.302
0.304
0.306
