  2.9979E-04  1.0000E-03  2.3000E+02 -9.6891E-11  0.0000E+00  2.9979E-04  0.0000E+00  2.3000E+05  0.0000E+00
  5.9958E-04  2.0000E-03  2.3000E+02  0.0000E+00  0.0000E+00  5.9958E-04  0.0000E+00  2.3000E+05  0.0000E+00
  8.9937E-04  3.0000E-03  2.3000E+02  0.0000E+00  0.0000E+00  8.9937E-04  0.0000E+00  2.3000E+05  0.0000E+00
  1.1992E-03  4.0000E-03  2.3000E+02  0.0000E+00  0.0000E+00  1.1992E-03  0.0000E+00  2.3000E+05  0.0000E+00
  1.4990E-03  5.0000E-03  2.3000E+02  9.6891E-11  0.0000E+00  1.4990E-03  0.0000E+00  2.3000E+05  0.0000E+00
  1.7987E-03  6.0000E-03  2.3000E+02  0.0000E+00  0.0000E+00  1.7987E-03  0.0000E+00  2.3000E+05  0.0000E+00
  2.0985E-03  7.0000E-03  2.3000E+02 -9.6891E-11  0.0000E+00  2.0985E-03  0.0000E+00  2.2999E+05  0.0000E+00
  2.3983E-03  8.0000E-03  2.3000E+02  0.0000E+00  0.0000E+00  2.3983E-03  0.0000E+00  2.2999E+05  0.0000E+00
  2.6981E-03  9.0000E-03  2.3000E+02  0.0000E+00  0.0000E+00  2.6981E-03  0.0000E+00  2.2999E+05  0.0000E+00
  2.9979E-03  1.0000E-02  2.3000E+02  0.0000E+00  0.0000E+00  2.9979E-03  0.0000E+00  2.2998E+05  0.0000E+00
  3.2977E-03  1.1000E-02  2.3000E+02  0.0000E+00  0.0000E+00  3.2976E-03  0.0000E+00  2.2998E+05  0.0000E+00
  3.5975E-03  1.2000E-02  2.3000E+02  9.6891E-11  0.0000E+00  3.5974E-03  0.0000E+00  2.2997E+05  0.0000E+00
  3.8973E-03  1.3000E-02  2.3000E+02  0.0000E+00  0.0000E+00  3.8971E-03  0.0000E+00  2.2996E+05  0.0000E+00
  4.1971E-03  1.4000E-02  2.3000E+02  0.0000E+00  0.0000E+00  4.1969E-03  0.0000E+00  2.2995E+05  0.0000E+00
  4.4969E-03  1.5000E-02  2.3000E+02  0.0000E+00  0.0000E+00  4.4966E-03  0.0000E+00  2.2993E+05  0.0000E+00
  4.7967E-03  1.6000E-02  2.3000E+02  0.0000E+00  0.0000E+00  4.7963E-03  0.0000E+00  2.2991E+05  0.0000E+00
  5.0965E-03  1.7000E-02  2.3000E+02 -9.6891E-11  0.0000E+00  5.0959E-03  0.0000E+00  2.2989E+05  0.0000E+00
  5.3962E-03  1.8000E-02  2.3000E+02  1.9378E-10  0.0000E+00  5.3955E-03  0.0000E+00  2.2986E+05  0.0000E+00
  5.6960E-03  1.9000E-02  2.3000E+02  0.0000E+00  0.0000E+00  5.6951E-03  0.0000E+00  2.2983E+05  0.0000E+00
  5.9958E-03  2.0000E-02  2.3000E+02  0.0000E+00  0.0000E+00  5.9947E-03  0.0000E+00  2.2979E+05  0.0000E+00
  6.2956E-03  2.1000E-02  2.3000E+02 -9.6891E-11  0.0000E+00  6.2941E-03  0.0000E+00  2.2974E+05  0.0000E+00
  6.5954E-03  2.2000E-02  2.3000E+02  9.6891E-11  0.0000E+00  6.5936E-03  0.0000E+00  2.2968E+05  0.0000E+00
  6.8952E-03  2.3000E-02  2.3000E+02  0.0000E+00  0.0000E+00  6.8929E-03  0.0000E+00  2.2962E+05  0.0000E+00
  7.1950E-03  2.4000E-02  2.3000E+02  0.0000E+00  0.0000E+00  7.1921E-03  0.0000E+00  2.2955E+05  0.0000E+00
  7.4948E-03  2.5000E-02  2.3000E+02  9.6891E-11  0.0000E+00  7.4913E-03  0.0000E+00  2.2947E+05  0.0000E+00
  7.7946E-03  2.6000E-02  2.3000E+02  0.0000E+00  0.0000E+00  7.7903E-03  0.0000E+00  2.2938E+05  0.0000E+00
  8.0944E-03  2.7000E-02  2.3000E+02  0.0000E+00  0.0000E+00  8.0893E-03  0.0000E+00  2.2928E+05  0.0000E+00
  8.3942E-03  2.8000E-02  2.3000E+02  0.0000E+00  0.0000E+00  8.3880E-03  0.0000E+00  2.2917E+05  0.0000E+00
  8.6940E-03  2.9000E-02  2.3000E+02  0.0000E+00  0.0000E+00  8.6867E-03  0.0000E+00  2.2905E+05  0.0000E+00
  8.9937E-03  3.0000E-02  2.3000E+02  0.0000E+00  0.0000E+00  8.9851E-03  0.0000E+00  2.2891E+05  0.0000E+00
  9.2935E-03  3.1000E-02  2.3000E+02  0.0000E+00  0.0000E+00  9.2834E-03  0.0000E+00  2.2877E+05  0.0000E+00
  9.5933E-03  3.2000E-02  2.3000E+02  9.6891E-11  0.0000E+00  9.5815E-03  0.0000E+00  2.2862E+05  0.0000E+00
  9.8931E-03  3.3000E-02  2.3000E+02 -9.6891E-11  0.0000E+00  9.8794E-03  0.0000E+00  2.2846E+05  0.0000E+00
  1.0193E-02  3.4000E-02  2.3000E+02  0.0000E+00  0.0000E+00  1.0177E-02  0.0000E+00  2.2829E+05  0.0000E+00
  1.0493E-02  3.5000E-02  2.3000E+02 -9.6891E-11  0.0000E+00  1.0475E-02  0.0000E+00  2.2811E+05  0.0000E+00
  1.0792E-02  3.6000E-02  2.3000E+02  0.0000E+00  0.0000E+00  1.0772E-02  0.0000E+00  2.2792E+05  0.0000E+00
  1.1092E-02  3.7000E-02  2.3000E+02  0.0000E+00  0.0000E+00  1.1069E-02  0.0000E+00  2.2772E+05  0.0000E+00
  1.1392E-02  3.8000E-02  2.3000E+02  0.0000E+00  0.0000E+00  1.1365E-02  0.0000E+00  2.2752E+05  0.0000E+00
  1.1692E-02  3.9000E-02  2.3000E+02  0.0000E+00  0.0000E+00  1.1662E-02  0.0000E+00  2.2730E+05  0.0000E+00
  1.1992E-02  4.0000E-02  2.3000E+02 -9.6891E-11  0.0000E+00  1.1958E-02  0.0000E+00  2.2708E+05  0.0000E+00
  1.2291E-02  4.1000E-02  2.3000E+02  0.0000E+00  0.0000E+00  1.2254E-02  0.0000E+00  2.2685E+05  0.0000E+00
  1.2591E-02  4.2000E-02  2.3000E+02  0.0000E+00  0.0000E+00  1.2549E-02  0.0000E+00  2.2661E+05  0.0000E+00
  1.2891E-02  4.3000E-02  2.3000E+02 -9.6891E-11  0.0000E+00  1.2844E-02  0.0000E+00  2.2636E+05  0.0000E+00
  1.3191E-02  4.4000E-02  2.3000E+02  0.0000E+00  0.0000E+00  1.3139E-02  0.0000E+00  2.2611E+05  0.0000E+00
  1.3491E-02  4.5000E-02  2.3000E+02  0.0000E+00  0.0000E+00  1.3434E-02  0.0000E+00  2.2585E+05  0.0000E+00
  1.3790E-02  4.6000E-02  2.3000E+02  0.0000E+00  0.0000E+00  1.3728E-02  0.0000E+00  2.2559E+05  0.0000E+00
  1.4090E-02  4.7000E-02  2.3000E+02  0.0000E+00  0.0000E+00  1.4022E-02  0.0000E+00  2.2531E+05  0.0000E+00
  1.4390E-02  4.8000E-02  2.3000E+02  0.0000E+00  0.0000E+00  1.4316E-02  0.0000E+00  2.2503E+05  0.0000E+00
  1.4690E-02  4.9000E-02  2.3000E+02  0.0000E+00  0.0000E+00  1.4609E-02  0.0000E+00  2.2475E+05  0.0000E+00
  1.4990E-02  5.0000E-02  2.3000E+02  0.0000E+00  0.0000E+00  1.4901E-02  0.0000E+00  2.2446E+05  0.0000E+00
  1.5289E-02  5.1000E-02  2.3000E+02  0.0000E+00  0.0000E+00  1.5194E-02  0.0000E+00  2.2416E+05  0.0000E+00
  1.5589E-02  5.2000E-02  2.3000E+02  0.0000E+00  0.0000E+00  1.5486E-02  0.0000E+00  2.2385E+05  0.0000E+00
  1.5889E-02  5.3000E-02  2.3000E+02  0.0000E+00  0.0000E+00  1.5777E-02  0.0000E+00  2.2354E+05  0.0000E+00
  1.6189E-02  5.4000E-02  2.3000E+02  0.0000E+00  0.0000E+00  1.6068E-02  0.0000E+00  2.2322E+05  0.0000E+00
  1.6489E-02  5.5000E-02  2.3000E+02  0.0000E+00  0.0000E+00  1.6359E-02  0.0000E+00  2.2290E+05  0.0000E+00
  1.6788E-02  5.6000E-02  2.3000E+02 -9.6891E-11  0.0000E+00  1.6650E-02  0.0000E+00  2.2257E+05  0.0000E+00
  1.7088E-02  5.7000E-02  2.3000E+02  9.6891E-11  0.0000E+00  1.6939E-02  0.0000E+00  2.2223E+05  0.0000E+00
  1.7388E-02  5.8000E-02  2.3000E+02  0.0000E+00  0.0000E+00  1.7229E-02  0.0000E+00  2.2189E+05  0.0000E+00
  1.7688E-02  5.9000E-02  2.3000E+02  0.0000E+00  0.0000E+00  1.7518E-02  0.0000E+00  2.2155E+05  0.0000E+00
  1.7987E-02  6.0000E-02  2.3000E+02  0.0000E+00  0.0000E+00  1.7806E-02  0.0000E+00  2.2119E+05  0.0000E+00
  1.8287E-02  6.1000E-02  2.3000E+02  0.0000E+00  0.0000E+00  1.8095E-02  0.0000E+00  2.2083E+05  0.0000E+00
  1.8587E-02  6.2000E-02  2.3000E+02  0.0000E+00  0.0000E+00  1.8382E-02  0.0000E+00  2.2047E+05  0.0000E+00
  1.8887E-02  6.3000E-02  2.3000E+02  0.0000E+00  0.0000E+00  1.8669E-02  0.0000E+00  2.2009E+05  0.0000E+00
  1.9187E-02  6.4000E-02  2.3000E+02  0.0000E+00  0.0000E+00  1.8956E-02  0.0000E+00  2.1972E+05  0.0000E+00
  1.9486E-02  6.5000E-02  2.3000E+02  0.0000E+00  0.0000E+00  1.9242E-02  0.0000E+00  2.1934E+05  0.0000E+00
  1.9786E-02  6.6000E-02  2.3000E+02  0.0000E+00  0.0000E+00  1.9528E-02  0.0000E+00  2.1895E+05  0.0000E+00
  2.0086E-02  6.7000E-02  2.3000E+02  0.0000E+00  0.0000E+00  1.9813E-02  0.0000E+00  2.1855E+05  0.0000E+00
  2.0386E-02  6.8000E-02  2.3000E+02  0.0000E+00  0.0000E+00  2.0097E-02  0.0000E+00  2.1815E+05  0.0000E+00
  2.0686E-02  6.9000E-02  2.3000E+02  0.0000E+00  0.0000E+00  2.0381E-02  0.0000E+00  2.1775E+05  0.0000E+00
  2.0985E-02  7.0000E-02  2.3000E+02  0.0000E+00  0.0000E+00  2.0665E-02  0.0000E+00  2.1734E+05  0.0000E+00
  2.1285E-02  7.1000E-02  2.3000E+02  0.0000E+00  0.0000E+00  2.0948E-02  0.0000E+00  2.1692E+05  0.0000E+00
  2.1585E-02  7.2000E-02  2.3000E+02  0.0000E+00  0.0000E+00  2.1230E-02  0.0000E+00  2.1650E+05  0.0000E+00
  2.1885E-02  7.3000E-02  2.3000E+02  0.0000E+00  0.0000E+00  2.1512E-02  0.0000E+00  2.1607E+05  0.0000E+00
  2.2185E-02  7.4000E-02  2.3000E+02  1.9378E-10  0.0000E+00  2.1794E-02  0.0000E+00  2.1563E+05  0.0000E+00
  2.2484E-02  7.5000E-02  2.3000E+02  0.0000E+00  0.0000E+00  2.2075E-02  0.0000E+00  2.1519E+05  0.0000E+00
  2.2784E-02  7.6000E-02  2.3000E+02  0.0000E+00  0.0000E+00  2.2355E-02  0.0000E+00  2.1475E+05  0.0000E+00
  2.3084E-02  7.7000E-02  2.3000E+02  9.6891E-11  0.0000E+00  2.2634E-02  0.0000E+00  2.1430E+05  0.0000E+00
  2.3384E-02  7.8000E-02  2.3000E+02  0.0000E+00  0.0000E+00  2.2913E-02  0.0000E+00  2.1384E+05  0.0000E+00
  2.3684E-02  7.9000E-02  2.3000E+02 -9.6891E-11  0.0000E+00  2.3192E-02  0.0000E+00  2.1338E+05  0.0000E+00
  2.3983E-02  8.0000E-02  2.3000E+02  0.0000E+00  0.0000E+00  2.3470E-02  0.0000E+00  2.1291E+05  0.0000E+00
  2.4283E-02  8.1000E-02  2.3000E+02  0.0000E+00  0.0000E+00  2.3747E-02  0.0000E+00  2.1244E+05  0.0000E+00
  2.4583E-02  8.2000E-02  2.3000E+02  0.0000E+00  0.0000E+00  2.4023E-02  0.0000E+00  2.1196E+05  0.0000E+00
  2.4883E-02  8.3000E-02  2.3000E+02  0.0000E+00  0.0000E+00  2.4299E-02  0.0000E+00  2.1148E+05  0.0000E+00
  2.5182E-02  8.4000E-02  2.3000E+02  0.0000E+00  0.0000E+00  2.4575E-02  0.0000E+00  2.1099E+05  0.0000E+00
  2.5482E-02  8.5000E-02  2.3000E+02 -9.6891E-11  0.0000E+00  2.4849E-02  0.0000E+00  2.1049E+05  0.0000E+00
  2.5782E-02  8.6000E-02  2.3000E+02 -9.6891E-11  0.0000E+00  2.5123E-02  0.0000E+00  2.0999E+05  0.0000E+00
  2.6082E-02  8.7000E-02  2.3000E+02  9.6891E-11  0.0000E+00  2.5397E-02  0.0000E+00  2.0948E+05  0.0000E+00
  2.6382E-02  8.8000E-02  2.3000E+02  0.0000E+00  0.0000E+00  2.5670E-02  0.0000E+00  2.0897E+05  0.0000E+00
  2.6681E-02  8.9000E-02  2.3000E+02  0.0000E+00  0.0000E+00  2.5942E-02  0.0000E+00  2.0845E+05  0.0000E+00
  2.6981E-02  9.0000E-02  2.3000E+02  0.0000E+00  0.0000E+00  2.6213E-02  0.0000E+00  2.0793E+05  0.0000E+00
  2.7281E-02  9.1000E-02  2.3000E+02 -9.6891E-11  0.0000E+00  2.6484E-02  0.0000E+00  2.0740E+05  0.0000E+00
  2.7581E-02  9.2000E-02  2.3000E+02  0.0000E+00  0.0000E+00  2.6754E-02  0.0000E+00  2.0687E+05  0.0000E+00
  2.7881E-02  9.3000E-02  2.3000E+02  0.0000E+00  0.0000E+00  2.7023E-02  0.0000E+00  2.0633E+05  0.0000E+00
  2.8180E-02  9.4000E-02  2.3000E+02  0.0000E+00  0.0000E+00  2.7292E-02  0.0000E+00  2.0579E+05  0.0000E+00
  2.8480E-02  9.5000E-02  2.3000E+02 -9.6891E-11  0.0000E+00  2.7559E-02  0.0000E+00  2.0524E+05  0.0000E+00
  2.8780E-02  9.6000E-02  2.3000E+02  0.0000E+00  0.0000E+00  2.7827E-02  0.0000E+00  2.0468E+05  0.0000E+00
  2.9080E-02  9.7000E-02  2.3000E+02  0.0000E+00  0.0000E+00  2.8093E-02  0.0000E+00  2.0412E+05  0.0000E+00
  2.9380E-02  9.8000E-02  2.3000E+02  0.0000E+00  0.0000E+00  2.8359E-02  0.0000E+00  2.0356E+05  0.0000E+00
  2.9679E-02  9.9000E-02  2.3000E+02  0.0000E+00  0.0000E+00  2.8624E-02  0.0000E+00  2.0299E+05  0.0000E+00
  2.9979E-02  1.0000E-01  2.3000E+02  9.6891E-11  0.0000E+00  2.8888E-02  0.0000E+00  2.0241E+05  0.0000E+00
  3.0279E-02  1.0100E-01  2.3000E+02  0.0000E+00  0.0000E+00  2.9151E-02  0.0000E+00  2.0183E+05  0.0000E+00
  3.0579E-02  1.0200E-01  2.3000E+02  0.0000E+00  0.0000E+00  2.9414E-02  0.0000E+00  2.0124E+05  0.0000E+00
  3.0879E-02  1.0300E-01  2.3000E+02  9.6891E-11  0.0000E+00  2.9676E-02  0.0000E+00  2.0065E+05  0.0000E+00
  3.1178E-02  1.0400E-01  2.3000E+02 -9.6891E-11  0.0000E+00  2.9937E-02  0.0000E+00  2.0005E+05  0.0000E+00
  3.1478E-02  1.0500E-01  2.3000E+02 -9.6891E-11  0.0000E+00  3.0197E-02  0.0000E+00  1.9945E+05  0.0000E+00
  3.1778E-02  1.0600E-01  2.3000E+02  0.0000E+00  0.0000E+00  3.0457E-02  0.0000E+00  1.9884E+05  0.0000E+00
  3.2078E-02  1.0700E-01  2.3000E+02  0.0000E+00  0.0000E+00  3.0716E-02  0.0000E+00  1.9823E+05  0.0000E+00
  3.2377E-02  1.0800E-01  2.3000E+02  0.0000E+00  0.0000E+00  3.0974E-02  0.0000E+00  1.9761E+05  0.0000E+00
  3.2677E-02  1.0900E-01  2.3000E+02  0.0000E+00  0.0000E+00  3.1231E-02  0.0000E+00  1.9699E+05  0.0000E+00
  3.2977E-02  1.1000E-01  2.3000E+02  0.0000E+00  0.0000E+00  3.1487E-02  0.0000E+00  1.9636E+05  0.0000E+00
  3.3277E-02  1.1100E-01  2.3000E+02  0.0000E+00  0.0000E+00  3.1743E-02  0.0000E+00  1.9573E+05  0.0000E+00
  3.3577E-02  1.1200E-01  2.3000E+02  9.6891E-11  0.0000E+00  3.1997E-02  0.0000E+00  1.9509E+05  0.0000E+00
  3.3876E-02  1.1300E-01  2.3000E+02 -9.6891E-11  0.0000E+00  3.2251E-02  0.0000E+00  1.9445E+05  0.0000E+00
  3.4176E-02  1.1400E-01  2.3000E+02  0.0000E+00  0.0000E+00  3.2504E-02  0.0000E+00  1.9380E+05  0.0000E+00
  3.4476E-02  1.1500E-01  2.3000E+02 -9.6891E-11  0.0000E+00  3.2757E-02  0.0000E+00  1.9315E+05  0.0000E+00
  3.4776E-02  1.1600E-01  2.3000E+02  0.0000E+00  0.0000E+00  3.3008E-02  0.0000E+00  1.9250E+05  0.0000E+00
  3.5076E-02  1.1700E-01  2.3000E+02  9.6891E-11  0.0000E+00  3.3258E-02  0.0000E+00  1.9184E+05  0.0000E+00
  3.5375E-02  1.1800E-01  2.3000E+02  0.0000E+00  0.0000E+00  3.3508E-02  0.0000E+00  1.9118E+05  0.0000E+00
  3.5675E-02  1.1900E-01  2.3000E+02 -9.6891E-11  0.0000E+00  3.3757E-02  0.0000E+00  1.9051E+05  0.0000E+00
  3.5975E-02  1.2000E-01  2.3000E+02  0.0000E+00  0.0000E+00  3.4005E-02  0.0000E+00  1.8985E+05  0.0000E+00
  3.6275E-02  1.2100E-01  2.3000E+02  0.0000E+00  0.0000E+00  3.4252E-02  0.0000E+00  1.8917E+05  0.0000E+00
  3.6575E-02  1.2200E-01  2.3000E+02  0.0000E+00  0.0000E+00  3.4498E-02  0.0000E+00  1.8850E+05  0.0000E+00
  3.6874E-02  1.2300E-01  2.3000E+02  9.6891E-11  0.0000E+00  3.4743E-02  0.0000E+00  1.8782E+05  0.0000E+00
  3.7174E-02  1.2400E-01  2.3000E+02  0.0000E+00  0.0000E+00  3.4987E-02  0.0000E+00  1.8714E+05  0.0000E+00
  3.7474E-02  1.2500E-01  2.3000E+02 -9.6891E-11  0.0000E+00  3.5231E-02  0.0000E+00  1.8646E+05  0.0000E+00
  3.7774E-02  1.2600E-01  2.3000E+02  9.6891E-11  0.0000E+00  3.5474E-02  0.0000E+00  1.8578E+05  0.0000E+00
  3.8074E-02  1.2700E-01  2.3000E+02 -9.6891E-11  0.0000E+00  3.5715E-02  0.0000E+00  1.8510E+05  0.0000E+00
  3.8373E-02  1.2800E-01  2.3000E+02  0.0000E+00  0.0000E+00  3.5956E-02  0.0000E+00  1.8442E+05  0.0000E+00
  3.8673E-02  1.2900E-01  2.3000E+02  0.0000E+00  0.0000E+00  3.6196E-02  0.0000E+00  1.8375E+05  0.0000E+00
  3.8973E-02  1.3000E-01  2.3000E+02 -9.6891E-11  0.0000E+00  3.6435E-02  0.0000E+00  1.8308E+05  0.0000E+00
  3.9273E-02  1.3100E-01  2.3000E+02  0.0000E+00  0.0000E+00  3.6673E-02  0.0000E+00  1.8241E+05  0.0000E+00
  3.9572E-02  1.3200E-01  2.3000E+02  9.6891E-11  0.0000E+00  3.6911E-02  0.0000E+00  1.8175E+05  0.0000E+00
  3.9872E-02  1.3300E-01  2.3000E+02  0.0000E+00  0.0000E+00  3.7147E-02  0.0000E+00  1.8110E+05  0.0000E+00
  4.0172E-02  1.3400E-01  2.3000E+02  0.0000E+00  0.0000E+00  3.7383E-02  0.0000E+00  1.8045E+05  0.0000E+00
  4.0472E-02  1.3500E-01  2.3000E+02  9.6891E-11  0.0000E+00  3.7617E-02  0.0000E+00  1.7982E+05  0.0000E+00
  4.0772E-02  1.3600E-01  2.3000E+02  0.0000E+00  0.0000E+00  3.7851E-02  0.0000E+00  1.7921E+05  0.0000E+00
  4.1071E-02  1.3700E-01  2.3000E+02 -9.6891E-11  0.0000E+00  3.8085E-02  0.0000E+00  1.7861E+05  0.0000E+00
  4.1371E-02  1.3800E-01  2.3000E+02  0.0000E+00  0.0000E+00  3.8317E-02  0.0000E+00  1.7804E+05  0.0000E+00
  4.1671E-02  1.3900E-01  2.3000E+02  0.0000E+00  0.0000E+00  3.8549E-02  0.0000E+00  1.7748E+05  0.0000E+00
