0.09 0.20054493200162618 0.20890928823857705 7.5E+8
0.1 0.19635714257841785 0.20693771251848264 7.5E+8
0.01 0.2737572780845558 0.23810618365486236 8.0E+8
0.02 0.26548249290197196 0.23766679764354195 8.0E+8
0.03 0.2585453738238477 0.23883614834758202 8.0E+8
0.04 0.25079253853372896 0.2386869030572092 8.0E+8
0.05 0.2440366794070938 0.23478187563104178 8.0E+8
0.06 0.23731567220009675 0.22916928009456775 8.0E+8
0.07 0.2320647227564709 0.23261678615414808 8.0E+8
0.08 0.22579100741835448 0.23182992634984412 8.0E+8
0.09 0.22059261838772962 0.22976168133957858 8.0E+8
0.1 0.21501934340969261 0.22755871344686665 8.0E+8
0.01 0.2967032417418714 0.25687840141040097 8.5E+8
0.02 0.28966322351754303 0.252621511371276 8.5E+8
0.03 0.28328157299112383 0.24721415693609672 8.5E+8
0.04 0.2709947697374307 0.2562416597004478 8.5E+8
0.05 0.26456988808572074 0.25341610332155096 8.5E+8
0.06 0.25777371975266916 0.25493981268505894 8.5E+8
0.07 0.2515796683724492 0.2537922131540621 8.5E+8
0.08 0.24585459627365577 0.2520798708145392 8.5E+8
0.09 0.24097779216860374 0.24965852772294073 8.5E+8
0.1 0.23443665344372686 0.2494875751407101 8.5E+8
0.01 0.29948415335654516 0.28887156403113695 9.0E+8
0.02 0.2991823391905869 0.2833847926438748 9.0E+8
0.03 0.2990683140036149 0.27871923824549066 9.0E+8
0.04 0.29248732439386654 0.27739785731612426 9.0E+8
0.05 0.2850320296100942 0.2766163514252905 9.0E+8
0.06 0.28328902239776976 0.27633195614707595 9.0E+8
0.07 0.2725303410811939 0.2739214072354559 9.0E+8
0.08 0.2725923577605476 0.2622884910346305 9.0E+8
0.09 0.2601679838463493 0.2703052274873099 9.0E+8
0.1 0.2539701823389465 0.2696433246714146 9.0E+8
0.01 0.2991969296600764 0.2998125084112098 9.5E+8
0.02 0.29814852573747486 0.2974078706316825 9.5E+8
0.03 0.29893874509600254 0.29914885596104296 9.5E+8
0.04 0.2985443737433237 0.29873192482030764 9.5E+8
0.05 0.29904091527903 0.29963138236688003 9.5E+8
0.06 0.29744471529691136 0.2958108989679217 9.5E+8
0.07 0.2921079236785406 0.29314420809316044 9.5E+8
0.08 0.28602709578401586 0.2945096804994944 9.5E+8
0.09 0.2832815730828258 0.28134353987713334 9.5E+8
0.1 0.27837896898700576 0.2789993751567551 9.5E+8
0.01 0.29794168749049416 0.2987216231386186 1.0E+9
0.02 0.29907182868470444 0.2993383294661565 1.0E+9
0.03 0.2994426209303578 0.2987469751077423 1.0E+9
0.04 0.2994279963335726 0.2996158624302599 1.0E+9
0.05 0.2981570292232965 0.29906831399262995 1.0E+9
0.06 0.29925229374349105 0.2991611020181171 1.0E+9
0.07 0.29851515676901086 0.2997192901390568 1.0E+9
0.08 0.2996441276030214 0.29906839217264874 1.0E+9
0.09 0.29849798427010604 0.2997645383916033 1.0E+9
0.1 0.2975662069519732 0.299094364827377 1.0E+9
