0.09 0.20054493200162618 0.20890928823857705 7.5E+815 15 15.697108592597242 19.60229129004857
0.09 0.20054493200162618 0.20890928823857705 7.5E+810 10 15.697108592597242 19.60229129004857
0.09 0.20054493200162618 0.20890928823857705 7.5E+89 9 15.697108592597242 19.60229129004857
0.09 0.20054493200162618 0.20890928823857705 7.5E+88 8 15.697108592597242 19.60229129004857
0.09 0.20054493200162618 0.20890928823857705 7.5E+87 7 15.697108592597242 19.60229129004857
0.09 0.20054493200162618 0.20890928823857705 7.5E+86 6 15.697108592597242 19.60229129004857
0.09 0.20054493200162618 0.20890928823857705 7.5E+85 5 15.697108592597242 19.60229129004857
0.09 0.20054493200162618 0.20890928823857705 7.5E+84 4 15.697108592597242 19.60229129004857
0.09 0.20054493200162618 0.20890928823857705 7.5E+83 3 15.697108592597242 19.60229129004857
0.09 0.20054493200162618 0.20890928823857705 7.5E+82 2 15.697108592597242 19.60229129004857
0.09 0.20054493200162618 0.20890928823857705 7.5E+81 1 15.697108592597242 19.60229129004857
0.1 0.19635714257841785 0.20693771251848264 7.5E+815 15 16.00307258993727 19.07790143084261
0.1 0.19635714257841785 0.20693771251848264 7.5E+810 10 16.00307258993727 19.07790143084261
0.1 0.19635714257841785 0.20693771251848264 7.5E+89 9 16.00307258993727 19.07790143084261
0.1 0.19635714257841785 0.20693771251848264 7.5E+88 8 16.00307258993727 19.07790143084261
0.1 0.19635714257841785 0.20693771251848264 7.5E+87 7 16.00307258993727 19.07790143084261
0.1 0.19635714257841785 0.20693771251848264 7.5E+86 6 16.00307258993727 19.07790143084261
0.1 0.19635714257841785 0.20693771251848264 7.5E+85 5 16.00307258993727 19.07790143084261
0.1 0.19635714257841785 0.20693771251848264 7.5E+84 4 16.00307258993727 19.07790143084261
0.1 0.19635714257841785 0.20693771251848264 7.5E+83 3 16.00307258993727 19.07790143084261
0.1 0.19635714257841785 0.20693771251848264 7.5E+82 2 16.00307258993727 19.07790143084261
0.1 0.19635714257841785 0.20693771251848264 7.5E+81 1 16.00307258993727 19.07790143084261
0.01 0.2737572780845558 0.23810618365486236 8.0E+810 10 12.276968407267965 23.094688221709006
0.01 0.2737572780845558 0.23810618365486236 8.0E+89 9 12.276968407267965 23.094688221709006
0.01 0.2737572780845558 0.23810618365486236 8.0E+88 8 12.276968407267965 23.094688221709006
0.01 0.2737572780845558 0.23810618365486236 8.0E+87 7 12.276968407267965 23.094688221709006
0.01 0.2737572780845558 0.23810618365486236 8.0E+86 6 12.276968407267965 23.094688221709006
0.01 0.2737572780845558 0.23810618365486236 8.0E+85 5 12.276968407267965 23.094688221709006
0.01 0.2737572780845558 0.23810618365486236 8.0E+84 4 12.276968407267965 23.094688221709006
0.01 0.2737572780845558 0.23810618365486236 8.0E+83 3 12.276968407267965 23.094688221709006
0.01 0.2737572780845558 0.23810618365486236 8.0E+82 2 12.276968407267965 23.094688221709006
0.01 0.2737572780845558 0.23810618365486236 8.0E+81 1 12.276968407267965 23.094688221709006
0.02 0.26548249290197196 0.23766679764354195 8.0E+810 10 12.591286829513976 22.466300549176236
0.02 0.26548249290197196 0.23766679764354195 8.0E+89 9 12.591286829513976 22.466300549176236
0.02 0.26548249290197196 0.23766679764354195 8.0E+88 8 12.591286829513976 22.466300549176236
0.02 0.26548249290197196 0.23766679764354195 8.0E+87 7 12.591286829513976 22.466300549176236
0.02 0.26548249290197196 0.23766679764354195 8.0E+86 6 12.591286829513976 22.466300549176236
0.02 0.26548249290197196 0.23766679764354195 8.0E+85 5 12.591286829513976 22.466300549176236
0.02 0.26548249290197196 0.23766679764354195 8.0E+84 4 12.591286829513976 22.466300549176236
0.02 0.26548249290197196 0.23766679764354195 8.0E+83 3 12.591286829513976 22.466300549176236
0.02 0.26548249290197196 0.23766679764354195 8.0E+82 2 12.591286829513976 22.466300549176236
0.02 0.26548249290197196 0.23766679764354195 8.0E+81 1 12.591286829513976 22.466300549176236
0.03 0.2585453738238477 0.23883614834758202 8.0E+810 10 12.850167052171678 21.814479967035897
0.03 0.2585453738238477 0.23883614834758202 8.0E+89 9 12.850167052171678 21.814479967035897
0.03 0.2585453738238477 0.23883614834758202 8.0E+88 8 12.850167052171678 21.814479967035897
0.03 0.2585453738238477 0.23883614834758202 8.0E+87 7 12.850167052171678 21.814479967035897
0.03 0.2585453738238477 0.23883614834758202 8.0E+86 6 12.850167052171678 21.814479967035897
0.03 0.2585453738238477 0.23883614834758202 8.0E+85 5 12.850167052171678 21.814479967035897
0.03 0.2585453738238477 0.23883614834758202 8.0E+84 4 12.850167052171678 21.814479967035897
0.03 0.2585453738238477 0.23883614834758202 8.0E+83 3 12.850167052171678 21.814479967035897
0.03 0.2585453738238477 0.23883614834758202 8.0E+82 2 12.850167052171678 21.814479967035897
0.03 0.2585453738238477 0.23883614834758202 8.0E+81 1 12.850167052171678 21.814479967035897
0.04 0.25079253853372896 0.2386869030572092 8.0E+810 10 13.165979109979812 21.253985122210416
0.04 0.25079253853372896 0.2386869030572092 8.0E+89 9 13.165979109979812 21.253985122210416
0.04 0.25079253853372896 0.2386869030572092 8.0E+88 8 13.165979109979812 21.253985122210416
0.04 0.25079253853372896 0.2386869030572092 8.0E+87 7 13.165979109979812 21.253985122210416
0.04 0.25079253853372896 0.2386869030572092 8.0E+86 6 13.165979109979812 21.253985122210416
0.04 0.25079253853372896 0.2386869030572092 8.0E+85 5 13.165979109979812 21.253985122210416
0.04 0.25079253853372896 0.2386869030572092 8.0E+84 4 13.165979109979812 21.253985122210416
0.04 0.25079253853372896 0.2386869030572092 8.0E+83 3 13.165979109979812 21.253985122210416
0.04 0.25079253853372896 0.2386869030572092 8.0E+82 2 13.165979109979812 21.253985122210416
0.04 0.25079253853372896 0.2386869030572092 8.0E+81 1 13.165979109979812 21.253985122210416
0.05 0.2440366794070938 0.23478187563104178 8.0E+810 10 13.523260007212405 20.72061701392886
0.05 0.2440366794070938 0.23478187563104178 8.0E+89 9 13.523260007212405 20.72061701392886
0.05 0.2440366794070938 0.23478187563104178 8.0E+88 8 13.523260007212405 20.72061701392886
0.05 0.2440366794070938 0.23478187563104178 8.0E+87 7 13.523260007212405 20.72061701392886
0.05 0.2440366794070938 0.23478187563104178 8.0E+86 6 13.523260007212405 20.72061701392886
0.05 0.2440366794070938 0.23478187563104178 8.0E+85 5 13.523260007212405 20.72061701392886
0.05 0.2440366794070938 0.23478187563104178 8.0E+84 4 13.523260007212405 20.72061701392886
0.05 0.2440366794070938 0.23478187563104178 8.0E+83 3 13.523260007212405 20.72061701392886
0.05 0.2440366794070938 0.23478187563104178 8.0E+82 2 13.523260007212405 20.72061701392886
0.05 0.2440366794070938 0.23478187563104178 8.0E+81 1 13.523260007212405 20.72061701392886
0.06 0.23731567220009675 0.22916928009456775 8.0E+810 10 13.939224979091161 20.210639779030338
0.06 0.23731567220009675 0.22916928009456775 8.0E+89 9 13.939224979091161 20.210639779030338
0.06 0.23731567220009675 0.22916928009456775 8.0E+88 8 13.939224979091161 20.210639779030338
0.06 0.23731567220009675 0.22916928009456775 8.0E+87 7 13.939224979091161 20.210639779030338
0.06 0.23731567220009675 0.22916928009456775 8.0E+86 6 13.939224979091161 20.210639779030338
0.06 0.23731567220009675 0.22916928009456775 8.0E+85 5 13.939224979091161 20.210639779030338
0.06 0.23731567220009675 0.22916928009456775 8.0E+84 4 13.939224979091161 20.210639779030338
0.06 0.23731567220009675 0.22916928009456775 8.0E+83 3 13.939224979091161 20.210639779030338
0.06 0.23731567220009675 0.22916928009456775 8.0E+82 2 13.939224979091161 20.210639779030338
0.06 0.23731567220009675 0.22916928009456775 8.0E+81 1 13.939224979091161 20.210639779030338
0.07 0.2320647227564709 0.23261678615414808 8.0E+810 10 14.118975903614457 19.648938957296306
0.07 0.2320647227564709 0.23261678615414808 8.0E+89 9 14.118975903614457 19.648938957296306
0.07 0.2320647227564709 0.23261678615414808 8.0E+88 8 14.118975903614457 19.648938957296306
0.07 0.2320647227564709 0.23261678615414808 8.0E+87 7 14.118975903614457 19.648938957296306
0.07 0.2320647227564709 0.23261678615414808 8.0E+86 6 14.118975903614457 19.648938957296306
0.07 0.2320647227564709 0.23261678615414808 8.0E+85 5 14.118975903614457 19.648938957296306
0.07 0.2320647227564709 0.23261678615414808 8.0E+84 4 14.118975903614457 19.648938957296306
0.07 0.2320647227564709 0.23261678615414808 8.0E+83 3 14.118975903614457 19.648938957296306
0.07 0.2320647227564709 0.23261678615414808 8.0E+82 2 14.118975903614457 19.648938957296306
0.07 0.2320647227564709 0.23261678615414808 8.0E+81 1 14.118975903614457 19.648938957296306
0.08 0.22579100741835448 0.23182992634984412 8.0E+810 10 14.377456148758748 19.21762897164332
0.08 0.22579100741835448 0.23182992634984412 8.0E+89 9 14.377456148758748 19.21762897164332
0.08 0.22579100741835448 0.23182992634984412 8.0E+88 8 14.377456148758748 19.21762897164332
0.08 0.22579100741835448 0.23182992634984412 8.0E+87 7 14.377456148758748 19.21762897164332
0.08 0.22579100741835448 0.23182992634984412 8.0E+86 6 14.377456148758748 19.21762897164332
0.08 0.22579100741835448 0.23182992634984412 8.0E+85 5 14.377456148758748 19.21762897164332
0.08 0.22579100741835448 0.23182992634984412 8.0E+84 4 14.377456148758748 19.21762897164332
0.08 0.22579100741835448 0.23182992634984412 8.0E+83 3 14.377456148758748 19.21762897164332
0.08 0.22579100741835448 0.23182992634984412 8.0E+82 2 14.377456148758748 19.21762897164332
0.08 0.22579100741835448 0.23182992634984412 8.0E+81 1 14.377456148758748 19.21762897164332
0.09 0.22059261838772962 0.22976168133957858 8.0E+810 10 14.665623777864687 18.74960938313785
0.09 0.22059261838772962 0.22976168133957858 8.0E+89 9 14.665623777864687 18.74960938313785
0.09 0.22059261838772962 0.22976168133957858 8.0E+88 8 14.665623777864687 18.74960938313785
0.09 0.22059261838772962 0.22976168133957858 8.0E+87 7 14.665623777864687 18.74960938313785
0.09 0.22059261838772962 0.22976168133957858 8.0E+86 6 14.665623777864687 18.74960938313785
0.09 0.22059261838772962 0.22976168133957858 8.0E+85 5 14.665623777864687 18.74960938313785
0.09 0.22059261838772962 0.22976168133957858 8.0E+84 4 14.665623777864687 18.74960938313785
0.09 0.22059261838772962 0.22976168133957858 8.0E+83 3 14.665623777864687 18.74960938313785
0.09 0.22059261838772962 0.22976168133957858 8.0E+82 2 14.665623777864687 18.74960938313785
0.09 0.22059261838772962 0.22976168133957858 8.0E+81 1 14.665623777864687 18.74960938313785
0.1 0.21501934340969261 0.22755871344686665 8.0E+810 10 14.961101137043688 18.329938900203665
0.1 0.21501934340969261 0.22755871344686665 8.0E+89 9 14.961101137043688 18.329938900203665
0.1 0.21501934340969261 0.22755871344686665 8.0E+88 8 14.961101137043688 18.329938900203665
0.1 0.21501934340969261 0.22755871344686665 8.0E+87 7 14.961101137043688 18.329938900203665
0.1 0.21501934340969261 0.22755871344686665 8.0E+86 6 14.961101137043688 18.329938900203665
0.1 0.21501934340969261 0.22755871344686665 8.0E+85 5 14.961101137043688 18.329938900203665
0.1 0.21501934340969261 0.22755871344686665 8.0E+84 4 14.961101137043688 18.329938900203665
0.1 0.21501934340969261 0.22755871344686665 8.0E+83 3 14.961101137043688 18.329938900203665
0.1 0.21501934340969261 0.22755871344686665 8.0E+82 2 14.961101137043688 18.329938900203665
0.1 0.21501934340969261 0.22755871344686665 8.0E+81 1 14.961101137043688 18.329938900203665
0.01 0.2967032417418714 0.25687840141040097 8.5E+810 10 11.599133931333128 21.817124018229418
0.01 0.2967032417418714 0.25687840141040097 8.5E+89 9 11.599133931333128 21.817124018229418
0.01 0.2967032417418714 0.25687840141040097 8.5E+88 8 11.599133931333128 21.817124018229418
0.01 0.2967032417418714 0.25687840141040097 8.5E+87 7 11.599133931333128 21.817124018229418
0.01 0.2967032417418714 0.25687840141040097 8.5E+86 6 11.599133931333128 21.817124018229418
0.01 0.2967032417418714 0.25687840141040097 8.5E+85 5 11.599133931333128 21.817124018229418
0.01 0.2967032417418714 0.25687840141040097 8.5E+84 4 11.599133931333128 21.817124018229418
0.01 0.2967032417418714 0.25687840141040097 8.5E+83 3 11.599133931333128 21.817124018229418
0.01 0.2967032417418714 0.25687840141040097 8.5E+82 2 11.599133931333128 21.817124018229418
0.01 0.2967032417418714 0.25687840141040097 8.5E+81 1 11.599133931333128 21.817124018229418
0.02 0.28966322351754303 0.252621511371276 8.5E+810 10 11.941724385001194 21.181952976064395
0.02 0.28966322351754303 0.252621511371276 8.5E+89 9 11.941724385001194 21.181952976064395
0.02 0.28966322351754303 0.252621511371276 8.5E+88 8 11.941724385001194 21.181952976064395
0.02 0.28966322351754303 0.252621511371276 8.5E+87 7 11.941724385001194 21.181952976064395
0.02 0.28966322351754303 0.252621511371276 8.5E+86 6 11.941724385001194 21.181952976064395
0.02 0.28966322351754303 0.252621511371276 8.5E+85 5 11.941724385001194 21.181952976064395
0.02 0.28966322351754303 0.252621511371276 8.5E+84 4 11.941724385001194 21.181952976064395
0.02 0.28966322351754303 0.252621511371276 8.5E+83 3 11.941724385001194 21.181952976064395
0.02 0.28966322351754303 0.252621511371276 8.5E+82 2 11.941724385001194 21.181952976064395
0.02 0.28966322351754303 0.252621511371276 8.5E+81 1 11.941724385001194 21.181952976064395
0.03 0.28328157299112383 0.24721415693609672 8.5E+810 10 12.298106091661884 20.575190892048834
0.03 0.28328157299112383 0.24721415693609672 8.5E+89 9 12.298106091661884 20.575190892048834
0.03 0.28328157299112383 0.24721415693609672 8.5E+88 8 12.298106091661884 20.575190892048834
0.03 0.28328157299112383 0.24721415693609672 8.5E+87 7 12.298106091661884 20.575190892048834
0.03 0.28328157299112383 0.24721415693609672 8.5E+86 6 12.298106091661884 20.575190892048834
0.03 0.28328157299112383 0.24721415693609672 8.5E+85 5 12.298106091661884 20.575190892048834
0.03 0.28328157299112383 0.24721415693609672 8.5E+84 4 12.298106091661884 20.575190892048834
0.03 0.28328157299112383 0.24721415693609672 8.5E+83 3 12.298106091661884 20.575190892048834
0.03 0.28328157299112383 0.24721415693609672 8.5E+82 2 12.298106091661884 20.575190892048834
0.03 0.28328157299112383 0.24721415693609672 8.5E+81 1 12.298106091661884 20.575190892048834
0.04 0.2709947697374307 0.2562416597004478 8.5E+810 10 12.471938139186829 20.28397565922921
0.04 0.2709947697374307 0.2562416597004478 8.5E+89 9 12.471938139186829 20.28397565922921
0.04 0.2709947697374307 0.2562416597004478 8.5E+88 8 12.471938139186829 20.28397565922921
0.04 0.2709947697374307 0.2562416597004478 8.5E+87 7 12.471938139186829 20.28397565922921
0.04 0.2709947697374307 0.2562416597004478 8.5E+86 6 12.471938139186829 20.28397565922921
0.04 0.2709947697374307 0.2562416597004478 8.5E+85 5 12.471938139186829 20.28397565922921
0.04 0.2709947697374307 0.2562416597004478 8.5E+84 4 12.471938139186829 20.28397565922921
0.04 0.2709947697374307 0.2562416597004478 8.5E+83 3 12.471938139186829 20.28397565922921
0.04 0.2709947697374307 0.2562416597004478 8.5E+82 2 12.471938139186829 20.28397565922921
0.04 0.2709947697374307 0.2562416597004478 8.5E+81 1 12.471938139186829 20.28397565922921
0.05 0.26456988808572074 0.25341610332155096 8.5E+810 10 12.761613067891782 19.77543890488014
0.05 0.26456988808572074 0.25341610332155096 8.5E+89 9 12.761613067891782 19.77543890488014
0.05 0.26456988808572074 0.25341610332155096 8.5E+88 8 12.761613067891782 19.77543890488014
0.05 0.26456988808572074 0.25341610332155096 8.5E+87 7 12.761613067891782 19.77543890488014
0.05 0.26456988808572074 0.25341610332155096 8.5E+86 6 12.761613067891782 19.77543890488014
0.05 0.26456988808572074 0.25341610332155096 8.5E+85 5 12.761613067891782 19.77543890488014
0.05 0.26456988808572074 0.25341610332155096 8.5E+84 4 12.761613067891782 19.77543890488014
0.05 0.26456988808572074 0.25341610332155096 8.5E+83 3 12.761613067891782 19.77543890488014
0.05 0.26456988808572074 0.25341610332155096 8.5E+82 2 12.761613067891782 19.77543890488014
0.05 0.26456988808572074 0.25341610332155096 8.5E+81 1 12.761613067891782 19.77543890488014
0.06 0.25777371975266916 0.25493981268505894 8.5E+810 10 12.985888667647822 19.305847526706422
0.06 0.25777371975266916 0.25493981268505894 8.5E+89 9 12.985888667647822 19.305847526706422
0.06 0.25777371975266916 0.25493981268505894 8.5E+88 8 12.985888667647822 19.305847526706422
0.06 0.25777371975266916 0.25493981268505894 8.5E+87 7 12.985888667647822 19.305847526706422
0.06 0.25777371975266916 0.25493981268505894 8.5E+86 6 12.985888667647822 19.305847526706422
0.06 0.25777371975266916 0.25493981268505894 8.5E+85 5 12.985888667647822 19.305847526706422
0.06 0.25777371975266916 0.25493981268505894 8.5E+84 4 12.985888667647822 19.305847526706422
0.06 0.25777371975266916 0.25493981268505894 8.5E+83 3 12.985888667647822 19.305847526706422
0.06 0.25777371975266916 0.25493981268505894 8.5E+82 2 12.985888667647822 19.305847526706422
0.06 0.25777371975266916 0.25493981268505894 8.5E+81 1 12.985888667647822 19.305847526706422
0.07 0.2515796683724492 0.2537922131540621 8.5E+810 10 13.256738842244808 18.831997656462512
0.07 0.2515796683724492 0.2537922131540621 8.5E+89 9 13.256738842244808 18.831997656462512
0.07 0.2515796683724492 0.2537922131540621 8.5E+88 8 13.256738842244808 18.831997656462512
0.07 0.2515796683724492 0.2537922131540621 8.5E+87 7 13.256738842244808 18.831997656462512
0.07 0.2515796683724492 0.2537922131540621 8.5E+86 6 13.256738842244808 18.831997656462512
0.07 0.2515796683724492 0.2537922131540621 8.5E+85 5 13.256738842244808 18.831997656462512
0.07 0.2515796683724492 0.2537922131540621 8.5E+84 4 13.256738842244808 18.831997656462512
0.07 0.2515796683724492 0.2537922131540621 8.5E+83 3 13.256738842244808 18.831997656462512
0.07 0.2515796683724492 0.2537922131540621 8.5E+82 2 13.256738842244808 18.831997656462512
0.07 0.2515796683724492 0.2537922131540621 8.5E+81 1 13.256738842244808 18.831997656462512
0.08 0.24585459627365577 0.2520798708145392 8.5E+810 10 13.507429085997298 18.40528436164339
0.08 0.24585459627365577 0.2520798708145392 8.5E+89 9 13.507429085997298 18.40528436164339
0.08 0.24585459627365577 0.2520798708145392 8.5E+88 8 13.507429085997298 18.40528436164339
0.08 0.24585459627365577 0.2520798708145392 8.5E+87 7 13.507429085997298 18.40528436164339
0.08 0.24585459627365577 0.2520798708145392 8.5E+86 6 13.507429085997298 18.40528436164339
0.08 0.24585459627365577 0.2520798708145392 8.5E+85 5 13.507429085997298 18.40528436164339
0.08 0.24585459627365577 0.2520798708145392 8.5E+84 4 13.507429085997298 18.40528436164339
0.08 0.24585459627365577 0.2520798708145392 8.5E+83 3 13.507429085997298 18.40528436164339
0.08 0.24585459627365577 0.2520798708145392 8.5E+82 2 13.507429085997298 18.40528436164339
0.08 0.24585459627365577 0.2520798708145392 8.5E+81 1 13.507429085997298 18.40528436164339
0.09 0.24097779216860374 0.24965852772294073 8.5E+810 10 13.766519823788547 17.957978330706148
0.09 0.24097779216860374 0.24965852772294073 8.5E+89 9 13.766519823788547 17.957978330706148
0.09 0.24097779216860374 0.24965852772294073 8.5E+88 8 13.766519823788547 17.957978330706148
0.09 0.24097779216860374 0.24965852772294073 8.5E+87 7 13.766519823788547 17.957978330706148
0.09 0.24097779216860374 0.24965852772294073 8.5E+86 6 13.766519823788547 17.957978330706148
0.09 0.24097779216860374 0.24965852772294073 8.5E+85 5 13.766519823788547 17.957978330706148
0.09 0.24097779216860374 0.24965852772294073 8.5E+84 4 13.766519823788547 17.957978330706148
0.09 0.24097779216860374 0.24965852772294073 8.5E+83 3 13.766519823788547 17.957978330706148
0.09 0.24097779216860374 0.24965852772294073 8.5E+82 2 13.766519823788547 17.957978330706148
0.09 0.24097779216860374 0.24965852772294073 8.5E+81 1 13.766519823788547 17.957978330706148
0.1 0.23443665344372686 0.2494875751407101 8.5E+810 10 14.008218154650729 17.6039119804401
0.1 0.23443665344372686 0.2494875751407101 8.5E+89 9 14.008218154650729 17.6039119804401
0.1 0.23443665344372686 0.2494875751407101 8.5E+88 8 14.008218154650729 17.6039119804401
0.1 0.23443665344372686 0.2494875751407101 8.5E+87 7 14.008218154650729 17.6039119804401
0.1 0.23443665344372686 0.2494875751407101 8.5E+86 6 14.008218154650729 17.6039119804401
0.1 0.23443665344372686 0.2494875751407101 8.5E+85 5 14.008218154650729 17.6039119804401
0.1 0.23443665344372686 0.2494875751407101 8.5E+84 4 14.008218154650729 17.6039119804401
0.1 0.23443665344372686 0.2494875751407101 8.5E+83 3 14.008218154650729 17.6039119804401
0.1 0.23443665344372686 0.2494875751407101 8.5E+82 2 14.008218154650729 17.6039119804401
0.1 0.23443665344372686 0.2494875751407101 8.5E+81 1 14.008218154650729 17.6039119804401
0.01 0.29948415335654516 0.28887156403113695 9.0E+810 10 11.127596439169139 21.63513545998702
0.01 0.29948415335654516 0.28887156403113695 9.0E+89 9 11.127596439169139 21.63513545998702
0.01 0.29948415335654516 0.28887156403113695 9.0E+88 8 11.127596439169139 21.63513545998702
0.01 0.29948415335654516 0.28887156403113695 9.0E+87 7 11.127596439169139 21.63513545998702
0.01 0.29948415335654516 0.28887156403113695 9.0E+86 6 11.127596439169139 21.63513545998702
0.01 0.29948415335654516 0.28887156403113695 9.0E+85 5 11.127596439169139 21.63513545998702
0.01 0.29948415335654516 0.28887156403113695 9.0E+84 4 11.127596439169139 21.63513545998702
0.01 0.29948415335654516 0.28887156403113695 9.0E+83 3 11.127596439169139 21.63513545998702
0.01 0.29948415335654516 0.28887156403113695 9.0E+82 2 11.127596439169139 21.63513545998702
0.01 0.29948415335654516 0.28887156403113695 9.0E+81 1 11.127596439169139 21.63513545998702
0.02 0.2991823391905869 0.2833847926438748 9.0E+810 10 11.32930513595166 20.708697653014266
0.02 0.2991823391905869 0.2833847926438748 9.0E+89 9 11.32930513595166 20.708697653014266
0.02 0.2991823391905869 0.2833847926438748 9.0E+88 8 11.32930513595166 20.708697653014266
0.02 0.2991823391905869 0.2833847926438748 9.0E+87 7 11.32930513595166 20.708697653014266
0.02 0.2991823391905869 0.2833847926438748 9.0E+86 6 11.32930513595166 20.708697653014266
0.02 0.2991823391905869 0.2833847926438748 9.0E+85 5 11.32930513595166 20.708697653014266
0.02 0.2991823391905869 0.2833847926438748 9.0E+84 4 11.32930513595166 20.708697653014266
0.02 0.2991823391905869 0.2833847926438748 9.0E+83 3 11.32930513595166 20.708697653014266
0.02 0.2991823391905869 0.2833847926438748 9.0E+82 2 11.32930513595166 20.708697653014266
0.02 0.2991823391905869 0.2833847926438748 9.0E+81 1 11.32930513595166 20.708697653014266
0.03 0.2990683140036149 0.27871923824549066 9.0E+810 10 11.505714504870753 19.856591285162715
0.03 0.2990683140036149 0.27871923824549066 9.0E+89 9 11.505714504870753 19.856591285162715
0.03 0.2990683140036149 0.27871923824549066 9.0E+88 8 11.505714504870753 19.856591285162715
0.03 0.2990683140036149 0.27871923824549066 9.0E+87 7 11.505714504870753 19.856591285162715
0.03 0.2990683140036149 0.27871923824549066 9.0E+86 6 11.505714504870753 19.856591285162715
0.03 0.2990683140036149 0.27871923824549066 9.0E+85 5 11.505714504870753 19.856591285162715
0.03 0.2990683140036149 0.27871923824549066 9.0E+84 4 11.505714504870753 19.856591285162715
0.03 0.2990683140036149 0.27871923824549066 9.0E+83 3 11.505714504870753 19.856591285162715
0.03 0.2990683140036149 0.27871923824549066 9.0E+82 2 11.505714504870753 19.856591285162715
0.03 0.2990683140036149 0.27871923824549066 9.0E+81 1 11.505714504870753 19.856591285162715
0.04 0.29248732439386654 0.27739785731612426 9.0E+810 10 11.764705882352942 19.334464757567293
0.04 0.29248732439386654 0.27739785731612426 9.0E+89 9 11.764705882352942 19.334464757567293
0.04 0.29248732439386654 0.27739785731612426 9.0E+88 8 11.764705882352942 19.334464757567293
0.04 0.29248732439386654 0.27739785731612426 9.0E+87 7 11.764705882352942 19.334464757567293
0.04 0.29248732439386654 0.27739785731612426 9.0E+86 6 11.764705882352942 19.334464757567293
0.04 0.29248732439386654 0.27739785731612426 9.0E+85 5 11.764705882352942 19.334464757567293
0.04 0.29248732439386654 0.27739785731612426 9.0E+84 4 11.764705882352942 19.334464757567293
0.04 0.29248732439386654 0.27739785731612426 9.0E+83 3 11.764705882352942 19.334464757567293
0.04 0.29248732439386654 0.27739785731612426 9.0E+82 2 11.764705882352942 19.334464757567293
0.04 0.29248732439386654 0.27739785731612426 9.0E+81 1 11.764705882352942 19.334464757567293
0.05 0.2850320296100942 0.2766163514252905 9.0E+810 10 12.004801920768307 18.909549322407816
0.05 0.2850320296100942 0.2766163514252905 9.0E+89 9 12.004801920768307 18.909549322407816
0.05 0.2850320296100942 0.2766163514252905 9.0E+88 8 12.004801920768307 18.909549322407816
0.05 0.2850320296100942 0.2766163514252905 9.0E+87 7 12.004801920768307 18.909549322407816
0.05 0.2850320296100942 0.2766163514252905 9.0E+86 6 12.004801920768307 18.909549322407816
0.05 0.2850320296100942 0.2766163514252905 9.0E+85 5 12.004801920768307 18.909549322407816
0.05 0.2850320296100942 0.2766163514252905 9.0E+84 4 12.004801920768307 18.909549322407816
0.05 0.2850320296100942 0.2766163514252905 9.0E+83 3 12.004801920768307 18.909549322407816
0.05 0.2850320296100942 0.2766163514252905 9.0E+82 2 12.004801920768307 18.909549322407816
0.05 0.2850320296100942 0.2766163514252905 9.0E+81 1 12.004801920768307 18.909549322407816
0.06 0.28328902239776976 0.27633195614707595 9.0E+810 10 12.133958906325837 18.276709380013404
0.06 0.28328902239776976 0.27633195614707595 9.0E+89 9 12.133958906325837 18.276709380013404
0.06 0.28328902239776976 0.27633195614707595 9.0E+88 8 12.133958906325837 18.276709380013404
0.06 0.28328902239776976 0.27633195614707595 9.0E+87 7 12.133958906325837 18.276709380013404
0.06 0.28328902239776976 0.27633195614707595 9.0E+86 6 12.133958906325837 18.276709380013404
0.06 0.28328902239776976 0.27633195614707595 9.0E+85 5 12.133958906325837 18.276709380013404
0.06 0.28328902239776976 0.27633195614707595 9.0E+84 4 12.133958906325837 18.276709380013404
0.06 0.28328902239776976 0.27633195614707595 9.0E+83 3 12.133958906325837 18.276709380013404
0.06 0.28328902239776976 0.27633195614707595 9.0E+82 2 12.133958906325837 18.276709380013404
0.06 0.28328902239776976 0.27633195614707595 9.0E+81 1 12.133958906325837 18.276709380013404
0.07 0.2725303410811939 0.2739214072354559 9.0E+810 10 12.498958420131656 18.021265092809514
0.07 0.2725303410811939 0.2739214072354559 9.0E+89 9 12.498958420131656 18.021265092809514
0.07 0.2725303410811939 0.2739214072354559 9.0E+88 8 12.498958420131656 18.021265092809514
0.07 0.2725303410811939 0.2739214072354559 9.0E+87 7 12.498958420131656 18.021265092809514
0.07 0.2725303410811939 0.2739214072354559 9.0E+86 6 12.498958420131656 18.021265092809514
0.07 0.2725303410811939 0.2739214072354559 9.0E+85 5 12.498958420131656 18.021265092809514
0.07 0.2725303410811939 0.2739214072354559 9.0E+84 4 12.498958420131656 18.021265092809514
0.07 0.2725303410811939 0.2739214072354559 9.0E+83 3 12.498958420131656 18.021265092809514
0.07 0.2725303410811939 0.2739214072354559 9.0E+82 2 12.498958420131656 18.021265092809514
0.07 0.2725303410811939 0.2739214072354559 9.0E+81 1 12.498958420131656 18.021265092809514
0.08 0.2725923577605476 0.2622884910346305 9.0E+810 10 12.817226352217382 17.404757300328757
0.08 0.2725923577605476 0.2622884910346305 9.0E+89 9 12.817226352217382 17.404757300328757
0.08 0.2725923577605476 0.2622884910346305 9.0E+88 8 12.817226352217382 17.404757300328757
0.08 0.2725923577605476 0.2622884910346305 9.0E+87 7 12.817226352217382 17.404757300328757
0.08 0.2725923577605476 0.2622884910346305 9.0E+86 6 12.817226352217382 17.404757300328757
0.08 0.2725923577605476 0.2622884910346305 9.0E+85 5 12.817226352217382 17.404757300328757
0.08 0.2725923577605476 0.2622884910346305 9.0E+84 4 12.817226352217382 17.404757300328757
0.08 0.2725923577605476 0.2622884910346305 9.0E+83 3 12.817226352217382 17.404757300328757
0.08 0.2725923577605476 0.2622884910346305 9.0E+82 2 12.817226352217382 17.404757300328757
0.08 0.2725923577605476 0.2622884910346305 9.0E+81 1 12.817226352217382 17.404757300328757
0.09 0.2601679838463493 0.2703052274873099 9.0E+810 10 12.975778546712803 17.278783573636414
0.09 0.2601679838463493 0.2703052274873099 9.0E+89 9 12.975778546712803 17.278783573636414
0.09 0.2601679838463493 0.2703052274873099 9.0E+88 8 12.975778546712803 17.278783573636414
0.09 0.2601679838463493 0.2703052274873099 9.0E+87 7 12.975778546712803 17.278783573636414
0.09 0.2601679838463493 0.2703052274873099 9.0E+86 6 12.975778546712803 17.278783573636414
0.09 0.2601679838463493 0.2703052274873099 9.0E+85 5 12.975778546712803 17.278783573636414
0.09 0.2601679838463493 0.2703052274873099 9.0E+84 4 12.975778546712803 17.278783573636414
0.09 0.2601679838463493 0.2703052274873099 9.0E+83 3 12.975778546712803 17.278783573636414
0.09 0.2601679838463493 0.2703052274873099 9.0E+82 2 12.975778546712803 17.278783573636414
0.09 0.2601679838463493 0.2703052274873099 9.0E+81 1 12.975778546712803 17.278783573636414
0.1 0.2539701823389465 0.2696433246714146 9.0E+810 10 13.191451939143436 16.9351196748457
0.1 0.2539701823389465 0.2696433246714146 9.0E+89 9 13.191451939143436 16.9351196748457
0.1 0.2539701823389465 0.2696433246714146 9.0E+88 8 13.191451939143436 16.9351196748457
0.1 0.2539701823389465 0.2696433246714146 9.0E+87 7 13.191451939143436 16.9351196748457
0.1 0.2539701823389465 0.2696433246714146 9.0E+86 6 13.191451939143436 16.9351196748457
0.1 0.2539701823389465 0.2696433246714146 9.0E+85 5 13.191451939143436 16.9351196748457
0.1 0.2539701823389465 0.2696433246714146 9.0E+84 4 13.191451939143436 16.9351196748457
0.1 0.2539701823389465 0.2696433246714146 9.0E+83 3 13.191451939143436 16.9351196748457
0.1 0.2539701823389465 0.2696433246714146 9.0E+82 2 13.191451939143436 16.9351196748457
0.1 0.2539701823389465 0.2696433246714146 9.0E+81 1 13.191451939143436 16.9351196748457
0.01 0.2991969296600764 0.2998125084112098 9.5E+810 10 11.130899376669635 21.597753833601303
0.01 0.2991969296600764 0.2998125084112098 9.5E+89 9 11.130899376669635 21.597753833601303
0.01 0.2991969296600764 0.2998125084112098 9.5E+88 8 11.130899376669635 21.597753833601303
0.01 0.2991969296600764 0.2998125084112098 9.5E+87 7 11.130899376669635 21.597753833601303
0.01 0.2991969296600764 0.2998125084112098 9.5E+86 6 11.130899376669635 21.597753833601303
0.01 0.2991969296600764 0.2998125084112098 9.5E+85 5 11.130899376669635 21.597753833601303
0.01 0.2991969296600764 0.2998125084112098 9.5E+84 4 11.130899376669635 21.597753833601303
0.01 0.2991969296600764 0.2998125084112098 9.5E+83 3 11.130899376669635 21.597753833601303
0.01 0.2991969296600764 0.2998125084112098 9.5E+82 2 11.130899376669635 21.597753833601303
0.01 0.2991969296600764 0.2998125084112098 9.5E+81 1 11.130899376669635 21.597753833601303
0.02 0.29814852573747486 0.2974078706316825 9.5E+810 10 11.26887536623845 20.736371595778994
0.02 0.29814852573747486 0.2974078706316825 9.5E+89 9 11.26887536623845 20.736371595778994
0.02 0.29814852573747486 0.2974078706316825 9.5E+88 8 11.26887536623845 20.736371595778994
0.02 0.29814852573747486 0.2974078706316825 9.5E+87 7 11.26887536623845 20.736371595778994
0.02 0.29814852573747486 0.2974078706316825 9.5E+86 6 11.26887536623845 20.736371595778994
0.02 0.29814852573747486 0.2974078706316825 9.5E+85 5 11.26887536623845 20.736371595778994
0.02 0.29814852573747486 0.2974078706316825 9.5E+84 4 11.26887536623845 20.736371595778994
0.02 0.29814852573747486 0.2974078706316825 9.5E+83 3 11.26887536623845 20.736371595778994
0.02 0.29814852573747486 0.2974078706316825 9.5E+82 2 11.26887536623845 20.736371595778994
0.02 0.29814852573747486 0.2974078706316825 9.5E+81 1 11.26887536623845 20.736371595778994
0.03 0.29893874509600254 0.29914885596104296 9.5E+810 10 11.297732921593733 19.866234024236807
0.03 0.29893874509600254 0.29914885596104296 9.5E+89 9 11.297732921593733 19.866234024236807
0.03 0.29893874509600254 0.29914885596104296 9.5E+88 8 11.297732921593733 19.866234024236807
0.03 0.29893874509600254 0.29914885596104296 9.5E+87 7 11.297732921593733 19.866234024236807
0.03 0.29893874509600254 0.29914885596104296 9.5E+86 6 11.297732921593733 19.866234024236807
0.03 0.29893874509600254 0.29914885596104296 9.5E+85 5 11.297732921593733 19.866234024236807
0.03 0.29893874509600254 0.29914885596104296 9.5E+84 4 11.297732921593733 19.866234024236807
0.03 0.29893874509600254 0.29914885596104296 9.5E+83 3 11.297732921593733 19.866234024236807
0.03 0.29893874509600254 0.29914885596104296 9.5E+82 2 11.297732921593733 19.866234024236807
0.03 0.29893874509600254 0.29914885596104296 9.5E+81 1 11.297732921593733 19.866234024236807
0.04 0.2985443737433237 0.29873192482030764 9.5E+810 10 11.394712853236099 19.100980516999872
0.04 0.2985443737433237 0.29873192482030764 9.5E+89 9 11.394712853236099 19.100980516999872
0.04 0.2985443737433237 0.29873192482030764 9.5E+88 8 11.394712853236099 19.100980516999872
0.04 0.2985443737433237 0.29873192482030764 9.5E+87 7 11.394712853236099 19.100980516999872
0.04 0.2985443737433237 0.29873192482030764 9.5E+86 6 11.394712853236099 19.100980516999872
0.04 0.2985443737433237 0.29873192482030764 9.5E+85 5 11.394712853236099 19.100980516999872
0.04 0.2985443737433237 0.29873192482030764 9.5E+84 4 11.394712853236099 19.100980516999872
0.04 0.2985443737433237 0.29873192482030764 9.5E+83 3 11.394712853236099 19.100980516999872
0.04 0.2985443737433237 0.29873192482030764 9.5E+82 2 11.394712853236099 19.100980516999872
0.04 0.2985443737433237 0.29873192482030764 9.5E+81 1 11.394712853236099 19.100980516999872
0.05 0.29904091527903 0.29963138236688003 9.5E+810 10 11.436413540713632 18.37897445322551
0.05 0.29904091527903 0.29963138236688003 9.5E+89 9 11.436413540713632 18.37897445322551
0.05 0.29904091527903 0.29963138236688003 9.5E+88 8 11.436413540713632 18.37897445322551
0.05 0.29904091527903 0.29963138236688003 9.5E+87 7 11.436413540713632 18.37897445322551
0.05 0.29904091527903 0.29963138236688003 9.5E+86 6 11.436413540713632 18.37897445322551
0.05 0.29904091527903 0.29963138236688003 9.5E+85 5 11.436413540713632 18.37897445322551
0.05 0.29904091527903 0.29963138236688003 9.5E+84 4 11.436413540713632 18.37897445322551
0.05 0.29904091527903 0.29963138236688003 9.5E+83 3 11.436413540713632 18.37897445322551
0.05 0.29904091527903 0.29963138236688003 9.5E+82 2 11.436413540713632 18.37897445322551
0.05 0.29904091527903 0.29963138236688003 9.5E+81 1 11.436413540713632 18.37897445322551
0.06 0.29744471529691136 0.2958108989679217 9.5E+810 10 11.61350263239393 17.776373224831616
0.06 0.29744471529691136 0.2958108989679217 9.5E+89 9 11.61350263239393 17.776373224831616
0.06 0.29744471529691136 0.2958108989679217 9.5E+88 8 11.61350263239393 17.776373224831616
0.06 0.29744471529691136 0.2958108989679217 9.5E+87 7 11.61350263239393 17.776373224831616
0.06 0.29744471529691136 0.2958108989679217 9.5E+86 6 11.61350263239393 17.776373224831616
0.06 0.29744471529691136 0.2958108989679217 9.5E+85 5 11.61350263239393 17.776373224831616
0.06 0.29744471529691136 0.2958108989679217 9.5E+84 4 11.61350263239393 17.776373224831616
0.06 0.29744471529691136 0.2958108989679217 9.5E+83 3 11.61350263239393 17.776373224831616
0.06 0.29744471529691136 0.2958108989679217 9.5E+82 2 11.61350263239393 17.776373224831616
0.06 0.29744471529691136 0.2958108989679217 9.5E+81 1 11.61350263239393 17.776373224831616
0.07 0.2921079236785406 0.29314420809316044 9.5E+810 10 11.854896072077768 17.33402669440111
0.07 0.2921079236785406 0.29314420809316044 9.5E+89 9 11.854896072077768 17.33402669440111
0.07 0.2921079236785406 0.29314420809316044 9.5E+88 8 11.854896072077768 17.33402669440111
0.07 0.2921079236785406 0.29314420809316044 9.5E+87 7 11.854896072077768 17.33402669440111
0.07 0.2921079236785406 0.29314420809316044 9.5E+86 6 11.854896072077768 17.33402669440111
0.07 0.2921079236785406 0.29314420809316044 9.5E+85 5 11.854896072077768 17.33402669440111
0.07 0.2921079236785406 0.29314420809316044 9.5E+84 4 11.854896072077768 17.33402669440111
0.07 0.2921079236785406 0.29314420809316044 9.5E+83 3 11.854896072077768 17.33402669440111
0.07 0.2921079236785406 0.29314420809316044 9.5E+82 2 11.854896072077768 17.33402669440111
0.07 0.2921079236785406 0.29314420809316044 9.5E+81 1 11.854896072077768 17.33402669440111
0.08 0.28602709578401586 0.2945096804994944 9.5E+810 10 12.006723765308571 16.97536685653929
0.08 0.28602709578401586 0.2945096804994944 9.5E+89 9 12.006723765308571 16.97536685653929
0.08 0.28602709578401586 0.2945096804994944 9.5E+88 8 12.006723765308571 16.97536685653929
0.08 0.28602709578401586 0.2945096804994944 9.5E+87 7 12.006723765308571 16.97536685653929
0.08 0.28602709578401586 0.2945096804994944 9.5E+86 6 12.006723765308571 16.97536685653929
0.08 0.28602709578401586 0.2945096804994944 9.5E+85 5 12.006723765308571 16.97536685653929
0.08 0.28602709578401586 0.2945096804994944 9.5E+84 4 12.006723765308571 16.97536685653929
0.08 0.28602709578401586 0.2945096804994944 9.5E+83 3 12.006723765308571 16.97536685653929
0.08 0.28602709578401586 0.2945096804994944 9.5E+82 2 12.006723765308571 16.97536685653929
0.08 0.28602709578401586 0.2945096804994944 9.5E+81 1 12.006723765308571 16.97536685653929
0.09 0.2832815730828258 0.28134353987713334 9.5E+810 10 12.391573729863694 16.51345846865195
0.09 0.2832815730828258 0.28134353987713334 9.5E+89 9 12.391573729863694 16.51345846865195
0.09 0.2832815730828258 0.28134353987713334 9.5E+88 8 12.391573729863694 16.51345846865195
0.09 0.2832815730828258 0.28134353987713334 9.5E+87 7 12.391573729863694 16.51345846865195
0.09 0.2832815730828258 0.28134353987713334 9.5E+86 6 12.391573729863694 16.51345846865195
0.09 0.2832815730828258 0.28134353987713334 9.5E+85 5 12.391573729863694 16.51345846865195
0.09 0.2832815730828258 0.28134353987713334 9.5E+84 4 12.391573729863694 16.51345846865195
0.09 0.2832815730828258 0.28134353987713334 9.5E+83 3 12.391573729863694 16.51345846865195
0.09 0.2832815730828258 0.28134353987713334 9.5E+82 2 12.391573729863694 16.51345846865195
0.09 0.2832815730828258 0.28134353987713334 9.5E+81 1 12.391573729863694 16.51345846865195
0.1 0.27837896898700576 0.2789993751567551 9.5E+810 10 12.606101353054878 16.149001453410133
0.1 0.27837896898700576 0.2789993751567551 9.5E+89 9 12.606101353054878 16.149001453410133
0.1 0.27837896898700576 0.2789993751567551 9.5E+88 8 12.606101353054878 16.149001453410133
0.1 0.27837896898700576 0.2789993751567551 9.5E+87 7 12.606101353054878 16.149001453410133
0.1 0.27837896898700576 0.2789993751567551 9.5E+86 6 12.606101353054878 16.149001453410133
0.1 0.27837896898700576 0.2789993751567551 9.5E+85 5 12.606101353054878 16.149001453410133
0.1 0.27837896898700576 0.2789993751567551 9.5E+84 4 12.606101353054878 16.149001453410133
0.1 0.27837896898700576 0.2789993751567551 9.5E+83 3 12.606101353054878 16.149001453410133
0.1 0.27837896898700576 0.2789993751567551 9.5E+82 2 12.606101353054878 16.149001453410133
0.1 0.27837896898700576 0.2789993751567551 9.5E+81 1 12.606101353054878 16.149001453410133
0.01 0.29794168749049416 0.2987216231386186 1.0E+910 10 11.359333585762968 21.59723555384911
0.01 0.29794168749049416 0.2987216231386186 1.0E+99 9 11.359333585762968 21.59723555384911
0.01 0.29794168749049416 0.2987216231386186 1.0E+98 8 11.359333585762968 21.59723555384911
0.01 0.29794168749049416 0.2987216231386186 1.0E+97 7 11.359333585762968 21.59723555384911
0.01 0.29794168749049416 0.2987216231386186 1.0E+96 6 11.359333585762968 21.59723555384911
0.01 0.29794168749049416 0.2987216231386186 1.0E+95 5 11.359333585762968 21.59723555384911
0.01 0.29794168749049416 0.2987216231386186 1.0E+94 4 11.359333585762968 21.59723555384911
0.01 0.29794168749049416 0.2987216231386186 1.0E+93 3 11.359333585762968 21.59723555384911
0.01 0.29794168749049416 0.2987216231386186 1.0E+92 2 11.359333585762968 21.59723555384911
0.01 0.29794168749049416 0.2987216231386186 1.0E+91 1 11.359333585762968 21.59723555384911
0.02 0.29907182868470444 0.2993383294661565 1.0E+910 10 11.390386513782367 20.66352887154173
0.02 0.29907182868470444 0.2993383294661565 1.0E+99 9 11.390386513782367 20.66352887154173
0.02 0.29907182868470444 0.2993383294661565 1.0E+98 8 11.390386513782367 20.66352887154173
0.02 0.29907182868470444 0.2993383294661565 1.0E+97 7 11.390386513782367 20.66352887154173
0.02 0.29907182868470444 0.2993383294661565 1.0E+96 6 11.390386513782367 20.66352887154173
0.02 0.29907182868470444 0.2993383294661565 1.0E+95 5 11.390386513782367 20.66352887154173
0.02 0.29907182868470444 0.2993383294661565 1.0E+94 4 11.390386513782367 20.66352887154173
0.02 0.29907182868470444 0.2993383294661565 1.0E+93 3 11.390386513782367 20.66352887154173
0.02 0.29907182868470444 0.2993383294661565 1.0E+92 2 11.390386513782367 20.66352887154173
0.02 0.29907182868470444 0.2993383294661565 1.0E+91 1 11.390386513782367 20.66352887154173
0.03 0.2994426209303578 0.2987469751077423 1.0E+910 10 11.460880195599023 19.836022216344883
0.03 0.2994426209303578 0.2987469751077423 1.0E+99 9 11.460880195599023 19.836022216344883
0.03 0.2994426209303578 0.2987469751077423 1.0E+98 8 11.460880195599023 19.836022216344883
0.03 0.2994426209303578 0.2987469751077423 1.0E+97 7 11.460880195599023 19.836022216344883
0.03 0.2994426209303578 0.2987469751077423 1.0E+96 6 11.460880195599023 19.836022216344883
0.03 0.2994426209303578 0.2987469751077423 1.0E+95 5 11.460880195599023 19.836022216344883
0.03 0.2994426209303578 0.2987469751077423 1.0E+94 4 11.460880195599023 19.836022216344883
0.03 0.2994426209303578 0.2987469751077423 1.0E+93 3 11.460880195599023 19.836022216344883
0.03 0.2994426209303578 0.2987469751077423 1.0E+92 2 11.460880195599023 19.836022216344883
0.03 0.2994426209303578 0.2987469751077423 1.0E+91 1 11.460880195599023 19.836022216344883
0.04 0.2994279963335726 0.2996158624302599 1.0E+910 10 11.513662879950875 19.07507100165317
0.04 0.2994279963335726 0.2996158624302599 1.0E+99 9 11.513662879950875 19.07507100165317
0.04 0.2994279963335726 0.2996158624302599 1.0E+98 8 11.513662879950875 19.07507100165317
0.04 0.2994279963335726 0.2996158624302599 1.0E+97 7 11.513662879950875 19.07507100165317
0.04 0.2994279963335726 0.2996158624302599 1.0E+96 6 11.513662879950875 19.07507100165317
0.04 0.2994279963335726 0.2996158624302599 1.0E+95 5 11.513662879950875 19.07507100165317
0.04 0.2994279963335726 0.2996158624302599 1.0E+94 4 11.513662879950875 19.07507100165317
0.04 0.2994279963335726 0.2996158624302599 1.0E+93 3 11.513662879950875 19.07507100165317
0.04 0.2994279963335726 0.2996158624302599 1.0E+92 2 11.513662879950875 19.07507100165317
0.04 0.2994279963335726 0.2996158624302599 1.0E+91 1 11.513662879950875 19.07507100165317
0.05 0.2981570292232965 0.29906831399262995 1.0E+910 10 11.601825353855673 18.441489252709875
0.05 0.2981570292232965 0.29906831399262995 1.0E+99 9 11.601825353855673 18.441489252709875
0.05 0.2981570292232965 0.29906831399262995 1.0E+98 8 11.601825353855673 18.441489252709875
0.05 0.2981570292232965 0.29906831399262995 1.0E+97 7 11.601825353855673 18.441489252709875
0.05 0.2981570292232965 0.29906831399262995 1.0E+96 6 11.601825353855673 18.441489252709875
0.05 0.2981570292232965 0.29906831399262995 1.0E+95 5 11.601825353855673 18.441489252709875
0.05 0.2981570292232965 0.29906831399262995 1.0E+94 4 11.601825353855673 18.441489252709875
0.05 0.2981570292232965 0.29906831399262995 1.0E+93 3 11.601825353855673 18.441489252709875
0.05 0.2981570292232965 0.29906831399262995 1.0E+92 2 11.601825353855673 18.441489252709875
0.05 0.2981570292232965 0.29906831399262995 1.0E+91 1 11.601825353855673 18.441489252709875
0.06 0.29925229374349105 0.2991611020181171 1.0E+910 10 11.643250795622137 17.749728823587418
0.06 0.29925229374349105 0.2991611020181171 1.0E+99 9 11.643250795622137 17.749728823587418
0.06 0.29925229374349105 0.2991611020181171 1.0E+98 8 11.643250795622137 17.749728823587418
0.06 0.29925229374349105 0.2991611020181171 1.0E+97 7 11.643250795622137 17.749728823587418
0.06 0.29925229374349105 0.2991611020181171 1.0E+96 6 11.643250795622137 17.749728823587418
0.06 0.29925229374349105 0.2991611020181171 1.0E+95 5 11.643250795622137 17.749728823587418
0.06 0.29925229374349105 0.2991611020181171 1.0E+94 4 11.643250795622137 17.749728823587418
0.06 0.29925229374349105 0.2991611020181171 1.0E+93 3 11.643250795622137 17.749728823587418
0.06 0.29925229374349105 0.2991611020181171 1.0E+92 2 11.643250795622137 17.749728823587418
0.06 0.29925229374349105 0.2991611020181171 1.0E+91 1 11.643250795622137 17.749728823587418
0.07 0.29851515676901086 0.2997192901390568 1.0E+910 10 11.727912431587178 17.155274293774543
0.07 0.29851515676901086 0.2997192901390568 1.0E+99 9 11.727912431587178 17.155274293774543
0.07 0.29851515676901086 0.2997192901390568 1.0E+98 8 11.727912431587178 17.155274293774543
0.07 0.29851515676901086 0.2997192901390568 1.0E+97 7 11.727912431587178 17.155274293774543
0.07 0.29851515676901086 0.2997192901390568 1.0E+96 6 11.727912431587178 17.155274293774543
0.07 0.29851515676901086 0.2997192901390568 1.0E+95 5 11.727912431587178 17.155274293774543
0.07 0.29851515676901086 0.2997192901390568 1.0E+94 4 11.727912431587178 17.155274293774543
0.07 0.29851515676901086 0.2997192901390568 1.0E+93 3 11.727912431587178 17.155274293774543
0.07 0.29851515676901086 0.2997192901390568 1.0E+92 2 11.727912431587178 17.155274293774543
0.07 0.29851515676901086 0.2997192901390568 1.0E+91 1 11.727912431587178 17.155274293774543
0.08 0.2996441276030214 0.29906839217264874 1.0E+910 10 11.77209229320358 16.56482367665464
0.08 0.2996441276030214 0.29906839217264874 1.0E+99 9 11.77209229320358 16.56482367665464
0.08 0.2996441276030214 0.29906839217264874 1.0E+98 8 11.77209229320358 16.56482367665464
0.08 0.2996441276030214 0.29906839217264874 1.0E+97 7 11.77209229320358 16.56482367665464
0.08 0.2996441276030214 0.29906839217264874 1.0E+96 6 11.77209229320358 16.56482367665464
0.08 0.2996441276030214 0.29906839217264874 1.0E+95 5 11.77209229320358 16.56482367665464
0.08 0.2996441276030214 0.29906839217264874 1.0E+94 4 11.77209229320358 16.56482367665464
0.08 0.2996441276030214 0.29906839217264874 1.0E+93 3 11.77209229320358 16.56482367665464
0.08 0.2996441276030214 0.29906839217264874 1.0E+92 2 11.77209229320358 16.56482367665464
0.08 0.2996441276030214 0.29906839217264874 1.0E+91 1 11.77209229320358 16.56482367665464
0.09 0.29849798427010604 0.2997645383916033 1.0E+910 10 11.85021330383947 16.070854612335275
0.09 0.29849798427010604 0.2997645383916033 1.0E+99 9 11.85021330383947 16.070854612335275
0.09 0.29849798427010604 0.2997645383916033 1.0E+98 8 11.85021330383947 16.070854612335275
0.09 0.29849798427010604 0.2997645383916033 1.0E+97 7 11.85021330383947 16.070854612335275
0.09 0.29849798427010604 0.2997645383916033 1.0E+96 6 11.85021330383947 16.070854612335275
0.09 0.29849798427010604 0.2997645383916033 1.0E+95 5 11.85021330383947 16.070854612335275
0.09 0.29849798427010604 0.2997645383916033 1.0E+94 4 11.85021330383947 16.070854612335275
0.09 0.29849798427010604 0.2997645383916033 1.0E+93 3 11.85021330383947 16.070854612335275
0.09 0.29849798427010604 0.2997645383916033 1.0E+92 2 11.85021330383947 16.070854612335275
0.09 0.29849798427010604 0.2997645383916033 1.0E+91 1 11.85021330383947 16.070854612335275
0.1 0.2975662069519732 0.299094364827377 1.0E+910 10 11.953143676786995 15.598190609889253
0.1 0.2975662069519732 0.299094364827377 1.0E+99 9 11.953143676786995 15.598190609889253
0.1 0.2975662069519732 0.299094364827377 1.0E+98 8 11.953143676786995 15.598190609889253
0.1 0.2975662069519732 0.299094364827377 1.0E+97 7 11.953143676786995 15.598190609889253
0.1 0.2975662069519732 0.299094364827377 1.0E+96 6 11.953143676786995 15.598190609889253
0.1 0.2975662069519732 0.299094364827377 1.0E+95 5 11.953143676786995 15.598190609889253
0.1 0.2975662069519732 0.299094364827377 1.0E+94 4 11.953143676786995 15.598190609889253
0.1 0.2975662069519732 0.299094364827377 1.0E+93 3 11.953143676786995 15.598190609889253
0.1 0.2975662069519732 0.299094364827377 1.0E+92 2 11.953143676786995 15.598190609889253
0.1 0.2975662069519732 0.299094364827377 1.0E+91 1 11.953143676786995 15.598190609889253
