0.03 0.2585453738238477 0.23883614834758202 8.0E+8
0.04 0.25079253853372896 0.2386869030572092 8.0E+8
0.05 0.2440366794070938 0.23478187563104178 8.0E+8
0.06 0.23731567220009675 0.22916928009456775 8.0E+8
0.07 0.2320647227564709 0.23261678615414808 8.0E+8
0.08 0.22579100741835448 0.23182992634984412 8.0E+8
0.09 0.22059261838772962 0.22976168133957858 8.0E+8
0.1 0.21501934340969261 0.22755871344686665 8.0E+8
0.01 0.2967032417418714 0.25687840141040097 8.5E+8
0.02 0.28966322351754303 0.252621511371276 8.5E+8
0.03 0.28328157299112383 0.24721415693609672 8.5E+8
0.04 0.2709947697374307 0.2562416597004478 8.5E+8
0.05 0.26456988808572074 0.25341610332155096 8.5E+8
0.06 0.25777371975266916 0.25493981268505894 8.5E+8
0.07 0.2515796683724492 0.2537922131540621 8.5E+8
0.08 0.24585459627365577 0.2520798708145392 8.5E+8
