0.0 0.01
0.002 0.0102
0.004 0.0104
0.006000000000000001 0.0106
0.008 0.0108
0.01 0.011
0.012000000000000002 0.0112
0.014000000000000002 0.0114
0.016 0.0116
0.018000000000000002 0.0118
0.02 0.012
0.022000000000000002 0.012199999999999999
0.024000000000000004 0.0124
0.026000000000000002 0.0126
0.028000000000000004 0.012799999999999999
0.03 0.013
0.032 0.0132
0.034 0.013399999999999999
0.036000000000000004 0.0136
0.038000000000000006 0.0138
0.04 0.013999999999999999
0.042 0.0142
0.044000000000000004 0.0144
0.046000000000000006 0.0146
0.04800000000000001 0.0148
0.05 0.015
0.052000000000000005 0.015199999999999998
0.054000000000000006 0.0154
0.05600000000000001 0.0156
0.05800000000000001 0.0158
0.06 0.016
0.062 0.0162
0.064 0.016399999999999998
0.066 0.016599999999999997
0.068 0.0168
0.07 0.017
0.07200000000000001 0.0172
0.07400000000000001 0.0174
0.07600000000000001 0.0176
0.07800000000000001 0.0178
0.08 0.018
0.08200000000000002 0.0182
0.084 0.0184
0.086 0.0186
0.08800000000000001 0.018799999999999997
0.09 0.018999999999999996
0.09200000000000001 0.019200000000000002
0.094 0.0194
0.09600000000000002 0.0196
0.098 0.019799999999999998
0.1 0.019999999999999997
0.10200000000000001 0.020199999999999996
0.10400000000000001 0.020399999999999998
0.10600000000000001 0.0206
0.10800000000000001 0.0208
0.11 0.020999999999999998
0.11200000000000002 0.021199999999999997
0.114 0.0214
0.11600000000000002 0.0216
0.11800000000000001 0.0218
0.12 0.022
0.12200000000000001 0.022199999999999998
0.124 0.022399999999999996
0.126 0.0226
0.128 0.0228
0.13 0.023
0.132 0.0232
0.134 0.023399999999999997
0.136 0.023599999999999996
0.138 0.023799999999999998
0.14 0.024
0.14200000000000002 0.0242
0.14400000000000002 0.024399999999999998
0.14600000000000002 0.024599999999999997
0.14800000000000002 0.0248
0.15 0.024999999999999998
0.15200000000000002 0.0252
0.154 0.0254
0.15600000000000003 0.025599999999999998
0.158 0.025799999999999997
0.16 0.025999999999999995
0.162 0.026199999999999994
0.16400000000000003 0.0264
0.166 0.0266
0.168 0.026799999999999997
0.17 0.026999999999999996
0.172 0.027199999999999995
0.17400000000000002 0.027399999999999994
0.17600000000000002 0.0276
0.17800000000000002 0.0278
0.18 0.027999999999999997
0.182 0.028199999999999996
0.18400000000000002 0.0284
0.18600000000000003 0.0286
0.188 0.0288
0.19 0.028999999999999998
0.19200000000000003 0.029199999999999997
0.19400000000000003 0.029400000000000003
0.196 0.0296
0.198 0.0298
0.2 0.029999999999999992
